4798001,0
475,58.16650390625
1608,72.20458984375
2179,71.533203125
2908,53.77197265625
3618,64.75830078125
4257,55.0537109375
4906,56.21337890625
5482,55.17578125
6527,54.38232421875
7263,52.490234375
7954,53.8330078125
8894,74.40185546875
9592,60.11962890625
10287,56.09130859375
11035,65.36865234375
12248,53.7109375
12846,58.16650390625
13483,51.8798828125
13914,56.57958984375
14018,52.001953125
15218,70.80078125
15832,55.11474609375
16626,65.61279296875
17118,59.326171875
17956,53.7109375
18610,54.74853515625
20227,55.23681640625
20508,54.38232421875
20806,52.978515625
21333,54.87060546875
21873,60.1806640625
22299,57.12890625
22626,51.94091796875
23599,54.931640625
24927,56.09130859375
25550,55.0537109375
26294,52.79541015625
26945,54.19921875
27083,62.56103515625
27724,55.6640625
28403,53.89404296875
29163,52.24609375
29901,53.5888671875
30516,63.1103515625
31103,57.18994140625
31847,66.22314453125
32404,60.791015625
32986,57.2509765625
33260,58.53271484375
33679,64.697265625
34372,57.06787109375
35049,51.7578125
35728,59.63134765625
36353,55.908203125
37080,56.640625
37668,69.580078125
38168,52.490234375
40075,59.26513671875
41037,57.43408203125
42296,60.05859375
42916,61.70654296875
45336,65.3076171875
45984,52.3681640625
46633,52.67333984375
47254,54.443359375
47822,63.5986328125
48417,65.00244140625
49142,52.79541015625
49855,51.94091796875
50469,58.65478515625
51136,58.4716796875
52024,52.1240234375
53114,57.67822265625
53662,55.23681640625
55679,56.7626953125
56274,62.8662109375
56895,54.62646484375
57710,68.603515625
58640,56.94580078125
60220,57.31201171875
60955,58.2275390625
61600,58.89892578125
62180,63.4765625
62853,51.8798828125
63528,61.8896484375
63620,59.9365234375
64139,64.39208984375
64619,51.81884765625
65600,53.7109375
66193,58.04443359375
67588,52.30712890625
68184,52.6123046875
69294,53.3447265625
69870,53.64990234375
69943,54.8095703125
70405,61.58447265625
71104,60.97412109375
72612,54.5654296875
73822,58.7158203125
74320,58.41064453125
75529,66.83349609375
77318,53.52783203125
77835,67.56591796875
78450,55.72509765625
79247,53.22265625
79339,51.7578125
81554,52.55126953125
82124,57.0068359375
82650,63.96484375
82792,59.814453125
83193,51.8798828125
84121,61.279296875
85844,54.13818359375
86280,53.40576171875
86444,54.62646484375
88274,53.89404296875
88860,53.16162109375
89655,52.42919921875
91990,53.466796875
92711,55.0537109375
93390,59.75341796875
93802,55.0537109375
93961,54.3212890625
94627,54.99267578125
95901,56.2744140625
97098,58.2275390625
97625,66.89453125
98928,60.11962890625
100347,61.767578125
101033,58.349609375
102393,56.45751953125
103315,59.87548828125
104000,51.7578125
105019,59.4482421875
105827,54.6875
106516,57.31201171875
107272,60.48583984375
107822,52.1240234375
108538,54.5654296875
109067,53.955078125
109715,68.7255859375
111510,52.06298828125
112119,53.28369140625
113015,54.74853515625
114032,57.12890625
114585,53.1005859375
115161,66.10107421875
115823,72.20458984375
116483,62.68310546875
117216,55.5419921875
117955,54.443359375
118602,55.84716796875
119512,54.38232421875
119974,58.53271484375
120668,57.55615234375
121409,58.04443359375
121963,53.40576171875
122544,55.17578125
123129,55.17578125
124360,61.5234375
124991,57.92236328125
125741,59.87548828125
127155,52.1240234375
127686,53.1005859375
128307,58.89892578125
129637,63.1103515625
130211,53.466796875
130243,63.3544921875
131626,57.67822265625
132350,51.81884765625
132515,73.05908203125
132994,58.16650390625
133651,64.453125
135023,59.50927734375
135866,56.0302734375
137015,53.52783203125
138360,53.64990234375
139480,54.19921875
140112,57.92236328125
140777,55.419921875
140921,54.3212890625
141595,56.82373046875
142163,53.3447265625
142832,54.26025390625
143287,56.33544921875
144830,62.07275390625
145539,54.26025390625
146153,58.77685546875
146732,51.8798828125
147595,53.03955078125
148411,54.74853515625
148970,87.0361328125
149453,64.75830078125
149631,63.4765625
150232,53.40576171875
154035,52.06298828125
155812,54.3212890625
156500,52.30712890625
158307,57.06787109375
159024,55.908203125
160112,53.1005859375
160720,54.5654296875
161099,54.443359375
161352,52.42919921875
161645,54.3212890625
162241,53.77197265625
163838,56.7626953125
164579,52.1240234375
165497,53.5888671875
166091,73.30322265625
166749,62.19482421875
167447,57.06787109375
168163,69.64111328125
168811,52.490234375
169385,56.57958984375
170106,65.91796875
170759,54.50439453125
171263,53.64990234375
174020,52.978515625
174286,53.89404296875
174623,52.490234375
175315,55.908203125
176173,52.79541015625
177061,51.81884765625
177696,53.52783203125
178327,59.02099609375
179234,56.5185546875
179800,56.7626953125
180326,55.72509765625
181050,67.19970703125
181827,56.57958984375
182333,59.2041015625
183182,57.7392578125
183343,51.8798828125
183852,64.8193359375
184393,56.82373046875
184875,58.7158203125
185037,52.1240234375
185525,60.05859375
186245,53.28369140625
186919,81.72607421875
187473,53.28369140625
188196,61.95068359375
188884,53.40576171875
189614,65.673828125
190576,64.27001953125
191212,55.5419921875
191950,54.50439453125
193384,60.302734375
194065,59.6923828125
194687,60.72998046875
195425,54.99267578125
196574,62.01171875
197203,67.2607421875
197965,52.734375
198867,55.84716796875
200566,56.21337890625
201409,54.13818359375
202253,78.06396484375
202524,59.5703125
202873,58.65478515625
203539,52.001953125
204375,68.90869140625
205039,59.63134765625
205790,69.091796875
206404,62.8662109375
207742,62.8662109375
208434,60.302734375
209177,56.5185546875
209717,68.42041015625
212585,53.89404296875
213238,56.5185546875
213885,57.67822265625
214592,55.908203125
215298,63.65966796875
215870,54.931640625
216541,53.8330078125
216801,53.77197265625
217129,61.46240234375
217691,62.07275390625
218417,57.4951171875
219971,60.72998046875
220491,53.466796875
221364,72.3876953125
222008,56.09130859375
222818,54.3212890625
223583,52.978515625
224140,58.16650390625
224744,51.7578125
225529,60.24169921875
226864,52.1240234375
227414,55.0537109375
228783,56.15234375
229211,53.77197265625
230210,54.74853515625
231569,63.41552734375
232549,52.1240234375
233396,61.09619140625
233749,52.91748046875
234178,56.70166015625
234864,59.326171875
235436,54.8095703125
236763,51.94091796875
237864,65.85693359375
238510,60.302734375
240066,51.81884765625
240104,60.24169921875
240642,54.19921875
241967,55.48095703125
243172,62.43896484375
243704,58.41064453125
244484,53.16162109375
244939,52.42919921875
245295,60.97412109375
246476,57.43408203125
246600,55.6640625
247067,62.255859375
248557,53.5888671875
249221,55.6640625
249821,71.6552734375
250598,56.2744140625
251561,53.7109375
252208,56.7626953125
252813,55.6640625
253398,59.9365234375
254113,56.7626953125
254673,55.0537109375
255988,60.1806640625
257274,66.162109375
257967,57.4951171875
258588,52.3681640625
259285,56.0302734375
259906,61.46240234375
261535,51.94091796875
262693,54.26025390625
263332,53.89404296875
263897,58.4716796875
264528,57.6171875
265622,65.36865234375
266222,57.12890625
266503,55.48095703125
266801,52.24609375
267316,62.56103515625
267999,67.81005859375
268837,52.79541015625
269637,53.52783203125
270182,55.419921875
270220,55.7861328125
272240,57.861328125
274391,55.11474609375
275347,53.7109375
276027,54.0771484375
276626,55.908203125
277406,55.2978515625
278041,55.60302734375
279213,59.26513671875
279751,53.3447265625
280359,62.68310546875
281057,53.1005859375
281719,55.23681640625
282230,51.81884765625
283064,59.02099609375
285405,51.81884765625
285497,55.2978515625
286871,59.814453125
288131,56.33544921875
288192,60.11962890625
288862,52.6123046875
290022,54.931640625
291453,54.13818359375
292283,55.419921875
292920,58.77685546875
294367,54.99267578125
295624,56.2744140625
296345,60.97412109375
296857,53.8330078125
297448,54.38232421875
298073,57.2509765625
298264,51.7578125
298628,59.50927734375
299201,60.48583984375
301059,52.3681640625
301669,58.53271484375
302539,72.998046875
302762,51.8798828125
303183,57.12890625
303767,54.26025390625
305045,64.0869140625
305631,60.24169921875
306313,53.16162109375
307879,51.8798828125
308669,55.35888671875
309354,62.1337890625
310057,59.02099609375
310639,60.546875
310706,52.42919921875
311359,61.95068359375
311878,66.162109375
313035,51.8798828125
313183,55.60302734375
315021,53.52783203125
315842,57.80029296875
316523,52.3681640625
317133,64.3310546875
317260,59.5703125
317943,57.7392578125
318711,63.65966796875
319414,53.8330078125
320619,57.4951171875
321603,54.0771484375
323055,55.419921875
324473,55.72509765625
325072,51.94091796875
325719,58.349609375
326428,66.650390625
327679,51.8798828125
328119,52.24609375
329509,54.62646484375
331061,58.4716796875
331607,54.0771484375
332355,55.48095703125
333031,52.3681640625
333649,58.837890625
334213,53.40576171875
334962,55.23681640625
335676,63.232421875
336292,59.4482421875
336909,52.734375
337553,52.8564453125
338210,54.13818359375
340025,57.7392578125
340124,66.71142578125
340613,54.443359375
340803,59.02099609375
341419,57.373046875
342580,52.06298828125
343849,54.8095703125
344837,54.3212890625
345458,52.42919921875
346079,53.52783203125
347480,53.8330078125
347739,54.443359375
348088,54.62646484375
348650,60.791015625
349997,56.57958984375
350574,53.466796875
350647,52.24609375
351358,59.02099609375
352096,52.91748046875
352832,63.17138671875
353776,56.5185546875
354492,53.466796875
354669,53.1005859375
355254,65.12451171875
355806,60.546875
359670,53.3447265625
360356,61.34033203125
361576,58.89892578125
362276,71.1669921875
362859,59.14306640625
364105,52.978515625
364642,52.3681640625
365519,54.62646484375
366132,56.45751953125
366877,53.955078125
367699,53.16162109375
368502,54.26025390625
368577,53.52783203125
368859,58.04443359375
369402,51.8798828125
369925,55.48095703125
370557,52.42919921875
371126,78.43017578125
371757,66.89453125
372477,54.8095703125
373764,52.67333984375
374340,53.28369140625
374995,64.5751953125
375931,52.55126953125
376580,61.70654296875
377298,54.50439453125
377948,55.23681640625
378410,63.04931640625
378795,54.0771484375
379137,56.21337890625
379710,55.72509765625
379762,52.734375
381181,53.16162109375
382449,65.12451171875
383784,60.85205078125
384641,56.0302734375
385375,57.373046875
386245,55.60302734375
387141,68.9697265625
387670,57.43408203125
387709,52.490234375
388524,62.19482421875
389235,57.861328125
389804,54.0771484375
390467,53.28369140625
391031,59.99755859375
391666,68.90869140625
392285,63.232421875
392904,51.94091796875
393613,55.23681640625
394086,54.443359375
394224,52.1240234375
394661,56.33544921875
397594,65.3076171875
398405,56.33544921875
399165,59.326171875
399922,52.42919921875
400891,55.11474609375
401449,53.77197265625
402230,58.28857421875
402802,69.15283203125
403400,57.43408203125
404038,57.06787109375
405801,57.373046875
407217,53.955078125
407872,63.17138671875
408569,51.94091796875
410241,55.48095703125
410891,52.55126953125
411507,55.11474609375
412205,52.734375
413771,60.48583984375
414660,58.77685546875
415275,56.70166015625
415418,62.8662109375
415877,55.11474609375
417218,52.06298828125
418064,70.49560546875
419598,56.396484375
421448,59.99755859375
422013,58.89892578125
422705,54.443359375
423177,56.884765625
423494,58.837890625
425207,52.978515625
426660,57.4951171875
427300,51.94091796875
427956,55.2978515625
428674,59.9365234375
429314,56.7626953125
430664,56.09130859375
430999,53.466796875
431484,56.57958984375
432689,54.01611328125
434041,64.14794921875
435508,60.85205078125
436183,61.09619140625
436771,54.99267578125
437466,53.1005859375
438315,53.22265625
438810,55.419921875
440052,53.40576171875
440687,54.3212890625
441160,53.28369140625
443183,55.11474609375
443654,59.08203125
444571,58.89892578125
444956,58.28857421875
445305,55.419921875
446216,53.7109375
446509,55.72509765625
446908,52.490234375
447820,62.56103515625
450222,53.8330078125
450785,59.5703125
451266,59.4482421875
451976,55.60302734375
452982,61.09619140625
454230,52.06298828125
454914,52.490234375
455527,57.373046875
456176,53.77197265625
457454,53.40576171875
458271,53.3447265625
459052,55.23681640625
459660,57.7392578125
460608,68.4814453125
461177,52.6123046875
461778,58.349609375
462351,55.11474609375
462850,52.001953125
464607,55.908203125
465227,64.3310546875
465865,59.6923828125
466624,52.24609375
468221,70.98388671875
469785,57.43408203125
471191,58.10546875
472544,55.35888671875
473145,61.767578125
475128,54.87060546875
475813,52.1240234375
476414,56.5185546875
477185,59.08203125
477668,61.279296875
479083,65.7958984375
479597,55.0537109375
480285,52.24609375
482794,77.2705078125
483428,52.06298828125
485401,55.72509765625
485464,53.7109375
486726,57.80029296875
487367,58.16650390625
488057,55.60302734375
489183,55.17578125
489883,83.1298828125
490572,51.81884765625
491232,79.9560546875
491855,58.41064453125
492382,58.16650390625
493067,57.92236328125
493640,58.9599609375
494189,70.49560546875
494803,52.06298828125
495397,56.94580078125
496152,51.7578125
496239,52.734375
496805,51.7578125
497476,61.767578125
497993,53.955078125
498662,56.15234375
499552,67.9931640625
500231,55.17578125
500811,51.7578125
501695,53.28369140625
502821,53.03955078125
505631,57.55615234375
506177,57.12890625
506997,54.0771484375
507293,58.04443359375
507881,58.9599609375
508530,62.19482421875
509225,75.13427734375
509910,57.18994140625
510455,52.79541015625
511122,53.7109375
512474,69.39697265625
514871,52.1240234375
515602,60.9130859375
516768,56.396484375
517336,53.52783203125
517928,60.85205078125
518591,53.52783203125
519355,53.28369140625
520818,53.28369140625
521556,55.96923828125
522877,64.697265625
523430,61.4013671875
524234,63.1103515625
524853,54.6875
525374,53.5888671875
525983,54.26025390625
526481,56.57958984375
527368,53.1005859375
527469,52.1240234375
528018,51.7578125
528604,68.115234375
529289,53.3447265625
530174,61.767578125
530867,60.97412109375
531564,57.9833984375
532502,61.1572265625
534813,55.17578125
536440,54.0771484375
537722,52.42919921875
538053,51.7578125
538365,60.05859375
539052,58.28857421875
540729,53.40576171875
541704,65.73486328125
542495,57.67822265625
543240,63.4765625
544465,52.490234375
545093,57.18994140625
545850,61.5234375
546436,61.46240234375
546975,52.91748046875
548080,52.24609375
548587,70.80078125
549170,54.443359375
550569,52.734375
551186,52.24609375
552914,80.9326171875
554608,55.84716796875
555324,54.5654296875
555967,55.48095703125
557377,52.6123046875
558010,66.7724609375
558670,52.06298828125
559323,60.24169921875
559827,52.490234375
561248,52.8564453125
561774,53.52783203125
563494,57.31201171875
564165,63.96484375
564871,54.931640625
566641,56.15234375
567248,58.59375
568676,52.001953125
570169,55.60302734375
570919,56.15234375
571665,57.0068359375
572322,52.06298828125
573114,56.45751953125
573798,58.77685546875
574338,51.81884765625
574546,60.85205078125
574994,53.1005859375
575811,57.55615234375
576378,56.640625
576940,55.419921875
578689,59.326171875
578932,52.42919921875
579236,53.1005859375
579853,54.01611328125
580411,58.349609375
581267,53.77197265625
581876,63.5986328125
582528,55.11474609375
583303,52.18505859375
584013,53.466796875
585937,55.35888671875
586574,53.64990234375
588265,52.30712890625
590362,55.419921875
592178,58.2275390625
592876,52.18505859375
593590,64.63623046875
594175,56.884765625
594872,54.931640625
595412,55.5419921875
595995,53.1005859375
596727,54.13818359375
597475,52.42919921875
597979,64.02587890625
598645,63.232421875
599981,57.18994140625
600632,61.21826171875
602093,56.82373046875
602728,53.8330078125
603228,55.2978515625
603859,58.59375
604491,59.326171875
605138,52.1240234375
605650,51.8798828125
606161,52.79541015625
607001,65.185546875
607678,53.22265625
608282,55.11474609375
608881,53.955078125
610383,55.419921875
610980,56.5185546875
611515,52.18505859375
614230,64.88037109375
614845,65.49072265625
615521,52.91748046875
616150,54.8095703125
616843,54.01611328125
618171,54.0771484375
619587,53.52783203125
622649,51.8798828125
623234,54.87060546875
626453,63.1103515625
627543,55.5419921875
628163,58.837890625
628526,53.466796875
629421,55.48095703125
630079,65.00244140625
630770,51.8798828125
631454,62.01171875
632349,51.7578125
633109,58.04443359375
634554,57.43408203125
635187,55.908203125
636853,52.734375
637976,52.1240234375
638885,53.77197265625
639241,55.60302734375
640005,58.41064453125
640729,53.1005859375
641418,52.001953125
642134,53.22265625
642810,56.884765625
643346,55.35888671875
644670,55.7861328125
645292,57.43408203125
645449,53.77197265625
646354,56.884765625
647672,54.6875
648408,53.40576171875
648923,56.70166015625
649201,56.57958984375
651813,52.67333984375
652442,55.0537109375
653076,55.17578125
653702,56.94580078125
654328,52.91748046875
655001,52.490234375
655734,52.42919921875
658461,57.06787109375
659185,65.97900390625
659988,52.490234375
660682,53.28369140625
661979,59.38720703125
662591,65.85693359375
663377,59.38720703125
663944,55.96923828125
664874,56.0302734375
665666,58.2275390625
667553,63.04931640625
668729,52.24609375
669442,57.80029296875
670057,55.23681640625
670835,59.63134765625
671548,57.31201171875
672132,54.99267578125
672706,67.19970703125
674110,60.9130859375
674568,54.74853515625
677291,53.955078125
678086,58.59375
678623,59.9365234375
680214,57.12890625
682410,59.4482421875
683160,55.7861328125
683892,60.9130859375
684686,56.396484375
685185,60.48583984375
685818,56.396484375
687238,61.6455078125
688083,56.21337890625
689672,54.99267578125
690844,53.3447265625
691491,59.08203125
691867,53.28369140625
692065,55.2978515625
692759,58.65478515625
693403,65.5517578125
694920,56.21337890625
696490,60.4248046875
697107,54.3212890625
698488,55.96923828125
699001,61.8896484375
700134,52.67333984375
700865,57.18994140625
700949,55.5419921875
702823,52.18505859375
703152,59.326171875
703501,51.81884765625
704985,52.978515625
705504,54.5654296875
706265,55.72509765625
707682,69.51904296875
708203,55.2978515625
708830,65.36865234375
711007,60.48583984375
712295,56.70166015625
712906,52.91748046875
714315,77.880859375
715097,57.4951171875
715770,54.443359375
718694,54.931640625
719250,54.931640625
721939,67.626953125
722698,66.83349609375
723383,55.11474609375
724487,57.12890625
726028,52.001953125
726751,61.21826171875
729268,54.3212890625
729855,62.3779296875
730346,58.349609375
731309,57.55615234375
731384,57.9833984375
732112,56.7626953125
732680,54.6875
733407,53.22265625
735353,58.10546875
736262,54.38232421875
737330,54.8095703125
738085,52.1240234375
738703,54.74853515625
740941,62.3779296875
742293,60.97412109375
742886,56.15234375
743363,54.50439453125
744040,55.72509765625
745561,61.1572265625
746469,53.3447265625
747077,61.1572265625
747977,61.5234375
748775,54.87060546875
749438,60.1806640625
750100,56.82373046875
751476,53.8330078125
752072,57.4951171875
752651,58.16650390625
753366,52.55126953125
754008,53.40576171875
754721,58.65478515625
755403,53.5888671875
757137,57.92236328125
758476,53.64990234375
760765,56.7626953125
762151,59.326171875
763582,60.302734375
764078,55.72509765625
766790,57.373046875
768561,53.1005859375
770087,54.38232421875
771536,58.10546875
771580,53.8330078125
772886,58.65478515625
773561,52.18505859375
775030,62.1337890625
775559,56.640625
776279,56.94580078125
778300,54.0771484375
779573,55.7861328125
780847,54.50439453125
782044,54.38232421875
783322,59.6923828125
784554,53.77197265625
786059,60.546875
786585,56.57958984375
786665,53.28369140625
787458,57.9833984375
788344,56.884765625
789712,53.22265625
790400,53.5888671875
791069,55.7861328125
791637,55.35888671875
792396,55.60302734375
793052,57.7392578125
794850,55.0537109375
796010,54.19921875
796633,62.744140625
797533,54.0771484375
799178,55.35888671875
801340,53.955078125
801629,59.6923828125
802914,59.75341796875
804421,58.7158203125
805160,55.48095703125
806730,54.62646484375
807905,53.955078125
808607,52.67333984375
809435,54.8095703125
810152,62.31689453125
810723,52.001953125
812082,68.42041015625
812572,58.4716796875
814128,77.5146484375
815908,51.81884765625
816394,58.9599609375
816606,53.22265625
819501,52.734375
819916,56.45751953125
823221,60.97412109375
823597,53.5888671875
824219,51.7578125
827312,60.4248046875
827444,57.0068359375
827987,58.837890625
828720,57.43408203125
829328,53.28369140625
829878,61.34033203125
830674,57.4951171875
831325,52.67333984375
832020,55.419921875
833779,56.09130859375
834237,54.443359375
834445,72.8759765625
835049,62.6220703125
836669,52.67333984375
836772,58.59375
838244,55.2978515625
839474,60.791015625
840050,55.7861328125
840755,51.81884765625
841497,52.24609375
844411,53.3447265625
845707,52.24609375
846310,52.6123046875
849039,51.94091796875
849815,53.955078125
850480,54.931640625
851166,54.19921875
851718,53.89404296875
852972,56.5185546875
854711,54.0771484375
855335,56.15234375
855690,53.16162109375
858068,55.908203125
859879,51.8798828125
860872,52.42919921875
860957,62.31689453125
864505,52.42919921875
865576,57.373046875
866291,57.18994140625
866921,53.5888671875
867445,56.640625
867832,58.77685546875
868725,52.91748046875
869468,65.36865234375
870121,57.12890625
870685,54.443359375
871448,54.19921875
872234,53.64990234375
872857,57.2509765625
873575,61.95068359375
875483,76.84326171875
877270,56.94580078125
879701,59.63134765625
880403,56.5185546875
881072,56.09130859375
881888,52.978515625
882621,52.42919921875
883991,56.94580078125
884683,60.791015625
885268,52.79541015625
885901,52.67333984375
887697,51.81884765625
888387,66.7724609375
889080,55.48095703125
889875,52.001953125
890938,54.13818359375
891047,59.75341796875
892426,52.001953125
893038,66.46728515625
893676,53.03955078125
894566,57.67822265625
896203,54.3212890625
896644,57.2509765625
897236,53.22265625
897507,59.6923828125
898514,53.28369140625
899079,60.48583984375
899893,57.55615234375
900549,52.30712890625
901346,62.6220703125
901842,60.791015625
902403,54.87060546875
904705,53.03955078125
905051,52.06298828125
908562,52.978515625
910765,52.1240234375
912118,59.2041015625
914016,57.861328125
914562,55.2978515625
915147,56.5185546875
916656,58.4716796875
917907,55.96923828125
918509,52.978515625
921103,57.373046875
922050,54.6875
922705,54.19921875
923959,60.6689453125
924465,53.7109375
925043,51.81884765625
925715,53.03955078125
926420,59.814453125
926873,51.7578125
927050,51.94091796875
928531,59.6923828125
929131,53.22265625
929829,54.50439453125
929865,56.70166015625
931014,59.5703125
932148,63.4765625
934157,56.94580078125
934207,60.11962890625
934984,52.3681640625
937569,54.50439453125
938217,52.734375
938973,52.42919921875
940213,52.1240234375
940967,52.24609375
941609,63.1103515625
942182,53.3447265625
942814,54.443359375
943574,61.34033203125
944200,58.41064453125
945531,58.2275390625
946062,72.44873046875
948538,57.2509765625
949734,61.34033203125
950502,52.55126953125
951255,57.7392578125
952023,65.61279296875
954102,53.955078125
955484,52.91748046875
956705,51.7578125
957809,57.9833984375
958266,65.12451171875
958871,53.03955078125
959575,56.70166015625
960307,61.46240234375
961038,65.12451171875
961613,55.0537109375
963728,52.67333984375
964443,52.978515625
965043,60.302734375
966418,56.70166015625
967190,52.3681640625
967690,52.490234375
968380,52.67333984375
969599,56.45751953125
971714,53.64990234375
972289,56.33544921875
973077,52.06298828125
973771,53.16162109375
974681,55.908203125
975329,62.3779296875
976001,55.84716796875
976558,53.77197265625
977300,55.7861328125
977965,55.35888671875
978636,56.09130859375
979247,55.419921875
981236,57.4951171875
983369,56.7626953125
984450,51.94091796875
985498,52.24609375
986188,56.396484375
986852,52.3681640625
988369,54.0771484375
988908,58.04443359375
990810,53.3447265625
991469,57.0068359375
992214,65.73486328125
992769,52.06298828125
993584,63.90380859375
995110,52.490234375
997163,56.0302734375
998210,52.42919921875
1000361,52.3681640625
1001135,53.89404296875
1001768,57.55615234375
1003394,57.373046875
1003879,55.35888671875
1004365,57.12890625
1005031,59.87548828125
1005603,58.837890625
1006834,52.18505859375
1008122,56.884765625
1008855,54.99267578125
1010009,52.42919921875
1011332,52.490234375
1014262,53.16162109375
1016660,52.79541015625
1017385,56.5185546875
1020673,55.72509765625
1021297,55.5419921875
1021834,53.8330078125
1023199,54.6875
1023930,53.40576171875
1024623,51.94091796875
1025395,54.38232421875
1026818,61.1572265625
1027352,72.265625
1027884,54.0771484375
1029263,53.466796875
1029949,55.0537109375
1031833,52.18505859375
1033793,57.373046875
1035654,53.3447265625
1036336,51.81884765625
1036965,52.1240234375
1039154,79.77294921875
1039760,59.38720703125
1041204,66.10107421875
1043014,52.55126953125
1043237,52.8564453125
1043609,59.814453125
1044517,56.884765625
1045190,62.1337890625
1049274,54.19921875
1050436,55.96923828125
1050498,53.16162109375
1051545,52.67333984375
1051755,66.650390625
1052998,54.6875
1054989,57.92236328125
1056709,52.91748046875
1058699,51.94091796875
1059399,60.36376953125
1060732,53.5888671875
1061633,54.62646484375
1064157,61.6455078125
1065619,53.1005859375
1068022,56.33544921875
1068638,62.255859375
1069296,51.81884765625
1069807,54.8095703125
1070599,54.6875
1071288,52.3681640625
1073196,52.18505859375
1073800,53.77197265625
1074418,53.52783203125
1074700,62.19482421875
1076280,61.34033203125
1077029,51.8798828125
1078920,52.55126953125
1079828,53.40576171875
1080584,55.0537109375
1082505,54.26025390625
1083078,57.80029296875
1084307,53.03955078125
1085350,58.04443359375
1087556,64.8193359375
1088280,55.60302734375
1089427,56.21337890625
1090568,62.07275390625
1091969,51.94091796875
1092486,54.26025390625
1093000,53.3447265625
1094692,53.40576171875
1094816,53.3447265625
1096069,63.29345703125
1097378,62.255859375
1098095,69.091796875
1098819,52.30712890625
1099556,55.17578125
1100904,58.28857421875
1102745,53.7109375
1103922,57.06787109375
1104494,56.5185546875
1105156,58.349609375
1105218,52.1240234375
1105714,61.46240234375
1107593,58.77685546875
1108078,57.55615234375
1108408,53.1005859375
1110198,60.05859375
1110389,53.28369140625
1111229,51.8798828125
1111894,56.0302734375
1113007,52.001953125
1114305,52.91748046875
1116519,52.91748046875
1117178,52.6123046875
1117847,61.70654296875
1119137,54.50439453125
1119700,56.94580078125
1120435,53.1005859375
1121611,53.466796875
1123542,59.814453125
1125085,52.6123046875
1125676,53.8330078125
1126843,52.55126953125
1127390,55.17578125
1127909,56.09130859375
1130632,52.1240234375
1131318,54.443359375
1132853,53.8330078125
1133515,56.7626953125
1135158,57.12890625
1137389,51.8798828125
1139242,51.81884765625
1142705,54.01611328125
1143295,58.9599609375
1144555,59.4482421875
1145982,56.5185546875
1146636,54.6875
1147154,53.5888671875
1148455,62.01171875
1149899,52.30712890625
1150838,54.62646484375
1151718,53.40576171875
1152346,58.4716796875
1154795,56.82373046875
1156092,55.908203125
1156743,55.84716796875
1159499,57.18994140625
1160218,54.01611328125
1160828,60.6689453125
1162095,60.6689453125
1162618,51.94091796875
1163367,54.87060546875
1164162,51.8798828125
1165140,55.6640625
1165311,54.6875
1167458,52.06298828125
1168642,53.955078125
1168877,55.6640625
1169528,52.8564453125
1169979,56.21337890625
1173579,54.8095703125
1174458,54.62646484375
1175154,55.84716796875
1176367,69.82421875
1177814,55.7861328125
1179393,52.91748046875
1180569,52.3681640625
1181193,53.22265625
1181827,52.1240234375
1182396,58.10546875
1183128,54.99267578125
1185225,65.91796875
1186476,58.10546875
1187677,52.06298828125
1188398,52.91748046875
1188868,52.3681640625
1190082,56.70166015625
1191614,58.16650390625
1192968,52.734375
1194952,51.7578125
1196536,57.31201171875
1199209,57.06787109375
1199719,51.81884765625
1200274,59.4482421875
1200993,51.81884765625
1201636,60.97412109375
1202246,52.001953125
1204272,61.46240234375
1204819,58.41064453125
1208526,59.50927734375
1209931,52.06298828125
1212042,57.31201171875
1213351,57.80029296875
1214520,52.1240234375
1217757,53.28369140625
1220096,59.6923828125
1224089,53.28369140625
1227314,58.7158203125
1230562,59.63134765625
1232141,51.94091796875
1233867,57.9833984375
1235147,54.01611328125
1235853,54.50439453125
1237226,53.03955078125
1237880,52.79541015625
1238562,57.06787109375
1240930,53.28369140625
1243502,57.861328125
1244167,55.23681640625
1244779,52.3681640625
1246214,55.5419921875
1248862,54.74853515625
1249458,64.697265625
1250642,52.8564453125
1251568,56.94580078125
1252160,57.92236328125
1254440,55.48095703125
1255429,52.734375
1255696,52.1240234375
1257210,56.884765625
1259784,69.15283203125
1261110,56.70166015625
1261624,60.24169921875
1262344,53.8330078125
1263099,52.67333984375
1264990,53.8330078125
1265639,65.61279296875
1268384,58.2275390625
1271779,57.31201171875
1272400,56.640625
1273491,54.3212890625
1277174,53.64990234375
1278415,52.24609375
1279668,52.490234375
1281634,53.64990234375
1283453,52.1240234375
1283557,57.2509765625
1284897,54.87060546875
1287115,52.978515625
1287983,52.30712890625
1289298,60.791015625
1290156,52.734375
1292757,59.26513671875
1293155,52.8564453125
1293696,57.31201171875
1294901,52.18505859375
1295171,54.8095703125
1295559,59.02099609375
1297473,57.7392578125
1302464,59.38720703125
1305067,51.8798828125
1307765,52.978515625
1308384,53.89404296875
1310128,57.31201171875
1310801,53.8330078125
1311451,52.06298828125
1314017,56.33544921875
1314237,64.51416015625
1314744,51.94091796875
1318062,61.34033203125
1320267,52.001953125
1321559,51.7578125
1322282,53.3447265625
1323002,54.3212890625
1323589,54.3212890625
1326032,57.43408203125
1326375,54.931640625
1328301,62.1337890625
1329095,59.5703125
1331088,52.1240234375
1331690,51.7578125
1332267,52.18505859375
1332854,53.1005859375
1334534,61.70654296875
1336520,58.59375
1337712,52.8564453125
1338266,55.60302734375
1339061,54.19921875
1344013,54.8095703125
1344507,57.9833984375
1345067,58.59375
1346359,57.18994140625
1348371,61.58447265625
1349515,55.11474609375
1350123,53.1005859375
1350612,66.83349609375
1352080,52.30712890625
1352743,53.3447265625
1353381,51.7578125
1354358,52.24609375
1355121,55.2978515625
1355741,53.1005859375
1357910,54.38232421875
1359896,55.23681640625
1360511,52.67333984375
1364585,52.91748046875
1365291,54.62646484375
1366080,57.0068359375
1368463,52.734375
1369687,61.6455078125
1370333,66.46728515625
1372927,52.490234375
1373329,52.24609375
1374168,52.79541015625
1376180,57.67822265625
1378820,52.18505859375
1379350,55.23681640625
1381795,57.92236328125
1383609,54.6875
1383884,55.2978515625
1384446,57.6171875
1389405,57.4951171875
1391411,52.55126953125
1392067,54.5654296875
1392711,51.8798828125
1394795,52.55126953125
1395471,56.7626953125
1396146,54.87060546875
1396751,58.837890625
1397285,51.8798828125
1398065,56.396484375
1398549,54.38232421875
1399927,53.16162109375
1401083,61.8896484375
1401194,52.8564453125
1401758,63.4765625
1403667,52.3681640625
1406173,60.05859375
1406943,53.3447265625
1407615,61.70654296875
1410173,55.60302734375
1410781,53.40576171875
1412168,52.18505859375
1413629,61.1572265625
1414978,61.8896484375
1417487,52.30712890625
1419304,63.5986328125
1420432,54.13818359375
1420946,53.5888671875
1422008,62.8662109375
1423347,59.75341796875
1423985,54.50439453125
1424858,66.5283203125
1426434,56.82373046875
1427009,53.1005859375
1428156,58.59375
1429327,53.16162109375
1430192,52.79541015625
1431288,57.12890625
1433190,53.1005859375
1436287,54.38232421875
1437085,52.30712890625
1437842,52.1240234375
1438469,57.43408203125
1439195,54.87060546875
1441881,66.2841796875
1443943,51.81884765625
1446485,57.2509765625
1447114,51.8798828125
1448303,55.2978515625
1451002,55.5419921875
1452884,56.884765625
1454103,54.931640625
1454708,52.8564453125
1455972,52.79541015625
1457153,53.22265625
1457816,59.63134765625
1458910,52.490234375
1459727,58.65478515625
1460298,75.8056640625
1460950,51.94091796875
1462041,51.7578125
1465381,52.490234375
1467208,58.16650390625
1467864,51.81884765625
1469366,60.05859375
1469830,53.955078125
1470195,53.22265625
1470580,57.12890625
1471373,57.18994140625
1473148,60.60791015625
1475960,57.373046875
1476490,52.6123046875
1477172,52.30712890625
1479113,56.70166015625
1481072,59.14306640625
1483600,54.3212890625
1484230,54.0771484375
1486177,52.91748046875
1487079,53.1005859375
1487601,51.7578125
1490450,53.77197265625
1491355,57.43408203125
1492831,54.931640625
1494023,51.94091796875
1495438,54.19921875
1497391,59.26513671875
1502470,59.326171875
1503051,57.7392578125
1505059,53.466796875
1505743,54.5654296875
1508927,56.884765625
1509472,53.1005859375
1510679,53.466796875
1512723,58.349609375
1516570,55.35888671875
1520249,62.01171875
1520804,52.42919921875
1521484,55.17578125
1523187,54.931640625
1526734,55.48095703125
1527467,59.26513671875
1528483,54.74853515625
1529981,55.11474609375
1533012,53.7109375
1533753,58.349609375
1534328,51.7578125
1534930,57.92236328125
1535093,52.79541015625
1536368,56.7626953125
1537642,60.302734375
1546632,52.001953125
1548585,53.16162109375
1549730,51.7578125
1551576,52.6123046875
1552930,53.955078125
1553530,52.001953125
1554117,53.40576171875
1556744,53.89404296875
1560983,52.91748046875
1561549,54.0771484375
1562101,59.814453125
1562787,53.89404296875
1563344,53.28369140625
1565164,52.67333984375
1565763,67.07763671875
1566315,52.734375
1568742,53.22265625
1570456,53.03955078125
1571203,56.70166015625
1571840,57.2509765625
1575088,56.15234375
1576060,51.8798828125
1578195,59.14306640625
1578786,54.99267578125
1580708,53.28369140625
1582129,51.81884765625
1583708,53.89404296875
1583902,52.30712890625
1586361,56.15234375
1588101,52.734375
1590856,53.16162109375
1592931,53.28369140625
1596308,52.55126953125
1596908,52.1240234375
1597373,66.71142578125
1597984,53.3447265625
1598611,61.5234375
1600453,54.01611328125
1601760,52.55126953125
1603564,59.5703125
1605062,52.55126953125
1605855,58.9599609375
1608422,55.7861328125
1609630,54.13818359375
1612031,54.87060546875
1613363,61.03515625
1615292,58.7158203125
1616431,55.72509765625
1617769,54.62646484375
1619184,53.03955078125
1624236,54.0771484375
1625425,56.45751953125
1626518,56.33544921875
1627338,55.11474609375
1627983,52.55126953125
1628557,53.1005859375
1630796,55.7861328125
1632027,56.640625
1633894,58.9599609375
1634643,58.53271484375
1636894,61.5234375
1640032,57.2509765625
1644527,53.22265625
1646368,56.640625
1647676,56.82373046875
1648915,52.24609375
1650238,53.40576171875
1652521,64.51416015625
1653052,52.67333984375
1654704,54.3212890625
1655291,55.0537109375
1657130,57.43408203125
1659513,61.82861328125
1661409,59.26513671875
1661939,56.09130859375
1665301,53.5888671875
1666570,57.6171875
1669235,58.10546875
1670285,64.0869140625
1672344,52.06298828125
1675194,59.87548828125
1675758,56.5185546875
1678310,51.7578125
1680294,51.94091796875
1682070,56.396484375
1686530,55.0537109375
1687985,52.18505859375
1689860,51.94091796875
1691261,52.06298828125
1691930,53.8330078125
1692930,58.2275390625
1693980,61.34033203125
1695054,53.955078125
1701917,52.55126953125
1702568,53.5888671875
1708710,55.60302734375
1713375,53.77197265625
1714689,54.38232421875
1717652,54.99267578125
1717829,52.79541015625
1721601,63.04931640625
1722177,66.22314453125
1723280,51.94091796875
1723843,54.8095703125
1724505,52.8564453125
1728476,54.74853515625
1729216,61.21826171875
1730981,58.53271484375
1731765,54.0771484375
1732375,59.63134765625
1733022,57.0068359375
1734063,54.01611328125
1739095,54.6875
1741082,67.68798828125
1743582,55.11474609375
1746347,54.74853515625
1747393,59.4482421875
1748537,60.546875
1750797,51.8798828125
1750996,54.26025390625
1754512,53.955078125
1759579,51.94091796875
1763540,53.89404296875
1765412,52.1240234375
1767352,53.22265625
1769219,55.23681640625
1771174,59.326171875
1773561,53.466796875
1775110,52.06298828125
1778808,52.1240234375
1781825,53.1005859375
1783007,53.64990234375
1784117,62.3779296875
1784274,60.72998046875
1785570,52.67333984375
1788204,54.931640625
1792964,52.978515625
1794421,54.74853515625
1795095,61.34033203125
1797655,51.94091796875
1799084,46.5087890625
1799740,58.89892578125
1800391,44.49462890625
1801320,45.8984375
1803219,49.13330078125
1803676,49.560546875
1803812,44.61669921875
1804341,44.61669921875
1806095,44.7998046875
1806153,44.43359375
1808224,44.12841796875
1808549,45.95947265625
1809254,46.875
1809922,44.189453125
1809944,50.1708984375
1809982,44.49462890625
1810509,54.50439453125
1811173,55.96923828125
1811760,50.1708984375
1812291,46.630859375
1812635,45.34912109375
1813439,53.1005859375
1814091,43.88427734375
1814179,46.5087890625
1815003,48.095703125
1815591,58.10546875
1815693,49.8046875
1815963,53.1005859375
1816288,44.7998046875
1817315,44.25048828125
1817912,43.76220703125
1819158,49.62158203125
1819650,51.8798828125
1819757,46.0205078125
1820267,48.9501953125
1820877,48.2177734375
1821414,45.0439453125
1822794,45.166015625
1823333,47.79052734375
1823990,48.27880859375
1824500,58.16650390625
1825691,54.62646484375
1826963,48.583984375
1828370,45.41015625
1828913,49.13330078125
1828930,44.3115234375
1829293,46.630859375
1829966,44.25048828125
1831242,57.9833984375
1832371,44.5556640625
1832923,47.8515625
1834174,44.921875
1834600,46.44775390625
1834695,51.513671875
1835905,50.23193359375
1835945,47.05810546875
1837058,46.20361328125
1837584,44.98291015625
1838091,45.41015625
1838287,61.70654296875
1838303,48.33984375
1838477,44.25048828125
1839078,46.2646484375
1839582,51.33056640625
1840175,46.875
1840781,47.05810546875
1841405,46.56982421875
1842104,47.2412109375
1842872,44.61669921875
1843486,45.10498046875
1844003,44.7998046875
1845338,50.6591796875
1845675,43.8232421875
1845909,44.7998046875
1846587,44.189453125
1847058,44.677734375
1847193,49.9267578125
1847776,48.9501953125
1847836,43.8232421875
1848491,49.98779296875
1849035,67.44384765625
1849512,45.71533203125
1850678,45.41015625
1851098,55.7861328125
1851441,57.18994140625
1852691,45.0439453125
1853247,56.09130859375
1853907,44.73876953125
1854072,44.98291015625
1854314,45.166015625
1855343,45.5322265625
1855908,44.0673828125
1857429,44.12841796875
1858294,56.15234375
1858308,44.73876953125
1858831,48.15673828125
1859315,53.28369140625
1860669,45.0439453125
1861241,44.189453125
1862005,50.96435546875
1862336,45.654296875
1862366,50.6591796875
1863091,49.49951171875
1863761,44.73876953125
1864116,45.83740234375
1864901,55.35888671875
1866420,53.1005859375
1866550,44.5556640625
1866729,50.1708984375
1867122,44.00634765625
1867362,48.52294921875
1868043,43.88427734375
1868571,45.10498046875
1869207,47.607421875
1869734,45.654296875
1869820,48.583984375
1870077,59.02099609375
1870463,52.91748046875
1870784,43.76220703125
1871644,44.37255859375
1874355,48.15673828125
1875461,47.79052734375
1876544,45.47119140625
1876639,46.08154296875
1876856,45.83740234375
1877386,47.4853515625
1877811,52.30712890625
1878030,47.18017578125
1879233,51.1474609375
1880156,45.166015625
1880727,47.30224609375
1881113,48.095703125
1882458,45.7763671875
1883071,43.88427734375
1884260,45.71533203125
1884661,44.5556640625
1884902,53.22265625
1885440,44.12841796875
1885625,43.76220703125
1886215,44.98291015625
1887317,49.560546875
1888620,46.5087890625
1889222,48.33984375
1890308,50.9033203125
1890417,49.86572265625
1891625,45.34912109375
1892220,43.9453125
1892324,47.18017578125
1892533,48.095703125
1892881,44.49462890625
1893403,48.095703125
1893454,47.9736328125
1895430,44.25048828125
1896117,47.79052734375
1896230,49.49951171875
1897387,45.7763671875
1897516,44.98291015625
1898482,44.5556640625
1898946,47.42431640625
1899514,47.2412109375
1900149,45.22705078125
1901027,49.62158203125
1901220,45.10498046875
1901895,47.7294921875
1902391,48.64501953125
1902928,51.513671875
1904656,50.1708984375
1905230,49.072265625
1906404,46.5087890625
1906978,45.22705078125
1907326,47.9736328125
1908950,49.1943359375
1909540,55.11474609375
1910757,46.142578125
1911356,52.42919921875
1911884,54.99267578125
1912561,47.91259765625
1913027,48.7060546875
1913327,46.0205078125
1913726,50.4150390625
1914133,48.828125
1914426,51.8798828125
1915652,48.7060546875
1916444,49.62158203125
1917826,56.82373046875
1918371,45.95947265625
1919635,44.189453125
1920048,49.4384765625
1920728,46.142578125
1921488,50.9033203125
1922048,50.9033203125
1923796,46.08154296875
1924411,47.79052734375
1926015,45.41015625
1928222,63.720703125
1929444,46.142578125
1929905,48.52294921875
1930028,44.73876953125
1930606,46.69189453125
1931246,46.81396484375
1931793,55.35888671875
1932834,52.67333984375
1933522,53.03955078125
1933712,44.98291015625
1934831,51.45263671875
1935877,51.513671875
1936250,44.86083984375
1936469,49.74365234375
1936504,47.05810546875
1936943,54.38232421875
1937056,49.4384765625
1937190,47.91259765625
1937886,47.8515625
1938178,47.66845703125
1938993,43.9453125
1939331,55.23681640625
1939838,43.76220703125
1941347,45.7763671875
1942615,48.583984375
1943361,44.5556640625
1943987,48.15673828125
1944556,46.56982421875
1945837,43.76220703125
1946109,51.94091796875
1947755,43.76220703125
1948336,44.5556640625
1948599,51.08642578125
1948954,45.47119140625
1949572,66.5283203125
1949955,45.41015625
1950151,58.04443359375
1950754,51.3916015625
1951280,50.78125
1952594,47.119140625
1953276,52.3681640625
1953902,49.560546875
1955191,51.20849609375
1955825,54.50439453125
1956382,46.875
1956467,52.06298828125
1956920,54.62646484375
1957543,52.42919921875
1958207,47.8515625
1958765,48.7060546875
1959277,48.7060546875
1959867,56.2744140625
1960639,47.30224609375
1961450,44.61669921875
1963158,54.8095703125
1964970,57.373046875
1965846,44.189453125
1966408,45.0439453125
1967038,47.18017578125
1967623,44.98291015625
1968156,44.921875
1968846,44.00634765625
1969520,46.56982421875
1970194,45.10498046875
1970948,45.71533203125
1971510,46.56982421875
1971921,44.37255859375
1972699,56.7626953125
1973698,48.9501953125
1974204,54.6875
1975025,60.05859375
1975234,46.69189453125
1975637,48.15673828125
1975887,48.15673828125
1976892,55.23681640625
1977459,48.40087890625
1978680,53.28369140625
1979674,47.42431640625
1980533,50.72021484375
1981134,51.3916015625
1982071,45.22705078125
1982799,43.76220703125
1984113,50.59814453125
1984789,50.1708984375
1985027,44.677734375
1985356,45.22705078125
1986342,51.69677734375
1986931,52.42919921875
1987627,51.45263671875
1988500,44.921875
1990243,48.88916015625
1990836,44.189453125
1992452,47.42431640625
1993656,46.7529296875
1994236,55.23681640625
1994920,47.8515625
1995332,45.0439453125
1995848,44.677734375
1996036,43.76220703125
1996409,46.142578125
1997117,50.84228515625
1997793,56.2744140625
1999004,51.20849609375
1999676,48.52294921875
2000357,57.31201171875
2001029,48.27880859375
2001657,44.921875
2002740,46.32568359375
2003320,52.24609375
2003918,43.8232421875
2004152,44.25048828125
2004167,47.05810546875
2004585,44.5556640625
2005178,50.6591796875
2005720,44.43359375
2006221,44.86083984375
2006735,44.98291015625
2007034,53.89404296875
2007553,43.8232421875
2008810,61.8896484375
2012519,46.38671875
2013402,46.630859375
2013774,49.86572265625
2015723,48.15673828125
2017063,48.583984375
2017710,44.49462890625
2018382,46.44775390625
2018693,44.61669921875
2019559,50.537109375
2019771,47.79052734375
2020201,47.607421875
2020453,50.84228515625
2020814,49.4384765625
2021506,46.20361328125
2022639,53.77197265625
2024535,47.2412109375
2025111,51.08642578125
2025716,44.921875
2026297,48.33984375
2026906,52.18505859375
2027439,47.119140625
2028000,46.7529296875
2028652,58.837890625
2028818,48.7060546875
2029241,47.05810546875
2029355,45.59326171875
2030992,51.57470703125
2031039,49.49951171875
2031550,44.98291015625
2032052,44.86083984375
2032092,48.52294921875
2032160,45.47119140625
2032406,44.5556640625
2032611,52.67333984375
2033116,44.86083984375
2033532,43.8232421875
2034265,44.86083984375
2034842,45.83740234375
2036741,44.37255859375
2037973,52.24609375
2038741,49.1943359375
2039419,57.0068359375
2040601,50.9033203125
2041025,47.42431640625
2042956,46.38671875
2043181,45.47119140625
2043556,51.1474609375
2043761,50.96435546875
2044644,45.8984375
2045778,53.03955078125
2046440,50.537109375
2047160,45.41015625
2048019,47.79052734375
2049411,48.64501953125
2049438,55.48095703125
2050061,50.35400390625
2052067,55.11474609375
2052594,46.69189453125
2052676,50.84228515625
2053403,45.654296875
2054084,47.607421875
2054558,45.7763671875
2055759,47.607421875
2056108,54.443359375
2056612,44.86083984375
2057584,45.7763671875
2058227,46.08154296875
2058863,46.56982421875
2059535,44.3115234375
2060107,44.61669921875
2060523,49.9267578125
2061189,43.76220703125
2061998,48.64501953125
2062156,55.908203125
2063132,50.048828125
2064419,55.23681640625
2064896,44.43359375
2065142,49.37744140625
2066458,45.34912109375
2067689,45.71533203125
2068734,47.79052734375
2069988,45.166015625
2070677,44.5556640625
2071306,48.583984375
2071918,60.60791015625
2072565,43.8232421875
2072834,46.0205078125
2073325,43.8232421875
2074388,44.49462890625
2075455,44.49462890625
2075601,49.6826171875
2076217,51.33056640625
2076644,48.828125
2077324,44.43359375
2077745,43.88427734375
2077989,48.583984375
2078571,49.072265625
2079212,46.69189453125
2080354,47.18017578125
2081564,50.59814453125
2082755,45.166015625
2083180,44.12841796875
2083875,61.09619140625
2085071,48.2177734375
2092724,47.4853515625
2092781,53.03955078125
2093273,46.630859375
2094483,44.3115234375
2096208,53.3447265625
2096556,43.8232421875
2096936,52.001953125
2098376,44.73876953125
2098989,48.64501953125
2099249,44.37255859375
2099640,45.5322265625
2100201,46.08154296875
2101545,52.06298828125
2101611,45.654296875
2102520,44.25048828125
2104293,49.49951171875
2106900,49.25537109375
2108337,45.95947265625
2108441,45.59326171875
2108941,49.560546875
2109657,44.61669921875
2110950,70.49560546875
2111600,49.25537109375
2112151,50.537109375
2113330,46.875
2113900,55.2978515625
2113957,44.921875
2115175,45.166015625
2115748,43.8232421875
2116420,49.37744140625
2117203,44.0673828125
2117474,50.35400390625
2118913,48.4619140625
2119184,44.98291015625
2119228,44.921875
2119862,45.47119140625
2120398,49.25537109375
2121649,43.88427734375
2123394,63.29345703125
2126029,49.560546875
2126531,48.583984375
2127246,51.45263671875
2127851,48.9501953125
2128904,44.49462890625
2129106,50.4150390625
2130181,48.095703125
2131471,45.22705078125
2131875,47.05810546875
2133513,43.9453125
2133989,58.9599609375
2134637,44.189453125
2135082,46.93603515625
2135223,49.49951171875
2135775,49.13330078125
2136307,48.88916015625
2136504,45.47119140625
2136782,46.81396484375
2136848,49.86572265625
2137533,50.29296875
2137916,46.142578125
2138484,54.13818359375
2138498,54.50439453125
2139158,44.86083984375
2139846,47.79052734375
2143049,48.9501953125
2143694,44.37255859375
2145008,45.47119140625
2145386,45.41015625
2147588,68.42041015625
2148234,44.49462890625
2148805,59.75341796875
2149564,49.6826171875
2151506,44.3115234375
2151793,48.828125
2152294,46.69189453125
2152614,47.7294921875
2153273,47.18017578125
2154595,52.91748046875
2155082,46.81396484375
2156665,45.47119140625
2157366,45.5322265625
2157923,43.9453125
2159166,47.79052734375
2160522,45.7763671875
2161063,45.654296875
2161662,45.83740234375
2161846,44.189453125
2162956,46.81396484375
2163490,44.43359375
2164449,44.61669921875
2164582,44.98291015625
2165148,48.583984375
2165791,48.64501953125
2165867,43.9453125
2167060,49.560546875
2167880,56.2744140625
2169399,44.61669921875
2170446,46.2646484375
2171653,47.91259765625
2173019,45.83740234375
2173472,44.3115234375
2173634,47.91259765625
2175383,44.37255859375
2175538,46.56982421875
2176076,44.3115234375
2176529,47.607421875
2177062,45.22705078125
2179391,47.05810546875
2180642,44.37255859375
2181053,50.47607421875
2181980,53.22265625
2183453,49.86572265625
2184049,48.33984375
2185325,44.37255859375
2186709,43.9453125
2187286,48.76708984375
2187930,44.49462890625
2188577,48.40087890625
2189019,44.61669921875
2189233,52.6123046875
2189868,52.30712890625
2191037,49.49951171875
2192038,45.166015625
2192499,48.4619140625
2193316,51.33056640625
2193931,44.43359375
2195751,45.7763671875
2196322,53.77197265625
2197468,50.47607421875
2198793,43.76220703125
2200538,46.93603515625
2201595,49.31640625
2203169,49.9267578125
2203282,46.0205078125
2205219,43.88427734375
2205423,46.56982421875
2205893,45.0439453125
2206710,50.96435546875
2209317,44.98291015625
2209911,48.9501953125
2211097,46.56982421875
2211343,47.2412109375
2213735,44.61669921875
2214386,44.677734375
2216024,51.33056640625
2217818,44.3115234375
2218076,55.6640625
2218420,47.30224609375
2220012,48.27880859375
2220369,50.84228515625
2221183,44.921875
2222194,50.23193359375
2222685,46.2646484375
2224568,45.2880859375
2225369,47.9736328125
2226442,47.4853515625
2226597,52.3681640625
2227083,48.03466796875
2227444,47.2412109375
2227667,44.3115234375
2228196,46.0205078125
2231184,53.22265625
2232057,57.67822265625
2232605,45.7763671875
2233237,49.072265625
2234803,45.22705078125
2235197,45.654296875
2235917,47.36328125
2237251,43.9453125
2240440,46.44775390625
2240917,44.98291015625
2243230,46.44775390625
2245889,48.9501953125
2248905,44.86083984375
2250134,44.25048828125
2250743,44.0673828125
2251903,46.69189453125
2252567,44.25048828125
2253808,44.25048828125
2254549,47.36328125
2255920,46.69189453125
2256496,44.43359375
2257836,44.677734375
2258475,45.2880859375
2258973,54.3212890625
2260052,46.38671875
2260565,44.25048828125
2261020,44.0673828125
2261058,48.88916015625
2262361,48.9501953125
2262557,47.4853515625
2265230,44.189453125
2266719,46.0205078125
2269195,49.01123046875
2269214,46.81396484375
2270005,62.31689453125
2271651,62.8662109375
2271973,45.83740234375
2273608,52.1240234375
2274298,52.6123046875
2276227,62.3779296875
2277981,44.37255859375
2280091,48.9501953125
2282324,44.5556640625
2282995,46.875
2283782,50.23193359375
2284226,50.78125
2284272,44.921875
2284754,55.96923828125
2285323,50.59814453125
2287108,51.3916015625
2290523,44.5556640625
2291514,50.84228515625
2292048,50.72021484375
2293692,50.84228515625
2294038,47.8515625
2294283,50.23193359375
2295500,46.630859375
2296800,44.61669921875
2298551,51.513671875
2298708,44.0673828125
2298842,49.13330078125
2299608,45.47119140625
2300096,45.2880859375
2301272,45.166015625
2301801,64.02587890625
2303274,44.7998046875
2304845,43.9453125
2305111,49.25537109375
2307771,43.76220703125
2308455,46.08154296875
2309605,44.7998046875
2310226,44.189453125
2311038,48.15673828125
2311565,46.44775390625
2311695,44.677734375
2312128,46.20361328125
2312753,44.0673828125
2313329,57.18994140625
2313899,47.607421875
2314049,49.560546875
2314517,44.73876953125
2315781,43.8232421875
2318026,45.34912109375
2318482,46.630859375
2318620,58.16650390625
2319838,46.08154296875
2320498,48.64501953125
2321926,45.59326171875
2324422,45.47119140625
2324986,44.25048828125
2325449,45.654296875
2326706,49.86572265625
2328552,57.7392578125
2329159,73.91357421875
2329387,51.20849609375
2329682,49.25537109375
2330947,47.30224609375
2333480,57.18994140625
2337222,45.7763671875
2339136,52.24609375
2340377,51.26953125
2342152,45.34912109375
2342735,44.5556640625
2343367,45.34912109375
2346131,45.83740234375
2347376,44.7998046875
2347467,54.01611328125
2347672,44.49462890625
2347987,51.7578125
2348582,49.74365234375
2349986,45.10498046875
2350295,45.83740234375
2350880,44.921875
2351411,48.52294921875
2353256,50.23193359375
2354037,50.96435546875
2356795,52.06298828125
2357436,47.30224609375
2361478,45.22705078125
2362891,45.41015625
2364188,45.5322265625
2364387,45.5322265625
2364692,49.072265625
2365270,44.98291015625
2367129,44.3115234375
2370481,44.86083984375
2370547,51.08642578125
2374187,44.00634765625
2374436,44.3115234375
2375905,45.10498046875
2377441,44.49462890625
2380876,48.52294921875
2381436,47.119140625
2381460,45.166015625
2381971,45.59326171875
2383190,46.142578125
2385316,45.7763671875
2385961,43.76220703125
2386371,44.921875
2387815,44.189453125
2388371,44.49462890625
2390411,45.10498046875
2390903,43.8232421875
2391454,49.4384765625
2391914,45.8984375
2394324,48.15673828125
2396037,43.88427734375
2396884,47.91259765625
2400778,45.8984375
2401470,46.44775390625
2404740,50.35400390625
2405504,54.26025390625
2406684,50.72021484375
2409386,44.00634765625
2410714,50.537109375
2411170,48.33984375
2411521,46.93603515625
2411542,44.37255859375
2412387,51.025390625
2413725,44.86083984375
2414329,51.513671875
2414960,47.79052734375
2415674,44.3115234375
2416333,49.9267578125
2416890,57.373046875
2418702,45.0439453125
2419274,44.00634765625
2420163,45.166015625
2420755,50.048828125
2421394,50.1708984375
2422088,61.46240234375
2422570,44.49462890625
2425132,44.921875
2425738,45.8984375
2426910,43.9453125
2428094,45.59326171875
2429426,46.08154296875
2431339,47.79052734375
2432006,50.47607421875
2432707,46.9970703125
2432756,47.30224609375
2433953,51.8798828125
2435198,45.22705078125
2436665,46.20361328125
2437203,44.7998046875
2438531,43.9453125
2439737,47.607421875
2440392,48.9501953125
2441573,51.45263671875
2443431,49.9267578125
2447035,47.2412109375
2447060,43.88427734375
2452843,55.72509765625
2454221,46.0205078125
2455563,53.40576171875
2455610,49.1943359375
2457208,52.91748046875
2457303,44.7998046875
2458987,52.67333984375
2460310,51.69677734375
2461240,45.654296875
2461861,46.93603515625
2462405,46.630859375
2463625,49.8046875
2465869,46.630859375
2466602,45.166015625
2467264,46.08154296875
2467960,44.73876953125
2470493,47.2412109375
2471417,49.31640625
2472338,47.18017578125
2473663,44.61669921875
2474723,43.8232421875
2474990,45.7763671875
2475395,45.95947265625
2476042,59.87548828125
2476613,46.38671875
2478302,44.49462890625
2479843,46.875
2479974,46.32568359375
2481871,43.9453125
2482186,44.0673828125
2483268,46.5087890625
2483834,52.42919921875
2486698,45.59326171875
2487108,45.22705078125
2487839,44.189453125
2489527,52.91748046875
2490297,45.83740234375
2491236,46.9970703125
2492929,44.37255859375
2493220,45.22705078125
2494478,45.41015625
2497673,49.49951171875
2499489,54.38232421875
2500214,45.83740234375
2500874,46.69189453125
2503770,45.10498046875
2504520,52.06298828125
2505662,44.61669921875
2507113,45.8984375
2507657,47.79052734375
2508148,45.166015625
2508318,51.20849609375
2508554,46.2646484375
2510222,46.20361328125
2510804,49.9267578125
2511380,60.48583984375
2512585,45.34912109375
2513091,45.71533203125
2515382,48.2177734375
2516610,45.71533203125
2517091,55.72509765625
2517147,45.22705078125
2519164,46.5087890625
2521032,44.921875
2521795,49.31640625
2522411,48.64501953125
2522818,51.025390625
2525496,45.83740234375
2530432,45.47119140625
2531606,45.0439453125
2532242,45.34912109375
2533444,53.52783203125
2534027,44.86083984375
2534543,47.30224609375
2536297,44.189453125
2539564,49.37744140625
2540371,54.931640625
2540464,44.61669921875
2541389,54.19921875
2542112,45.5322265625
2543888,53.77197265625
2544477,47.18017578125
2545675,44.677734375
2546458,47.119140625
2547115,47.9736328125
2547686,44.86083984375
2548965,53.64990234375
2550607,48.40087890625
2553728,45.59326171875
2556651,45.95947265625
2556917,47.36328125
2557532,57.31201171875
2559678,46.93603515625
2561978,49.13330078125
2562543,49.072265625
2563131,44.00634765625
2565044,47.9736328125
2569321,47.8515625
2569717,44.00634765625
2570264,48.095703125
2570732,45.5322265625
2572143,48.7060546875
2572966,49.37744140625
2573444,44.0673828125
2574131,55.23681640625
2574798,46.69189453125
2576132,45.22705078125
2576502,46.20361328125
2578263,51.025390625
2578333,44.37255859375
2578895,47.607421875
2581481,45.2880859375
2583488,46.20361328125
2585807,44.189453125
2586317,47.4853515625
2588023,46.0205078125
2589495,44.12841796875
2592141,49.1943359375
2592258,50.96435546875
2592703,46.56982421875
2594144,43.8232421875
2595391,45.34912109375
2596012,47.8515625
2596648,45.95947265625
2602477,46.142578125
2603315,45.59326171875
2603534,48.33984375
2603889,55.35888671875
2604140,47.18017578125
2604290,49.01123046875
2605321,50.6591796875
2605621,44.37255859375
2608658,46.32568359375
2609595,45.95947265625
2610231,54.0771484375
2613061,55.11474609375
2617954,44.49462890625
2619630,48.40087890625
2621401,47.7294921875
2625297,46.56982421875
2627332,44.921875
2631484,51.57470703125
2631585,43.76220703125
2635364,44.25048828125
2637310,46.38671875
2637771,49.6826171875
2644020,45.41015625
2644624,47.91259765625
2647109,45.8984375
2649352,46.69189453125
2649911,46.630859375
2650271,49.13330078125
2651832,47.05810546875
2652118,44.86083984375
2652776,45.22705078125
2652867,44.677734375
2654123,44.86083984375
2657350,45.5322265625
2658036,45.34912109375
2659539,45.41015625
2659600,45.22705078125
2661789,49.37744140625
2662043,44.25048828125
2662597,47.7294921875
2664471,54.931640625
2665109,43.9453125
2667593,46.08154296875
2670161,46.0205078125
2670788,47.7294921875
2671307,45.22705078125
2674682,52.6123046875
2675650,44.677734375
2677094,46.32568359375
2677887,47.7294921875
2678022,53.22265625
2680495,46.2646484375
2681720,48.2177734375
2682049,44.49462890625
2683361,43.8232421875
2683771,47.18017578125
2685241,45.166015625
2686161,48.4619140625
2689237,47.30224609375
2689993,44.12841796875
2690570,44.3115234375
2691796,46.7529296875
2693605,45.47119140625
2693975,45.59326171875
2694165,44.7998046875
2694845,48.88916015625
2695340,50.35400390625
2698128,44.677734375
2698752,47.607421875
2699429,53.3447265625
2700530,44.189453125
2700594,44.00634765625
2701316,44.12841796875
2701919,45.2880859375
2703289,45.5322265625
2705405,45.166015625
2706343,46.0205078125
2707906,46.875
2710087,49.9267578125
2710979,49.25537109375
2711920,44.86083984375
2713022,44.49462890625
2714133,45.7763671875
2714266,48.7060546875
2714677,43.9453125
2719768,45.83740234375
2722197,47.79052734375
2722891,45.5322265625
2723265,44.5556640625
2724099,62.19482421875
2726889,47.66845703125
2727707,47.05810546875
2729693,44.37255859375
2730303,46.44775390625
2732605,52.18505859375
2733055,44.25048828125
2735444,50.47607421875
2735705,45.8984375
2736356,44.3115234375
2737380,43.76220703125
2739667,45.0439453125
2739864,46.630859375
2740289,44.921875
2740893,44.43359375
2741564,51.20849609375
2747954,48.33984375
2749371,56.7626953125
2749832,45.654296875
2749999,51.45263671875
2752567,46.44775390625
2755522,44.49462890625
2756157,47.79052734375
2758527,47.7294921875
2760842,44.49462890625
2761078,44.677734375
2761725,47.42431640625
2761806,52.24609375
2763683,44.86083984375
2764330,47.607421875
2765297,46.630859375
2765840,50.10986328125
2766927,61.58447265625
2768330,56.15234375
2768907,47.30224609375
2769564,44.0673828125
2770896,44.0673828125
2771559,47.9736328125
2771835,44.7998046875
2772045,48.15673828125
2774583,47.607421875
2775897,44.43359375
2777840,44.61669921875
2781642,46.93603515625
2783165,54.5654296875
2783576,44.25048828125
2787302,47.607421875
2787841,46.7529296875
2790596,45.59326171875
2792671,52.734375
2793126,44.7998046875
2795997,45.83740234375
2796557,44.5556640625
2798480,46.93603515625
2798675,46.9970703125
2800175,44.12841796875
2801025,46.5087890625
2801629,45.34912109375
2802220,46.93603515625
2802288,45.95947265625
2803622,46.9970703125
2804910,50.84228515625
2806777,44.61669921875
2807398,43.88427734375
2809941,45.5322265625
2815387,45.41015625
2816231,44.49462890625
2816842,45.83740234375
2820975,45.83740234375
2821553,48.64501953125
2822818,44.37255859375
2823668,50.4150390625
2826305,46.38671875
2826692,44.43359375
2828553,46.142578125
2830059,45.71533203125
2830772,49.01123046875
2831465,49.98779296875
2836167,51.81884765625
2841505,51.513671875
2841977,46.20361328125
2842207,45.2880859375
2843417,45.34912109375
2844136,51.1474609375
2845378,46.2646484375
2847746,56.21337890625
2848454,43.88427734375
2849011,47.4853515625
2849685,44.73876953125
2851657,43.9453125
2853553,44.3115234375
2856619,49.9267578125
2857129,54.8095703125
2857621,45.166015625
2858243,53.3447265625
2859922,45.0439453125
2861504,45.10498046875
2864181,44.73876953125
2864831,48.4619140625
2865385,44.677734375
2866006,45.41015625
2870561,44.3115234375
2870913,50.47607421875
2874045,48.40087890625
2874126,48.15673828125
2874789,50.35400390625
2877668,46.142578125
2880736,46.08154296875
2884589,44.25048828125
2886720,43.76220703125
2887682,47.05810546875
2888134,49.62158203125
2894876,44.189453125
2895477,45.5322265625
2897345,46.630859375
2899134,48.03466796875
2900918,44.3115234375
2902651,49.4384765625
2904251,46.20361328125
2905520,49.86572265625
2906026,47.4853515625
2906334,46.0205078125
2908121,54.74853515625
2912379,46.20361328125
2919034,44.12841796875
2920975,49.9267578125
2921804,44.25048828125
2922683,46.32568359375
2923072,47.7294921875
2924355,45.2880859375
2925785,43.88427734375
2927015,46.44775390625
2928016,48.2177734375
2928589,45.83740234375
2932067,50.35400390625
2937981,44.12841796875
2941000,44.3115234375
2941235,45.22705078125
2942520,44.921875
2945548,48.095703125
2946210,49.25537109375
2947275,45.654296875
2949272,53.89404296875
2952854,46.5087890625
2956164,46.56982421875
2959574,48.27880859375
2963090,51.3916015625
2965257,43.88427734375
2966663,44.37255859375
2968046,44.86083984375
2977849,44.49462890625
2978400,44.677734375
2978728,44.43359375
2980677,45.41015625
2988257,49.98779296875
2988862,47.7294921875
2990096,50.048828125
2991513,45.8984375
2993495,46.32568359375
2997246,45.8984375
2998970,44.921875
3002886,46.44775390625
3003495,44.43359375
3006055,45.166015625
3008780,43.88427734375
3009564,44.73876953125
3011815,43.88427734375
3017344,44.43359375
3019816,49.86572265625
3023201,49.4384765625
3025821,43.9453125
3027791,44.921875
3029326,56.640625
3030662,46.875
3032171,53.77197265625
3034555,46.0205078125
3036535,43.9453125
3037863,47.05810546875
3038220,45.166015625
3038330,62.19482421875
3039891,44.86083984375
3041336,52.18505859375
3042674,44.00634765625
3044274,45.2880859375
3046798,47.8515625
3047132,50.9033203125
3048086,48.64501953125
3049873,44.73876953125
3050713,47.7294921875
3052307,46.142578125
3053093,55.6640625
3072241,43.76220703125
3074898,44.12841796875
3075590,45.34912109375
3078228,44.98291015625
3079690,45.41015625
3088003,49.8046875
3089485,48.828125
3090446,43.88427734375
3090607,45.0439453125
3094939,44.86083984375
3098912,46.9970703125
3099587,45.95947265625
3102684,44.00634765625
3108013,45.0439453125
3109503,49.62158203125
3111334,44.73876953125
3114342,44.43359375
3115026,45.95947265625
3116430,44.86083984375
3117507,44.73876953125
3118721,52.18505859375
3119998,43.8232421875
3124396,46.875
3129614,45.34912109375
3131028,44.3115234375
3131075,50.537109375
3131926,46.0205078125
3134318,46.0205078125
3135798,49.62158203125
3136414,46.44775390625
3140175,51.08642578125
3142565,47.79052734375
3143091,48.583984375
3144498,44.43359375
3147109,45.166015625
3147423,46.2646484375
3149507,47.66845703125
3154551,57.31201171875
3160547,49.8046875
3162031,43.88427734375
3162490,47.42431640625
3165062,47.91259765625
3169225,45.2880859375
3170392,48.88916015625
3173096,47.7294921875
3174780,45.7763671875
3180074,44.37255859375
3182280,47.18017578125
3184378,44.43359375
3186399,56.0302734375
3188921,44.37255859375
3191004,48.583984375
3195175,46.7529296875
3196623,45.83740234375
3197395,44.37255859375
3201709,44.73876953125
3202995,47.91259765625
3206008,44.3115234375
3212486,45.59326171875
3214896,50.96435546875
3219316,47.66845703125
3222276,44.3115234375
3222831,46.81396484375
3223604,44.73876953125
3224444,47.05810546875
3225854,52.30712890625
3229432,47.119140625
3231172,44.98291015625
3231732,54.8095703125
3232875,44.189453125
3235474,47.7294921875
3236368,46.56982421875
3238339,52.6123046875
3241264,44.37255859375
3244966,46.142578125
3252100,48.583984375
3259117,45.95947265625
3262286,44.00634765625
3266419,44.43359375
3268389,44.37255859375
3271743,44.5556640625
3275045,43.9453125
3275689,46.875
3275950,44.25048828125
3280213,47.9736328125
3280913,44.25048828125
3291990,48.2177734375
3293097,51.33056640625
3309254,50.84228515625
3317450,49.9267578125
3321340,48.03466796875
3322731,47.05810546875
3323100,49.86572265625
3329339,47.30224609375
3333340,44.98291015625
3339097,49.74365234375
3346075,44.3115234375
3353214,45.10498046875
3354105,44.49462890625
3359905,49.62158203125
3366415,47.7294921875
3366706,45.71533203125
3375742,45.47119140625
3378905,43.9453125
3379673,45.654296875
3381953,44.98291015625
3383192,44.677734375
3384129,48.095703125
3392676,44.921875
3393664,51.45263671875
3394269,44.5556640625
3401310,44.25048828125
3402160,49.62158203125
3402490,46.5087890625
3403630,46.630859375
3408975,44.12841796875
3411313,43.8232421875
3430060,49.98779296875
3430969,45.8984375
3432604,44.0673828125
3439341,44.00634765625
3442629,49.86572265625
3450807,51.6357421875
3453878,44.49462890625
3454827,47.119140625
3460447,44.00634765625
3467387,48.64501953125
3471536,45.0439453125
3482846,46.44775390625
3486073,46.630859375
3487331,43.9453125
3493247,46.08154296875
3508019,49.8046875
3514591,45.34912109375
3518890,47.30224609375
3521233,45.47119140625
3522700,43.76220703125
3525093,50.96435546875
3530501,49.13330078125
3534736,44.37255859375
3540324,43.88427734375
3542826,46.56982421875
3549508,43.8232421875
3556296,48.40087890625
3569850,46.38671875
3572718,46.630859375
3577792,44.189453125
3579225,45.41015625
3581363,44.43359375
3585380,53.03955078125
3589776,44.5556640625
3600891,47.8515625
3603685,51.025390625
3612012,44.921875
3615583,48.40087890625
3621769,45.71533203125
3634177,46.32568359375
3638896,46.142578125
3642933,46.20361328125
3643393,44.43359375
3653617,44.73876953125
3654695,45.166015625
3659010,49.98779296875
3659767,46.32568359375
3661506,46.93603515625
3665512,44.12841796875
3672659,45.2880859375
3681699,44.86083984375
3687933,48.2177734375
3689200,48.15673828125
3694490,45.654296875
3697692,45.2880859375
3711344,47.05810546875
3713258,45.59326171875
3725627,45.22705078125
3744665,47.66845703125
3745777,43.76220703125
3760052,46.9970703125
3761115,43.76220703125
3766002,45.83740234375
3771438,44.43359375
3778227,48.76708984375
3780298,45.47119140625
3784732,49.6826171875
3788763,52.734375
3791518,53.8330078125
3800576,45.10498046875
3812187,46.7529296875
3832943,50.35400390625
3836973,47.30224609375
3839489,47.36328125
3840180,44.3115234375
3846976,50.35400390625
3869162,51.69677734375
3872243,46.44775390625
3885278,44.7998046875
3900887,44.3115234375
3903370,45.22705078125
3911634,45.71533203125
3935995,45.166015625
3941909,45.71533203125
3956686,44.61669921875
3983007,46.93603515625
3986789,46.20361328125
3998535,48.9501953125
4006858,44.00634765625
4031819,47.79052734375
4045113,44.0673828125
4052082,45.22705078125
4063721,45.7763671875
4113380,46.81396484375
4122897,45.83740234375
4140282,45.22705078125
4144235,43.76220703125
4145171,46.56982421875
4171502,46.08154296875
4187981,45.654296875
4205779,44.43359375
4226276,45.34912109375
4243058,44.37255859375
4244289,44.61669921875
4270308,45.47119140625
4332820,46.2646484375
4359766,45.59326171875
