4798001,0
11283,42.724609375
35541,41.44287109375
39294,43.15185546875
39432,46.142578125
39458,49.9267578125
39497,46.5087890625
39523,65.12451171875
39539,79.04052734375
39552,48.828125
39568,44.677734375
39614,46.875
39644,47.607421875
39696,49.62158203125
39760,44.25048828125
50727,40.83251953125
59026,42.66357421875
78141,40.46630859375
79485,39.36767578125
81094,44.43359375
90544,43.64013671875
91644,43.9453125
91684,49.6826171875
91704,50.537109375
91722,84.228515625
91744,56.396484375
91755,55.7861328125
91779,56.884765625
91836,52.490234375
91857,69.4580078125
91875,64.51416015625
91908,39.794921875
91930,40.71044921875
91960,49.6826171875
91984,42.90771484375
92013,41.748046875
92055,68.54248046875
92066,78.0029296875
92234,47.119140625
92309,42.48046875
92496,40.22216796875
93556,41.07666015625
94155,51.20849609375
94426,39.85595703125
94616,44.43359375
94790,51.08642578125
98386,47.79052734375
129934,43.15185546875
130092,41.68701171875
131165,40.8935546875
131301,41.50390625
131384,43.5791015625
145620,45.95947265625
148246,42.48046875
151523,39.48974609375
171304,39.61181640625
192428,40.34423828125
199222,45.654296875
248695,52.55126953125
248741,58.7158203125
248768,42.05322265625
248847,48.7060546875
248893,44.37255859375
248968,62.01171875
249025,41.07666015625
249050,44.5556640625
249176,43.45703125
249359,48.88916015625
249537,54.931640625
249561,43.45703125
249684,40.0390625
249874,40.771484375
249954,42.96875
250340,48.03466796875
250748,52.79541015625
251530,71.96044921875
251949,39.61181640625
281764,44.73876953125
283513,44.12841796875
295813,40.34423828125
298646,42.1142578125
299932,39.306640625
299950,42.48046875
300361,43.0908203125
301112,45.166015625
301167,43.02978515625
301311,55.60302734375
301478,48.828125
301522,46.20361328125
312860,43.76220703125
320322,154.4189453125
320361,40.8935546875
320420,40.283203125
320569,45.34912109375
320619,90.33203125
320631,42.6025390625
320670,68.42041015625
320690,44.12841796875
320729,39.9169921875
320774,44.86083984375
320814,43.15185546875
320829,63.1103515625
320885,49.4384765625
380789,44.37255859375
380857,44.7998046875
380896,51.26953125
380972,44.37255859375
381125,52.8564453125
381279,55.84716796875
381367,42.724609375
381421,42.90771484375
381446,54.62646484375
381456,53.16162109375
381466,41.19873046875
381488,40.8935546875
381588,52.67333984375
381604,39.85595703125
381662,52.3681640625
381777,41.6259765625
381862,42.90771484375
381997,52.001953125
382026,45.8984375
382314,56.396484375
382630,40.10009765625
395013,39.306640625
402066,40.52734375
434995,43.9453125
438486,40.83251953125
439084,48.40087890625
439223,43.51806640625
439254,63.90380859375
441434,39.24560546875
441515,67.0166015625
441696,41.748046875
447529,40.771484375
450584,42.78564453125
457229,43.8232421875
460267,43.15185546875
481843,69.39697265625
481918,59.87548828125
481955,39.85595703125
482026,69.64111328125
482158,43.701171875
482178,46.9970703125
482271,44.49462890625
482317,40.34423828125
482432,41.80908203125
482452,50.10986328125
482568,40.8935546875
482614,50.1708984375
482772,52.30712890625
483167,44.98291015625
483343,51.08642578125
483584,65.49072265625
483869,49.13330078125
484383,43.9453125
484397,40.6494140625
507689,39.306640625
511459,41.259765625
514034,39.73388671875
524404,70.37353515625
524456,39.48974609375
524479,51.20849609375
524563,39.24560546875
524664,40.34423828125
524776,41.1376953125
524816,51.8798828125
524931,42.6025390625
525005,40.283203125
525060,40.1611328125
525447,55.6640625
525477,40.34423828125
525996,62.31689453125
535306,39.36767578125
538185,41.44287109375
547813,40.283203125
550358,39.794921875
566602,40.10009765625
569139,40.0390625
569967,51.8798828125
570024,39.61181640625
570059,79.40673828125
570088,56.45751953125
570180,51.69677734375
570198,42.29736328125
570300,44.12841796875
570310,42.48046875
570341,40.283203125
570405,46.20361328125
570462,44.25048828125
570592,60.48583984375
570658,60.302734375
570869,46.5087890625
571015,51.81884765625
571266,45.166015625
571523,52.79541015625
571829,50.78125
595624,39.36767578125
601975,39.306640625
606636,76.84326171875
607762,46.44775390625
607788,49.62158203125
607807,54.0771484375
607832,49.8046875
607855,72.265625
607865,41.1376953125
607885,39.794921875
607932,83.6181640625
607943,50.10986328125
607961,47.54638671875
607994,39.24560546875
608014,49.560546875
608029,41.259765625
608040,62.19482421875
608093,43.02978515625
608107,43.51806640625
608119,119.0185546875
608152,42.78564453125
608208,51.8798828125
608218,61.46240234375
608349,56.09130859375
608423,41.6259765625
608454,39.0625
608488,40.771484375
608527,43.212890625
608566,45.166015625
608679,48.7060546875
608690,41.9921875
608752,40.6494140625
608800,47.54638671875
608958,39.61181640625
609047,40.1611328125
609130,42.6025390625
610083,61.279296875
610808,40.58837890625
610938,39.24560546875
611212,48.88916015625
611507,94.29931640625
611655,80.56640625
611846,70.3125
611931,96.98486328125
612022,71.1669921875
612115,51.7578125
612216,45.5322265625
612304,45.95947265625
612329,40.0390625
612423,43.3349609375
612561,55.5419921875
612712,42.54150390625
613117,50.84228515625
617084,40.1611328125
622432,42.90771484375
633250,39.97802734375
636594,39.55078125
638781,40.6494140625
642459,41.19873046875
643595,40.771484375
653278,45.95947265625
653795,39.12353515625
653827,44.677734375
665895,39.0625
666022,48.9501953125
666217,41.748046875
666262,41.8701171875
671901,39.73388671875
676756,41.19873046875
684938,39.61181640625
685840,43.51806640625
685887,59.326171875
685925,47.42431640625
686129,39.36767578125
696397,39.306640625
696503,49.13330078125
696638,62.255859375
696650,48.15673828125
696704,43.5791015625
696744,63.04931640625
696792,39.0625
696822,43.3349609375
696836,50.59814453125
696900,46.08154296875
696971,47.66845703125
697009,42.236328125
697450,39.97802734375
716830,39.73388671875
717043,39.1845703125
717711,49.4384765625
718066,51.08642578125
718106,44.61669921875
718137,48.9501953125
718155,60.791015625
718179,83.06884765625
718211,50.84228515625
718246,51.8798828125
718272,45.10498046875
718283,63.53759765625
718326,41.6259765625
718339,39.61181640625
718413,39.97802734375
718427,53.52783203125
718871,44.00634765625
730637,39.0625
730659,42.1142578125
730692,39.36767578125
730702,49.4384765625
730744,40.6494140625
730914,57.6171875
731161,39.794921875
747243,50.84228515625
751656,46.142578125
751730,44.43359375
752413,42.724609375
762086,47.2412109375
762148,46.44775390625
762161,45.0439453125
762182,47.119140625
762192,48.27880859375
762205,49.37744140625
762236,40.34423828125
762257,45.7763671875
762299,46.7529296875
762316,53.1005859375
762335,65.36865234375
762354,82.1533203125
762370,53.28369140625
762417,86.24267578125
762432,67.7490234375
762444,56.884765625
762506,52.001953125
762532,79.28466796875
762602,40.0390625
762623,52.978515625
762652,43.39599609375
762684,43.64013671875
762699,118.2861328125
762830,72.75390625
762862,46.44775390625
762897,52.6123046875
762909,45.83740234375
762981,45.22705078125
763065,54.0771484375
763104,52.30712890625
763201,43.51806640625
763275,42.8466796875
763435,42.236328125
763707,41.50390625
765790,108.58154296875
777942,43.45703125
788349,41.07666015625
797798,47.9736328125
806053,46.93603515625
813798,42.17529296875
822381,39.0625
822579,40.83251953125
828388,43.701171875
830659,39.73388671875
830676,53.03955078125
839141,39.48974609375
839303,40.8935546875
839734,42.41943359375
839751,40.6494140625
847115,43.45703125
848282,44.86083984375
848990,42.17529296875
857189,54.19921875
857239,49.86572265625
857293,66.5283203125
857312,47.2412109375
857328,76.47705078125
857350,46.32568359375
857383,48.76708984375
857417,73.8525390625
857481,55.48095703125
857530,48.4619140625
857574,52.001953125
857615,55.419921875
857912,48.64501953125
858212,43.3349609375
859497,42.17529296875
861112,48.828125
871048,48.64501953125
891415,40.46630859375
900197,43.39599609375
901916,48.52294921875
902657,41.50390625
912597,40.6494140625
912652,42.1142578125
913268,39.12353515625
933853,50.72021484375
939851,40.10009765625
943647,40.10009765625
944323,42.17529296875
944506,49.1943359375
944537,45.95947265625
944748,41.80908203125
952309,39.36767578125
955597,39.0625
955613,39.85595703125
955727,44.7998046875
962748,41.9921875
966550,42.17529296875
967034,42.236328125
967055,49.86572265625
967145,41.68701171875
967211,41.68701171875
967223,48.7060546875
980630,43.15185546875
994347,40.283203125
994392,48.64501953125
994473,41.56494140625
994639,82.45849609375
1007108,41.748046875
1007219,47.79052734375
1007311,44.0673828125
1007375,52.91748046875
1015092,41.6259765625
1017580,41.44287109375
1021128,49.1943359375
1021172,50.1708984375
1021240,41.50390625
1021361,55.23681640625
1021604,58.53271484375
1031962,40.52734375
1037091,54.99267578125
1037153,67.32177734375
1037191,41.015625
1037279,42.6025390625
1049142,41.8701171875
1053874,41.56494140625
1056900,41.8701171875
1056975,52.8564453125
1056997,44.61669921875
1057033,53.5888671875
1057049,69.15283203125
1057059,49.13330078125
1057081,69.27490234375
1057123,39.48974609375
1057146,39.36767578125
1057171,46.81396484375
1057238,40.22216796875
1057311,40.6494140625
1057489,43.5791015625
1057603,44.0673828125
1068617,39.12353515625
1080705,44.0673828125
1081323,43.88427734375
1088080,40.71044921875
1102789,45.59326171875
1103821,44.73876953125
1104153,58.16650390625
1104278,65.91796875
1116016,39.73388671875
1137096,41.50390625
1140340,41.3818359375
1140416,39.97802734375
1140556,51.7578125
1140660,41.32080078125
1140741,78.67431640625
1140947,39.12353515625
1141162,60.72998046875
1160185,39.0625
1179561,41.259765625
1184257,72.998046875
1184280,46.81396484375
1184419,55.48095703125
1184566,39.97802734375
1184600,40.283203125
1184884,42.96875
1185037,43.45703125
1185683,42.17529296875
1186111,45.95947265625
1186359,39.4287109375
1192029,45.34912109375
1198542,39.0625
1200806,39.12353515625
1201204,39.12353515625
1203534,40.4052734375
1206028,42.48046875
1206991,65.12451171875
1207142,43.88427734375
1207243,52.8564453125
1207301,63.53759765625
1207435,40.34423828125
1207656,46.32568359375
1208424,39.85595703125
1214468,42.3583984375
1225925,44.61669921875
1226585,39.97802734375
1227975,41.748046875
1233988,39.4287109375
1237426,40.52734375
1240970,44.98291015625
1262182,55.7861328125
1262241,51.33056640625
1262271,67.68798828125
1262419,52.30712890625
1262473,46.08154296875
1262546,55.60302734375
1262667,52.3681640625
1263027,52.79541015625
1263198,56.396484375
1275193,40.4052734375
1292373,42.1142578125
1297756,46.93603515625
1334442,39.85595703125
1337037,40.58837890625
1351675,40.8935546875
1360515,40.10009765625
1366733,45.41015625
1366775,42.236328125
1366878,51.94091796875
1366896,41.9921875
1366910,65.97900390625
1366937,47.54638671875
1367036,78.7353515625
1367060,48.828125
1367155,44.86083984375
1367183,58.4716796875
1367285,42.3583984375
1367310,42.29736328125
1367325,43.02978515625
1367422,55.7861328125
1367432,45.10498046875
1367501,42.90771484375
1367660,40.46630859375
1367954,51.57470703125
1387352,39.12353515625
1414393,39.24560546875
1416335,40.6494140625
1416352,50.59814453125
1416462,42.724609375
1416528,63.4765625
1416601,40.83251953125
1416624,42.17529296875
1442372,42.6025390625
1455663,41.80908203125
1460226,44.98291015625
1472288,39.0625
1504785,39.73388671875
1523374,40.283203125
1523448,51.08642578125
1523511,79.28466796875
1523553,41.3818359375
1523587,48.52294921875
1523715,70.4345703125
1523842,59.2041015625
1523969,51.1474609375
1524115,42.54150390625
1524149,50.35400390625
1524376,85.0830078125
1524424,41.6259765625
1524532,49.74365234375
1524741,40.283203125
1535746,40.83251953125
1539893,41.015625
1548612,41.748046875
1568586,39.24560546875
1570249,40.83251953125
1585563,43.8232421875
1586063,40.8935546875
1586322,41.1376953125
1586340,51.3916015625
1586691,48.76708984375
1587086,60.1806640625
1611190,42.1142578125
1612132,44.98291015625
1612148,43.9453125
1612234,43.27392578125
1612253,48.583984375
1612295,43.701171875
1612549,42.236328125
1613109,77.33154296875
1634885,40.0390625
1634979,39.4287109375
1635016,41.68701171875
1635081,53.64990234375
1635404,42.41943359375
1635582,42.724609375
1635725,56.884765625
1636027,53.1005859375
1636052,66.162109375
1636250,40.34423828125
1643950,40.4052734375
1654593,41.748046875
1658245,40.58837890625
1669573,58.59375
1669602,44.49462890625
1669724,39.55078125
1669820,54.19921875
1669857,62.07275390625
1669946,48.15673828125
1670179,55.48095703125
1697309,41.259765625
1719520,44.3115234375
1719543,63.65966796875
1719594,45.2880859375
1719623,63.04931640625
1719654,47.7294921875
1719738,48.4619140625
1719762,58.65478515625
1719995,49.74365234375
1720108,45.5322265625
1720200,51.513671875
1720217,40.4052734375
1720354,39.48974609375
1720480,67.07763671875
1720684,40.283203125
1720912,43.9453125
1721471,41.56494140625
1727797,40.4052734375
1736066,42.54150390625
1742904,57.43408203125
1743015,59.5703125
1743072,68.603515625
1744095,50.4150390625
1755947,39.85595703125
1755982,41.80908203125
1756019,57.18994140625
1756095,42.05322265625
1756202,44.73876953125
1756293,44.25048828125
1756501,62.56103515625
1757097,47.66845703125
1767987,42.54150390625
1773379,41.8701171875
1812038,41.56494140625
1817782,52.06298828125
1820631,42.66357421875
1820651,62.3779296875
1820676,39.794921875
1820691,69.76318359375
1820714,58.53271484375
1820726,46.2646484375
1820739,43.0908203125
1820762,56.884765625
1820812,85.44921875
1820835,86.5478515625
1820864,47.36328125
1820885,50.048828125
1820912,64.27001953125
1820948,47.42431640625
1820960,57.55615234375
1820983,65.24658203125
1821007,53.77197265625
1821034,57.861328125
1821060,39.97802734375
1821162,50.1708984375
1821232,39.9169921875
1821295,41.80908203125
1821351,39.6728515625
1821407,57.0068359375
1821424,49.13330078125
1821603,45.41015625
1821644,50.10986328125
1821900,40.4052734375
1822543,40.71044921875
1823165,56.94580078125
1823592,41.015625
1835454,40.1611328125
1859371,47.36328125
1859571,64.5751953125
1885663,43.701171875
1885764,45.10498046875
1885849,52.001953125
1885873,49.4384765625
1885925,45.47119140625
1885955,39.61181640625
1891894,40.58837890625
1903788,39.24560546875
1904050,40.10009765625
1912754,42.90771484375
1914915,41.748046875
1914995,40.34423828125
1922283,39.0625
1934070,48.15673828125
1934081,39.4287109375
1934096,53.7109375
1934123,40.8935546875
1934139,41.748046875
1934160,69.9462890625
1934189,72.57080078125
1934228,63.720703125
1934248,58.9599609375
1934266,50.47607421875
1934279,42.236328125
1934307,56.396484375
1934336,44.73876953125
1934358,56.09130859375
1934384,48.27880859375
1934399,56.7626953125
1934423,124.755859375
1934449,62.31689453125
1934464,74.27978515625
1934487,49.072265625
1934522,91.552734375
1934568,67.56591796875
1934607,42.17529296875
1934642,40.4052734375
1934653,46.9970703125
1934687,116.0888671875
1934767,46.630859375
1934851,51.025390625
1934884,75.62255859375
1934929,44.921875
1935200,44.189453125
1935954,45.95947265625
1937616,90.39306640625
1937986,88.0126953125
1938905,68.17626953125
1949832,42.96875
1950423,41.3818359375
1950692,42.41943359375
1951472,39.9169921875
1959788,41.68701171875
1967688,43.0908203125
1976215,45.7763671875
1983027,43.9453125
1991546,43.02978515625
1998125,40.46630859375
1998312,45.166015625
1998477,39.24560546875
2005941,46.08154296875
2006024,43.701171875
2011615,41.259765625
2013919,40.6494140625
2013959,47.05810546875
2014291,39.306640625
2021481,47.30224609375
2021823,39.97802734375
2021981,47.4853515625
2029961,45.41015625
2030245,41.9921875
2030286,40.771484375
2030368,42.724609375
2030378,54.3212890625
2030423,40.71044921875
2030436,101.318359375
2030524,45.5322265625
2030545,42.29736328125
2030577,39.306640625
2030742,53.52783203125
2040667,39.61181640625
2040811,45.5322265625
2048986,49.13330078125
2049421,42.1142578125
2049510,43.15185546875
2058399,40.95458984375
2058412,47.30224609375
2058474,43.212890625
2067078,57.6171875
2067550,44.677734375
2067620,47.79052734375
2067630,43.212890625
2067693,43.5791015625
2067721,40.0390625
2067747,46.56982421875
2067766,48.828125
2067816,73.05908203125
2067848,46.0205078125
2067862,41.32080078125
2067887,68.78662109375
2067898,41.6259765625
2067938,78.30810546875
2067949,47.30224609375
2067959,62.744140625
2068020,40.46630859375
2068031,52.30712890625
2068054,40.46630859375
2068116,44.98291015625
2068127,75.01220703125
2068153,67.138671875
2068164,44.73876953125
2068201,64.208984375
2068213,47.8515625
2068284,71.35009765625
2068341,45.166015625
2068380,52.06298828125
2068491,44.677734375
2068504,41.50390625
2068604,40.71044921875
2068639,39.85595703125
2068719,44.189453125
2068764,44.25048828125
2084052,39.794921875
2084765,39.48974609375
2105819,42.6025390625
2116562,39.4287109375
2116862,40.1611328125
2125505,41.68701171875
2126630,39.24560546875
2126662,46.0205078125
2126784,44.43359375
2136837,40.22216796875
2141872,39.1845703125
2143035,41.1376953125
2147913,44.98291015625
2147972,41.259765625
2148020,46.69189453125
2148033,47.7294921875
2155842,40.34423828125
2158525,41.50390625
2158639,49.25537109375
2159344,40.58837890625
2170342,40.283203125
2170420,47.18017578125
2170744,42.1142578125
2182105,41.6259765625
2182231,61.21826171875
2182306,46.38671875
2182390,53.40576171875
2195114,40.83251953125
2195135,41.07666015625
2195161,45.0439453125
2195178,40.10009765625
2195220,50.47607421875
2195233,71.83837890625
2195271,39.9169921875
2195305,42.3583984375
2195343,41.56494140625
2195356,48.095703125
2195387,66.71142578125
2195400,48.64501953125
2195446,62.255859375
2195475,51.3916015625
2195499,57.67822265625
2195545,52.1240234375
2195612,52.55126953125
2195836,46.7529296875
2210573,41.93115234375
2210781,42.29736328125
2222607,39.36767578125
2225278,39.85595703125
2225619,39.36767578125
2226000,51.45263671875
2233451,39.85595703125
2254280,39.61181640625
2256699,46.44775390625
2256990,42.1142578125
2275361,40.34423828125
2275627,49.1943359375
2285341,42.78564453125
2311650,50.4150390625
2311731,41.80908203125
2311744,39.36767578125
2311778,40.283203125
2311872,70.37353515625
2311980,56.70166015625
2312014,39.6728515625
2312146,54.8095703125
2312431,57.0068359375
2312943,49.4384765625
2318047,40.10009765625
2325806,41.44287109375
2338679,42.3583984375
2355615,46.20361328125
2356140,39.36767578125
2356739,45.0439453125
2356760,39.55078125
2356773,52.91748046875
2356836,44.37255859375
2356855,51.08642578125
2356918,62.43896484375
2357001,43.0908203125
2357020,78.857421875
2357031,39.6728515625
2357163,55.7861328125
2357204,48.095703125
2357267,46.142578125
2363206,39.12353515625
2380168,40.4052734375
2385600,48.40087890625
2393069,39.55078125
2403748,41.07666015625
2405006,45.5322265625
2405989,41.56494140625
2406008,48.2177734375
2406032,44.7998046875
2406063,42.29736328125
2406110,40.4052734375
2443924,78.0029296875
2443949,59.02099609375
2444029,59.9365234375
2444135,51.8798828125
2444146,50.9033203125
2444281,41.80908203125
2444444,53.77197265625
2444652,43.88427734375
2444929,41.748046875
2444944,39.97802734375
2445017,50.1708984375
2445416,48.2177734375
2445614,43.02978515625
2459467,46.32568359375
2460997,42.48046875
2470918,40.95458984375
2473436,42.236328125
2479246,41.19873046875
2488940,39.12353515625
2491708,43.45703125
2493337,70.6787109375
2493419,48.52294921875
2493432,42.8466796875
2493615,47.36328125
2496587,40.34423828125
2522477,40.83251953125
2535237,42.724609375
2539939,43.5791015625
2552321,40.34423828125
2565399,43.88427734375
2565454,83.0078125
2565495,53.1005859375
2565567,46.93603515625
2565659,60.6689453125
2565671,49.74365234375
2565781,50.10986328125
2565894,40.22216796875
2566017,50.4150390625
2566036,45.0439453125
2566071,39.12353515625
2566154,45.22705078125
2566264,46.630859375
2566302,46.2646484375
2566548,49.31640625
2566564,39.6728515625
2579111,39.85595703125
2585287,49.6826171875
2585324,47.66845703125
2585392,41.80908203125
2585408,55.23681640625
2585603,42.3583984375
2585679,41.3818359375
2590684,39.73388671875
2598705,42.96875
2599706,39.61181640625
2609977,39.55078125
2653284,39.12353515625
2663133,40.52734375
2663201,44.189453125
2663251,45.83740234375
2663314,41.6259765625
2663368,52.6123046875
2663381,62.56103515625
2663469,39.85595703125
2663587,49.8046875
2663664,40.34423828125
2663674,101.5625
2663768,42.1142578125
2663797,40.283203125
2664046,40.71044921875
2664878,43.02978515625
2670015,40.283203125
2676732,40.95458984375
2695603,42.8466796875
2705714,44.49462890625
2707933,39.48974609375
2707979,42.724609375
2708249,42.17529296875
2708262,62.01171875
2708894,42.54150390625
2708932,42.1142578125
2759446,40.8935546875
2759483,41.3818359375
2760510,40.0390625
2762936,66.83349609375
2763000,84.77783203125
2763108,55.96923828125
2763121,57.7392578125
2763233,47.7294921875
2763248,42.724609375
2763355,44.37255859375
2763422,53.5888671875
2763519,52.91748046875
2763716,66.5283203125
2763821,42.6025390625
2763934,44.49462890625
2764071,39.61181640625
2764442,52.30712890625
2764682,40.1611328125
2764807,52.06298828125
2765113,48.03466796875
2765294,40.8935546875
2774423,42.3583984375
2775416,40.771484375
2794256,79.2236328125
2794682,43.8232421875
2796141,42.6025390625
2796784,50.23193359375
2796865,51.025390625
2796884,47.79052734375
2796922,43.45703125
2796960,39.0625
2796983,40.52734375
2797046,45.5322265625
2797092,43.8232421875
2797121,56.396484375
2797181,44.86083984375
2797207,50.048828125
2797258,39.12353515625
2797268,51.7578125
2808451,40.771484375
2838651,41.748046875
2853526,56.70166015625
2853603,51.20849609375
2853624,42.90771484375
2853650,40.771484375
2853695,42.29736328125
2853725,40.10009765625
2853741,48.583984375
2853830,71.2890625
2853932,68.4814453125
2853943,44.3115234375
2853994,44.12841796875
2854004,44.3115234375
2854033,47.91259765625
2854050,60.48583984375
2854096,39.61181640625
2854119,73.974609375
2854153,45.59326171875
2890737,40.46630859375
2899940,41.07666015625
2907104,41.8701171875
2924454,40.95458984375
2926113,45.22705078125
2926192,41.19873046875
2926223,49.072265625
2926314,45.5322265625
2926324,59.9365234375
2926449,68.84765625
2926602,43.212890625
2926948,49.4384765625
2934140,41.3818359375
2946765,44.98291015625
2964061,43.701171875
2964117,39.61181640625
2964151,46.38671875
2964245,55.419921875
2964392,45.0439453125
2964452,45.654296875
2980526,40.83251953125
2983640,39.4287109375
3000813,41.3818359375
3005826,49.560546875
3005841,48.7060546875
3005872,44.98291015625
3005899,86.73095703125
3005930,94.970703125
3005971,70.80078125
3005984,96.435546875
3006020,60.36376953125
3006037,76.84326171875
3006055,46.2646484375
3006066,68.29833984375
3006088,70.9228515625
3006130,49.9267578125
3006163,58.4716796875
3006174,53.22265625
3006188,41.32080078125
3006217,59.02099609375
3006231,125.6103515625
3006273,63.720703125
3006331,41.19873046875
3006381,67.138671875
3006419,41.56494140625
3006461,40.771484375
3006478,109.06982421875
3006516,42.6025390625
3006581,42.8466796875
3006656,49.31640625
3006689,39.61181640625
3006756,44.0673828125
3006781,41.68701171875
3006858,55.908203125
3006910,47.119140625
3006996,49.37744140625
3007138,44.86083984375
3007229,44.7998046875
3007427,57.861328125
3007637,40.34423828125
3007937,111.9384765625
3008205,40.46630859375
3008303,101.318359375
3008384,44.7998046875
3008430,48.828125
3008661,80.078125
3008671,42.41943359375
3008916,75.68359375
3009043,62.31689453125
3009161,54.6875
3009208,40.22216796875
3009308,48.64501953125
3009411,60.1806640625
3009695,53.89404296875
3009814,39.0625
3009960,43.51806640625
3010190,48.33984375
3010464,55.60302734375
3010610,40.10009765625
3010735,45.22705078125
3022045,41.19873046875
3042908,41.6259765625
3043451,39.55078125
3052391,39.0625
3060625,49.4384765625
3061412,39.12353515625
3065959,40.4052734375
3069955,40.71044921875
3078047,40.1611328125
3078697,44.00634765625
3086407,44.189453125
3086688,47.79052734375
3092552,39.9169921875
3111975,57.2509765625
3128992,42.41943359375
3136935,47.79052734375
3137868,40.0390625
3144389,40.58837890625
3147663,41.3818359375
3157157,40.71044921875
3157235,39.24560546875
3167762,41.68701171875
3186595,40.0390625
3186619,44.12841796875
3186687,46.44775390625
3186741,39.24560546875
3186766,41.07666015625
3186784,42.29736328125
3186803,80.56640625
3186817,50.10986328125
3186843,49.25537109375
3186854,48.40087890625
3186882,44.12841796875
3186903,64.8193359375
3186919,41.56494140625
3186936,45.8984375
3186948,78.91845703125
3186970,50.537109375
3186986,40.95458984375
3187018,40.71044921875
3187029,48.03466796875
3187062,47.2412109375
3187093,44.37255859375
3187110,75.74462890625
3187128,43.15185546875
3187179,39.9169921875
3187192,40.95458984375
3187214,49.8046875
3187277,47.36328125
3187294,49.98779296875
3204027,41.748046875
3215389,39.36767578125
3217853,39.1845703125
3222468,39.4287109375
3223231,40.71044921875
3228493,40.8935546875
3238465,47.607421875
3248506,40.46630859375
3249727,39.0625
3250931,43.45703125
3257848,39.9169921875
3263532,40.8935546875
3263566,44.7998046875
3288538,41.68701171875
3288617,43.39599609375
3289045,50.72021484375
3325730,39.55078125
3326769,49.25537109375
3328116,39.55078125
3344783,48.583984375
3344854,41.44287109375
3344921,40.58837890625
3344954,40.46630859375
3345000,40.4052734375
3345018,70.3125
3345086,39.85595703125
3345098,58.4716796875
3345132,70.12939453125
3345160,100.09765625
3345172,52.79541015625
3345224,47.4853515625
3345258,52.001953125
3345275,60.302734375
3345298,81.48193359375
3345314,58.16650390625
3345333,43.02978515625
3345346,67.07763671875
3345391,43.3349609375
3345404,47.2412109375
3345442,60.36376953125
3345473,41.56494140625
3345496,49.560546875
3345521,66.162109375
3345543,46.20361328125
3345587,51.26953125
3345611,54.6875
3345704,39.1845703125
3345724,49.31640625
3345790,55.72509765625
3345884,47.4853515625
3345902,46.69189453125
3345937,47.36328125
3346000,41.3818359375
3346015,55.60302734375
3346203,40.0390625
3349394,40.4052734375
3359794,39.12353515625
3364869,39.9169921875
3372411,43.0908203125
3386020,40.4052734375
3418087,40.95458984375
3418325,63.232421875
3418340,43.0908203125
3418413,41.748046875
3418440,48.33984375
3430721,42.3583984375
3431891,39.12353515625
3432478,39.6728515625
3445644,39.73388671875
3445655,56.57958984375
3445711,39.55078125
3445746,40.6494140625
3445775,46.38671875
3445816,47.119140625
3445837,41.015625
3445945,40.83251953125
3445977,44.25048828125
3460452,41.015625
3460522,42.41943359375
3460619,40.83251953125
3460717,51.20849609375
3474073,39.306640625
3474442,45.166015625
3474528,43.8232421875
3474602,83.251953125
3474692,41.748046875
3474786,42.8466796875
3474804,41.748046875
3489425,51.3916015625
3489496,40.771484375
3489580,40.95458984375
3489779,73.486328125
3504259,49.8046875
3504300,41.93115234375
3504330,44.12841796875
3504353,49.01123046875
3504387,70.1904296875
3504399,49.49951171875
3504420,39.1845703125
3504440,44.73876953125
3504454,44.677734375
3504472,50.23193359375
3504496,58.53271484375
3504511,43.51806640625
3504539,55.0537109375
3504552,46.32568359375
3504570,39.1845703125
3504585,66.2841796875
3504630,44.12841796875
3504644,46.44775390625
3504673,45.83740234375
3504889,43.5791015625
3505037,42.41943359375
3540080,66.7724609375
3540182,45.0439453125
3540227,76.416015625
3540355,45.34912109375
3540389,43.701171875
3552031,39.61181640625
3558368,41.32080078125
3579207,40.283203125
3590880,39.0625
3595228,40.10009765625
3597793,39.9169921875
3597859,42.90771484375
3597879,42.48046875
3597937,39.85595703125
3597990,62.31689453125
3598015,44.0673828125
3598036,44.86083984375
3598095,40.58837890625
3598113,51.26953125
3598220,40.46630859375
3598300,43.27392578125
3598356,39.97802734375
3598653,45.47119140625
3622327,41.015625
3622420,56.2744140625
3622437,46.5087890625
3622467,45.95947265625
3622532,44.5556640625
3622553,59.75341796875
3622701,59.5703125
3622901,39.306640625
3623528,40.4052734375
3632250,39.9169921875
3648169,42.78564453125
3650935,41.93115234375
3653936,42.6025390625
3654099,62.98828125
3667768,41.1376953125
3670081,56.2744140625
3670112,40.58837890625
3670140,43.27392578125
3670177,48.33984375
3670199,61.21826171875
3670211,43.5791015625
3670241,60.97412109375
3670286,74.15771484375
3670301,93.3837890625
3670313,48.33984375
3670344,47.79052734375
3670376,44.12841796875
3670394,51.7578125
3670430,42.17529296875
3670500,41.259765625
3670532,42.48046875
3670556,69.580078125
3670596,44.7998046875
3670716,41.07666015625
3670930,42.3583984375
3681414,39.97802734375
3685583,41.50390625
3687433,46.38671875
3713708,41.50390625
3714118,42.05322265625
3728375,42.724609375
3728881,39.1845703125
3730794,39.85595703125
3731769,52.8564453125
3731811,93.20068359375
3731824,45.5322265625
3731866,43.51806640625
3731886,78.79638671875
3731918,43.39599609375
3731941,52.67333984375
3731976,45.41015625
3731991,66.2841796875
3732006,75.62255859375
3732045,41.56494140625
3732067,135.19287109375
3732098,69.64111328125
3732126,46.7529296875
3732141,55.48095703125
3732193,48.03466796875
3732232,87.646484375
3732261,46.20361328125
3732309,43.02978515625
3732336,45.41015625
3732369,113.95263671875
3732401,51.08642578125
3732438,50.47607421875
3732547,54.0771484375
3732557,40.771484375
3732647,39.0625
3732678,39.306640625
3732866,50.78125
3734042,90.8203125
3734156,78.67431640625
3734351,62.98828125
3734434,66.5283203125
3734535,56.09130859375
3734677,54.74853515625
3734790,46.32568359375
3734880,43.39599609375
3735054,42.78564453125
3735141,55.0537109375
3735172,42.29736328125
3735272,74.27978515625
3735373,59.75341796875
3735499,46.2646484375
3735764,50.84228515625
3735890,49.4384765625
3736040,62.98828125
3736161,39.36767578125
3736326,75.439453125
3736550,64.94140625
3737096,42.66357421875
3740254,41.748046875
3747695,39.4287109375
3761711,39.9169921875
3771459,40.10009765625
3774927,43.9453125
3795068,46.32568359375
3795446,39.0625
3795499,40.8935546875
3799457,40.4052734375
3803118,39.4287109375
3804151,41.44287109375
3804680,42.78564453125
3807528,44.25048828125
3815433,40.22216796875
3816465,40.1611328125
3835099,41.19873046875
3843728,40.46630859375
3847161,45.71533203125
3870862,43.51806640625
3870873,49.072265625
3870959,52.734375
3870987,42.6025390625
3871071,45.41015625
3871086,44.5556640625
3871170,39.85595703125
3871255,40.4052734375
3871283,55.6640625
3897356,40.71044921875
3907509,41.68701171875
3909344,40.71044921875
3909916,40.71044921875
3911530,60.24169921875
3932364,39.12353515625
3938050,43.45703125
3977930,41.56494140625
3985711,40.52734375
3988633,39.36767578125
4009863,39.306640625
4016631,44.0673828125
4030155,47.2412109375
4043137,52.978515625
4043526,43.64013671875
4043694,45.10498046875
4043757,45.41015625
4044004,39.4287109375
4044244,43.02978515625
4056100,40.283203125
4069800,43.64013671875
4085156,42.724609375
4088186,41.93115234375
4089650,43.9453125
4092673,41.50390625
4103251,41.3818359375
4104770,43.02978515625
4104790,43.76220703125
4104807,41.32080078125
4104850,55.0537109375
4104873,76.84326171875
4104911,41.19873046875
4104960,43.02978515625
4104970,57.373046875
4105007,42.6025390625
4105058,47.8515625
4105068,39.97802734375
4105119,44.25048828125
4105190,54.8095703125
4115292,44.37255859375
4122429,40.95458984375
4158133,40.46630859375
4159058,47.119140625
4159284,43.39599609375
4159309,49.072265625
4159558,46.7529296875
4159706,42.41943359375
4159882,61.8896484375
4167087,44.49462890625
4202943,40.4052734375
4207144,45.2880859375
4207230,56.33544921875
4207305,47.42431640625
4207441,56.57958984375
4207636,48.828125
4208446,58.837890625
4223071,41.56494140625
4237942,40.52734375
4262067,51.025390625
4262376,51.08642578125
4263600,48.03466796875
4264777,43.45703125
4265003,47.18017578125
4265209,41.6259765625
4265359,41.68701171875
4265546,42.724609375
4285198,40.52734375
4301309,76.47705078125
4301367,43.27392578125
4301417,42.3583984375
4301557,42.6025390625
4301572,45.7763671875
4301686,40.0390625
4301794,47.9736328125
4301853,40.46630859375
4302014,52.06298828125
4302365,62.1337890625
4302709,39.9169921875
4307947,40.771484375
4311052,40.6494140625
4316293,40.10009765625
4325144,40.8935546875
4365299,40.8935546875
4387741,41.07666015625
4396017,39.4287109375
4415273,42.236328125
4415300,52.79541015625
4415323,40.283203125
4415339,56.7626953125
4415363,47.36328125
4415373,41.3818359375
4415388,44.0673828125
4415408,87.21923828125
4415423,39.794921875
4415456,42.48046875
4415486,47.9736328125
4415520,59.9365234375
4415545,54.99267578125
4415559,43.0908203125
4415570,71.4111328125
4415593,59.50927734375
4415617,45.10498046875
4415675,58.349609375
4415696,52.490234375
4415719,46.08154296875
4415846,41.56494140625
4415916,51.33056640625
4415940,47.4853515625
4418299,40.71044921875
4418516,42.05322265625
4418705,50.9033203125
4418882,45.34912109375
4418919,44.37255859375
4436793,39.85595703125
4462523,40.22216796875
4463720,41.259765625
4463905,40.22216796875
4463952,47.79052734375
4463988,39.1845703125
4464052,40.46630859375
4464191,40.4052734375
4478400,39.6728515625
4480304,40.34423828125
4494926,39.12353515625
4501733,39.55078125
4502251,47.607421875
4515119,41.44287109375
4538305,42.48046875
4544938,43.45703125
4544953,40.22216796875
4544976,70.4345703125
4545005,60.24169921875
4545053,49.4384765625
4545073,64.8193359375
4545086,63.5986328125
4545104,153.99169921875
4545142,40.71044921875
4545166,100.830078125
4545198,45.10498046875
4545222,42.8466796875
4545246,92.34619140625
4545270,39.9169921875
4545284,49.4384765625
4545322,58.7158203125
4545333,45.5322265625
4545348,49.560546875
4545384,68.54248046875
4545405,53.22265625
4545433,62.3779296875
4545451,67.0166015625
4545461,46.81396484375
4545474,43.3349609375
4545502,49.01123046875
4545531,72.6318359375
4545571,60.4248046875
4545601,69.9462890625
4545755,49.31640625
4545784,47.30224609375
4545811,76.66015625
4545874,46.9970703125
4545929,79.58984375
4546014,40.58837890625
4546071,53.52783203125
4546085,64.27001953125
4546221,65.36865234375
4546231,39.12353515625
4546330,42.29736328125
4546387,72.3876953125
4546427,39.24560546875
4546720,56.5185546875
4546958,52.734375
4547088,47.30224609375
4547204,39.4287109375
4547299,44.7998046875
4547449,41.93115234375
4547682,40.46630859375
4547840,47.66845703125
4548111,41.3818359375
4548215,42.48046875
4548379,49.01123046875
4548632,57.18994140625
4548969,53.03955078125
4549271,81.6650390625
4549856,46.08154296875
4572820,44.49462890625
4573043,39.0625
4589982,40.1611328125
4605799,39.48974609375
4605984,39.48974609375
4612014,39.6728515625
4613880,39.6728515625
4621250,39.1845703125
4637489,40.46630859375
4637643,40.83251953125
4645765,40.10009765625
4645826,40.10009765625
4655033,40.10009765625
4655176,75.3173828125
4661849,41.19873046875
4663474,42.6025390625
4664496,39.0625
4681790,41.3818359375
4682332,41.9921875
4682353,39.6728515625
4682417,45.0439453125
4682535,39.6728515625
4691026,44.3115234375
4692538,44.921875
4701716,45.83740234375
4702124,52.001953125
4702224,48.2177734375
4702246,45.8984375
4702276,43.39599609375
4702344,59.87548828125
4702354,40.8935546875
4702383,41.44287109375
4702430,44.00634765625
4702481,47.607421875
4702661,43.9453125
4702674,42.90771484375
4714870,40.46630859375
4715094,50.4150390625
4726669,45.59326171875
4726703,48.583984375
4726728,39.55078125
4726745,71.533203125
4726839,51.33056640625
4726866,40.8935546875
4726918,47.36328125
4726933,46.875
4726951,48.33984375
4726991,45.47119140625
4727036,47.42431640625
4727055,61.6455078125
4727074,65.36865234375
4740407,42.8466796875
4753460,39.61181640625
4756301,40.22216796875
4756321,47.79052734375
4770085,42.17529296875
4770175,45.22705078125
4770237,50.537109375
4770301,40.58837890625
4770314,80.322265625
4770324,66.5283203125
4770453,45.5322265625
4770478,89.05029296875
4770498,64.14794921875
4770553,41.07666015625
4770571,43.212890625
4770583,42.17529296875
4770610,46.44775390625
4770644,39.36767578125
4770702,47.18017578125
4770743,63.41552734375
4770755,55.23681640625
4770786,40.6494140625
4770843,43.0908203125
4770891,45.166015625
4771002,47.91259765625
4784746,40.1611328125
4791086,39.12353515625
4793284,41.1376953125
