4798001,0
58072,23.681640625
58256,23.681640625
58294,21.6064453125
58340,28.564453125
58360,37.29248046875
58382,36.92626953125
58436,27.34375
58463,22.64404296875
58477,22.64404296875
58507,21.97265625
58545,28.38134765625
58639,33.75244140625
58750,33.63037109375
58806,28.1982421875
58900,23.0712890625
59007,33.14208984375
59110,23.62060546875
59178,23.193359375
59227,23.681640625
59333,24.96337890625
59352,25.146484375
59385,33.38623046875
59437,24.4140625
59633,22.3388671875
59808,21.6064453125
59879,25.0244140625
135719,29.96826171875
135806,35.400390625
135841,33.87451171875
135881,39.0625
135909,26.9775390625
135927,23.681640625
135962,25.0244140625
135996,22.3388671875
136123,30.70068359375
136157,25.0244140625
136229,27.2216796875
136416,27.7099609375
136511,27.77099609375
136577,23.5595703125
136616,21.91162109375
136632,27.52685546875
136688,29.96826171875
136737,23.5595703125
136841,33.14208984375
136877,31.3720703125
137001,23.4375
137044,27.83203125
137162,25.57373046875
137209,25.20751953125
137298,30.21240234375
137424,25.390625
137593,27.587890625
211840,26.9775390625
211980,25.08544921875
212025,38.6962890625
212058,38.14697265625
212074,24.35302734375
212098,36.92626953125
212116,34.60693359375
212137,31.31103515625
212176,44.7998046875
212221,32.28759765625
212321,27.64892578125
212428,28.9306640625
212646,22.216796875
212731,25.146484375
212813,27.89306640625
212891,34.7900390625
212989,23.92578125
213062,22.94921875
213107,29.72412109375
213164,34.24072265625
213225,25.87890625
213286,22.39990234375
213343,28.3203125
213404,26.18408203125
213464,24.10888671875
213681,25.5126953125
213795,23.13232421875
214010,28.38134765625
257434,28.9306640625
257544,36.07177734375
257577,33.5693359375
257598,33.99658203125
257615,32.16552734375
257629,27.4658203125
257648,41.8701171875
257681,27.2216796875
257721,29.1748046875
257735,22.27783203125
257756,26.55029296875
257816,23.86474609375
257865,33.38623046875
258014,33.14208984375
258142,22.52197265625
258291,25.32958984375
258368,28.38134765625
258435,24.59716796875
258474,23.49853515625
258537,29.35791015625
258660,33.5693359375
258730,23.74267578125
258786,21.97265625
258932,32.5927734375
259086,24.71923828125
259145,24.2919921875
259282,21.78955078125
259624,29.23583984375
336685,27.03857421875
336754,22.5830078125
336798,27.4658203125
336827,35.400390625
336840,31.494140625
336886,34.5458984375
336916,41.32080078125
336959,25.81787109375
336994,23.193359375
337018,21.78955078125
337066,26.123046875
337283,28.4423828125
337369,22.39990234375
337450,25.146484375
337499,30.2734375
337602,31.1279296875
337658,22.76611328125
337716,25.08544921875
337796,30.33447265625
337847,25.5126953125
337896,33.203125
337967,24.169921875
338016,28.4423828125
338115,22.5830078125
338213,31.67724609375
338322,23.5595703125
405246,21.91162109375
405434,24.47509765625
405486,27.4658203125
405515,30.33447265625
405548,26.611328125
405579,41.93115234375
405612,22.15576171875
405653,31.55517578125
405718,26.9775390625
405793,22.88818359375
405833,26.2451171875
405961,27.34375
406073,27.7099609375
406174,23.37646484375
406264,23.3154296875
406338,24.71923828125
406393,21.484375
406461,25.2685546875
406542,22.15576171875
406606,27.52685546875
406659,25.7568359375
406729,23.25439453125
406816,24.169921875
406881,21.3623046875
407046,25.32958984375
407232,27.83203125
455660,29.23583984375
468758,23.0712890625
499585,24.169921875
499881,25.0244140625
499981,39.4287109375
500006,24.4140625
500022,31.982421875
500056,45.8984375
500067,25.87890625
500077,29.78515625
500090,21.42333984375
500108,26.4892578125
500135,33.75244140625
500160,24.0478515625
500184,21.54541015625
500209,23.25439453125
500236,28.076171875
500267,24.169921875
500298,23.86474609375
500337,27.9541015625
500375,27.64892578125
500421,23.13232421875
500481,24.169921875
500592,21.78955078125
500709,25.634765625
500792,26.06201171875
500857,28.38134765625
500897,23.681640625
500993,28.99169921875
501050,23.49853515625
501095,26.18408203125
501196,33.50830078125
501284,23.62060546875
501318,23.681640625
501492,22.216796875
501553,22.8271484375
554947,23.62060546875
556638,27.4658203125
578068,24.2919921875
582694,22.94921875
583047,40.22216796875
583079,28.9306640625
583109,34.36279296875
583138,25.08544921875
583163,22.5830078125
583186,28.25927734375
583212,25.57373046875
583236,24.90234375
583285,26.55029296875
583311,21.8505859375
583369,22.4609375
583401,22.15576171875
583443,22.8271484375
583489,21.66748046875
583599,32.16552734375
583720,21.728515625
583768,22.76611328125
583859,29.84619140625
583945,27.9541015625
584099,27.83203125
584170,25.634765625
584232,24.71923828125
584309,23.8037109375
584364,27.7099609375
584445,27.587890625
632326,24.169921875
632642,30.70068359375
632674,35.46142578125
632699,35.15625
632720,26.3671875
632737,27.64892578125
632751,24.84130859375
632776,24.4140625
632788,26.3671875
632799,30.45654296875
632826,31.79931640625
632876,21.97265625
632907,23.37646484375
632968,22.27783203125
633004,22.0947265625
633043,23.13232421875
633095,24.23095703125
633189,23.92578125
633282,32.470703125
633348,27.16064453125
633435,26.30615234375
633488,26.30615234375
633595,27.40478515625
633659,28.74755859375
633712,24.10888671875
633761,22.27783203125
633882,26.42822265625
633948,24.5361328125
634134,22.76611328125
681846,23.62060546875
681898,32.77587890625
681935,25.2685546875
681964,42.6025390625
681981,22.4609375
681992,33.50830078125
682018,35.7666015625
682044,31.25
682069,21.42333984375
682094,31.494140625
682174,21.91162109375
682204,22.76611328125
682271,27.16064453125
682377,22.76611328125
682510,32.65380859375
682592,22.39990234375
682679,24.5361328125
682742,31.06689453125
682850,23.8037109375
682911,27.2216796875
682954,23.0712890625
683022,22.64404296875
683071,23.8037109375
683126,22.03369140625
683185,22.39990234375
683280,21.54541015625
749275,32.53173828125
749313,32.53173828125
749345,34.60693359375
749373,27.7099609375
749398,31.79931640625
749421,35.58349609375
749467,26.42822265625
749492,23.8037109375
749544,27.64892578125
749570,26.2451171875
749601,24.0478515625
749633,28.4423828125
749673,24.35302734375
749726,26.06201171875
749826,34.85107421875
749933,31.1279296875
750054,30.09033203125
750110,29.78515625
750179,22.216796875
750300,25.57373046875
750388,26.9775390625
750448,25.93994140625
750493,29.9072265625
750544,27.03857421875
750613,28.99169921875
750709,23.0712890625
800619,32.89794921875
800654,25.390625
800679,37.109375
800705,24.0478515625
800728,29.296875
800775,32.40966796875
800799,28.076171875
800850,24.96337890625
800878,33.0810546875
800908,29.1748046875
800937,21.42333984375
800974,26.3671875
801012,27.16064453125
801071,23.01025390625
801173,34.66796875
801275,22.3388671875
801357,25.69580078125
801407,22.8271484375
801468,25.93994140625
801518,22.94921875
801652,29.23583984375
801694,24.96337890625
801748,24.96337890625
801793,22.216796875
801839,28.13720703125
801900,25.20751953125
852615,29.35791015625
852635,23.62060546875
852651,32.28759765625
852683,24.7802734375
852701,27.587890625
852713,33.38623046875
852738,29.296875
852763,31.31103515625
852786,22.39990234375
852811,24.2919921875
852837,21.3623046875
852862,21.3623046875
852921,23.01025390625
852955,26.2451171875
852992,21.42333984375
853032,21.3623046875
853087,28.9306640625
853167,28.6865234375
853293,21.42333984375
853369,27.52685546875
853432,24.47509765625
853485,22.705078125
853610,26.06201171875
853654,30.3955078125
853695,28.74755859375
853742,29.541015625
853812,24.169921875
853860,21.728515625
853916,23.01025390625
913122,26.9775390625
913161,37.41455078125
913189,33.935546875
913214,24.4140625
913238,36.80419921875
913262,28.50341796875
913285,27.587890625
913328,27.52685546875
913477,24.5361328125
913522,26.79443359375
913604,23.92578125
913741,31.18896484375
913800,26.123046875
913908,28.50341796875
913955,27.099609375
913989,23.3154296875
914028,29.35791015625
914069,25.08544921875
914124,27.34375
914183,24.59716796875
914231,24.35302734375
914280,21.728515625
914327,22.52197265625
914398,23.0712890625
914441,22.88818359375
914507,22.52197265625
952966,24.23095703125
953003,30.82275390625
953023,27.77099609375
953061,26.9775390625
953085,36.9873046875
953109,26.7333984375
953132,24.35302734375
953181,21.8505859375
953206,21.78955078125
953265,23.4375
953296,22.3388671875
953335,24.169921875
953383,24.4140625
953452,30.76171875
953580,21.54541015625
953707,27.83203125
953758,24.4140625
953826,31.92138671875
953955,30.6396484375
953998,34.1796875
954046,21.54541015625
954094,23.49853515625
954164,23.37646484375
954252,27.7099609375
954326,32.16552734375
954419,25.87890625
992112,33.203125
992141,33.935546875
992169,48.828125
992195,36.62109375
992219,32.40966796875
992243,28.80859375
992267,27.587890625
992316,26.123046875
992342,25.45166015625
992371,22.3388671875
992402,26.2451171875
992439,26.67236328125
992480,24.7802734375
992547,24.2919921875
992653,30.1513671875
992754,29.78515625
992820,22.52197265625
992889,23.01025390625
992946,24.169921875
992994,31.6162109375
993064,23.193359375
993105,32.04345703125
993165,29.11376953125
993203,24.96337890625
993255,28.99169921875
993356,25.146484375
993369,21.66748046875
993441,22.15576171875
1066243,39.00146484375
1067051,24.658203125
1067085,22.8271484375
1067107,26.91650390625
1067123,22.705078125
1067138,43.3349609375
1067153,28.62548828125
1067186,23.74267578125
1067209,28.62548828125
1067237,21.97265625
1067256,26.67236328125
1067281,26.18408203125
1067309,30.45654296875
1067371,24.4140625
1067410,22.15576171875
1067464,26.91650390625
1067631,23.98681640625
1067730,29.11376953125
1067840,25.0244140625
1067939,21.484375
1067976,21.3623046875
1068025,24.90234375
1068082,24.4140625
1068128,34.48486328125
1068179,30.45654296875
1068227,22.27783203125
1068363,26.4892578125
1102045,22.5830078125
1102086,26.67236328125
1102101,26.67236328125
1102117,48.88916015625
1102145,39.306640625
1102173,31.982421875
1102193,29.84619140625
1102220,31.18896484375
1102244,25.5126953125
1102267,25.5126953125
1102290,21.6064453125
1102315,29.052734375
1102343,24.2919921875
1102373,21.42333984375
1102405,24.7802734375
1102489,21.42333984375
1102577,26.4892578125
1102747,33.75244140625
1102789,25.81787109375
1102894,24.96337890625
1102932,21.8505859375
1102981,23.49853515625
1103090,22.76611328125
1103130,22.0947265625
1103323,22.8271484375
1103446,29.4189453125
1182391,29.96826171875
1182420,30.33447265625
1182444,38.63525390625
1182461,27.64892578125
1182493,22.8271484375
1182559,24.96337890625
1182583,24.47509765625
1182607,23.62060546875
1182633,26.91650390625
1182662,30.70068359375
1182783,23.5595703125
1183120,22.705078125
1183194,29.9072265625
1183248,29.84619140625
1183313,26.18408203125
1183365,22.64404296875
1183415,36.19384765625
1183506,27.52685546875
1183551,30.09033203125
1183634,23.37646484375
1183706,24.47509765625
1183817,21.78955078125
1241051,23.01025390625
1241079,46.08154296875
1241103,42.29736328125
1241123,38.2080078125
1241153,22.64404296875
1241173,26.67236328125
1241200,27.52685546875
1241224,25.146484375
1241250,32.16552734375
1241276,28.62548828125
1241304,28.4423828125
1241334,26.91650390625
1241368,22.0947265625
1241406,27.7099609375
1241469,24.658203125
1241635,25.69580078125
1241736,26.2451171875
1241800,25.08544921875
1241845,22.27783203125
1241910,22.03369140625
1241962,22.15576171875
1242005,30.029296875
1242046,28.80859375
1242087,25.2685546875
1242148,23.8037109375
1242202,21.8505859375
1242260,28.6865234375
1242318,32.470703125
1242427,27.099609375
1299547,23.01025390625
1299569,31.6162109375
1299602,41.259765625
1299627,35.94970703125
1299653,30.57861328125
1299677,28.86962890625
1299699,28.13720703125
1299746,22.27783203125
1299771,26.0009765625
1299797,31.494140625
1299824,24.2919921875
1299855,23.0712890625
1299888,33.14208984375
1299930,21.42333984375
1299992,24.5361328125
1300113,24.35302734375
1300237,37.53662109375
1300333,35.82763671875
1300401,25.0244140625
1300441,23.86474609375
1300496,25.146484375
1300544,23.5595703125
1300592,24.23095703125
1300637,27.77099609375
1300704,26.91650390625
1300751,24.169921875
1300833,25.45166015625
1301059,23.0712890625
1351646,23.13232421875
1351681,34.85107421875
1351698,25.7568359375
1351733,36.31591796875
1351758,37.53662109375
1351774,26.42822265625
1351802,27.34375
1351825,31.79931640625
1351899,21.3623046875
1351929,23.74267578125
1352003,25.634765625
1352056,33.63037109375
1352142,23.5595703125
1352364,34.97314453125
1352421,29.052734375
1352496,23.3154296875
1352554,31.06689453125
1352603,25.87890625
1352646,23.98681640625
1352686,23.92578125
1352734,28.38134765625
1352758,25.57373046875
1352812,26.9775390625
1352887,21.8505859375
1352978,24.90234375
1418692,22.27783203125
1418744,23.74267578125
1418779,28.4423828125
1418813,21.3623046875
1418832,52.18505859375
1418856,36.62109375
1418879,35.5224609375
1418926,25.57373046875
1418950,21.6064453125
1418975,24.47509765625
1419001,24.10888671875
1419063,31.005859375
1419106,28.80859375
1419350,25.0244140625
1419433,25.2685546875
1419518,24.0478515625
1419559,27.9541015625
1419645,30.82275390625
1419695,28.13720703125
1419737,23.5595703125
1419817,33.38623046875
1419841,22.3388671875
1419864,24.2919921875
1419916,24.658203125
1420027,23.01025390625
1472956,27.40478515625
1472993,24.658203125
1473021,28.3203125
1473046,29.47998046875
1473059,24.59716796875
1473072,30.45654296875
1473097,26.4892578125
1473108,37.4755859375
1473120,28.62548828125
1473143,25.5126953125
1473168,21.8505859375
1473193,24.5361328125
1473221,24.0478515625
1473251,25.57373046875
1473285,22.39990234375
1473323,22.27783203125
1473378,33.75244140625
1473520,25.20751953125
1473623,31.6162109375
1473653,22.52197265625
1473758,33.14208984375
1473802,25.45166015625
1473849,22.15576171875
1473888,21.42333984375
1473927,27.03857421875
1474019,24.0478515625
1474075,23.98681640625
1474134,24.10888671875
1474180,22.03369140625
1474222,21.484375
1474232,22.64404296875
1474386,30.09033203125
1525717,24.7802734375
1526122,23.98681640625
1526155,24.658203125
1526180,28.1982421875
1526210,33.3251953125
1526229,34.1796875
1526245,24.90234375
1526299,23.49853515625
1526375,29.23583984375
1526403,23.86474609375
1526438,28.62548828125
1526477,25.20751953125
1526533,31.1279296875
1526707,28.13720703125
1526824,26.79443359375
1526891,24.23095703125
1526949,23.25439453125
1527016,26.06201171875
1527065,29.9072265625
1527110,25.146484375
1527154,30.57861328125
1527200,23.5595703125
1527240,21.91162109375
1527281,22.64404296875
1527327,22.52197265625
1527385,25.69580078125
1584127,26.0009765625
1584190,27.099609375
1584231,26.30615234375
1584259,27.16064453125
1584282,30.09033203125
1584298,32.65380859375
1584320,31.494140625
1584354,23.01025390625
1584399,23.86474609375
1584424,27.28271484375
1584449,24.84130859375
1584478,23.4375
1584563,25.93994140625
1584682,32.3486328125
1584817,24.47509765625
1584884,29.47998046875
1584960,32.71484375
1585029,27.89306640625
1585092,22.5830078125
1585135,24.2919921875
1585180,32.28759765625
1585226,24.90234375
1585324,29.11376953125
1585417,24.10888671875
1585477,22.03369140625
1636950,33.3251953125
1636995,28.38134765625
1637033,30.94482421875
1637061,37.841796875
1637083,26.91650390625
1637099,30.6396484375
1637135,37.4755859375
1637158,25.390625
1637180,24.96337890625
1637229,23.4375
1637254,28.01513671875
1637283,25.20751953125
1637359,28.6865234375
1637440,25.69580078125
1637549,21.42333984375
1637704,27.099609375
1637765,22.3388671875
1637810,25.69580078125
1637854,29.052734375
1637912,22.3388671875
1637958,26.67236328125
1638004,26.9775390625
1638046,21.91162109375
1638094,29.9072265625
1638141,23.86474609375
1638223,28.38134765625
1686732,24.71923828125
1687216,35.21728515625
1687251,26.2451171875
1687278,40.58837890625
1687308,21.78955078125
1687329,31.92138671875
1687354,33.3251953125
1687376,37.2314453125
1687418,25.0244140625
1687449,23.13232421875
1687477,31.494140625
1687571,25.7568359375
1687612,25.57373046875
1687685,34.1796875
1687840,33.5693359375
1688010,21.6064453125
1688084,26.2451171875
1688131,23.681640625
1688226,23.3154296875
1688260,22.76611328125
1688296,24.658203125
1688335,23.0712890625
1688502,22.94921875
1772352,28.9306640625
1772547,29.47998046875
1772587,30.76171875
1772614,25.146484375
1772642,32.40966796875
1772679,30.6396484375
1772733,26.123046875
1772757,22.94921875
1772780,25.0244140625
1772805,21.66748046875
1772861,22.52197265625
1772933,29.84619140625
1772995,24.2919921875
1773104,28.80859375
1773243,24.0478515625
1773307,32.470703125
1773359,25.08544921875
1773440,28.1982421875
1773488,25.5126953125
1773522,25.81787109375
1773541,24.35302734375
1773622,25.81787109375
1773676,28.1982421875
1773720,26.91650390625
1773764,24.169921875
1773810,25.146484375
1808761,26.30615234375
1808798,33.38623046875
1808826,41.6259765625
1808846,29.96826171875
1808876,37.2314453125
1808898,35.0341796875
1808968,22.4609375
1808990,26.55029296875
1809016,29.72412109375
1809044,27.16064453125
1809075,28.86962890625
1809109,26.42822265625
1809156,24.96337890625
1809254,24.47509765625
1809382,27.89306640625
1809463,26.30615234375
1809546,28.13720703125
1809606,36.07177734375
1809669,21.6064453125
1809714,24.0478515625
1809755,25.146484375
1809839,23.13232421875
1809889,29.9072265625
1809949,23.92578125
1866275,28.4423828125
1866401,26.42822265625
1866443,22.64404296875
1866482,30.70068359375
1866507,22.4609375
1866538,38.39111328125
1866548,31.005859375
1866561,30.09033203125
1866585,40.4052734375
1866603,22.27783203125
1866632,22.88818359375
1866656,22.94921875
1866708,22.03369140625
1866735,21.91162109375
1866768,23.193359375
1866813,29.052734375
1866932,25.390625
1867066,31.18896484375
1867149,25.146484375
1867201,26.7333984375
1867270,26.85546875
1867320,21.728515625
1867380,23.5595703125
1867422,32.1044921875
1867462,21.66748046875
1867508,26.42822265625
1867550,22.5830078125
1867727,27.64892578125
1920621,33.02001953125
1920669,26.4892578125
1920702,29.72412109375
1920730,41.50390625
1920755,47.79052734375
1920787,40.58837890625
1920802,24.7802734375
1920824,23.681640625
1920845,26.18408203125
1920894,24.35302734375
1920949,23.01025390625
1921027,32.2265625
1921117,29.72412109375
1921264,28.1982421875
1921322,24.35302734375
1921405,21.54541015625
1921480,21.97265625
1921543,27.2216796875
1921586,30.2734375
1921633,26.85546875
1921680,23.193359375
1921749,28.076171875
1921794,34.72900390625
1921871,21.66748046875
1921917,27.40478515625
1961602,32.5927734375
1961783,33.02001953125
1961849,33.3251953125
1961887,36.0107421875
1961915,29.84619140625
1961938,27.03857421875
1961966,39.73388671875
1962048,26.30615234375
1962087,22.39990234375
1962114,27.40478515625
1962180,24.169921875
1962220,26.91650390625
1962340,31.982421875
1962502,23.25439453125
1962547,22.8271484375
1962597,32.04345703125
1962672,30.3955078125
1962724,26.55029296875
1962767,24.47509765625
1962807,22.4609375
1962850,25.08544921875
1962893,21.728515625
1962937,25.87890625
1962985,26.7333984375
1963077,25.390625
2019299,29.23583984375
2019361,21.54541015625
2019409,30.57861328125
2019440,33.935546875
2019463,23.4375
2019485,26.18408203125
2019512,32.470703125
2019538,31.1279296875
2019552,22.52197265625
2019658,21.728515625
2019688,28.1982421875
2019727,29.35791015625
2019783,31.005859375
2019952,31.55517578125
2020057,29.96826171875
2020122,30.33447265625
2020208,23.62060546875
2020250,24.71923828125
2020296,26.30615234375
2020348,35.0341796875
2020387,28.4423828125
2020481,27.89306640625
2020526,25.45166015625
2059335,25.146484375
2059364,27.28271484375
2059389,30.1513671875
2059423,31.982421875
2059436,28.9306640625
2059460,27.34375
2059507,22.8271484375
2059555,27.7099609375
2059582,27.34375
2059610,24.4140625
2059646,26.7333984375
2059687,26.55029296875
2059781,22.8271484375
2059902,31.79931640625
2059973,22.94921875
2060033,24.10888671875
2060174,22.03369140625
2060216,25.390625
2060270,32.04345703125
2060319,21.728515625
2060371,30.6396484375
2060463,24.35302734375
2060543,21.8505859375
2103591,25.146484375
2103666,23.8037109375
2103709,33.5693359375
2103733,24.84130859375
2103767,28.076171875
2103787,34.11865234375
2103815,22.0947265625
2103837,23.0712890625
2103862,22.4609375
2103885,25.2685546875
2103909,21.3623046875
2103935,31.18896484375
2103964,23.193359375
2104034,23.92578125
2104108,29.35791015625
2104289,25.0244140625
2104356,31.55517578125
2104451,29.541015625
2104493,23.92578125
2104543,29.84619140625
2104593,33.38623046875
2104640,24.0478515625
2104670,21.42333984375
2104680,29.23583984375
2104721,28.076171875
2104764,28.4423828125
2104802,21.728515625
2104868,26.85546875
2105038,23.98681640625
2165245,29.9072265625
2165276,27.77099609375
2165302,29.35791015625
2165333,21.66748046875
2165347,47.607421875
2165371,25.87890625
2165394,26.7333984375
2165494,21.78955078125
2165523,27.9541015625
2165601,33.447265625
2165668,28.9306640625
2165843,23.62060546875
2165896,28.3203125
2165981,26.67236328125
2166034,25.08544921875
2166064,24.96337890625
2166080,21.66748046875
2166125,25.0244140625
2166164,21.97265625
2166268,27.77099609375
2166326,25.0244140625
2166369,27.64892578125
2166509,22.4609375
2185726,22.64404296875
2220637,24.7802734375
2220676,24.7802734375
2220705,31.494140625
2220733,34.48486328125
2220750,33.26416015625
2220779,25.20751953125
2220800,33.203125
2220821,26.06201171875
2220844,26.0009765625
2220868,36.376953125
2220887,22.03369140625
2220950,33.203125
2220987,22.64404296875
2221046,23.86474609375
2221193,30.21240234375
2221401,29.11376953125
2221447,31.31103515625
2221496,23.01025390625
2221599,22.39990234375
2221651,31.67724609375
2221697,24.35302734375
2221741,34.3017578125
2221789,26.611328125
2221842,23.37646484375
2236751,30.029296875
2236810,29.23583984375
2236839,27.40478515625
2236868,21.42333984375
2236880,34.423828125
2236908,27.77099609375
2236934,27.03857421875
2236958,23.74267578125
2236983,31.43310546875
2237006,22.39990234375
2237032,21.8505859375
2237060,21.728515625
2237089,24.5361328125
2237121,26.91650390625
2237162,21.728515625
2237252,31.005859375
2237377,25.32958984375
2237508,24.2919921875
2237577,21.6064453125
2237621,23.62060546875
2237678,28.74755859375
2237716,21.91162109375
2237756,24.23095703125
2237844,25.0244140625
2237970,21.484375
2293488,30.3955078125
2293527,22.5830078125
2293563,26.91650390625
2293587,24.59716796875
2293602,28.9306640625
2293612,47.05810546875
2293636,25.20751953125
2293659,23.37646484375
2293706,25.08544921875
2293757,24.2919921875
2293787,31.67724609375
2293864,23.01025390625
2294041,29.72412109375
2294195,22.03369140625
2294276,25.5126953125
2294333,28.99169921875
2294388,27.34375
2294467,27.03857421875
2294505,22.0947265625
2294541,24.23095703125
2294583,23.193359375
2294700,26.79443359375
2294787,25.45166015625
2351685,31.06689453125
2351723,26.7333984375
2351753,27.89306640625
2351778,35.46142578125
2351802,25.93994140625
2351825,36.7431640625
2351847,27.7099609375
2351868,36.56005859375
2351891,24.90234375
2351941,26.55029296875
2351968,25.45166015625
2352000,27.77099609375
2352042,22.88818359375
2352109,35.5224609375
2352293,22.94921875
2352408,30.21240234375
2352479,37.65869140625
2352525,22.3388671875
2352603,26.67236328125
2352667,22.3388671875
2352704,24.0478515625
2352759,29.4189453125
2352855,24.2919921875
2352933,21.728515625
2352944,26.18408203125
2409345,28.86962890625
2409388,34.5458984375
2409420,29.60205078125
2409447,38.26904296875
2409471,38.818359375
2409517,25.57373046875
2409539,27.89306640625
2409612,22.216796875
2409639,23.37646484375
2409670,30.45654296875
2409710,27.7099609375
2409776,24.658203125
2409964,29.72412109375
2410041,25.69580078125
2410133,28.4423828125
2410184,26.18408203125
2410254,31.18896484375
2410297,25.57373046875
2410368,28.01513671875
2410397,24.169921875
2410449,21.8505859375
2410488,23.25439453125
2410533,21.66748046875
2454055,23.86474609375
2456952,34.3017578125
2456985,27.77099609375
2457000,28.38134765625
2457036,33.38623046875
2457059,29.11376953125
2457106,24.0478515625
2457130,28.74755859375
2457154,24.90234375
2457206,23.98681640625
2457269,22.88818359375
2457312,25.146484375
2457423,24.71923828125
2457567,22.5830078125
2457622,28.25927734375
2457740,28.564453125
2457840,25.146484375
2457881,21.91162109375
2457928,31.06689453125
2457973,29.1748046875
2458026,26.611328125
2458084,26.9775390625
2458220,26.85546875
2490080,40.6494140625
2490112,30.8837890625
2490138,25.20751953125
2490187,40.34423828125
2490207,21.42333984375
2490234,28.9306640625
2490257,23.25439453125
2490281,27.34375
2490307,23.86474609375
2490334,22.88818359375
2490365,24.658203125
2490398,23.681640625
2490448,22.5830078125
2490705,29.296875
2490826,27.587890625
2490936,36.4990234375
2490973,29.23583984375
2491027,29.052734375
2491075,25.87890625
2491196,21.42333984375
2491344,23.0712890625
2533455,37.04833984375
2533486,28.564453125
2533511,38.0859375
2533534,26.55029296875
2533558,24.59716796875
2533582,26.79443359375
2533606,26.85546875
2533650,25.81787109375
2533676,21.42333984375
2533734,26.4892578125
2533770,23.01025390625
2533818,25.0244140625
2533909,31.55517578125
2534058,30.09033203125
2534142,26.611328125
2534199,28.3203125
2534255,25.81787109375
2534302,23.5595703125
2534363,30.3955078125
2534397,23.01025390625
2534444,22.5830078125
2534491,26.0009765625
2534633,27.16064453125
2567621,24.71923828125
2567679,26.79443359375
2567716,28.80859375
2567754,39.12353515625
2567782,29.541015625
2567807,43.88427734375
2567822,30.57861328125
2567832,24.7802734375
2567950,21.66748046875
2568011,23.193359375
2568046,23.62060546875
2568099,27.28271484375
2568256,23.193359375
2568395,25.08544921875
2568448,25.634765625
2568500,25.634765625
2568554,23.681640625
2568667,23.8037109375
2568704,28.50341796875
2568739,24.84130859375
2568787,28.13720703125
2568848,22.27783203125
2568944,27.77099609375
2603598,38.14697265625
2603617,26.0009765625
2603630,33.935546875
2603656,33.69140625
2603679,26.79443359375
2603702,35.09521484375
2603726,30.3955078125
2603736,29.60205078125
2603851,22.76611328125
2603922,27.28271484375
2603988,27.89306640625
2604108,28.1982421875
2604245,27.40478515625
2604333,31.79931640625
2604384,30.09033203125
2604444,27.34375
2604490,26.42822265625
2604536,33.87451171875
2604617,23.193359375
2604657,29.296875
2604802,25.146484375
2658302,26.4892578125
2658336,21.97265625
2658376,24.658203125
2658404,39.0625
2658431,30.029296875
2658454,22.3388671875
2658479,32.77587890625
2658492,22.0947265625
2658531,21.484375
2658633,25.146484375
2658864,21.66748046875
2658956,34.1796875
2659044,28.076171875
2659071,22.94921875
2659099,21.42333984375
2659162,35.5224609375
2659209,27.4658203125
2659310,22.15576171875
2659354,22.8271484375
2659392,23.8037109375
2659440,26.611328125
2659517,25.5126953125
2726658,25.45166015625
2726696,33.63037109375
2726726,30.09033203125
2726752,29.84619140625
2726777,32.958984375
2726801,41.8701171875
2726846,22.94921875
2726869,27.099609375
2726943,24.23095703125
2726974,21.54541015625
2727107,25.57373046875
2727222,23.98681640625
2727346,26.06201171875
2727470,26.611328125
2727534,21.54541015625
2727577,26.3671875
2727618,26.91650390625
2727659,29.052734375
2727691,28.13720703125
2727800,29.78515625
2727848,26.67236328125
2727898,22.94921875
2783029,36.80419921875
2783053,45.83740234375
2783079,32.1044921875
2783101,25.32958984375
2783113,27.9541015625
2783149,27.83203125
2783220,32.16552734375
2783248,21.78955078125
2783279,21.3623046875
2783316,23.37646484375
2783367,22.4609375
2783476,25.20751953125
2783565,33.38623046875
2783669,26.42822265625
2783711,22.88818359375
2783736,31.31103515625
2783789,25.57373046875
2783829,30.029296875
2783873,32.958984375
2783914,26.7333984375
2783958,27.03857421875
2783991,21.3623046875
2784045,23.5595703125
2784090,23.92578125
2810942,26.06201171875
2810973,43.76220703125
2810997,38.4521484375
2811047,35.82763671875
2811057,22.52197265625
2811117,26.42822265625
2811167,23.25439453125
2811194,29.1748046875
2811224,24.0478515625
2811254,26.55029296875
2811391,26.30615234375
2811523,28.076171875
2811614,23.25439453125
2811664,29.1748046875
2811720,28.6865234375
2811758,32.8369140625
2811800,29.23583984375
2811841,22.03369140625
2811884,24.23095703125
2811932,28.25927734375
2811975,28.50341796875
2812057,28.25927734375
2868736,30.8837890625
2868768,23.92578125
2868789,32.5927734375
2868812,40.52734375
2868835,35.888671875
2868857,25.87890625
2868882,25.45166015625
2868902,27.16064453125
2868978,22.52197265625
2869041,23.193359375
2869083,23.13232421875
2869161,23.86474609375
2869412,24.7802734375
2869474,28.4423828125
2869526,23.4375
2869574,25.0244140625
2869614,21.8505859375
2869654,26.67236328125
2869695,23.13232421875
2869750,22.39990234375
2869765,22.0947265625
2869793,22.88818359375
2869846,25.45166015625
2869895,23.92578125
2930401,24.47509765625
2930431,23.98681640625
2930457,36.07177734375
2930468,23.98681640625
2930482,29.052734375
2930506,32.8369140625
2930529,28.6865234375
2930550,23.681640625
2930574,24.35302734375
2930597,23.98681640625
2930647,21.78955078125
2930674,28.38134765625
2930703,21.484375
2930784,29.052734375
2930854,29.052734375
2931005,31.494140625
2931117,31.18896484375
2931183,24.0478515625
2931257,27.28271484375
2931301,25.0244140625
2931341,25.7568359375
2931381,26.7333984375
2931429,28.9306640625
2931467,21.728515625
2931510,21.6064453125
2931552,25.69580078125
2931611,25.5126953125
2931700,27.9541015625
2961541,32.40966796875
2961570,40.34423828125
2961595,45.166015625
2961606,25.87890625
2961618,21.97265625
2961638,27.099609375
2961664,30.2734375
2961688,31.982421875
2961712,23.25439453125
2961735,24.4140625
2961760,25.20751953125
2961788,29.60205078125
2961818,24.71923828125
2961851,26.123046875
2961893,33.50830078125
2961984,32.04345703125
2962123,21.66748046875
2962211,27.16064453125
2962285,30.33447265625
2962346,22.3388671875
2962430,28.62548828125
2962474,21.66748046875
2962515,25.93994140625
2962555,27.099609375
2962601,31.55517578125
2962674,25.390625
2989478,24.47509765625
2989493,37.9638671875
2989519,26.611328125
2989543,28.6865234375
2989554,25.93994140625
2989591,23.5595703125
2989614,24.2919921875
2989637,26.42822265625
2989688,30.8837890625
2989715,28.1982421875
2989783,24.47509765625
2989842,22.705078125
2989959,22.216796875
2990098,37.65869140625
2990162,28.50341796875
2990212,22.5830078125
2990303,22.94921875
2990336,22.8271484375
2990375,25.57373046875
2990430,25.0244140625
2990477,27.64892578125
2990553,21.97265625
3016550,26.9775390625
3016580,23.5595703125
3016604,25.634765625
3016628,23.8037109375
3016656,21.484375
3016679,22.94921875
3016702,27.89306640625
3016831,26.06201171875
3016865,35.7666015625
3016907,24.2919921875
3016991,29.296875
3017133,28.86962890625
3017209,31.06689453125
3017260,22.705078125
3017318,25.20751953125
3017380,22.27783203125
3017431,23.25439453125
3017462,26.123046875
3017486,22.39990234375
3017498,22.4609375
3017582,22.39990234375
3017631,25.08544921875
3053293,25.146484375
3053328,29.78515625
3053350,24.90234375
3053377,33.14208984375
3053390,24.2919921875
3053400,36.56005859375
3053423,24.23095703125
3053469,29.72412109375
3053493,32.28759765625
3053519,28.01513671875
3053547,22.5830078125
3053576,25.146484375
3053608,24.10888671875
3053651,24.96337890625
3053731,30.45654296875
3053840,29.052734375
3053958,31.92138671875
3054022,26.4892578125
3054087,26.7333984375
3054130,27.77099609375
3054179,29.35791015625
3054214,25.146484375
3054254,26.7333984375
3054296,21.91162109375
3054344,24.23095703125
3054413,27.83203125
3107056,27.7099609375
3107067,23.86474609375
3107088,24.5361328125
3107114,38.4521484375
3107124,31.005859375
3107149,21.3623046875
3107161,22.3388671875
3107184,23.0712890625
3107208,35.82763671875
3107231,21.91162109375
3107256,24.10888671875
3107282,23.8037109375
3107309,39.794921875
3107337,24.658203125
3107414,22.76611328125
3107525,29.9072265625
3107661,28.1982421875
3107729,29.1748046875
3107823,23.01025390625
3107866,30.57861328125
3107907,23.62060546875
3107997,22.94921875
3108037,25.93994140625
3108078,24.7802734375
3108123,23.74267578125
3108163,22.216796875
3108210,36.80419921875
3108278,23.37646484375
3168879,30.21240234375
3168909,28.564453125
3168933,35.58349609375
3168956,37.4755859375
3168980,29.6630859375
3169049,23.4375
3169074,23.25439453125
3169099,23.5595703125
3169151,21.97265625
3169181,25.87890625
3169221,30.94482421875
3169282,25.93994140625
3169389,29.296875
3169547,28.25927734375
3169612,24.0478515625
3169660,31.43310546875
3169713,34.48486328125
3169765,27.099609375
3169815,23.3154296875
3169855,24.90234375
3169892,24.47509765625
3169933,27.40478515625
3169975,23.74267578125
3170024,21.66748046875
3170134,23.13232421875
3197444,31.43310546875
3197494,30.70068359375
3197525,38.87939453125
3197553,21.78955078125
3197581,28.50341796875
3197625,27.099609375
3197672,30.33447265625
3197749,21.54541015625
3197781,23.62060546875
3197867,30.029296875
3197965,23.3154296875
3198114,26.18408203125
3198172,31.31103515625
3198254,23.193359375
3198319,24.2919921875
3198371,22.3388671875
3198431,24.169921875
3198470,23.8037109375
3198512,25.2685546875
3198591,28.50341796875
3198677,22.216796875
3243767,43.76220703125
3243796,30.45654296875
3243821,27.64892578125
3243845,26.9775390625
3243868,40.34423828125
3243890,29.84619140625
3243937,24.47509765625
3243961,23.3154296875
3243986,23.49853515625
3244045,23.86474609375
3244133,23.3154296875
3244374,30.517578125
3244453,36.07177734375
3244586,27.4658203125
3244627,22.705078125
3244675,23.13232421875
3244712,28.25927734375
3244751,28.6865234375
3244790,24.658203125
3244831,23.5595703125
3244878,25.146484375
3318857,33.3251953125
3318886,35.15625
3318908,22.39990234375
3318934,23.62060546875
3318968,25.93994140625
3318980,30.2734375
3319003,23.74267578125
3319048,26.3671875
3319073,25.390625
3319101,28.13720703125
3319132,22.27783203125
3319167,24.169921875
3319207,26.7333984375
3319287,25.81787109375
3319534,23.5595703125
3319611,22.52197265625
3319634,29.60205078125
3319736,24.47509765625
3319765,23.98681640625
3319809,26.91650390625
3319924,21.728515625
3319981,24.35302734375
3320081,22.27783203125
3341998,22.15576171875
3369362,27.099609375
3369395,29.4189453125
3369423,38.51318359375
3369448,24.59716796875
3369485,25.87890625
3369505,26.3671875
3369532,23.3154296875
3369613,28.6865234375
3369671,24.35302734375
3369710,26.7333984375
3369800,29.9072265625
3369936,32.470703125
3370019,22.64404296875
3370067,24.23095703125
3370083,25.634765625
3370132,25.7568359375
3370177,24.4140625
3370231,21.66748046875
3370262,28.01513671875
3370309,28.25927734375
3370347,24.35302734375
3370387,23.74267578125
3370432,25.32958984375
3370469,22.03369140625
3397566,27.03857421875
3410994,34.66796875
3411027,30.517578125
3411052,43.3349609375
3411076,37.4755859375
3411099,27.40478515625
3411123,27.587890625
3411146,25.390625
3411191,22.4609375
3411214,25.08544921875
3411243,22.216796875
3411273,25.146484375
3411309,22.5830078125
3411357,23.37646484375
3411479,34.60693359375
3411611,29.6630859375
3411697,28.564453125
3411756,26.42822265625
3411832,23.49853515625
3411874,24.47509765625
3411921,30.21240234375
3411961,26.611328125
3411999,30.57861328125
3412038,26.2451171875
3448308,28.74755859375
3448339,34.60693359375
3448363,41.32080078125
3448388,45.5322265625
3448436,26.42822265625
3448454,24.96337890625
3448505,24.96337890625
3448532,22.8271484375
3448561,22.5830078125
3448592,24.59716796875
3448628,26.79443359375
3448695,37.04833984375
3448855,34.5458984375
3448975,27.587890625
3449012,31.005859375
3449083,24.84130859375
3449130,21.728515625
3449177,23.98681640625
3449213,32.8369140625
3449258,25.146484375
3449299,22.705078125
3449462,22.94921875
3504756,34.3017578125
3504786,35.94970703125
3504816,25.08544921875
3504833,22.88818359375
3504855,33.69140625
3504901,27.28271484375
3504947,24.59716796875
3504972,26.7333984375
3505000,22.8271484375
3505030,31.494140625
3505067,25.146484375
3505108,23.01025390625
3505190,22.4609375
3505342,29.9072265625
3505404,24.10888671875
3505446,22.64404296875
3505473,21.97265625
3505570,24.5361328125
3505603,24.47509765625
3505645,24.5361328125
3505757,27.4658203125
3505792,26.18408203125
3505840,28.25927734375
3505897,28.38134765625
3544659,36.56005859375
3544695,31.67724609375
3544722,23.92578125
3544744,35.46142578125
3544768,28.1982421875
3544793,22.5830078125
3544815,23.193359375
3544915,26.55029296875
3544944,21.97265625
3545021,28.50341796875
3545119,24.10888671875
3545282,23.49853515625
3545371,29.1748046875
3545501,23.62060546875
3545539,34.48486328125
3545584,24.47509765625
3545619,25.45166015625
3545656,26.7333984375
3545693,24.10888671875
3545733,24.71923828125
3545776,21.97265625
3545855,25.81787109375
3613212,24.10888671875
3613227,27.2216796875
3613252,25.146484375
3613277,31.92138671875
3613304,23.37646484375
3613324,34.423828125
3613370,26.67236328125
3613443,23.25439453125
3613501,21.484375
3613595,24.96337890625
3613759,27.099609375
3613869,25.08544921875
3613921,33.935546875
3613991,30.8837890625
3614067,24.2919921875
3614116,26.06201171875
3614168,28.1982421875
3614204,23.62060546875
3614292,23.98681640625
3614372,21.3623046875
3651370,24.658203125
3651403,39.61181640625
3651427,43.212890625
3651452,31.43310546875
3651462,24.59716796875
3651499,30.09033203125
3651523,29.296875
3651547,23.37646484375
3651572,21.42333984375
3651599,21.728515625
3651627,27.4658203125
3651659,26.30615234375
3651750,21.66748046875
3651907,29.96826171875
3652002,25.87890625
3652119,27.9541015625
3652169,24.4140625
3652267,25.20751953125
3652304,28.3203125
3652358,21.484375
3652400,25.634765625
3652442,23.01025390625
3652557,27.9541015625
3685065,32.470703125
3685096,39.0625
3685120,33.26416015625
3685157,27.4658203125
3685192,27.03857421875
3685265,25.146484375
3685291,29.60205078125
3685351,23.0712890625
3685386,27.83203125
3685433,27.9541015625
3685692,31.92138671875
3685744,22.03369140625
3685808,21.66748046875
3685858,23.74267578125
3685908,22.5830078125
3685957,22.216796875
3686011,21.42333984375
3686053,24.7802734375
3686094,21.6064453125
3686147,29.296875
3686210,24.90234375
3748248,32.2265625
3748271,25.20751953125
3748284,22.03369140625
3748303,26.611328125
3748313,22.0947265625
3748353,29.47998046875
3748376,37.04833984375
3748398,24.7802734375
3748446,27.52685546875
3748472,25.57373046875
3748500,22.39990234375
3748534,29.541015625
3748575,21.484375
3748630,26.55029296875
3748814,24.47509765625
3748865,26.123046875
3749003,24.658203125
3749065,24.2919921875
3749153,27.7099609375
3749190,32.28759765625
3749226,26.06201171875
3749271,22.705078125
3749322,24.169921875
3749399,28.38134765625
3835224,22.0947265625
3835333,32.958984375
3835364,40.6494140625
3835391,39.61181640625
3835403,23.4375
3835415,29.4189453125
3835438,28.38134765625
3835471,24.90234375
3835486,22.27783203125
3835539,25.57373046875
3835557,22.15576171875
3835615,30.94482421875
3835689,22.94921875
3835978,35.70556640625
3836038,28.13720703125
3836114,22.27783203125
3836192,22.76611328125
3836240,22.5830078125
3836338,21.66748046875
3836371,21.97265625
3836418,29.72412109375
3836461,22.3388671875
3836500,21.97265625
3891287,23.8037109375
3891324,27.34375
3891353,29.4189453125
3891378,24.84130859375
3891402,29.47998046875
3891425,22.5830078125
3891469,27.83203125
3891492,31.3720703125
3891542,26.06201171875
3891572,21.3623046875
3891603,29.052734375
3891912,29.1748046875
3891998,30.33447265625
3892057,27.9541015625
3892127,29.1748046875
3892184,22.5830078125
3892214,27.28271484375
3892254,21.66748046875
3892300,24.84130859375
3892345,25.5126953125
3892449,29.541015625
3948529,25.0244140625
3948561,41.8701171875
3948587,37.4755859375
3948610,34.97314453125
3948621,26.42822265625
3948658,31.92138671875
3948680,22.5830078125
3948703,22.27783203125
3948720,21.3623046875
3948870,25.146484375
3949057,29.35791015625
3949205,31.1279296875
3949275,25.57373046875
3949329,22.705078125
3949372,25.81787109375
3949420,33.447265625
3949479,23.62060546875
3949531,24.0478515625
3949573,27.64892578125
3949611,23.3154296875
3949663,23.25439453125
3949820,26.30615234375
3995176,29.9072265625
3995201,22.15576171875
3995231,35.82763671875
3995254,43.51806640625
3995277,23.13232421875
3995303,28.99169921875
3995323,30.1513671875
3995347,22.27783203125
3995371,21.3623046875
3995398,25.390625
3995463,21.66748046875
3995521,29.60205078125
3995661,31.18896484375
3995794,30.8837890625
3995865,26.0009765625
3995930,27.03857421875
3995987,24.35302734375
3996027,26.123046875
3996064,31.25
3996106,24.71923828125
3996152,22.5830078125
3996207,28.564453125
3996314,23.86474609375
4034078,22.52197265625
4034111,31.6162109375
4034137,38.0859375
4034162,28.076171875
4034186,29.23583984375
4034210,22.27783203125
4034232,23.01025390625
4034255,27.7099609375
4034279,23.5595703125
4034304,21.8505859375
4034332,21.728515625
4034366,24.84130859375
4034405,26.42822265625
4034569,23.98681640625
4034798,31.3720703125
4034875,22.216796875
4034932,31.43310546875
4034987,24.10888671875
4035031,21.54541015625
4035069,27.03857421875
4035110,24.84130859375
4035152,21.78955078125
4080892,23.5595703125
4080913,23.0712890625
4080930,22.52197265625
4080950,30.82275390625
4080978,40.1611328125
4081005,25.20751953125
4081041,21.97265625
4081071,21.78955078125
4081098,21.42333984375
4081125,26.42822265625
4081156,24.10888671875
4081196,23.37646484375
4081258,26.9775390625
4081460,24.47509765625
4081565,24.2919921875
4081662,21.728515625
4081722,26.0009765625
4081763,23.62060546875
4081809,26.123046875
4081847,26.42822265625
4081881,24.47509765625
4081908,21.8505859375
4081924,23.49853515625
4082019,23.4375
4140931,28.80859375
4141495,30.517578125
4141523,30.21240234375
4141549,30.21240234375
4141568,28.86962890625
4141597,28.62548828125
4141612,27.587890625
4141630,23.62060546875
4141643,24.10888671875
4141670,21.3623046875
4141720,24.169921875
4141755,29.23583984375
4141848,22.39990234375
4142100,34.0576171875
4142176,22.15576171875
4142255,30.3955078125
4142310,24.658203125
4142369,27.2216796875
4142415,29.4189453125
4142454,30.2734375
4142501,27.2216796875
4142535,27.34375
4142617,31.3720703125
4188492,23.37646484375
4188538,23.98681640625
4188563,35.82763671875
4188588,31.1279296875
4188613,34.423828125
4188637,28.4423828125
4188660,22.8271484375
4188709,28.6865234375
4188735,23.3154296875
4188765,21.484375
4188807,29.11376953125
4189120,23.01025390625
4189245,25.69580078125
4189297,27.03857421875
4189344,24.10888671875
4189392,26.30615234375
4189448,22.15576171875
4189497,22.27783203125
4189559,25.390625
4189611,32.2265625
4277016,25.81787109375
4277048,23.92578125
4277072,40.283203125
4277095,31.18896484375
4277119,33.14208984375
4277142,42.8466796875
4277166,24.90234375
4277213,26.7333984375
4277239,29.9072265625
4277270,24.35302734375
4277351,21.8505859375
4277592,25.08544921875
4277771,27.4658203125
4277839,30.76171875
4277925,34.36279296875
4277960,26.123046875
4277999,31.92138671875
4278040,21.78955078125
4278180,23.5595703125
4299669,21.91162109375
4299707,28.74755859375
4299737,35.7666015625
4299757,27.34375
4299777,31.55517578125
4299787,29.296875
4299811,22.64404296875
4299835,29.9072265625
4299858,29.47998046875
4299883,23.193359375
4299911,25.2685546875
4299939,25.390625
4300012,29.47998046875
4300271,23.92578125
4300351,21.6064453125
4300431,21.78955078125
4300496,24.84130859375
4300575,25.20751953125
4300663,21.728515625
4300698,24.47509765625
4300740,23.193359375
4376427,40.46630859375
4376452,25.81787109375
4376476,25.08544921875
4376487,22.64404296875
4376524,27.52685546875
4376548,33.75244140625
4376573,26.9775390625
4376599,23.4375
4376628,26.91650390625
4376663,23.13232421875
4376715,29.9072265625
4377056,29.541015625
4377133,22.88818359375
4377188,35.888671875
4377291,21.78955078125
4377329,27.03857421875
4377379,27.03857421875
4377438,23.681640625
4377554,28.4423828125
4377623,21.78955078125
4408307,32.65380859375
4408987,22.64404296875
4409019,36.43798828125
4409047,25.7568359375
4409070,30.1513671875
4409096,24.5361328125
4409140,21.6064453125
4409164,26.4892578125
4409212,25.7568359375
4409240,29.052734375
4409273,24.0478515625
4409658,32.470703125
4409744,21.78955078125
4409798,32.53173828125
4409859,30.6396484375
4409902,32.470703125
4409937,23.0712890625
4409987,28.86962890625
4410088,24.35302734375
4410179,22.03369140625
4483719,27.64892578125
4483751,30.45654296875
4483779,32.8369140625
4483803,22.27783203125
4483827,29.1748046875
4483851,35.15625
4483896,23.8037109375
4483948,22.94921875
4484083,24.47509765625
4484347,25.20751953125
4484428,23.86474609375
4484523,23.86474609375
4484557,27.77099609375
4484597,23.74267578125
4484664,21.728515625
4484676,22.64404296875
4484713,26.3671875
4484759,25.20751953125
4484808,25.45166015625
4541704,21.54541015625
4541734,37.17041015625
4541758,30.76171875
4541783,26.79443359375
4541794,23.13232421875
4541807,31.8603515625
4541865,23.0712890625
4541901,29.47998046875
4541928,26.79443359375
4541960,23.8037109375
4542004,26.30615234375
4542225,21.97265625
4542341,25.390625
4542419,34.85107421875
4542463,24.2919921875
4542534,25.2685546875
4542572,22.88818359375
4542622,23.13232421875
4542675,21.97265625
4542716,22.15576171875
4542805,21.91162109375
4629057,45.34912109375
4629085,29.23583984375
4629109,27.16064453125
4629133,32.65380859375
4629148,29.60205078125
4629166,39.4287109375
4629179,27.83203125
4629203,21.8505859375
4629225,22.52197265625
4629251,24.0478515625
4629278,23.0712890625
4629629,24.90234375
4629708,22.94921875
4629731,21.54541015625
4629851,30.8837890625
4629895,31.8603515625
4629940,26.3671875
4629984,28.13720703125
4630026,25.08544921875
4630068,26.3671875
4630136,27.587890625
4630186,23.5595703125
4684281,34.97314453125
4684313,37.90283203125
4684338,45.41015625
4684362,25.08544921875
4684387,30.029296875
4684411,27.83203125
4684434,29.96826171875
4684458,21.66748046875
4684483,22.64404296875
4684511,21.97265625
4684591,21.3623046875
4684899,27.587890625
4684970,24.90234375
4685093,21.91162109375
4685133,27.52685546875
4685188,22.4609375
4685229,23.25439453125
4685241,23.49853515625
4685307,21.3623046875
4685387,22.4609375
4710120,29.96826171875
4710162,35.33935546875
4710194,25.634765625
4710220,21.91162109375
4710238,22.5830078125
4710251,28.4423828125
4710276,36.7431640625
4710296,26.123046875
4710323,27.64892578125
4710333,25.7568359375
4710372,22.03369140625
4710401,27.2216796875
4710436,23.4375
4710723,33.75244140625
4710863,32.470703125
4710923,29.296875
4710966,29.1748046875
4711004,27.587890625
4711042,24.71923828125
4711077,22.8271484375
4711124,26.85546875
4711169,21.484375
