4798001,0
13313,24.90234375
15062,66.83349609375
15098,30.45654296875
15132,28.3203125
15147,26.91650390625
40146,24.2919921875
86404,63.3544921875
86596,28.13720703125
86613,54.5654296875
86679,27.7099609375
107543,32.16552734375
107594,26.55029296875
107685,25.634765625
108591,24.7802734375
138555,26.91650390625
169883,26.91650390625
169904,26.79443359375
169943,25.45166015625
169964,30.76171875
170169,25.32958984375
170576,24.7802734375
247373,30.2734375
247389,41.9921875
247404,39.61181640625
247425,34.36279296875
247453,33.02001953125
247479,25.0244140625
247663,26.123046875
248340,25.57373046875
298074,66.46728515625
298085,25.390625
298105,26.4892578125
298128,25.20751953125
307728,24.2919921875
368733,57.18994140625
368745,28.74755859375
368768,24.71923828125
368812,28.564453125
391655,27.7099609375
391665,68.05419921875
391701,30.8837890625
391715,49.560546875
391768,27.64892578125
391803,31.73828125
391837,27.64892578125
483974,30.45654296875
484108,32.3486328125
484136,37.53662109375
484200,29.96826171875
485120,26.06201171875
485179,24.4140625
485347,29.6630859375
502782,29.1748046875
502803,27.03857421875
502847,33.63037109375
502863,26.123046875
502886,24.96337890625
503721,24.4140625
540952,26.18408203125
540997,71.6552734375
541014,34.5458984375
541044,28.50341796875
541094,25.5126953125
541232,26.06201171875
580707,25.08544921875
603396,37.9638671875
603411,29.11376953125
603435,31.1279296875
603449,27.16064453125
603518,27.7099609375
604374,26.4892578125
620177,29.78515625
701072,24.90234375
708731,30.09033203125
708804,39.9169921875
708828,24.84130859375
708850,27.4658203125
708879,27.64892578125
708903,26.9775390625
709686,31.06689453125
727649,53.3447265625
727665,25.08544921875
727735,41.68701171875
727763,28.3203125
727926,24.71923828125
789852,34.1796875
789892,36.56005859375
789903,40.71044921875
789932,26.18408203125
790891,26.55029296875
814527,26.30615234375
814609,37.41455078125
814627,31.982421875
814673,28.6865234375
814711,30.94482421875
814751,26.9775390625
814944,25.0244140625
845608,24.84130859375
894242,27.64892578125
894270,36.07177734375
894290,52.55126953125
894347,28.1982421875
894420,24.2919921875
895517,25.32958984375
950003,51.20849609375
950043,25.390625
950068,24.2919921875
950950,25.20751953125
951076,25.32958984375
1011581,59.08203125
1011609,29.96826171875
1011619,25.87890625
1064079,63.3544921875
1064093,40.52734375
1064140,27.83203125
1064170,29.72412109375
1064381,24.7802734375
1065211,27.03857421875
1153326,61.46240234375
1153390,25.87890625
1153410,60.85205078125
1153461,24.7802734375
1153491,28.86962890625
1167642,25.20751953125
1167679,38.6962890625
1167692,38.4521484375
1167714,28.01513671875
1167740,27.03857421875
1167773,28.6865234375
1214675,24.5361328125
1274585,59.38720703125
1274601,36.1328125
1274615,27.099609375
1274672,27.16064453125
1275092,26.06201171875
1275388,24.84130859375
1275692,25.57373046875
1275812,24.5361328125
1295340,64.75830078125
1295353,27.34375
1295381,30.8837890625
1295398,36.07177734375
1295421,26.06201171875
1295619,24.59716796875
1328112,26.30615234375
1328129,29.84619140625
1328153,26.30615234375
1329202,25.81787109375
1394561,28.25927734375
1394578,39.1845703125
1394603,27.9541015625
1394623,33.935546875
1394647,31.6162109375
1395009,27.52685546875
1395414,25.20751953125
1437912,39.794921875
1437929,25.0244140625
1437954,25.634765625
1438799,25.20751953125
1438850,24.2919921875
1499421,35.33935546875
1499455,39.4287109375
1499497,30.70068359375
1499526,28.1982421875
1543054,24.7802734375
1543080,66.7724609375
1543105,30.33447265625
1543136,27.9541015625
1543804,25.146484375
1544376,25.87890625
1555398,26.30615234375
1606546,33.50830078125
1606567,24.96337890625
1606590,38.2080078125
1606632,30.57861328125
1607529,24.59716796875
1667892,27.4658203125
1667903,76.35498046875
1667928,24.658203125
1667990,26.79443359375
1668166,24.90234375
1668798,24.47509765625
1668878,25.69580078125
1669081,24.47509765625
1690824,69.64111328125
1690851,28.80859375
1690865,37.353515625
1690907,24.84130859375
1690918,30.09033203125
1762940,37.53662109375
1762955,30.70068359375
1762982,32.8369140625
1762998,32.1044921875
1763031,27.9541015625
1836051,61.21826171875
1836070,31.18896484375
1836085,37.53662109375
1836161,24.59716796875
1837202,25.146484375
1837263,31.494140625
1859512,26.3671875
1859540,76.59912109375
1859551,27.2216796875
1859578,25.81787109375
1859591,26.42822265625
1859866,28.25927734375
1860371,28.6865234375
1860722,24.84130859375
1941556,25.5126953125
1941636,26.123046875
1941648,46.5087890625
1941673,28.4423828125
1941930,25.20751953125
1942757,25.20751953125
1956026,25.69580078125
1956063,60.791015625
1956106,25.390625
1956129,32.89794921875
1956147,31.8603515625
1956317,25.87890625
1956992,25.20751953125
2001467,38.26904296875
2001483,30.09033203125
2001503,29.9072265625
2001537,26.0009765625
2001641,29.23583984375
2001816,26.85546875
2002484,26.79443359375
2043881,24.5361328125
2068321,37.04833984375
2068342,27.89306640625
2068377,37.59765625
2097035,37.59765625
2097046,62.43896484375
2097096,28.50341796875
2097183,30.09033203125
2097198,24.96337890625
2111981,35.0341796875
2137932,67.0166015625
2137970,26.0009765625
2137984,27.7099609375
2138003,25.69580078125
2138021,33.87451171875
2138836,25.7568359375
2138951,25.81787109375
2200293,27.099609375
2200303,56.09130859375
2200356,27.2216796875
2200395,26.611328125
2200579,25.08544921875
2226304,25.87890625
2229620,26.7333984375
2229666,30.2734375
2229703,29.96826171875
2229743,29.23583984375
2230482,24.71923828125
2230506,27.2216796875
2230578,24.5361328125
2329517,54.87060546875
2329549,24.59716796875
2344117,25.69580078125
2344213,58.59375
2344234,29.541015625
2344260,36.376953125
2344282,27.77099609375
2344299,24.96337890625
2344338,25.20751953125
2344426,24.2919921875
2344550,24.59716796875
2345366,27.28271484375
2385215,27.16064453125
2385235,30.45654296875
2385257,36.9873046875
2385272,25.69580078125
2385299,25.57373046875
2385318,24.59716796875
2442169,31.31103515625
2442202,35.33935546875
2442212,30.33447265625
2442227,25.5126953125
2520268,64.75830078125
2520333,44.98291015625
2520345,35.400390625
2572378,25.20751953125
2572397,29.4189453125
2572424,38.4521484375
2572461,34.5458984375
2572756,25.69580078125
2603996,42.29736328125
2604019,24.2919921875
2604031,28.6865234375
2604729,25.69580078125
2604822,24.59716796875
2613108,24.96337890625
2674473,24.5361328125
2674516,70.3125
2674532,28.86962890625
2674552,31.73828125
2674572,28.13720703125
2675852,24.59716796875
2708555,36.376953125
2708569,33.87451171875
2708590,33.8134765625
2708627,36.19384765625
2708639,28.13720703125
2708667,38.330078125
2708690,32.5927734375
2708736,24.71923828125
2708815,27.587890625
2708964,26.85546875
2709294,26.123046875
2709318,24.5361328125
2709422,25.634765625
2773754,37.53662109375
2773778,38.818359375
2773811,32.77587890625
2773873,26.42822265625
2774693,28.99169921875
2781862,26.2451171875
2797209,62.5
2797225,34.912109375
2797245,26.611328125
2797340,25.146484375
2798265,25.2685546875
2860665,27.16064453125
2860684,31.31103515625
2860701,24.2919921875
2860723,31.005859375
2860786,35.0341796875
2860933,24.658203125
2888202,25.7568359375
2888276,64.697265625
2888289,28.80859375
2888317,29.541015625
2888340,28.4423828125
2889222,25.20751953125
2889350,24.5361328125
2938234,59.326171875
2938246,25.7568359375
2938292,30.57861328125
2938320,29.47998046875
2939263,27.64892578125
2939341,25.45166015625
2976278,39.0625
2976291,24.96337890625
2976338,40.771484375
2976356,25.20751953125
2976380,28.99169921875
2976545,26.79443359375
3022885,26.67236328125
3022902,73.73046875
3022915,25.81787109375
3022937,24.71923828125
3022949,25.390625
3023061,24.84130859375
3023340,25.634765625
3074732,31.79931640625
3074745,31.06689453125
3074772,24.90234375
3074812,40.34423828125
3074858,27.4658203125
3075056,25.7568359375
3139590,29.60205078125
3139633,35.400390625
3139647,36.4990234375
3139668,29.9072265625
3139784,26.2451171875
3140313,24.2919921875
3227223,49.13330078125
3227234,28.62548828125
3227288,29.60205078125
3227425,26.91650390625
3227474,24.4140625
3254005,63.65966796875
3254037,31.005859375
3254058,37.4755859375
3254083,36.1328125
3254105,24.47509765625
3254186,27.16064453125
3254303,27.16064453125
3255043,24.47509765625
3303328,27.7099609375
3303362,33.69140625
3303394,28.38134765625
3303410,27.89306640625
3303432,25.32958984375
3303467,27.7099609375
3303527,24.2919921875
3303632,28.1982421875
3303724,24.47509765625
3304268,26.0009765625
3304423,25.69580078125
3304558,24.658203125
3366811,25.87890625
3366836,28.99169921875
3366873,25.87890625
3431322,27.03857421875
3431333,24.71923828125
3431389,26.67236328125
3431422,24.658203125
3431612,24.35302734375
3432262,25.146484375
3436791,25.08544921875
3439686,26.4892578125
3501720,58.16650390625
3549754,26.2451171875
3549806,28.13720703125
3549818,29.96826171875
3549838,26.79443359375
3549865,34.423828125
3549885,36.4990234375
3550085,25.08544921875
3550254,24.90234375
3550754,24.35302734375
3550896,24.47509765625
3647646,25.20751953125
3647658,29.9072265625
3647687,27.099609375
3647731,24.4140625
3647871,27.587890625
3648551,26.9775390625
3666409,62.56103515625
3666425,28.9306640625
3666452,33.203125
3666524,24.84130859375
3706187,36.9873046875
3706209,26.3671875
3706247,27.2216796875
3706310,25.87890625
3706345,25.08544921875
3765937,50.6591796875
3765957,25.57373046875
3765990,28.38134765625
3766041,24.90234375
3828311,30.517578125
3828332,29.72412109375
3828363,31.6162109375
3828400,30.8837890625
3829159,24.658203125
3829531,24.47509765625
3869587,59.814453125
3869618,30.1513671875
3869652,26.3671875
3869675,24.658203125
3869906,26.30615234375
3870552,25.146484375
3870783,25.69580078125
3954348,30.76171875
3954385,26.4892578125
3954403,27.099609375
3954459,24.35302734375
3979000,62.1337890625
3979025,24.4140625
3979050,29.78515625
3979092,30.45654296875
3979202,24.7802734375
3992022,26.3671875
4084316,41.8701171875
4084339,37.17041015625
4084351,26.611328125
4084361,39.00146484375
4085267,27.34375
4097252,74.21875
4097264,32.40966796875
4097299,28.9306640625
4097535,26.85546875
4098461,28.62548828125
4102538,25.146484375
4150552,30.57861328125
4150589,31.18896484375
4150626,27.52685546875
4151681,24.4140625
4209848,70.25146484375
4209876,28.99169921875
4209898,39.55078125
4209917,26.91650390625
4297133,51.7578125
4297224,43.51806640625
4297240,28.564453125
4297268,36.80419921875
4297292,27.64892578125
4298063,25.146484375
4342742,54.931640625
4342789,31.005859375
4342807,29.96826171875
4342829,24.7802734375
4342851,27.9541015625
4342868,28.80859375
4342894,30.3955078125
4343644,27.9541015625
4343724,24.47509765625
4397523,75.5615234375
4470791,24.59716796875
4472841,35.64453125
4472853,34.66796875
4472879,27.89306640625
4472896,27.587890625
4473706,25.7568359375
4488566,24.658203125
4488576,53.955078125
4488609,24.2919921875
4488620,35.888671875
4488640,30.09033203125
4488653,26.0009765625
4489552,26.79443359375
4489581,25.45166015625
4532245,27.34375
4532259,65.3076171875
4532270,24.4140625
4532294,29.60205078125
4532340,25.69580078125
4533171,25.2685546875
4584022,30.3955078125
4584038,58.7158203125
4584070,36.62109375
4584081,25.20751953125
4584306,27.03857421875
4584985,26.611328125
4585077,25.20751953125
4647506,24.71923828125
4658495,42.54150390625
4658510,27.77099609375
4658533,26.3671875
4658557,26.55029296875
4658760,25.2685546875
4659529,25.81787109375
4721746,32.40966796875
4721785,31.3720703125
4721801,25.87890625
4722688,30.8837890625
4722758,25.390625
