4798001,0
117904,42.48046875
117970,32.65380859375
118050,37.59765625
118095,31.494140625
118374,33.447265625
118492,33.38623046875
119336,31.43310546875
271115,33.02001953125
271176,38.87939453125
271240,33.935546875
271341,35.5224609375
271626,33.02001953125
273039,34.60693359375
436988,40.1611328125
437048,32.958984375
437068,38.87939453125
437087,32.8369140625
437156,44.49462890625
437228,45.10498046875
437332,33.99658203125
437410,31.79931640625
438112,33.203125
624949,39.85595703125
625005,31.494140625
625125,32.65380859375
625635,33.50830078125
626553,34.7900390625
810453,40.4052734375
810525,31.43310546875
810537,44.0673828125
810573,31.67724609375
810604,36.68212890625
811556,34.3017578125
989554,34.60693359375
989624,34.912109375
989707,35.58349609375
989831,39.85595703125
989919,37.17041015625
989992,32.5927734375
990021,32.958984375
990622,31.6162109375
991441,31.6162109375
1159697,50.1708984375
1160627,32.1044921875
1160843,33.75244140625
1347776,37.7197265625
1347847,36.56005859375
1347910,33.447265625
1347938,33.26416015625
1347956,34.7900390625
1348384,33.5693359375
1348808,36.07177734375
1349408,32.470703125
1551344,33.447265625
1551419,40.771484375
1551476,32.1044921875
1551575,31.73828125
1551772,34.36279296875
1552244,37.04833984375
1552934,32.04345703125
1788778,31.55517578125
1788910,33.26416015625
1788921,35.82763671875
1789143,43.45703125
1789369,35.21728515625
1790630,35.7666015625
1963029,37.4755859375
1963141,40.771484375
1963174,36.0107421875
1963273,34.1796875
1963607,34.60693359375
2155720,38.51318359375
2155812,33.69140625
2155859,31.55517578125
2156006,32.71484375
2156189,34.7900390625
2156334,31.55517578125
2156453,32.470703125
2388587,46.9970703125
2388663,33.87451171875
2388700,36.865234375
2389115,32.28759765625
2389308,33.0810546875
2389952,33.14208984375
2390322,36.43798828125
2625448,44.7998046875
2625538,33.50830078125
2625602,34.36279296875
2625666,31.55517578125
2875614,36.865234375
2875841,35.09521484375
2875916,34.11865234375
2876064,40.8935546875
2876658,32.53173828125
2877189,32.16552734375
3112714,36.7431640625
3112814,43.39599609375
3113015,38.330078125
3113944,33.02001953125
3349412,31.6162109375
3349512,32.04345703125
3349965,33.69140625
3350265,32.470703125
3351438,32.3486328125
3699238,34.423828125
3699282,32.53173828125
3699529,36.07177734375
3701207,34.11865234375
4042966,35.2783203125
4043074,37.17041015625
4043235,32.1044921875
4044439,32.28759765625
