4798001,0
23184,47.05810546875
23248,39.1845703125
23258,48.2177734375
23339,38.51318359375
23380,48.095703125
23398,33.3251953125
23442,30.57861328125
23455,45.34912109375
67977,48.40087890625
68051,36.07177734375
68079,38.87939453125
68092,31.55517578125
68160,37.41455078125
68181,31.92138671875
68326,32.2265625
68337,30.6396484375
68377,31.73828125
68413,37.4755859375
68958,30.70068359375
149371,43.88427734375
149429,57.9833984375
149461,38.57421875
149472,31.18896484375
149496,35.82763671875
149510,35.33935546875
149537,33.8134765625
149690,38.57421875
149714,31.3720703125
149845,32.04345703125
178288,51.6357421875
178374,42.17529296875
178463,33.3251953125
178496,47.91259765625
178520,31.43310546875
178609,33.14208984375
178676,32.04345703125
178733,33.69140625
178844,43.701171875
179446,32.16552734375
228357,55.2978515625
228426,37.53662109375
228472,31.005859375
228485,30.76171875
228522,38.02490234375
228535,31.6162109375
228546,31.494140625
228570,43.64013671875
229598,37.4755859375
295940,50.59814453125
296011,39.0625
296065,38.02490234375
296092,31.79931640625
296106,32.1044921875
296151,31.25
332333,49.37744140625
332407,41.32080078125
332442,30.76171875
332465,32.71484375
332504,31.6162109375
332531,34.5458984375
332543,31.1279296875
332605,33.8134765625
333596,30.76171875
372933,33.02001953125
373006,36.68212890625
373026,37.65869140625
373058,38.63525390625
373090,46.32568359375
373130,43.212890625
373159,38.14697265625
373181,32.5927734375
373227,33.75244140625
373266,31.43310546875
373289,35.46142578125
373501,30.76171875
472463,48.52294921875
472530,34.72900390625
472558,33.69140625
472577,50.6591796875
472622,33.5693359375
472639,34.60693359375
472667,37.9638671875
472688,37.41455078125
472806,31.6162109375
473746,34.5458984375
533973,46.56982421875
534022,32.2265625
534045,31.79931640625
534087,33.935546875
534110,31.005859375
534123,35.82763671875
534148,38.26904296875
534174,37.353515625
534184,38.330078125
534210,34.0576171875
534231,32.65380859375
534816,31.67724609375
585323,44.37255859375
585340,30.6396484375
585391,54.931640625
585412,35.888671875
585455,33.935546875
585473,33.8134765625
585507,42.17529296875
585536,38.2080078125
585549,31.67724609375
585622,33.75244140625
585670,39.306640625
598980,61.46240234375
599094,31.982421875
599148,30.6396484375
599165,41.19873046875
599221,35.33935546875
599305,32.3486328125
599331,36.92626953125
599349,33.14208984375
599412,37.65869140625
599439,31.92138671875
599478,32.40966796875
599504,31.06689453125
600229,31.005859375
600529,32.53173828125
656708,42.8466796875
656779,44.921875
656795,33.38623046875
656821,36.92626953125
656834,34.912109375
656859,43.15185546875
656887,39.4287109375
656910,31.005859375
656925,41.015625
656945,38.14697265625
657033,30.8837890625
733170,49.86572265625
733193,33.0810546875
733232,53.40576171875
733261,54.3212890625
733285,40.58837890625
733301,47.607421875
733323,55.7861328125
733339,31.8603515625
733369,38.330078125
733391,31.982421875
733473,36.43798828125
733499,35.0341796875
734306,31.3720703125
787570,52.42919921875
787635,53.52783203125
787652,35.94970703125
787686,45.71533203125
787719,38.75732421875
787736,34.60693359375
787779,36.7431640625
788899,30.94482421875
789035,30.8837890625
831050,36.43798828125
831112,33.38623046875
831123,48.64501953125
831191,40.83251953125
831210,34.48486328125
831280,31.18896484375
831349,34.1796875
831411,34.66796875
831610,33.8134765625
886881,45.34912109375
886953,34.66796875
887021,30.57861328125
887063,55.5419921875
887091,33.5693359375
962802,49.9267578125
962840,30.82275390625
962869,34.912109375
962882,39.24560546875
962906,35.82763671875
962931,35.5224609375
962973,39.24560546875
962988,35.33935546875
963065,33.14208984375
963118,30.82275390625
963983,32.8369140625
1009749,40.22216796875
1009822,32.2265625
1009845,34.423828125
1009878,35.09521484375
1009899,36.80419921875
1009913,36.43798828125
1009938,33.50830078125
1009975,31.25
1009985,31.1279296875
1010006,32.958984375
1010507,31.005859375
1081579,57.43408203125
1081612,34.3017578125
1081640,33.447265625
1081667,36.865234375
1081698,40.95458984375
1081752,32.8369140625
1081800,32.1044921875
1081815,31.31103515625
1082515,32.8369140625
1092951,34.912109375
1092972,50.72021484375
1093136,36.865234375
1093164,34.48486328125
1093297,47.91259765625
1093365,35.21728515625
1093415,40.283203125
1093449,33.14208984375
1093466,31.25
1093506,40.10009765625
1094418,31.005859375
1142585,42.48046875
1142661,36.4990234375
1142695,33.26416015625
1142752,39.0625
1142817,39.9169921875
1143054,30.82275390625
1258010,46.08154296875
1258071,40.1611328125
1258095,37.29248046875
1258137,44.00634765625
1258151,39.73388671875
1258177,39.55078125
1258240,41.015625
1258997,39.306640625
1259230,30.6396484375
1292292,49.25537109375
1292360,41.32080078125
1292389,35.64453125
1292415,32.04345703125
1292459,33.447265625
1292487,36.9873046875
1292504,45.166015625
1292520,34.60693359375
1292597,33.0810546875
1292625,34.7900390625
1293525,31.005859375
1293711,31.92138671875
1357703,47.36328125
1357754,32.958984375
1357768,42.90771484375
1357828,38.39111328125
1357843,31.494140625
1357859,33.5693359375
1357882,36.7431640625
1357901,37.109375
1357936,38.39111328125
1358739,31.3720703125
1414452,47.66845703125
1414491,40.771484375
1414515,54.62646484375
1414549,40.1611328125
1414561,30.76171875
1414611,36.43798828125
1414638,41.6259765625
1414669,32.1044921875
1414687,32.1044921875
1414768,34.48486328125
1445044,45.166015625
1445114,38.63525390625
1445140,30.57861328125
1445160,34.7900390625
1445185,33.5693359375
1445196,39.24560546875
1445226,34.11865234375
1445271,33.8134765625
1445395,30.94482421875
1490205,57.67822265625
1490285,51.6357421875
1490367,48.33984375
1490393,46.44775390625
1490416,47.4853515625
1490455,37.353515625
1490522,33.69140625
1490562,34.11865234375
1539111,49.49951171875
1539178,66.2841796875
1539225,36.376953125
1539263,38.51318359375
1539347,36.0107421875
1539631,32.5927734375
1540365,32.53173828125
1619754,40.8935546875
1619826,35.7666015625
1619847,31.6162109375
1619893,37.841796875
1619950,42.96875
1641510,51.69677734375
1641598,46.20361328125
1641620,34.36279296875
1641639,32.89794921875
1641671,35.15625
1641681,43.76220703125
1641718,34.5458984375
1641736,32.71484375
1641800,32.470703125
1641832,36.43798828125
1641888,40.34423828125
1745983,49.1943359375
1746046,45.5322265625
1746076,30.82275390625
1746109,31.18896484375
1746120,54.443359375
1746132,30.76171875
1746161,35.09521484375
1746279,33.63037109375
1746295,36.56005859375
1769587,49.86572265625
1769672,41.93115234375
1769754,47.30224609375
1769776,40.1611328125
1769809,35.7666015625
1769832,35.70556640625
1769875,36.4990234375
1828389,37.2314453125
1828401,30.8837890625
1828426,34.1796875
1828458,30.70068359375
1828496,35.0341796875
1828531,34.24072265625
1828558,32.958984375
1828614,35.64453125
1828629,34.0576171875
1828647,33.14208984375
1828661,43.51806640625
1829540,32.65380859375
1890066,52.06298828125
1890128,32.8369140625
1890142,45.166015625
1890163,32.28759765625
1890178,34.912109375
1890189,31.005859375
1890218,43.39599609375
1890247,38.87939453125
1890266,32.5927734375
1890281,40.52734375
1890341,32.470703125
1890418,43.45703125
1890447,32.16552734375
1952058,39.1845703125
1952120,35.7666015625
1952157,58.04443359375
1952168,37.29248046875
1952198,44.25048828125
1952246,44.0673828125
1952258,31.3720703125
1952286,31.8603515625
1952332,36.31591796875
1952372,32.8369140625
1952451,43.39599609375
1952546,34.3017578125
1993552,50.10986328125
1993625,40.95458984375
1993654,38.39111328125
1993688,31.982421875
1993716,32.28759765625
1993731,32.04345703125
1993769,38.330078125
1993833,30.6396484375
1993867,31.67724609375
1994417,31.3720703125
1994545,30.94482421875
2086058,45.95947265625
2086124,33.26416015625
2086182,31.8603515625
2086209,32.71484375
2086256,33.38623046875
2086312,34.0576171875
2086354,33.50830078125
2100266,48.33984375
2100384,30.57861328125
2100465,32.40966796875
2100505,52.490234375
2100542,35.2783203125
2100555,36.4990234375
2100596,38.26904296875
2100630,32.71484375
2100674,32.04345703125
2100733,30.6396484375
2101672,34.72900390625
2202148,45.654296875
2202210,41.1376953125
2202221,46.7529296875
2202291,39.55078125
2202310,31.25
2202371,32.3486328125
2202452,31.6162109375
2215919,45.59326171875
2216024,35.94970703125
2216100,35.400390625
2216147,37.53662109375
2216187,46.32568359375
2216205,31.25
2216234,31.79931640625
2284680,31.79931640625
2284696,45.22705078125
2284738,32.3486328125
2284761,35.400390625
2284777,32.1044921875
2284792,32.8369140625
2284813,32.71484375
2284833,33.203125
2284847,37.59765625
2284909,37.78076171875
2284928,48.76708984375
2284951,35.58349609375
2285577,33.26416015625
2285762,33.69140625
2295083,40.8935546875
2295617,37.353515625
2295746,35.0341796875
2295784,34.1796875
2295825,33.63037109375
2295954,31.79931640625
2295969,32.958984375
2295988,33.63037109375
2296013,43.64013671875
2296048,31.1279296875
2296079,36.2548828125
2296103,33.3251953125
2354569,63.4765625
2354621,39.12353515625
2354645,48.095703125
2354738,34.423828125
2354766,37.65869140625
2354981,33.99658203125
2410436,50.84228515625
2410513,37.90283203125
2410540,31.1279296875
2410575,34.0576171875
2410586,41.259765625
2410605,43.39599609375
2410655,31.005859375
2410680,31.494140625
2410752,34.3017578125
2472081,51.3916015625
2472121,41.80908203125
2472152,36.4990234375
2472194,37.17041015625
2472220,30.6396484375
2472241,42.90771484375
2472258,36.19384765625
2472284,33.203125
2472388,31.67724609375
2505498,48.33984375
2505523,31.6162109375
2505574,30.6396484375
2505646,40.22216796875
2506511,32.470703125
2506726,31.25
2575449,48.828125
2575493,41.93115234375
2575523,42.05322265625
2575575,32.16552734375
2575600,32.65380859375
2575626,65.73486328125
2575650,39.4287109375
2575681,40.1611328125
2575720,34.3017578125
2575756,32.40966796875
2576662,31.005859375
2631810,49.62158203125
2631886,38.14697265625
2631898,31.06689453125
2631923,32.16552734375
2631953,30.57861328125
2631982,33.5693359375
2631994,38.818359375
2632207,31.1279296875
2632844,32.8369140625
2709913,43.3349609375
2709975,36.43798828125
2710000,35.46142578125
2710026,41.1376953125
2710065,40.0390625
2710101,35.5224609375
2710112,31.43310546875
2710150,38.39111328125
2710164,40.52734375
2710195,31.3720703125
2739372,49.31640625
2739438,35.64453125
2739449,50.537109375
2739520,31.92138671875
2739547,35.7666015625
2739582,34.3017578125
2739596,30.57861328125
2739660,35.64453125
2740240,35.400390625
2774804,51.513671875
2774878,39.36767578125
2774922,44.5556640625
2774942,32.1044921875
2774992,38.818359375
2775020,36.19384765625
2775056,35.888671875
2775498,33.0810546875
2859218,52.490234375
2859258,31.3720703125
2859287,39.97802734375
2859309,32.5927734375
2859329,46.5087890625
2859351,43.701171875
2859365,30.94482421875
2859381,39.36767578125
2859405,35.15625
2859419,35.82763671875
2859586,31.06689453125
2873540,41.8701171875
2873683,36.4990234375
2873791,39.85595703125
2873818,30.76171875
2873853,31.25
2873877,34.0576171875
2873907,43.51806640625
2873921,31.73828125
2873950,33.5693359375
2873970,34.60693359375
2873991,35.888671875
2874019,31.005859375
2874054,39.24560546875
2874678,31.494140625
2938803,62.5
2938885,34.97314453125
2938914,38.75732421875
2938925,43.45703125
2938955,41.259765625
2938980,31.3720703125
2938997,32.1044921875
2939112,37.04833984375
2939174,38.6962890625
2987409,42.90771484375
2987479,36.2548828125
2987528,33.447265625
2987554,34.24072265625
2987565,33.38623046875
2987591,56.2744140625
2987713,31.67724609375
2987909,34.66796875
2988304,32.89794921875
3003510,36.2548828125
3052200,39.61181640625
3052243,33.02001953125
3052292,45.0439453125
3052318,32.958984375
3052338,36.865234375
3052360,32.8369140625
3052399,38.51318359375
3052417,39.794921875
3052495,41.19873046875
3090995,42.66357421875
3091076,41.50390625
3091150,55.96923828125
3091173,38.9404296875
3091190,35.400390625
3091236,38.4521484375
3091247,31.494140625
3091289,37.7197265625
3091313,34.36279296875
3091337,37.7197265625
3091354,32.8369140625
3091427,33.38623046875
3171419,52.1240234375
3171431,30.57861328125
3171492,47.05810546875
3171510,34.66796875
3171539,45.8984375
3171599,41.259765625
3171618,44.49462890625
3171637,49.62158203125
3171656,35.09521484375
3171679,34.912109375
3171729,33.69140625
3171777,31.31103515625
3234167,46.5087890625
3234203,34.5458984375
3234235,41.44287109375
3234246,33.14208984375
3234263,32.958984375
3234302,42.8466796875
3234334,33.3251953125
3234345,38.14697265625
3234393,41.68701171875
3234493,33.203125
3248756,46.93603515625
3248886,45.34912109375
3249000,44.49462890625
3249042,33.75244140625
3249096,41.32080078125
3249123,37.4755859375
3249140,37.41455078125
3249261,30.94482421875
3249329,32.53173828125
3249737,30.70068359375
3282416,45.47119140625
3282454,34.24072265625
3282469,31.55517578125
3282497,41.3818359375
3282535,31.25
3282556,37.353515625
3282567,35.09521484375
3282602,36.56005859375
3282685,43.0908203125
3282771,33.5693359375
3282793,33.38623046875
3282879,31.18896484375
3384988,59.14306640625
3385064,54.443359375
3385082,36.19384765625
3385119,34.60693359375
3385130,34.97314453125
3385158,34.36279296875
3385171,32.89794921875
3385192,33.69140625
3385212,37.4755859375
3385235,34.72900390625
3385555,32.1044921875
3385647,32.958984375
3395702,47.2412109375
3441462,47.7294921875
3441518,34.0576171875
3441538,33.203125
3441585,40.1611328125
3441631,40.46630859375
3441709,35.82763671875
3441775,33.935546875
3506687,41.1376953125
3506754,45.0439453125
3506781,35.21728515625
3506817,34.11865234375
3506844,41.50390625
3506859,39.55078125
3506878,42.54150390625
3506898,35.70556640625
3506940,35.888671875
3506962,42.54150390625
3506982,30.6396484375
3507057,36.0107421875
3507695,30.82275390625
3532637,52.24609375
3532737,34.1796875
3532823,33.447265625
3532857,45.47119140625
3532878,38.0859375
3532905,34.60693359375
3532944,32.40966796875
3532969,32.53173828125
3533000,31.06689453125
3586325,43.39599609375
3586400,37.53662109375
3586442,36.7431640625
3586495,34.36279296875
3586505,36.31591796875
3586531,34.60693359375
3586556,33.69140625
3586687,31.92138671875
3647819,38.57421875
3647902,34.48486328125
3647924,36.0107421875
3647974,38.87939453125
3648012,31.67724609375
3648046,39.1845703125
3648071,30.6396484375
3648154,31.982421875
3648223,41.015625
3648383,31.79931640625
3766355,70.556640625
3766429,31.005859375
3766476,43.5791015625
3766507,35.15625
3766541,46.142578125
3766572,34.85107421875
3766628,32.53173828125
3767350,32.8369140625
3836934,49.86572265625
3837001,37.353515625
3837036,35.33935546875
3837050,33.14208984375
3837075,31.79931640625
3837110,36.865234375
3837121,40.8935546875
3837141,34.60693359375
3837161,36.865234375
3837178,36.2548828125
3837191,35.7666015625
3837218,36.2548828125
3837286,33.8134765625
3863855,53.28369140625
3863943,46.69189453125
3864016,33.447265625
3864046,42.29736328125
3864057,41.93115234375
3864116,35.21728515625
3864126,35.888671875
3864144,36.19384765625
3864193,36.19384765625
3948817,40.283203125
3948880,35.46142578125
3948891,43.9453125
3948926,43.9453125
3948939,42.66357421875
3948968,31.005859375
3948978,40.71044921875
3949009,38.330078125
3949022,32.470703125
3949045,32.470703125
3949057,38.75732421875
3959354,45.7763671875
3959760,47.30224609375
4066038,51.26953125
4066103,35.7666015625
4066143,33.38623046875
4066154,34.11865234375
4066178,49.86572265625
4066201,35.09521484375
4066224,39.24560546875
4066247,32.28759765625
4066293,31.79931640625
4066331,32.958984375
4066430,32.958984375
4111811,62.43896484375
4111870,35.5224609375
4111885,33.63037109375
4111925,31.92138671875
4111963,32.2265625
4112018,39.24560546875
4112067,31.79931640625
4112089,35.0341796875
4186926,42.05322265625
4186955,38.02490234375
4186998,38.4521484375
4187098,37.841796875
4187165,31.25
4187184,35.64453125
4187200,31.6162109375
4294017,45.5322265625
4294053,32.89794921875
4294076,38.87939453125
4294118,45.47119140625
4294168,38.4521484375
4294184,30.8837890625
4294206,32.470703125
4294247,32.40966796875
4294284,33.8134765625
4294314,35.0341796875
4294438,30.94482421875
4344030,41.9921875
4344066,31.8603515625
4344093,39.4287109375
4344129,32.470703125
4344189,45.41015625
4344325,32.5927734375
4345171,30.82275390625
4397344,51.45263671875
4397399,32.28759765625
4397415,42.41943359375
4397459,33.935546875
4397510,42.96875
4397542,34.7900390625
4397572,39.85595703125
4397596,30.8837890625
4397618,33.0810546875
4397753,30.94482421875
4494772,46.38671875
4494788,33.99658203125
4494842,36.62109375
4494873,33.203125
4494909,31.67724609375
4494926,59.9365234375
4494943,38.330078125
4494962,30.70068359375
4495001,41.748046875
4495036,32.28759765625
4495062,31.73828125
4495090,31.31103515625
4495831,31.55517578125
4495954,30.6396484375
4560169,45.95947265625
4560187,31.3720703125
4560207,40.52734375
4560250,31.3720703125
4560273,34.60693359375
4560298,33.8134765625
4560326,39.12353515625
4560338,31.06689453125
4560385,33.26416015625
4560415,33.0810546875
4560443,30.76171875
4560466,35.82763671875
4560778,32.8369140625
4599958,43.02978515625
4600035,37.841796875
4600046,58.59375
4600065,32.5927734375
4600112,34.72900390625
4600132,54.50439453125
4600148,41.56494140625
4600198,32.53173828125
4600219,32.04345703125
4600248,33.447265625
4600327,34.97314453125
4600352,30.76171875
4669153,43.0908203125
4669225,47.54638671875
4669260,32.28759765625
4669350,31.8603515625
4669393,32.77587890625
4669463,31.79931640625
4669533,32.28759765625
4684471,60.4248046875
4684567,37.9638671875
4684700,32.28759765625
4684711,33.99658203125
4684741,39.4287109375
4684753,44.43359375
4684765,32.40966796875
4684797,41.748046875
4684909,31.3720703125
4741132,50.29296875
4741202,38.75732421875
4741229,33.935546875
4741252,48.095703125
4741305,31.25
4741315,33.14208984375
4741332,33.50830078125
4741357,42.724609375
4741407,39.55078125
4741423,34.60693359375
4741442,34.72900390625
4741616,33.935546875
