4798001,0
23226,47.2412109375
23274,61.58447265625
23296,45.71533203125
23323,163.39111328125
23333,112.060546875
23353,259.521484375
23368,104.91943359375
23386,116.943359375
23406,65.12451171875
23428,66.46728515625
23441,43.64013671875
23459,39.1845703125
23474,46.2646484375
23487,53.16162109375
23509,49.86572265625
23530,58.65478515625
23554,58.837890625
23571,56.396484375
23592,39.85595703125
23663,33.75244140625
23763,44.7998046875
23857,60.48583984375
23915,38.02490234375
23975,44.98291015625
24052,34.3017578125
24082,66.22314453125
24145,55.6640625
24164,38.4521484375
24208,56.396484375
24286,43.02978515625
24349,34.423828125
24462,54.87060546875
68052,37.9638671875
68075,54.13818359375
68097,166.44287109375
68112,91.796875
68123,301.08642578125
68140,65.7958984375
68155,125.42724609375
68190,77.20947265625
68205,45.8984375
68221,61.5234375
68242,39.9169921875
68255,36.1328125
68271,49.8046875
68313,65.49072265625
68345,64.3310546875
68357,37.4755859375
68575,41.50390625
68663,56.45751953125
68715,54.6875
68748,64.94140625
68814,61.58447265625
68904,44.43359375
68977,59.2041015625
69001,33.935546875
69032,41.44287109375
69067,58.9599609375
69099,47.7294921875
69162,45.10498046875
69210,37.78076171875
69241,49.86572265625
69252,32.3486328125
69289,57.06787109375
69363,42.29736328125
149393,37.841796875
149428,47.36328125
149459,153.01513671875
149481,71.2890625
149491,221.98486328125
149502,84.04541015625
149521,90.51513671875
149546,58.349609375
149563,50.72021484375
149574,58.28857421875
149588,57.2509765625
149610,49.1943359375
149630,42.724609375
149645,69.9462890625
149670,46.56982421875
149698,49.31640625
149724,40.10009765625
149814,35.94970703125
149906,62.8662109375
149980,49.74365234375
150057,39.12353515625
150096,34.24072265625
150172,65.0634765625
150205,47.2412109375
150274,54.8095703125
150314,39.4287109375
150389,36.2548828125
150406,65.5517578125
150441,56.5185546875
150510,60.546875
150539,38.02490234375
150581,65.91796875
150600,38.75732421875
150628,35.58349609375
150697,41.56494140625
178369,47.36328125
178398,61.4013671875
178439,43.88427734375
178455,66.7724609375
178473,242.24853515625
178491,122.13134765625
178505,127.5634765625
178536,87.7685546875
178555,82.8857421875
178572,36.2548828125
178582,72.021484375
178604,64.88037109375
178617,53.7109375
178640,34.60693359375
178661,67.5048828125
178688,79.52880859375
178721,68.603515625
178789,35.46142578125
178936,35.2783203125
179011,52.18505859375
179069,54.13818359375
179120,32.3486328125
179170,46.32568359375
179212,73.974609375
179297,48.33984375
179329,54.01611328125
179374,34.60693359375
179412,38.39111328125
179469,36.0107421875
179486,42.17529296875
179503,45.47119140625
179550,37.53662109375
179585,35.2783203125
179634,39.4287109375
179761,38.2080078125
228433,66.71142578125
228465,129.45556640625
228491,276.55029296875
228514,63.4765625
228525,133.30078125
228559,65.85693359375
228572,57.67822265625
228586,55.908203125
228602,66.162109375
228619,47.66845703125
228631,41.8701171875
228646,44.37255859375
228685,39.00146484375
228695,37.9638671875
228741,46.7529296875
228951,59.02099609375
229021,51.20849609375
229066,67.3828125
229151,66.34521484375
229185,33.02001953125
229235,32.40966796875
229277,58.28857421875
229321,43.64013671875
229362,53.955078125
229394,78.43017578125
229424,59.63134765625
229462,32.5927734375
229510,57.373046875
229563,59.08203125
229609,65.73486328125
229673,49.98779296875
229780,41.56494140625
296006,41.32080078125
296037,55.35888671875
296064,155.94482421875
296086,257.14111328125
296101,94.6044921875
296117,104.736328125
296136,88.37890625
296150,61.6455078125
296171,76.11083984375
296186,52.6123046875
296196,44.5556640625
296211,48.03466796875
296238,34.3017578125
296250,41.259765625
296278,66.58935546875
296307,44.43359375
296347,64.453125
296564,40.52734375
296612,48.095703125
296686,44.5556640625
296724,42.8466796875
296779,47.79052734375
296852,67.68798828125
296910,56.57958984375
296946,32.77587890625
296967,50.4150390625
297039,44.7998046875
297083,36.1328125
297101,50.10986328125
297120,52.79541015625
297155,46.38671875
297190,35.09521484375
297220,58.41064453125
297312,42.3583984375
332379,56.21337890625
332416,50.9033203125
332458,158.26416015625
332472,52.24609375
332490,226.318359375
332505,62.19482421875
332521,139.22119140625
332542,70.068359375
332563,77.880859375
332573,44.49462890625
332596,53.466796875
332612,48.33984375
332623,62.56103515625
332642,44.73876953125
332664,49.86572265625
332690,61.8896484375
332722,74.3408203125
332937,45.34912109375
333029,50.9033203125
333084,61.70654296875
333136,46.38671875
333201,60.72998046875
333212,32.470703125
333258,60.302734375
333304,65.49072265625
333368,72.57080078125
333405,32.65380859375
333415,76.2939453125
333445,41.56494140625
333508,48.27880859375
333522,62.1337890625
333539,45.2880859375
333593,51.08642578125
333632,58.04443359375
333738,55.6640625
373031,52.8564453125
373048,61.46240234375
373066,37.65869140625
373081,110.3515625
373105,310.24169921875
373117,126.220703125
373136,94.90966796875
373163,80.62744140625
373179,67.19970703125
373193,58.28857421875
373219,64.75830078125
373241,67.626953125
373260,70.3125
373282,67.87109375
373293,32.71484375
373317,80.62744140625
373348,50.78125
373393,35.400390625
373504,39.36767578125
373603,47.42431640625
373656,50.84228515625
373729,66.2841796875
373781,42.1142578125
373873,54.5654296875
373904,50.9033203125
373938,42.90771484375
373972,65.12451171875
374009,32.71484375
374025,65.85693359375
374064,42.3583984375
374104,36.9873046875
374169,58.16650390625
374216,38.51318359375
374278,53.77197265625
472536,54.443359375
472548,59.14306640625
472577,181.70166015625
472596,256.103515625
472629,110.83984375
472658,84.89990234375
472669,32.53173828125
472679,52.3681640625
472715,76.72119140625
472726,55.5419921875
472739,46.142578125
472777,40.52734375
472789,59.6923828125
472839,55.84716796875
473012,35.58349609375
473114,47.79052734375
473162,46.5087890625
473238,59.14306640625
473284,52.6123046875
473355,46.69189453125
473410,52.001953125
473460,59.08203125
473514,33.447265625
473575,40.4052734375
473611,59.14306640625
473681,55.23681640625
473728,57.43408203125
473825,48.15673828125
473868,51.8798828125
473950,39.6728515625
534041,47.2412109375
534058,54.6875
534089,55.11474609375
534099,85.0830078125
534113,253.23486328125
534142,130.7373046875
534159,102.72216796875
534178,44.61669921875
534191,47.7294921875
534205,47.119140625
534225,54.6875
534250,39.73388671875
534263,44.189453125
534287,60.9130859375
534305,34.60693359375
534317,63.90380859375
534335,36.80419921875
534372,62.07275390625
534447,32.28759765625
534511,54.5654296875
534604,53.5888671875
534677,51.8798828125
534763,63.8427734375
534794,66.162109375
534848,64.3310546875
534892,40.771484375
534944,55.23681640625
534982,33.26416015625
534999,63.90380859375
535034,52.1240234375
535073,58.04443359375
535117,47.30224609375
535154,52.18505859375
535187,50.048828125
535231,56.884765625
585380,34.7900390625
585399,37.41455078125
585430,153.62548828125
585454,291.259765625
585466,73.18115234375
585476,95.3369140625
585521,73.1201171875
585539,71.83837890625
585551,58.2275390625
585573,44.25048828125
585591,49.37744140625
585620,75.74462890625
585641,60.24169921875
585664,33.8134765625
585687,54.6875
585716,70.37353515625
585870,54.62646484375
585971,58.837890625
586011,67.07763671875
586050,44.0673828125
586117,58.10546875
586166,43.701171875
586194,61.5234375
586270,66.46728515625
586301,39.48974609375
586329,50.72021484375
586388,71.10595703125
586420,32.40966796875
586431,59.26513671875
586472,60.72998046875
586506,60.60791015625
586589,43.76220703125
586712,64.14794921875
599185,47.119140625
599223,168.64013671875
599260,70.98388671875
599288,345.64208984375
599307,55.0537109375
599322,95.52001953125
599335,42.3583984375
599365,51.45263671875
599384,60.36376953125
599403,38.57421875
599418,58.28857421875
599441,36.4990234375
599451,33.63037109375
599474,57.55615234375
599490,54.87060546875
599537,70.6787109375
599691,65.185546875
599795,66.0400390625
599830,32.958984375
599844,36.865234375
599917,47.4853515625
599974,41.015625
599987,34.7900390625
600037,52.3681640625
600067,45.2880859375
600085,35.64453125
600117,44.0673828125
600143,37.7197265625
600183,52.55126953125
600217,63.04931640625
600258,62.5
600293,33.3251953125
600304,44.921875
600324,36.19384765625
600357,43.76220703125
600424,37.841796875
656759,48.52294921875
656785,33.5693359375
656831,164.794921875
656848,206.48193359375
656880,135.009765625
656905,77.33154296875
656939,71.2890625
656953,48.583984375
656977,38.02490234375
657000,62.19482421875
657021,42.66357421875
657047,58.7158203125
657075,63.96484375
657139,57.18994140625
657297,34.48486328125
657345,53.89404296875
657455,63.29345703125
657495,46.7529296875
657523,32.8369140625
657552,59.814453125
657584,60.1806640625
657639,49.25537109375
657678,52.978515625
657720,46.0205078125
657739,57.373046875
657792,90.33203125
657822,67.626953125
657858,55.0537109375
657890,34.1796875
657910,57.92236328125
657955,52.6123046875
658067,40.52734375
733222,58.77685546875
733237,59.6923828125
733262,33.26416015625
733277,113.6474609375
733299,249.08447265625
733314,97.16796875
733328,64.75830078125
733342,73.42529296875
733358,57.80029296875
733372,71.96044921875
733396,60.1806640625
733410,53.64990234375
733436,80.62744140625
733450,57.373046875
733468,47.30224609375
733506,45.71533203125
733516,32.8369140625
733720,69.9462890625
733779,52.001953125
733842,39.9169921875
733855,50.23193359375
733896,39.4287109375
733949,70.86181640625
733986,36.865234375
734023,40.58837890625
734036,34.66796875
734064,57.18994140625
734083,33.203125
734104,42.17529296875
734152,62.56103515625
734199,56.396484375
734250,48.52294921875
734297,60.546875
734393,38.0859375
734436,55.23681640625
787632,52.3681640625
787643,47.36328125
787666,158.14208984375
787680,78.91845703125
787700,262.02392578125
787731,116.14990234375
787759,62.255859375
787784,66.34521484375
787803,48.15673828125
787813,42.236328125
787831,56.396484375
787859,62.255859375
787869,43.15185546875
787895,32.65380859375
787919,42.724609375
787948,32.958984375
787972,62.56103515625
788107,49.31640625
788208,57.12890625
788261,63.29345703125
788325,40.8935546875
788363,39.24560546875
788406,48.64501953125
788465,66.10107421875
788507,50.9033203125
788573,47.2412109375
788622,45.8984375
788639,45.654296875
788653,45.34912109375
788714,49.74365234375
788746,41.3818359375
788767,49.49951171875
788783,53.1005859375
788794,34.66796875
788823,39.306640625
788894,48.7060546875
831124,41.3818359375
831141,41.50390625
831171,173.15673828125
831185,91.4306640625
831199,233.3984375
831216,135.6201171875
831231,129.39453125
831261,83.31298828125
831283,86.9140625
831300,40.52734375
831311,53.3447265625
831329,54.62646484375
831341,84.5947265625
831377,45.59326171875
831387,37.841796875
831412,37.59765625
831449,50.96435546875
831634,48.2177734375
831732,57.67822265625
831777,57.4951171875
831824,47.54638671875
831870,57.80029296875
831928,51.26953125
831954,34.36279296875
831991,40.8935546875
832021,33.63037109375
832068,53.64990234375
832089,34.72900390625
832111,48.4619140625
832140,40.0390625
832156,46.38671875
832187,51.7578125
832221,81.787109375
832252,33.99658203125
832373,61.4013671875
886938,47.42431640625
886950,57.80029296875
886979,177.18505859375
886999,40.71044921875
887015,254.8828125
887031,121.39892578125
887048,120.1171875
887074,65.97900390625
887091,72.8759765625
887106,56.94580078125
887118,68.4814453125
887134,72.021484375
887168,56.15234375
887191,52.42919921875
887202,58.28857421875
887224,36.43798828125
887258,52.6123046875
887331,33.87451171875
887445,45.166015625
887522,51.94091796875
887588,45.654296875
887620,62.98828125
887668,43.15185546875
887724,56.21337890625
887755,41.44287109375
887814,36.92626953125
887830,46.69189453125
887848,65.97900390625
887913,67.93212890625
887949,36.7431640625
887976,82.8857421875
888021,40.58837890625
888031,36.62109375
888054,56.5185546875
888078,43.212890625
888140,49.98779296875
888172,44.189453125
962861,51.08642578125
962915,162.109375
962939,255.0048828125
962970,133.97216796875
962992,75.68359375
963018,68.115234375
963037,74.76806640625
963059,40.34423828125
963076,68.29833984375
963094,50.10986328125
963110,63.232421875
963152,59.26513671875
963168,39.4287109375
963339,47.79052734375
963458,56.09130859375
963503,52.6123046875
963569,46.81396484375
963596,36.80419921875
963651,47.4853515625
963721,59.6923828125
963731,35.2783203125
963758,56.33544921875
963801,71.8994140625
963852,34.48486328125
963886,60.791015625
963906,39.12353515625
963931,44.3115234375
963979,61.09619140625
964074,52.001953125
1009817,52.978515625
1009851,38.87939453125
1009871,146.78955078125
1009896,68.66455078125
1009915,124.93896484375
1009929,77.1484375
1009945,71.1669921875
1009963,65.4296875
1009980,80.13916015625
1010002,57.2509765625
1010038,70.9228515625
1010058,64.14794921875
1010083,56.33544921875
1010116,74.03564453125
1010139,35.94970703125
1010151,72.69287109375
1010296,62.43896484375
1010408,55.35888671875
1010464,46.32568359375
1010528,60.72998046875
1010565,45.83740234375
1010610,49.8046875
1010649,55.6640625
1010683,32.77587890625
1010695,66.7724609375
1010705,33.26416015625
1010733,61.1572265625
1010772,34.11865234375
1010783,49.74365234375
1010820,36.9873046875
1010857,38.63525390625
1010898,73.30322265625
1010932,60.791015625
1010976,37.4755859375
1011035,44.00634765625
1081633,41.748046875
1081653,68.05419921875
1081682,150.390625
1081698,48.03466796875
1081718,88.68408203125
1081737,92.6513671875
1081756,64.208984375
1081775,57.67822265625
1081790,41.8701171875
1081810,43.212890625
1081821,62.744140625
1081833,54.3212890625
1081868,48.7060546875
1081895,65.3076171875
1081927,69.4580078125
1081968,55.96923828125
1082097,60.6689453125
1082167,37.7197265625
1082204,37.04833984375
1082286,49.98779296875
1082330,50.23193359375
1082385,50.47607421875
1082420,42.3583984375
1082457,52.24609375
1082473,40.83251953125
1082516,64.0869140625
1082540,35.15625
1082558,62.92724609375
1082605,61.09619140625
1082639,56.2744140625
1082686,59.38720703125
1082729,58.9599609375
1082788,56.82373046875
1082823,59.9365234375
1082845,39.00146484375
1082895,56.396484375
1093249,36.9873046875
1093270,54.99267578125
1093309,42.90771484375
1093338,147.0947265625
1093350,83.92333984375
1093374,68.54248046875
1093393,127.0751953125
1093417,105.40771484375
1093429,61.03515625
1093441,73.6083984375
1093474,92.95654296875
1093497,59.814453125
1093511,41.1376953125
1093521,43.76220703125
1093533,43.9453125
1093551,52.8564453125
1093569,57.7392578125
1093619,58.10546875
1093644,36.376953125
1093671,43.5791015625
1093684,49.8046875
1093804,48.583984375
1093901,49.74365234375
1093953,59.38720703125
1094044,54.74853515625
1094076,32.958984375
1094123,42.78564453125
1094169,47.4853515625
1094209,59.08203125
1094261,39.36767578125
1094295,33.38623046875
1094344,49.6826171875
1094371,37.41455078125
1094406,54.62646484375
1094439,54.443359375
1094458,33.02001953125
1094475,39.48974609375
1094514,38.818359375
1094546,38.6962890625
1094594,36.0107421875
1142648,49.560546875
1142677,37.78076171875
1142704,46.9970703125
1142721,175.9033203125
1142743,300.84228515625
1142755,95.27587890625
1142766,68.603515625
1142776,103.1494140625
1142804,80.26123046875
1142826,55.419921875
1142837,33.38623046875
1142860,50.9033203125
1142884,59.38720703125
1142922,49.37744140625
1142935,43.0908203125
1142961,51.26953125
1142998,57.31201171875
1143253,54.8095703125
1143336,57.0068359375
1143381,52.1240234375
1143453,61.1572265625
1143496,60.97412109375
1143531,60.11962890625
1143603,48.64501953125
1143648,47.91259765625
1143679,57.43408203125
1143724,49.6826171875
1143756,45.41015625
1143786,34.85107421875
1143796,45.47119140625
1143831,52.6123046875
1143896,44.677734375
1144033,40.1611328125
1258051,44.00634765625
1258070,32.40966796875
1258095,177.6123046875
1258110,78.2470703125
1258126,256.2255859375
1258158,135.55908203125
1258184,85.14404296875
1258202,82.51953125
1258217,63.232421875
1258236,58.2275390625
1258260,39.61181640625
1258278,54.6875
1258304,50.84228515625
1258335,42.17529296875
1258360,44.12841796875
1258410,49.8046875
1258550,39.12353515625
1258657,35.888671875
1258717,55.7861328125
1258749,37.53662109375
1258839,45.654296875
1258888,54.8095703125
1258929,51.81884765625
1258984,44.677734375
1259039,47.607421875
1259064,52.67333984375
1259096,48.64501953125
1259106,36.68212890625
1259134,36.1328125
1259170,45.10498046875
1259226,49.4384765625
1259259,32.40966796875
1259302,51.33056640625
1259353,43.27392578125
1292388,35.888671875
1292409,157.77587890625
1292438,41.1376953125
1292461,299.98779296875
1292492,112.1826171875
1292504,67.44384765625
1292523,78.7353515625
1292535,66.22314453125
1292559,37.04833984375
1292579,40.0390625
1292603,77.20947265625
1292626,73.974609375
1292638,61.767578125
1292654,35.0341796875
1292682,47.54638671875
1292705,32.65380859375
1292731,65.24658203125
1292819,36.62109375
1292852,39.61181640625
1292936,61.95068359375
1293021,52.734375
1293048,51.33056640625
1293092,66.7724609375
1293163,56.640625
1293174,37.65869140625
1293225,32.53173828125
1293242,60.1806640625
1293281,33.50830078125
1293328,46.2646484375
1293385,33.26416015625
1293404,32.71484375
1293421,49.1943359375
1293482,36.80419921875
1293529,56.82373046875
1293562,43.0908203125
1293606,46.875
1357747,41.93115234375
1357779,58.349609375
1357798,196.59423828125
1357827,247.25341796875
1357840,76.23291015625
1357858,92.28515625
1357889,77.94189453125
1357900,49.560546875
1357911,64.0869140625
1357945,52.06298828125
1357958,65.91796875
1357972,54.3212890625
1358017,65.4296875
1358047,55.48095703125
1358092,46.2646484375
1358237,47.05810546875
1358353,48.03466796875
1358399,63.78173828125
1358446,57.4951171875
1358485,43.9453125
1358550,48.33984375
1358606,64.94140625
1358627,33.935546875
1358648,60.9130859375
1358683,43.27392578125
1358737,54.3212890625
1358785,50.47607421875
1358830,46.32568359375
1358862,55.17578125
1358914,50.23193359375
1358968,60.11962890625
1414497,69.580078125
1414543,177.6123046875
1414574,278.01513671875
1414605,97.2900390625
1414621,71.8994140625
1414646,67.87109375
1414665,51.1474609375
1414676,56.82373046875
1414698,75.5615234375
1414716,58.04443359375
1414755,47.79052734375
1414776,44.43359375
1414829,45.41015625
1414852,34.36279296875
1415012,57.861328125
1415074,37.2314453125
1415151,45.59326171875
1415181,52.67333984375
1415255,66.40625
1415285,55.419921875
1415336,62.92724609375
1415409,54.0771484375
1415495,37.2314453125
1415540,69.7021484375
1415598,42.05322265625
1415632,42.78564453125
1415712,50.4150390625
1445134,46.44775390625
1445164,186.1572265625
1445191,296.69189453125
1445205,60.36376953125
1445222,109.130859375
1445242,82.1533203125
1445256,35.46142578125
1445275,39.6728515625
1445313,50.537109375
1445344,40.34423828125
1445361,61.5234375
1445394,78.06396484375
1445425,55.908203125
1445470,45.5322265625
1445607,37.90283203125
1445694,45.95947265625
1445765,48.095703125
1445825,52.79541015625
1445873,69.64111328125
1445915,66.162109375
1445948,53.5888671875
1445982,32.53173828125
1446005,58.9599609375
1446037,48.03466796875
1446078,41.3818359375
1446117,39.85595703125
1446157,56.45751953125
1446192,40.8935546875
1446242,52.1240234375
1446325,50.35400390625
1490263,55.96923828125
1490299,51.81884765625
1490324,163.330078125
1490336,54.62646484375
1490346,250.3662109375
1490365,124.51171875
1490399,72.93701171875
1490424,55.6640625
1490438,70.068359375
1490454,50.537109375
1490472,65.12451171875
1490484,73.79150390625
1490509,56.21337890625
1490552,73.73046875
1490582,46.142578125
1490634,53.8330078125
1490760,41.9921875
1490908,57.43408203125
1490974,60.546875
1491027,39.1845703125
1491062,49.6826171875
1491117,65.4296875
1491188,36.07177734375
1491270,50.10986328125
1491296,64.51416015625
1491329,40.283203125
1491406,73.3642578125
1491466,58.65478515625
1491479,37.53662109375
1539165,42.96875
1539188,44.677734375
1539212,73.79150390625
1539223,178.03955078125
1539250,231.93359375
1539266,95.27587890625
1539283,109.31396484375
1539305,47.2412109375
1539331,76.66015625
1539342,43.5791015625
1539365,65.185546875
1539386,58.16650390625
1539405,66.83349609375
1539447,58.2275390625
1539464,33.203125
1539482,33.99658203125
1539535,37.2314453125
1539666,62.31689453125
1539766,39.0625
1539806,47.30224609375
1539864,39.0625
1539942,61.95068359375
1539978,36.43798828125
1540025,61.03515625
1540081,47.42431640625
1540098,39.794921875
1540125,44.43359375
1540166,64.14794921875
1540204,38.02490234375
1540220,33.8134765625
1540259,47.607421875
1540299,40.71044921875
1540343,62.01171875
1540438,40.46630859375
1619847,53.5888671875
1619875,171.630859375
1619897,265.380859375
1619927,95.947265625
1619957,79.9560546875
1619976,57.06787109375
1619994,82.21435546875
1620022,46.38671875
1620038,56.82373046875
1620051,38.26904296875
1620061,53.77197265625
1620109,78.30810546875
1620140,62.80517578125
1620325,43.51806640625
1620372,42.724609375
1620418,33.14208984375
1620459,56.33544921875
1620517,49.86572265625
1620582,57.43408203125
1620623,57.67822265625
1620669,39.794921875
1620748,56.21337890625
1620764,41.44287109375
1620781,42.3583984375
1620854,49.86572265625
1620886,54.5654296875
1620898,34.7900390625
1620955,51.025390625
1620985,36.0107421875
1621001,46.0205078125
1641578,54.443359375
1641616,40.1611328125
1641647,48.4619140625
1641664,184.6923828125
1641694,258.056640625
1641709,76.2939453125
1641728,120.9716796875
1641757,82.21435546875
1641777,82.275390625
1641787,38.9404296875
1641799,46.56982421875
1641819,69.39697265625
1641861,61.03515625
1641878,49.560546875
1641890,32.65380859375
1641921,65.0634765625
1641960,52.1240234375
1642105,60.85205078125
1642196,53.22265625
1642255,59.75341796875
1642302,47.4853515625
1642386,65.61279296875
1642425,71.4111328125
1642459,36.31591796875
1642474,63.1103515625
1642498,64.51416015625
1642546,50.59814453125
1642573,60.24169921875
1642593,32.8369140625
1642631,49.86572265625
1642664,37.841796875
1642700,37.841796875
1642749,41.3818359375
1642814,51.1474609375
1746029,50.72021484375
1746062,53.52783203125
1746087,175.78125
1746108,236.63330078125
1746137,110.107421875
1746156,66.89453125
1746190,56.2744140625
1746208,68.90869140625
1746221,68.84765625
1746231,82.51953125
1746261,36.7431640625
1746278,36.56005859375
1746292,33.50830078125
1746312,61.70654296875
1746336,37.41455078125
1746358,49.98779296875
1746498,55.60302734375
1746606,39.794921875
1746682,52.55126953125
1746712,41.93115234375
1746750,47.36328125
1746805,48.88916015625
1746865,65.36865234375
1746897,37.90283203125
1746955,40.4052734375
1747027,33.38623046875
1747119,39.36767578125
1747172,75.62255859375
1747211,33.203125
1747226,37.59765625
1747252,69.7021484375
1747315,58.89892578125
1769709,43.9453125
1769742,179.13818359375
1769766,73.91357421875
1769787,252.25830078125
1769810,108.33740234375
1769831,63.4765625
1769848,74.76806640625
1769875,58.77685546875
1769888,69.39697265625
1769924,55.6640625
1769941,49.25537109375
1769955,52.67333984375
1769973,33.8134765625
1769997,64.94140625
1770026,55.17578125
1770071,38.0859375
1770186,43.51806640625
1770277,50.6591796875
1770347,42.236328125
1770390,63.232421875
1770444,36.2548828125
1770513,54.38232421875
1770538,68.42041015625
1770569,35.46142578125
1770586,55.7861328125
1770624,36.865234375
1770655,32.470703125
1770670,60.4248046875
1770709,51.26953125
1770749,63.720703125
1770794,66.95556640625
1770871,54.74853515625
1770920,46.38671875
1828409,45.95947265625
1828439,43.5791015625
1828476,194.3359375
1828491,85.51025390625
1828518,249.51171875
1828551,96.8017578125
1828581,82.03125
1828600,82.58056640625
1828610,60.546875
1828621,63.5986328125
1828643,75.50048828125
1828674,53.5888671875
1828700,54.931640625
1828737,42.29736328125
1828767,35.5224609375
1828897,57.31201171875
1829020,67.3828125
1829071,52.42919921875
1829127,64.14794921875
1829173,65.185546875
1829218,55.23681640625
1829267,55.17578125
1829311,48.27880859375
1829361,45.41015625
1829372,41.50390625
1829411,40.8935546875
1829448,33.8134765625
1829471,57.55615234375
1829507,42.54150390625
1829541,38.0859375
1829604,40.771484375
1829684,55.2978515625
1890101,32.5927734375
1890137,47.36328125
1890166,170.41015625
1890191,250.54931640625
1890224,163.0859375
1890238,61.279296875
1890269,42.48046875
1890285,47.36328125
1890300,45.166015625
1890312,56.0302734375
1890344,66.162109375
1890368,60.60791015625
1890385,59.02099609375
1890411,51.6357421875
1890429,38.4521484375
1890467,41.748046875
1890580,35.888671875
1890692,43.8232421875
1890793,51.20849609375
1890832,54.38232421875
1890869,62.19482421875
1890925,52.91748046875
1890955,62.744140625
1891002,59.63134765625
1891051,59.38720703125
1891065,37.65869140625
1891091,36.9873046875
1891139,78.18603515625
1891178,34.24072265625
1891291,37.841796875
1891373,42.78564453125
1891423,34.7900390625
1952126,37.109375
1952155,86.669921875
1952170,74.76806640625
1952186,258.4228515625
1952205,116.455078125
1952217,100.09765625
1952248,100.7080078125
1952266,59.4482421875
1952283,55.419921875
1952298,45.166015625
1952309,55.7861328125
1952332,75.8056640625
1952371,51.1474609375
1952396,59.326171875
1952413,41.80908203125
1952432,32.958984375
1952476,34.423828125
1952536,36.43798828125
1952651,52.30712890625
1952715,57.80029296875
1952753,63.8427734375
1952820,65.36865234375
1952890,47.30224609375
1952927,61.4013671875
1952973,49.072265625
1953029,48.03466796875
1953076,49.37744140625
1953183,49.6826171875
1953227,46.44775390625
1953246,35.5224609375
1953275,61.279296875
1993636,47.607421875
1993662,74.52392578125
1993677,160.15625
1993708,252.5634765625
1993720,114.013671875
1993738,46.630859375
1993770,108.21533203125
1993786,50.1708984375
1993802,57.67822265625
1993823,65.673828125
1993850,74.03564453125
1993862,45.71533203125
1993874,33.26416015625
1993897,59.63134765625
1993924,55.5419921875
1993956,63.41552734375
1994030,62.80517578125
1994092,33.99658203125
1994127,66.650390625
1994227,37.53662109375
1994273,46.5087890625
1994341,54.74853515625
1994381,35.46142578125
1994434,61.95068359375
1994489,74.462890625
1994528,50.59814453125
1994597,33.26416015625
1994612,52.91748046875
1994656,61.6455078125
1994719,56.33544921875
1994777,42.1142578125
1994931,35.400390625
2086105,48.7060546875
2086150,176.20849609375
2086165,71.77734375
2086178,279.96826171875
2086192,81.6650390625
2086209,105.04150390625
2086234,49.98779296875
2086252,45.8984375
2086269,53.955078125
2086290,47.30224609375
2086311,69.7021484375
2086324,46.20361328125
2086335,43.64013671875
2086357,69.15283203125
2086375,43.64013671875
2086388,35.5224609375
2086414,51.94091796875
2086460,54.62646484375
2086585,52.8564453125
2086674,40.4052734375
2086734,65.00244140625
2086784,47.91259765625
2086844,33.02001953125
2086897,66.95556640625
2086926,65.0634765625
2086974,56.82373046875
2087048,54.931640625
2087138,50.537109375
2087183,43.27392578125
2087203,58.837890625
2087244,66.40625
2087348,63.8427734375
2087399,48.4619140625
2100445,48.76708984375
2100480,52.8564453125
2100507,167.17529296875
2100541,74.27978515625
2100568,337.58544921875
2100579,59.6923828125
2100603,152.16064453125
2100631,68.66455078125
2100649,46.93603515625
2100671,63.17138671875
2100690,75.13427734375
2100703,59.326171875
2100713,42.78564453125
2100756,44.98291015625
2100785,57.373046875
2100817,46.630859375
2100855,41.748046875
2100999,49.072265625
2101080,47.7294921875
2101143,42.05322265625
2101167,42.41943359375
2101245,53.955078125
2101310,55.96923828125
2101349,45.5322265625
2101374,33.02001953125
2101442,55.23681640625
2101461,36.56005859375
2101494,42.8466796875
2101530,59.63134765625
2101594,35.70556640625
2101620,56.640625
2101644,40.771484375
2101663,33.38623046875
2101782,42.78564453125
2202215,43.51806640625
2202243,94.54345703125
2202274,287.59765625
2202287,99.4873046875
2202306,129.7607421875
2202324,43.51806640625
2202343,105.224609375
2202360,66.5283203125
2202376,35.0341796875
2202388,45.71533203125
2202423,87.158203125
2202444,75.62255859375
2202469,69.76318359375
2202492,56.2744140625
2202508,41.3818359375
2202567,53.22265625
2202623,39.6728515625
2202635,35.09521484375
2202664,50.96435546875
2202771,61.5234375
2202842,41.50390625
2202922,65.49072265625
2202972,46.08154296875
2203009,42.6025390625
2203047,62.5
2203091,59.4482421875
2203127,37.353515625
2203145,43.64013671875
2203208,34.48486328125
2203221,63.3544921875
2203266,71.83837890625
2203319,36.07177734375
2203472,60.72998046875
2216079,62.3779296875
2216102,149.96337890625
2216135,107.5439453125
2216158,87.7685546875
2216178,76.2939453125
2216195,69.27490234375
2216213,47.8515625
2216225,45.71533203125
2216236,39.61181640625
2216256,68.78662109375
2216283,54.8095703125
2216300,56.21337890625
2216326,50.59814453125
2216340,46.630859375
2216373,69.27490234375
2216403,35.82763671875
2216457,42.41943359375
2216537,35.400390625
2216593,33.5693359375
2216668,63.4765625
2216722,49.01123046875
2216792,59.4482421875
2216824,69.091796875
2216882,64.3310546875
2216907,32.28759765625
2216932,47.18017578125
2216977,48.15673828125
2217018,62.31689453125
2217057,43.88427734375
2217091,73.79150390625
2217127,53.28369140625
2217172,64.697265625
2217228,50.048828125
2217255,51.8798828125
2217316,47.42431640625
2284774,51.26953125
2284789,43.701171875
2284810,165.6494140625
2284830,73.18115234375
2284841,66.0400390625
2284864,108.09326171875
2284879,56.396484375
2284894,87.21923828125
2284913,52.734375
2284933,60.05859375
2284946,53.16162109375
2284957,75.62255859375
2284984,73.05908203125
2285018,64.3310546875
2285035,49.37744140625
2285090,76.35498046875
2285146,38.39111328125
2285300,49.74365234375
2285366,45.71533203125
2285450,62.1337890625
2285495,39.73388671875
2285543,51.3916015625
2285614,55.72509765625
2285661,49.9267578125
2285694,55.2978515625
2285739,61.6455078125
2285753,39.97802734375
2285825,43.76220703125
2285918,55.84716796875
2295512,39.6728515625
2295625,52.001953125
2295638,38.2080078125
2295730,47.42431640625
2295774,44.189453125
2295787,37.17041015625
2295804,66.95556640625
2295829,39.00146484375
2295846,126.52587890625
2295877,46.630859375
2295895,50.29296875
2295925,110.4736328125
2295943,60.546875
2295965,62.01171875
2295977,62.92724609375
2295995,70.37353515625
2296037,65.85693359375
2296064,69.9462890625
2296097,59.50927734375
2296107,33.8134765625
2296134,55.6640625
2296174,60.85205078125
2296275,50.59814453125
2296373,54.5654296875
2296422,48.095703125
2296481,56.7626953125
2296525,57.18994140625
2296609,36.31591796875
2296695,35.15625
2296738,40.52734375
2296782,57.2509765625
2296836,42.6025390625
2296881,54.74853515625
2354650,49.560546875
2354693,151.79443359375
2354718,58.4716796875
2354736,156.79931640625
2354752,90.63720703125
2354768,56.82373046875
2354791,45.47119140625
2354804,56.45751953125
2354814,55.84716796875
2354833,56.33544921875
2354859,52.91748046875
2354876,49.37744140625
2354900,33.75244140625
2354922,40.6494140625
2354956,43.8232421875
2354991,32.71484375
2355094,52.490234375
2355174,58.53271484375
2355297,41.44287109375
2355335,36.43798828125
2355394,54.0771484375
2355457,57.861328125
2355565,32.77587890625
2355581,47.66845703125
2355611,55.35888671875
2355691,49.86572265625
2355727,67.3828125
2355852,47.30224609375
2410518,64.0869140625
2410561,153.3203125
2410578,41.3818359375
2410605,140.13671875
2410623,84.9609375
2410642,66.34521484375
2410657,53.40576171875
2410673,47.54638671875
2410686,72.998046875
2410704,47.05810546875
2410729,55.17578125
2410772,41.6259765625
2410793,41.6259765625
2410836,51.8798828125
2410882,57.55615234375
2410927,33.935546875
2410975,66.650390625
2411068,53.03955078125
2411129,39.9169921875
2411186,54.0771484375
2411227,49.4384765625
2411279,41.6259765625
2411329,43.701171875
2411367,54.99267578125
2411451,48.4619140625
2411510,58.77685546875
2411549,64.39208984375
2411612,36.865234375
2411644,33.87451171875
2411690,39.4287109375
2472160,41.80908203125
2472180,38.87939453125
2472200,164.1845703125
2472223,219.78759765625
2472233,83.0078125
2472254,113.6474609375
2472272,85.9375
2472287,40.46630859375
2472302,37.90283203125
2472327,68.78662109375
2472346,48.52294921875
2472368,65.61279296875
2472382,48.095703125
2472395,34.85107421875
2472411,45.59326171875
2472432,44.0673828125
2472481,53.77197265625
2472566,40.0390625
2472679,55.17578125
2472745,56.94580078125
2472819,45.95947265625
2472889,60.60791015625
2472936,54.01611328125
2472992,57.7392578125
2473086,54.26025390625
2473187,43.51806640625
2473261,61.767578125
2473272,62.19482421875
2505547,34.72900390625
2505586,49.13330078125
2505620,39.61181640625
2505635,179.19921875
2505650,73.974609375
2505665,264.6484375
2505682,118.65234375
2505700,100.89111328125
2505719,81.35986328125
2505732,96.435546875
2505743,58.7158203125
2505765,65.12451171875
2505783,36.0107421875
2505793,60.72998046875
2505818,57.80029296875
2505857,51.6357421875
2505875,34.85107421875
2505892,41.19873046875
2505925,69.15283203125
2505972,38.6962890625
2505996,61.03515625
2506041,33.0810546875
2506080,53.16162109375
2506201,40.4052734375
2506246,55.84716796875
2506308,61.21826171875
2506372,47.9736328125
2506420,66.2841796875
2506451,46.7529296875
2506540,62.6220703125
2506590,42.8466796875
2506648,52.30712890625
2506712,55.96923828125
2506799,57.80029296875
2575534,36.43798828125
2575551,33.69140625
2575579,262.5732421875
2575596,283.26416015625
2575619,150.45166015625
2575638,77.880859375
2575656,90.39306640625
2575671,54.38232421875
2575708,67.44384765625
2575720,55.6640625
2575757,43.9453125
2575782,52.6123046875
2575809,49.4384765625
2575836,49.86572265625
2575859,34.24072265625
2575897,48.9501953125
2576003,66.58935546875
2576132,62.92724609375
2576175,42.78564453125
2576258,56.82373046875
2576304,56.0302734375
2576383,50.59814453125
2576397,35.21728515625
2576474,40.34423828125
2576536,36.4990234375
2576579,49.9267578125
2576679,32.40966796875
2631887,37.41455078125
2631902,46.56982421875
2631935,197.998046875
2631956,265.9912109375
2631977,101.9287109375
2631989,128.47900390625
2632017,67.626953125
2632035,55.5419921875
2632054,57.4951171875
2632070,50.29296875
2632083,58.10546875
2632116,55.6640625
2632143,46.5087890625
2632159,41.56494140625
2632182,48.7060546875
2632208,55.84716796875
2632221,34.912109375
2632260,45.5322265625
2632357,51.025390625
2632426,33.203125
2632454,41.1376953125
2632535,47.8515625
2632578,54.62646484375
2632645,44.73876953125
2632686,60.11962890625
2632784,55.7861328125
2632794,38.330078125
2632905,52.06298828125
2632949,66.46728515625
2632967,35.2783203125
2633025,32.8369140625
2633053,51.81884765625
2633148,34.24072265625
2709978,43.02978515625
2710003,43.64013671875
2710031,177.30712890625
2710051,245.54443359375
2710063,106.3232421875
2710083,118.83544921875
2710106,41.32080078125
2710120,71.35009765625
2710136,50.78125
2710156,35.21728515625
2710168,58.89892578125
2710198,54.26025390625
2710216,52.42919921875
2710245,52.8564453125
2710275,69.88525390625
2710310,46.32568359375
2710341,37.109375
2710358,38.14697265625
2710419,41.32080078125
2710475,49.8046875
2710555,37.7197265625
2710618,36.0107421875
2710676,64.88037109375
2710717,69.2138671875
2710766,41.07666015625
2710805,41.1376953125
2710926,53.5888671875
2710957,34.66796875
2710976,49.4384765625
2711037,32.71484375
2711070,42.96875
2711084,34.7900390625
2711103,69.82421875
2739462,35.46142578125
2739517,50.9033203125
2739542,275.20751953125
2739561,60.9130859375
2739574,139.0380859375
2739596,80.2001953125
2739624,79.7119140625
2739641,49.13330078125
2739662,55.23681640625
2739678,45.34912109375
2739705,37.53662109375
2739720,61.03515625
2739739,44.189453125
2739759,51.6357421875
2739785,33.75244140625
2739801,54.0771484375
2739820,32.71484375
2739874,47.30224609375
2739985,39.9169921875
2740072,47.8515625
2740140,38.2080078125
2740184,68.54248046875
2740219,56.33544921875
2740275,78.18603515625
2740315,34.48486328125
2740361,38.2080078125
2740453,52.8564453125
2740467,36.7431640625
2740576,38.02490234375
2740621,55.419921875
2774875,46.56982421875
2774905,48.40087890625
2774940,43.88427734375
2774973,229.98046875
2774987,104.79736328125
2775003,131.2255859375
2775041,75.98876953125
2775056,38.51318359375
2775079,53.28369140625
2775101,72.57080078125
2775114,50.72021484375
2775136,62.07275390625
2775173,60.24169921875
2775205,55.23681640625
2775240,64.208984375
2775351,39.306640625
2775442,50.23193359375
2775508,62.31689453125
2775571,33.69140625
2775632,51.45263671875
2775694,57.31201171875
2775763,64.5751953125
2775834,43.9453125
2775873,52.978515625
2775906,68.29833984375
2775998,43.0908203125
2859273,50.78125
2859283,54.3212890625
2859320,84.9609375
2859342,310.48583984375
2859356,50.537109375
2859373,137.451171875
2859396,61.58447265625
2859424,82.763671875
2859438,50.23193359375
2859452,64.02587890625
2859465,75.13427734375
2859483,56.396484375
2859505,53.466796875
2859521,51.45263671875
2859555,66.83349609375
2859586,81.54296875
2859627,32.470703125
2859642,51.69677734375
2859748,46.875
2859824,51.94091796875
2859888,60.05859375
2859974,57.80029296875
2860012,45.8984375
2860030,35.64453125
2860061,54.38232421875
2860120,43.5791015625
2860226,63.78173828125
2860264,32.77587890625
2873672,55.60302734375
2873760,37.04833984375
2873802,40.52734375
2873817,91.73583984375
2873833,35.21728515625
2873861,267.88330078125
2873879,61.1572265625
2873900,150.93994140625
2873929,58.89892578125
2873941,55.84716796875
2873958,52.6123046875
2873982,77.880859375
2874004,69.76318359375
2874026,54.99267578125
2874055,68.90869140625
2874084,67.626953125
2874102,46.2646484375
2874127,40.6494140625
2874192,56.57958984375
2874297,52.8564453125
2874365,38.02490234375
2874416,71.96044921875
2874477,37.4755859375
2874533,49.86572265625
2874583,33.63037109375
2874594,65.5517578125
2874672,64.5751953125
2874711,46.875
2874773,42.66357421875
2874859,61.767578125
2938903,48.4619140625
2938915,44.86083984375
2938949,197.021484375
2938963,272.3388671875
2938990,116.5771484375
2939011,86.3037109375
2939027,69.15283203125
2939044,46.20361328125
2939058,59.4482421875
2939069,61.82861328125
2939104,97.2900390625
2939119,34.5458984375
2939129,39.12353515625
2939152,57.18994140625
2939170,58.837890625
2939211,49.01123046875
2939259,62.43896484375
2939352,73.486328125
2939469,34.60693359375
2939515,49.01123046875
2939591,57.4951171875
2939616,34.48486328125
2939665,34.97314453125
2939697,64.0869140625
2939769,60.48583984375
2939817,53.3447265625
2939911,52.79541015625
2940035,45.0439453125
2940080,34.912109375
2987488,37.65869140625
2987515,43.8232421875
2987535,44.921875
2987559,249.45068359375
2987577,62.5
2987593,162.59765625
2987613,74.52392578125
2987626,55.908203125
2987645,61.34033203125
2987661,85.87646484375
2987685,69.091796875
2987698,44.86083984375
2987727,64.75830078125
2987751,46.5087890625
2987768,38.330078125
2987782,41.6259765625
2987813,56.7626953125
2987859,59.87548828125
2987987,42.05322265625
2988069,44.5556640625
2988170,40.1611328125
2988199,47.9736328125
2988264,53.52783203125
2988318,50.84228515625
2988406,52.001953125
2988442,42.3583984375
2988543,34.3017578125
2988568,52.24609375
3052285,38.57421875
3052314,50.9033203125
3052333,173.27880859375
3052349,206.11572265625
3052381,133.30078125
3052401,74.3408203125
3052428,69.9462890625
3052452,53.03955078125
3052475,64.94140625
3052485,67.138671875
3052506,62.01171875
3052528,35.21728515625
3052576,55.48095703125
3052610,46.32568359375
3052670,47.18017578125
3052780,64.453125
3052851,47.66845703125
3052919,61.09619140625
3052987,37.53662109375
3053048,55.96923828125
3053096,43.212890625
3053149,49.37744140625
3053270,54.0771484375
3053350,57.861328125
3053464,55.908203125
3091081,48.03466796875
3091109,49.31640625
3091135,187.98828125
3091166,288.63525390625
3091180,103.8818359375
3091199,114.07470703125
3091230,64.88037109375
3091244,65.12451171875
3091266,38.9404296875
3091287,56.82373046875
3091310,77.45361328125
3091330,52.8564453125
3091359,61.5234375
3091390,56.5185546875
3091413,48.33984375
3091476,53.52783203125
3091548,34.11865234375
3091584,47.42431640625
3091683,51.8798828125
3091737,52.06298828125
3091779,57.18994140625
3091839,52.91748046875
3091880,60.302734375
3091928,59.4482421875
3092002,54.931640625
3092013,33.38623046875
3092040,43.27392578125
3092124,54.01611328125
3092175,84.5947265625
3092257,37.59765625
3171500,46.5087890625
3171512,35.70556640625
3171544,187.255859375
3171560,248.291015625
3171586,96.49658203125
3171602,38.0859375
3171623,66.2841796875
3171634,60.791015625
3171660,82.94677734375
3171676,73.18115234375
3171704,68.05419921875
3171715,54.5654296875
3171729,39.61181640625
3171752,56.21337890625
3171778,39.12353515625
3171811,52.8564453125
3171868,59.4482421875
3171983,59.14306640625
3172076,45.41015625
3172156,62.1337890625
3172200,59.5703125
3172272,59.08203125
3172303,59.5703125
3172361,32.28759765625
3172392,55.7861328125
3172421,36.56005859375
3172492,59.326171875
3172540,42.1142578125
3234237,45.2880859375
3234268,63.53759765625
3234301,158.75244140625
3234311,260.3759765625
3234344,155.45654296875
3234358,51.3916015625
3234378,73.1201171875
3234398,67.626953125
3234435,77.2705078125
3234465,57.12890625
3234487,32.28759765625
3234505,46.08154296875
3234524,40.34423828125
3234573,57.06787109375
3234614,56.640625
3234773,48.27880859375
3234840,48.40087890625
3234893,51.69677734375
3234967,56.09130859375
3235055,49.49951171875
3235108,43.0908203125
3235173,35.7666015625
3235206,49.49951171875
3235280,55.11474609375
3235299,41.3818359375
3235354,46.56982421875
3248935,41.44287109375
3248976,39.55078125
3248998,47.7294921875
3249021,162.7197265625
3249042,93.017578125
3249057,59.26513671875
3249079,253.72314453125
3249096,53.40576171875
3249112,106.87255859375
3249123,79.89501953125
3249142,48.583984375
3249162,68.2373046875
3249175,62.68310546875
3249194,55.5419921875
3249213,51.7578125
3249229,44.37255859375
3249249,37.17041015625
3249277,65.36865234375
3249308,41.3818359375
3249344,45.59326171875
3249406,36.68212890625
3249515,64.94140625
3249601,51.94091796875
3249656,62.98828125
3249700,48.40087890625
3249718,37.841796875
3249798,37.53662109375
3249853,42.17529296875
3249918,40.771484375
3249941,47.4853515625
3250023,52.978515625
3282504,35.2783203125
3282531,60.36376953125
3282555,49.37744140625
3282569,225.03662109375
3282589,259.6435546875
3282614,151.0009765625
3282636,56.45751953125
3282646,59.5703125
3282672,77.33154296875
3282695,38.02490234375
3282712,52.91748046875
3282724,63.29345703125
3282755,37.9638671875
3282765,61.95068359375
3282787,34.0576171875
3282814,46.81396484375
3282834,56.15234375
3282851,34.66796875
3282904,55.84716796875
3283016,58.2275390625
3283116,43.701171875
3283162,65.49072265625
3283206,59.08203125
3283219,33.99658203125
3283266,58.59375
3283357,35.7666015625
3283370,49.9267578125
3283416,42.96875
3283483,33.50830078125
3283502,36.376953125
3283588,59.14306640625
3385083,41.1376953125
3385101,34.36279296875
3385130,199.8291015625
3385145,237.12158203125
3385155,81.84814453125
3385174,111.38916015625
3385192,68.84765625
3385209,63.65966796875
3385227,54.13818359375
3385239,51.6357421875
3385265,76.59912109375
3385288,47.18017578125
3385298,42.54150390625
3385318,38.6962890625
3385329,37.04833984375
3385365,48.2177734375
3385399,63.8427734375
3385452,33.02001953125
3385573,70.556640625
3385632,43.27392578125
3385696,44.5556640625
3385758,61.5234375
3385841,62.68310546875
3385857,33.75244140625
3385882,53.77197265625
3385912,32.89794921875
3385992,56.82373046875
3386078,40.83251953125
3386088,34.1796875
3386198,51.69677734375
3441511,36.68212890625
3441553,56.640625
3441585,64.88037109375
3441597,97.47314453125
3441610,230.65185546875
3441641,119.93408203125
3441670,92.46826171875
3441689,65.97900390625
3441703,42.48046875
3441729,77.08740234375
3441742,57.55615234375
3441763,59.9365234375
3441793,56.33544921875
3441803,48.03466796875
3441837,44.61669921875
3441857,35.888671875
3441898,62.6220703125
3442005,52.3681640625
3442094,54.01611328125
3442183,43.3349609375
3442251,39.36767578125
3442323,66.7724609375
3442415,55.60302734375
3442474,45.8984375
3442546,54.931640625
3442603,41.50390625
3506776,54.0771484375
3506788,34.11865234375
3506828,147.76611328125
3506844,271.30126953125
3506859,62.80517578125
3506877,132.99560546875
3506904,79.40673828125
3506926,80.26123046875
3506937,40.1611328125
3506951,51.025390625
3506967,63.78173828125
3507007,55.60302734375
3507023,42.96875
3507050,50.47607421875
3507093,69.580078125
3507160,46.81396484375
3507301,63.5986328125
3507381,55.419921875
3507458,47.54638671875
3507540,56.884765625
3507579,44.43359375
3507673,56.45751953125
3507745,35.0341796875
3507782,42.48046875
3507875,57.55615234375
3507907,90.02685546875
3532761,57.12890625
3532780,42.54150390625
3532810,155.94482421875
3532820,109.68017578125
3532852,229.30908203125
3532862,122.49755859375
3532885,127.0751953125
3532895,57.92236328125
3532910,43.51806640625
3532934,49.01123046875
3532945,50.6591796875
3532960,48.4619140625
3532974,33.99658203125
3532997,57.18994140625
3533014,57.31201171875
3533040,39.1845703125
3533070,60.546875
3533082,43.64013671875
3533150,43.3349609375
3533261,41.8701171875
3533387,56.21337890625
3533427,54.13818359375
3533459,37.29248046875
3533564,44.73876953125
3533581,34.85107421875
3533600,51.3916015625
3533700,47.8515625
3533773,60.9130859375
3533803,32.40966796875
3533841,37.841796875
3533960,49.8046875
3586390,59.9365234375
3586442,147.15576171875
3586462,77.57568359375
3586488,251.0986328125
3586499,126.46484375
3586521,122.0703125
3586543,55.35888671875
3586565,61.8896484375
3586577,56.70166015625
3586593,55.35888671875
3586604,69.9462890625
3586621,73.3642578125
3586646,68.7255859375
3586674,43.88427734375
3586721,60.72998046875
3586732,32.3486328125
3586764,66.7724609375
3586893,52.55126953125
3586910,34.97314453125
3586971,55.60302734375
3587018,44.86083984375
3587080,56.640625
3587116,35.5224609375
3587207,54.62646484375
3587273,48.03466796875
3587316,39.73388671875
3587394,59.14306640625
3587407,49.4384765625
3587431,70.068359375
3647920,49.98779296875
3647950,34.97314453125
3647963,156.1279296875
3647984,236.26708984375
3648005,142.27294921875
3648018,121.88720703125
3648042,57.6171875
3648068,59.14306640625
3648080,64.697265625
3648105,96.0693359375
3648126,42.8466796875
3648140,59.5703125
3648153,35.888671875
3648167,42.17529296875
3648178,33.63037109375
3648196,48.88916015625
3648237,46.7529296875
3648282,36.07177734375
3648413,51.3916015625
3648529,59.26513671875
3648560,75.86669921875
3648650,38.4521484375
3648693,37.29248046875
3648709,57.92236328125
3648756,39.48974609375
3648810,38.2080078125
3648869,42.41943359375
3648889,56.2744140625
3648963,64.02587890625
3766416,44.49462890625
3766454,47.54638671875
3766469,175.59814453125
3766490,90.14892578125
3766513,69.3359375
3766528,170.83740234375
3766564,64.14794921875
3766579,79.833984375
3766601,52.001953125
3766613,45.83740234375
3766626,59.814453125
3766654,56.396484375
3766689,48.27880859375
3766718,54.3212890625
3766757,55.2978515625
3766886,43.0908203125
3767001,33.26416015625
3767100,51.3916015625
3767153,44.98291015625
3767226,38.14697265625
3767268,42.54150390625
3767334,56.33544921875
3767426,58.7158203125
3767441,34.1796875
3767484,40.83251953125
3767510,39.0625
3767570,50.96435546875
3837000,37.9638671875
3837023,60.6689453125
3837053,71.22802734375
3837074,270.8740234375
3837106,107.23876953125
3837123,69.4580078125
3837138,41.015625
3837157,76.0498046875
3837174,62.19482421875
3837196,63.96484375
3837213,65.61279296875
3837232,83.80126953125
3837252,44.677734375
3837292,48.9501953125
3837324,54.6875
3837377,35.0341796875
3837513,46.32568359375
3837611,58.7158203125
3837708,35.21728515625
3837799,54.62646484375
3837841,42.05322265625
3837880,46.20361328125
3837971,49.62158203125
3838050,36.1328125
3838090,39.0625
3838178,33.69140625
3863937,42.66357421875
3863964,52.8564453125
3863997,161.19384765625
3864019,67.9931640625
3864043,268.1884765625
3864068,106.3232421875
3864086,58.53271484375
3864098,75.0732421875
3864120,53.22265625
3864136,56.45751953125
3864146,71.96044921875
3864167,62.8662109375
3864206,52.79541015625
3864229,61.46240234375
3864253,41.748046875
3864300,57.6171875
3864350,52.8564453125
3864459,38.330078125
3864572,59.08203125
3864641,54.62646484375
3864697,36.865234375
3864713,59.814453125
3864752,47.79052734375
3864795,57.7392578125
3864848,55.84716796875
3864923,33.0810546875
3864963,35.2783203125
3864981,61.70654296875
3865023,55.96923828125
3865072,40.283203125
3865108,53.40576171875
3865240,55.6640625
3948902,102.23388671875
3948944,227.6611328125
3948960,269.04296875
3948986,147.5830078125
3949004,47.2412109375
3949024,104.4921875
3949035,47.42431640625
3949045,64.8193359375
3949065,59.63134765625
3949084,32.3486328125
3949119,51.26953125
3949152,62.3779296875
3949206,41.93115234375
3949246,33.8134765625
3949363,57.80029296875
3949477,39.36767578125
3949546,61.58447265625
3949608,40.1611328125
3949680,57.92236328125
3949726,54.19921875
3949740,32.28759765625
3949791,52.67333984375
3949835,50.29296875
3949936,38.63525390625
3959827,34.60693359375
4066099,34.5458984375
4066118,58.04443359375
4066144,35.21728515625
4066161,92.59033203125
4066171,247.1923828125
4066189,94.1162109375
4066203,98.14453125
4066218,72.265625
4066232,89.05029296875
4066247,53.3447265625
4066259,62.56103515625
4066295,87.5244140625
4066309,46.93603515625
4066332,51.81884765625
4066343,38.9404296875
4066363,47.36328125
4066389,52.490234375
4066425,66.22314453125
4066622,49.072265625
4066737,49.74365234375
4066860,41.9921875
4066895,46.44775390625
4066956,52.8564453125
4067007,33.5693359375
4067030,41.8701171875
4067092,47.54638671875
4067158,46.5087890625
4111892,44.00634765625
4111931,34.48486328125
4111943,145.5078125
4111960,239.6240234375
4111994,160.2783203125
4112008,54.87060546875
4112027,66.46728515625
4112050,70.6787109375
4112062,61.34033203125
4112078,68.2373046875
4112097,56.5185546875
4112129,60.9130859375
4112143,51.3916015625
4112156,36.92626953125
4112180,61.1572265625
4112211,57.31201171875
4112261,62.1337890625
4112380,41.3818359375
4112517,59.326171875
4112600,49.1943359375
4112635,51.6357421875
4112700,33.3251953125
4112713,53.16162109375
4112756,33.14208984375
4112785,46.81396484375
4112875,38.57421875
4112905,35.70556640625
4113005,50.72021484375
4113034,38.4521484375
4187012,53.466796875
4187057,54.38232421875
4187074,282.958984375
4187104,95.703125
4187119,73.974609375
4187139,55.96923828125
4187152,55.11474609375
4187162,76.904296875
4187188,46.08154296875
4187205,78.0029296875
4187226,57.9833984375
4187272,52.490234375
4187302,50.10986328125
4187338,39.48974609375
4187415,51.81884765625
4187519,38.02490234375
4187609,50.72021484375
4187717,44.921875
4187763,71.59423828125
4187804,36.92626953125
4187890,34.912109375
4187921,55.0537109375
4187971,51.20849609375
4188005,33.8134765625
4188017,39.794921875
4188119,40.34423828125
4188137,47.91259765625
4188187,57.67822265625
4294066,34.97314453125
4294087,52.42919921875
4294115,135.92529296875
4294142,220.21484375
4294164,105.3466796875
4294175,110.83984375
4294200,61.03515625
4294232,54.3212890625
4294249,46.0205078125
4294280,84.77783203125
4294299,55.7861328125
4294312,53.8330078125
4294355,65.97900390625
4294391,43.8232421875
4294586,50.78125
4294701,59.4482421875
4294745,56.5185546875
4294797,65.185546875
4294844,48.095703125
4294952,60.6689453125
4294968,32.53173828125
4295023,47.9736328125
4295128,46.9970703125
4295180,51.33056640625
4295291,55.0537109375
4344093,58.04443359375
4344139,244.2626953125
4344153,59.9365234375
4344165,152.40478515625
4344185,110.04638671875
4344196,87.7685546875
4344219,77.63671875
4344238,70.6787109375
4344248,63.720703125
4344265,58.89892578125
4344291,49.31640625
4344307,63.3544921875
4344330,60.6689453125
4344374,62.744140625
4344410,52.6123046875
4344457,41.9921875
4344566,37.17041015625
4344670,52.67333984375
4344772,50.6591796875
4344809,38.39111328125
4344869,34.11865234375
4344915,64.5751953125
4344977,48.4619140625
4345054,57.18994140625
4345117,65.3076171875
4345179,36.0107421875
4345286,57.373046875
4397415,32.5927734375
4397426,52.67333984375
4397449,53.64990234375
4397479,136.04736328125
4397491,262.87841796875
4397525,128.84521484375
4397540,52.001953125
4397559,47.9736328125
4397577,51.1474609375
4397596,61.21826171875
4397616,70.49560546875
4397629,59.38720703125
4397639,59.326171875
4397666,49.072265625
4397705,48.2177734375
4397749,44.189453125
4397924,49.1943359375
4398018,37.29248046875
4398069,46.7529296875
4398144,51.69677734375
4398186,42.66357421875
4398248,49.13330078125
4398290,51.69677734375
4398401,66.46728515625
4398498,64.697265625
4398554,56.45751953125
4398633,40.8935546875
4494842,49.74365234375
4494862,34.97314453125
4494874,37.53662109375
4494891,220.27587890625
4494906,207.94677734375
4494936,110.9619140625
4494951,71.4111328125
4494988,78.18603515625
4495009,66.162109375
4495025,49.49951171875
4495049,74.76806640625
4495072,70.37353515625
4495086,47.30224609375
4495125,59.08203125
4495157,40.4052734375
4495209,44.86083984375
4495328,35.400390625
4495431,41.259765625
4495538,46.69189453125
4495579,43.64013671875
4495664,32.8369140625
4495711,42.66357421875
4495758,36.92626953125
4495828,73.30322265625
4495862,59.14306640625
4495914,62.07275390625
4495936,32.3486328125
4495977,39.306640625
4495988,32.5927734375
4496052,57.31201171875
4560226,38.14697265625
4560237,42.48046875
4560272,184.14306640625
4560291,256.2255859375
4560323,135.55908203125
4560353,71.6552734375
4560365,52.8564453125
4560376,54.6875
4560398,60.85205078125
4560413,69.51904296875
4560435,59.326171875
4560455,54.5654296875
4560501,55.84716796875
4560534,61.8896484375
4560572,62.8662109375
4560607,33.447265625
4560675,41.32080078125
4560792,36.43798828125
4560851,37.59765625
4560909,56.70166015625
4560977,57.67822265625
4561045,62.744140625
4561089,57.2509765625
4561253,50.72021484375
4561269,52.734375
4600041,56.21337890625
4600076,166.93115234375
4600092,67.87109375
4600116,264.09912109375
4600128,127.13623046875
4600148,152.16064453125
4600169,71.96044921875
4600195,90.2099609375
4600208,61.70654296875
4600226,55.96923828125
4600237,63.8427734375
4600256,68.115234375
4600278,39.61181640625
4600298,45.34912109375
4600326,67.2607421875
4600346,37.17041015625
4600356,59.6923828125
4600397,52.30712890625
4600551,57.06787109375
4600595,35.21728515625
4600614,38.330078125
4600696,45.2880859375
4600843,58.53271484375
4600908,40.52734375
4600924,35.0341796875
4600949,61.5234375
4601057,44.00634765625
4669214,37.4755859375
4669228,41.56494140625
4669260,33.935546875
4669270,166.93115234375
4669293,236.572265625
4669324,118.5302734375
4669346,85.0830078125
4669360,83.0078125
4669382,54.99267578125
4669406,40.46630859375
4669419,45.71533203125
4669439,61.21826171875
4669482,61.70654296875
4669503,58.77685546875
4669544,63.4765625
4669621,59.4482421875
4669773,55.23681640625
4669863,50.35400390625
4669881,34.423828125
4669893,51.6357421875
4669976,45.10498046875
4670048,52.8564453125
4670077,32.5927734375
4670096,61.4013671875
4670173,57.55615234375
4670253,36.31591796875
4670267,47.607421875
4670351,48.2177734375
4684658,42.29736328125
4684669,149.71923828125
4684697,70.25146484375
4684718,240.78369140625
4684732,105.89599609375
4684748,66.10107421875
4684769,61.70654296875
4684785,58.837890625
4684806,50.59814453125
4684823,73.486328125
4684840,41.07666015625
4684853,45.8984375
4684875,49.560546875
4684903,74.03564453125
4684917,33.447265625
4684933,47.42431640625
4684977,50.1708984375
4684994,34.72900390625
4685034,62.01171875
4685165,40.0390625
4685222,58.10546875
4685338,63.53759765625
4685371,56.45751953125
4685427,55.7861328125
4685501,47.18017578125
4685540,63.8427734375
4685641,34.7900390625
4685704,37.841796875
4685761,39.1845703125
4685801,50.048828125
4685914,80.50537109375
4741195,33.3251953125
4741225,60.85205078125
4741241,164.55078125
4741251,54.38232421875
4741282,226.1962890625
4741292,124.32861328125
4741303,75.5615234375
4741313,141.357421875
4741331,50.048828125
4741356,56.15234375
4741366,53.5888671875
4741389,37.109375
4741403,72.3876953125
4741426,38.9404296875
4741448,60.546875
4741500,61.46240234375
4741532,49.49951171875
4741584,66.2841796875
4741737,43.39599609375
4741835,53.64990234375
4741908,60.97412109375
4741947,59.38720703125
4741998,63.29345703125
4742047,55.908203125
4742128,40.58837890625
4742149,35.94970703125
4742200,42.96875
4742274,43.15185546875
4742329,46.142578125
4742400,47.66845703125
