4798001,0
23268,37.353515625
23292,59.814453125
23316,52.490234375
23339,52.42919921875
23367,96.74072265625
23377,57.12890625
23392,48.76708984375
23404,50.29296875
23424,61.5234375
23444,35.15625
23459,48.64501953125
23488,36.9873046875
23512,39.24560546875
23529,39.55078125
23546,43.701171875
23559,50.84228515625
23624,38.57421875
23654,37.353515625
23672,40.71044921875
23709,36.865234375
23878,37.59765625
24003,34.48486328125
24208,35.400390625
24263,44.61669921875
24417,36.56005859375
68018,37.4755859375
68040,39.9169921875
68063,45.2880859375
68082,39.85595703125
68092,57.55615234375
68115,73.66943359375
68131,132.99560546875
68157,70.1904296875
68172,43.15185546875
68205,54.8095703125
68241,35.15625
68263,41.015625
68320,35.400390625
68360,42.05322265625
68393,43.212890625
68434,51.33056640625
68492,40.4052734375
68530,35.58349609375
69085,36.1328125
69141,39.306640625
69369,39.306640625
149423,38.330078125
149447,43.0908203125
149465,69.9462890625
149497,89.29443359375
149516,52.79541015625
149530,55.5419921875
149555,35.09521484375
149579,37.04833984375
149597,51.26953125
149632,40.71044921875
149645,57.7392578125
149687,52.6123046875
149707,48.76708984375
149833,35.888671875
150101,36.56005859375
178392,42.54150390625
178420,55.96923828125
178446,43.0908203125
178464,74.27978515625
178483,150.20751953125
178501,55.35888671875
178526,53.89404296875
178538,45.166015625
178555,35.09521484375
178567,35.5224609375
178587,43.9453125
178605,39.794921875
178627,35.09521484375
178711,40.4052734375
178764,37.17041015625
178787,34.1796875
178887,34.97314453125
179230,34.912109375
179266,38.63525390625
179449,35.64453125
179517,34.97314453125
179551,36.31591796875
179633,40.283203125
179667,40.8935546875
228352,35.15625
228421,35.09521484375
228445,46.630859375
228464,41.6259765625
228480,48.7060546875
228501,57.55615234375
228511,46.875
228529,57.0068359375
228553,67.07763671875
228574,43.88427734375
228585,41.44287109375
228613,46.81396484375
228648,44.49462890625
228672,34.423828125
228695,34.3017578125
228727,43.9453125
228804,39.794921875
228833,40.34423828125
229204,36.43798828125
229502,36.1328125
229518,40.771484375
229566,35.5224609375
229591,35.15625
296024,37.04833984375
296049,51.94091796875
296067,37.7197265625
296094,133.97216796875
296112,60.72998046875
296124,61.4013671875
296135,46.56982421875
296163,34.85107421875
296196,35.15625
296261,41.9921875
296287,35.94970703125
296332,35.82763671875
296369,41.6259765625
296454,38.6962890625
296485,34.24072265625
296689,36.80419921875
296870,35.5224609375
296923,35.46142578125
296987,41.1376953125
297155,40.4052734375
332343,35.0341796875
332390,40.58837890625
332402,37.04833984375
332443,39.794921875
332462,44.49462890625
332472,38.0859375
332500,120.361328125
332510,40.4052734375
332521,46.2646484375
332544,78.0029296875
332558,43.8232421875
332589,41.1376953125
332602,40.10009765625
332647,38.2080078125
332705,36.56005859375
332797,35.58349609375
332849,37.17041015625
333262,35.58349609375
333367,37.65869140625
333443,37.53662109375
333555,34.423828125
333620,39.24560546875
333657,35.7666015625
333684,34.423828125
333729,38.0859375
373029,35.46142578125
373072,37.841796875
373093,59.326171875
373108,144.22607421875
373131,56.15234375
373149,47.2412109375
373164,37.109375
373199,44.0673828125
373227,38.330078125
373258,44.49462890625
373309,42.05322265625
373323,37.7197265625
373337,38.4521484375
373402,40.0390625
373413,34.36279296875
373674,35.64453125
373975,34.66796875
374237,38.330078125
472474,34.48486328125
472560,64.3310546875
472578,36.865234375
472601,130.55419921875
472611,54.50439453125
472622,51.69677734375
472640,55.17578125
472672,41.93115234375
472691,44.5556640625
472716,37.353515625
472779,41.32080078125
472789,43.51806640625
472856,39.24560546875
472893,38.63525390625
472960,41.748046875
473253,35.0341796875
473270,42.05322265625
473337,35.400390625
473675,45.8984375
473752,36.376953125
473845,34.48486328125
534002,39.306640625
534048,49.49951171875
534077,54.87060546875
534107,72.75390625
534122,134.8876953125
534162,50.29296875
534191,53.03955078125
534206,41.8701171875
534225,43.02978515625
534235,49.25537109375
534266,52.734375
534278,42.96875
534380,37.353515625
534452,37.7197265625
534789,40.283203125
534917,34.1796875
534972,42.724609375
535090,35.70556640625
535259,46.0205078125
585377,47.54638671875
585398,51.57470703125
585428,80.322265625
585459,69.7021484375
585480,48.76708984375
585503,61.1572265625
585523,37.2314453125
585546,57.4951171875
585556,40.771484375
585579,54.19921875
585605,39.48974609375
585669,36.2548828125
585712,39.6728515625
586161,34.24072265625
586438,35.400390625
586470,37.41455078125
586584,39.24560546875
586821,35.5224609375
599156,35.94970703125
599201,40.83251953125
599226,38.02490234375
599240,37.29248046875
599257,34.3017578125
599276,59.75341796875
599306,136.71875
599318,37.841796875
599349,58.59375
599380,51.025390625
599407,36.68212890625
599437,34.60693359375
599453,42.78564453125
599467,47.79052734375
599605,34.7900390625
599642,35.5224609375
599846,38.26904296875
599963,40.771484375
600086,42.66357421875
600152,41.748046875
600219,55.72509765625
600266,41.748046875
600282,46.44775390625
600381,34.912109375
600461,37.53662109375
656697,40.771484375
656728,36.80419921875
656780,36.80419921875
656805,45.71533203125
656820,61.8896484375
656838,59.814453125
656864,111.38916015625
656880,52.6123046875
656901,57.2509765625
656919,41.015625
656946,34.85107421875
656967,58.10546875
656984,37.53662109375
657010,36.7431640625
657020,37.04833984375
657035,36.31591796875
657103,39.1845703125
657115,36.43798828125
657212,38.9404296875
657249,34.48486328125
657634,34.48486328125
657777,35.15625
657829,41.9921875
657913,34.85107421875
658022,45.22705078125
733225,46.08154296875
733246,56.2744140625
733270,52.42919921875
733296,101.25732421875
733311,51.6357421875
733325,57.7392578125
733338,81.60400390625
733355,41.93115234375
733375,56.57958984375
733394,58.04443359375
733408,39.1845703125
733436,66.58935546875
733468,38.6962890625
733533,36.56005859375
733621,38.6962890625
733955,34.24072265625
734011,34.7900390625
734063,37.41455078125
734204,35.82763671875
734465,34.36279296875
787664,43.15185546875
787683,47.7294921875
787710,137.39013671875
787724,51.69677734375
787751,64.39208984375
787794,34.97314453125
787824,43.39599609375
787848,36.56005859375
787862,38.02490234375
787897,34.97314453125
787920,34.912109375
788039,44.49462890625
788241,43.88427734375
788368,37.17041015625
788410,54.6875
788640,39.85595703125
788700,38.75732421875
788816,40.6494140625
789004,36.68212890625
831040,34.3017578125
831102,36.80419921875
831139,40.95458984375
831158,70.00732421875
831178,46.32568359375
831206,94.482421875
831219,41.80908203125
831233,39.306640625
831248,65.673828125
831283,56.33544921875
831306,38.9404296875
831321,39.55078125
831343,39.0625
831368,34.1796875
831383,36.43798828125
831430,34.7900390625
831459,42.17529296875
831493,35.09521484375
831537,36.2548828125
832063,35.2783203125
832117,40.283203125
832147,34.912109375
832216,39.97802734375
832243,42.66357421875
832286,49.1943359375
832370,42.96875
886884,37.4755859375
886957,46.08154296875
886991,55.5419921875
887023,80.01708984375
887041,59.63134765625
887057,45.8984375
887069,71.044921875
887101,41.44287109375
887115,63.96484375
887130,40.0390625
887175,35.09521484375
887219,40.4052734375
887256,46.44775390625
887279,37.29248046875
887359,35.46142578125
887440,35.70556640625
888029,35.15625
888158,35.64453125
962862,36.376953125
962879,44.5556640625
962902,37.29248046875
962920,52.67333984375
962944,104.1259765625
962961,39.00146484375
962984,69.88525390625
963013,55.5419921875
963031,44.37255859375
963047,46.44775390625
963070,39.12353515625
963095,38.14697265625
963128,36.0107421875
963152,34.1796875
963180,39.9169921875
963223,39.36767578125
963240,35.09521484375
963924,34.66796875
964007,42.724609375
964052,39.85595703125
1009815,44.5556640625
1009843,49.072265625
1009866,56.94580078125
1009892,46.5087890625
1009904,93.8720703125
1009915,46.81396484375
1009936,40.4052734375
1009947,59.38720703125
1009974,49.072265625
1009992,52.1240234375
1010010,71.2890625
1010031,41.9921875
1010113,40.771484375
1010137,41.19873046875
1010160,35.5224609375
1010688,41.56494140625
1010723,36.07177734375
1010795,37.29248046875
1010883,40.34423828125
1081575,35.21728515625
1081617,36.4990234375
1081644,45.22705078125
1081669,65.73486328125
1081693,67.9931640625
1081713,47.79052734375
1081740,67.626953125
1081754,54.74853515625
1081787,41.07666015625
1081800,46.630859375
1081821,60.11962890625
1081832,40.22216796875
1081861,37.04833984375
1081880,45.5322265625
1081922,36.56005859375
1082101,34.72900390625
1082607,35.5224609375
1082701,34.66796875
1082719,38.39111328125
1082953,36.92626953125
1093303,35.82763671875
1093329,44.25048828125
1093354,60.302734375
1093381,41.8701171875
1093410,72.57080078125
1093423,47.4853515625
1093444,43.76220703125
1093454,52.18505859375
1093500,42.05322265625
1093515,40.95458984375
1093534,38.02490234375
1093622,38.87939453125
1093647,41.6259765625
1094272,36.865234375
1094331,39.36767578125
1094413,39.61181640625
1094453,37.65869140625
1094588,40.10009765625
1142671,38.26904296875
1142684,52.001953125
1142707,47.79052734375
1142724,68.90869140625
1142746,90.51513671875
1142757,39.85595703125
1142786,47.607421875
1142803,35.888671875
1142834,49.13330078125
1142854,41.68701171875
1142910,35.2783203125
1142955,61.34033203125
1143047,36.9873046875
1143194,35.5224609375
1143662,36.1328125
1143704,34.85107421875
1143785,35.70556640625
1143797,37.41455078125
1258019,38.14697265625
1258053,40.52734375
1258085,62.80517578125
1258112,58.59375
1258132,82.51953125
1258147,47.18017578125
1258170,48.64501953125
1258189,54.74853515625
1258208,39.61181640625
1258240,36.0107421875
1258311,38.57421875
1258370,34.60693359375
1258397,35.888671875
1258436,41.1376953125
1258499,34.36279296875
1258569,36.865234375
1258855,38.63525390625
1259101,39.306640625
1259379,36.19384765625
1292370,39.73388671875
1292394,34.1796875
1292417,62.68310546875
1292445,67.138671875
1292468,113.83056640625
1292485,72.08251953125
1292495,42.6025390625
1292540,42.29736328125
1292597,57.6171875
1292642,36.1328125
1292665,35.15625
1292706,46.44775390625
1292726,38.63525390625
1292753,45.5322265625
1292779,39.0625
1292836,36.43798828125
1293083,40.0390625
1293130,35.400390625
1293234,36.62109375
1293322,34.72900390625
1293393,37.109375
1293468,47.79052734375
1293502,39.36767578125
1293557,38.75732421875
1293574,37.41455078125
1293630,34.1796875
1357707,34.66796875
1357755,37.2314453125
1357782,38.6962890625
1357799,49.31640625
1357831,86.97509765625
1357846,69.27490234375
1357864,46.142578125
1357880,53.40576171875
1357916,47.42431640625
1357934,42.17529296875
1357944,35.09521484375
1357991,38.6962890625
1358034,34.66796875
1358058,40.1611328125
1358579,39.306640625
1358685,42.05322265625
1358750,34.85107421875
1358888,37.59765625
1358984,34.7900390625
1414483,42.96875
1414498,39.24560546875
1414516,36.4990234375
1414547,47.2412109375
1414574,92.4072265625
1414587,49.49951171875
1414612,62.31689453125
1414630,45.22705078125
1414652,40.52734375
1414665,52.6123046875
1414690,40.34423828125
1414706,40.4052734375
1414735,35.400390625
1414768,35.82763671875
1415597,35.15625
1415642,37.41455078125
1445035,35.46142578125
1445117,44.7998046875
1445128,43.76220703125
1445154,39.0625
1445178,50.9033203125
1445197,61.95068359375
1445210,45.5322265625
1445229,39.85595703125
1445244,59.4482421875
1445285,38.330078125
1445307,47.7294921875
1445326,39.0625
1445349,50.29296875
1445367,40.1611328125
1445390,39.0625
1445633,34.423828125
1445909,34.1796875
1445934,40.52734375
1446020,38.9404296875
1446176,34.7900390625
1490210,36.865234375
1490274,39.85595703125
1490290,49.98779296875
1490310,41.68701171875
1490336,59.26513671875
1490355,96.49658203125
1490372,48.15673828125
1490387,73.2421875
1490427,45.10498046875
1490447,39.306640625
1490458,41.07666015625
1490478,43.5791015625
1490499,35.21728515625
1490517,34.1796875
1490537,34.1796875
1490580,45.166015625
1490603,39.24560546875
1490642,43.9453125
1490702,36.2548828125
1490746,34.66796875
1491114,40.58837890625
1491207,38.0859375
1491320,37.109375
1491366,45.10498046875
1491387,36.92626953125
1491501,34.3017578125
1539177,38.87939453125
1539200,44.73876953125
1539210,72.75390625
1539237,41.8701171875
1539258,171.69189453125
1539274,75.50048828125
1539290,56.70166015625
1539307,48.4619140625
1539334,46.56982421875
1539367,36.865234375
1539380,41.015625
1539406,45.83740234375
1539428,34.48486328125
1539565,35.400390625
1539605,40.46630859375
1540064,36.1328125
1540125,36.31591796875
1540174,38.51318359375
1540285,35.5224609375
1540302,35.09521484375
1540359,41.3818359375
1619850,40.771484375
1619869,60.9130859375
1619897,62.80517578125
1619910,39.85595703125
1619920,59.6923828125
1619938,71.71630859375
1619956,35.46142578125
1619986,34.1796875
1619997,36.7431640625
1620066,50.10986328125
1620086,37.29248046875
1620115,36.1328125
1620146,45.47119140625
1620211,35.58349609375
1620253,42.78564453125
1620428,34.48486328125
1620468,35.58349609375
1620548,36.68212890625
1620788,38.330078125
1641560,38.39111328125
1641584,40.83251953125
1641596,40.771484375
1641617,42.05322265625
1641639,38.4521484375
1641657,59.50927734375
1641667,69.2138671875
1641679,61.1572265625
1641704,136.77978515625
1641721,49.31640625
1641749,75.927734375
1641779,62.01171875
1641795,41.50390625
1641823,44.921875
1641909,35.888671875
1641924,35.82763671875
1642028,37.78076171875
1642187,43.45703125
1642600,39.36767578125
1642659,35.46142578125
1642765,39.00146484375
1642803,36.865234375
1745988,34.97314453125
1746013,37.4755859375
1746040,46.56982421875
1746054,34.1796875
1746078,56.57958984375
1746110,146.1181640625
1746128,66.22314453125
1746150,58.837890625
1746168,50.6591796875
1746181,42.17529296875
1746197,40.52734375
1746250,36.31591796875
1746269,41.68701171875
1746320,51.26953125
1746415,34.7900390625
1746439,38.87939453125
1746812,37.59765625
1746865,43.212890625
1746947,35.46142578125
1747105,42.724609375
1769631,35.15625
1769727,36.376953125
1769753,76.2939453125
1769771,58.837890625
1769795,126.953125
1769813,60.24169921875
1769839,53.40576171875
1769858,50.4150390625
1769871,41.8701171875
1769893,41.44287109375
1769908,39.36767578125
1769927,40.771484375
1769938,38.26904296875
1770026,37.17041015625
1770044,40.10009765625
1770509,40.52734375
1770651,37.17041015625
1770693,35.2783203125
1770712,34.85107421875
1770766,42.724609375
1770799,34.97314453125
1828410,36.865234375
1828457,36.865234375
1828470,64.453125
1828489,37.90283203125
1828519,82.70263671875
1828543,65.3076171875
1828560,51.26953125
1828594,53.40576171875
1828630,44.189453125
1828681,34.66796875
1828719,36.92626953125
1828780,35.21728515625
1828823,39.48974609375
1828843,36.376953125
1828903,35.33935546875
1829321,36.4990234375
1829441,36.31591796875
1829504,40.46630859375
1829745,34.423828125
1890119,37.90283203125
1890145,59.814453125
1890158,37.9638671875
1890189,55.17578125
1890203,134.58251953125
1890213,58.10546875
1890227,40.771484375
1890239,54.6875
1890269,41.19873046875
1890281,43.5791015625
1890306,35.64453125
1890329,34.66796875
1890428,39.306640625
1890498,35.46142578125
1890581,38.2080078125
1891161,42.90771484375
1952112,42.1142578125
1952144,38.330078125
1952163,67.07763671875
1952190,57.18994140625
1952212,83.06884765625
1952234,60.9130859375
1952265,39.9169921875
1952289,41.50390625
1952316,42.3583984375
1952346,36.7431640625
1952433,39.1845703125
1952494,44.25048828125
1952531,42.05322265625
1952610,38.51318359375
1952734,37.41455078125
1952834,35.400390625
1952893,35.46142578125
1953050,38.818359375
1953265,42.1142578125
1993617,35.64453125
1993633,49.13330078125
1993667,45.10498046875
1993685,34.3017578125
1993714,132.4462890625
1993724,42.66357421875
1993738,46.5087890625
1993757,51.08642578125
1993793,47.36328125
1993804,48.88916015625
1993817,43.212890625
1993835,41.1376953125
1993861,43.76220703125
1993871,43.76220703125
1993980,34.912109375
1993993,34.72900390625
1994084,34.423828125
1994317,37.353515625
1994793,39.00146484375
2086099,34.912109375
2086126,57.861328125
2086147,46.7529296875
2086159,73.79150390625
2086186,154.47998046875
2086199,61.95068359375
2086240,92.8955078125
2086266,41.6259765625
2086281,40.771484375
2086319,44.49462890625
2086337,35.888671875
2086368,39.4287109375
2086441,38.9404296875
2086456,34.66796875
2086474,38.51318359375
2086491,36.07177734375
2086600,34.72900390625
2086892,34.60693359375
2086943,35.888671875
2086998,34.3017578125
2087051,44.61669921875
2100416,57.12890625
2100457,39.61181640625
2100495,41.6259765625
2100525,55.6640625
2100535,40.4052734375
2100561,54.6875
2100584,80.2001953125
2100596,50.84228515625
2100612,46.08154296875
2100631,51.94091796875
2100647,44.86083984375
2100658,39.306640625
2100668,38.51318359375
2100686,36.92626953125
2100715,46.142578125
2100728,51.94091796875
2100742,35.58349609375
2100756,40.52734375
2100854,34.36279296875
2100892,39.97802734375
2100918,35.2783203125
2100999,34.85107421875
2101080,40.10009765625
2101145,38.02490234375
2101339,38.26904296875
2101472,41.44287109375
2101601,35.82763671875
2202172,36.4990234375
2202221,40.95458984375
2202236,49.49951171875
2202254,36.07177734375
2202282,145.3857421875
2202301,50.47607421875
2202316,65.36865234375
2202340,44.25048828125
2202367,50.96435546875
2202389,46.93603515625
2202408,45.7763671875
2202434,36.2548828125
2202448,50.048828125
2202494,35.33935546875
2202521,39.794921875
2202539,40.771484375
2202562,40.22216796875
2202632,38.63525390625
2202668,38.2080078125
2203497,35.64453125
2216029,36.1328125
2216042,34.97314453125
2216077,47.119140625
2216099,47.66845703125
2216119,43.5791015625
2216146,69.580078125
2216167,94.482421875
2216184,59.14306640625
2216200,46.5087890625
2216212,58.77685546875
2216246,45.59326171875
2216257,45.166015625
2216295,53.7109375
2216315,35.09521484375
2216359,40.58837890625
2216380,39.85595703125
2216391,34.912109375
2217001,34.5458984375
2217120,42.1142578125
2217148,35.7666015625
2217257,36.80419921875
2217340,35.5224609375
2217405,37.41455078125
2284755,44.25048828125
2284783,67.44384765625
2284810,71.044921875
2284838,99.54833984375
2284850,54.931640625
2284871,44.189453125
2284920,38.4521484375
2284946,56.21337890625
2284972,35.70556640625
2284982,40.771484375
2285006,40.22216796875
2285025,35.09521484375
2285068,36.7431640625
2285182,36.376953125
2285400,44.7998046875
2285468,35.21728515625
2285720,34.97314453125
2285911,36.31591796875
2295642,42.05322265625
2295707,41.9921875
2295856,52.978515625
2295878,58.65478515625
2295896,50.10986328125
2295925,48.4619140625
2295944,52.42919921875
2295958,51.69677734375
2295983,74.21875
2296013,47.42431640625
2296040,50.35400390625
2296065,45.8984375
2296095,46.2646484375
2296122,36.2548828125
2296167,38.39111328125
2296186,38.14697265625
2296208,45.8984375
2296363,43.88427734375
2296824,36.7431640625
2296862,40.1611328125
2296878,43.51806640625
2297168,38.9404296875
2354610,34.1796875
2354639,48.88916015625
2354653,42.78564453125
2354680,54.38232421875
2354696,35.888671875
2354726,86.3037109375
2354741,58.7158203125
2354760,60.791015625
2354782,47.4853515625
2354800,40.1611328125
2354825,43.64013671875
2354874,53.3447265625
2355745,40.83251953125
2410499,37.29248046875
2410519,35.0341796875
2410538,61.09619140625
2410548,45.34912109375
2410566,56.09130859375
2410591,183.7158203125
2410609,64.51416015625
2410624,51.33056640625
2410649,59.75341796875
2410684,36.07177734375
2410704,39.73388671875
2410752,45.10498046875
2410774,51.6357421875
2410813,35.94970703125
2410827,46.2646484375
2410850,35.09521484375
2410878,35.33935546875
2410954,36.376953125
2411019,36.19384765625
2472156,41.56494140625
2472182,61.8896484375
2472201,51.33056640625
2472230,97.0458984375
2472251,69.64111328125
2472262,40.8935546875
2472279,38.02490234375
2472305,48.7060546875
2472315,45.41015625
2472343,39.24560546875
2472354,39.12353515625
2472477,39.12353515625
2472825,39.85595703125
2473011,36.7431640625
2473102,43.39599609375
2505557,42.48046875
2505587,40.34423828125
2505603,38.26904296875
2505633,43.64013671875
2505643,44.12841796875
2505676,144.1650390625
2505698,56.70166015625
2505711,60.546875
2505726,40.1611328125
2505753,58.10546875
2505784,41.19873046875
2505865,39.73388671875
2505930,45.0439453125
2505979,37.2314453125
2506645,34.60693359375
2575471,45.2880859375
2575527,38.51318359375
2575557,53.40576171875
2575577,62.3779296875
2575604,153.80859375
2575623,57.43408203125
2575635,48.64501953125
2575650,45.7763671875
2575661,43.212890625
2575676,35.33935546875
2575700,42.236328125
2575710,51.20849609375
2575734,38.57421875
2575753,47.607421875
2575829,36.07177734375
2575860,43.27392578125
2575924,46.81396484375
2575950,34.3017578125
2575994,38.0859375
2576012,40.95458984375
2576636,41.259765625
2576734,38.0859375
2631842,37.7197265625
2631884,40.0390625
2631896,38.9404296875
2631912,55.7861328125
2631940,79.89501953125
2631962,95.703125
2631977,59.02099609375
2632004,64.94140625
2632022,34.7900390625
2632040,38.39111328125
2632052,45.7763671875
2632071,34.60693359375
2632135,38.87939453125
2632152,34.60693359375
2632189,35.33935546875
2632214,35.70556640625
2632230,45.10498046875
2632280,34.60693359375
2632367,36.43798828125
2632747,34.7900390625
2632830,36.1328125
2633042,35.64453125
2710011,59.02099609375
2710039,48.88916015625
2710060,94.78759765625
2710079,56.640625
2710104,70.556640625
2710114,46.08154296875
2710135,45.22705078125
2710192,37.78076171875
2710219,36.56005859375
2710258,39.97802734375
2710281,35.94970703125
2710325,38.51318359375
2710362,35.15625
2710412,41.19873046875
2710514,42.66357421875
2710675,34.5458984375
2710843,36.0107421875
2710978,36.0107421875
2739435,35.33935546875
2739462,38.2080078125
2739483,44.5556640625
2739498,46.2646484375
2739510,61.6455078125
2739527,41.259765625
2739557,147.216796875
2739583,51.26953125
2739600,57.67822265625
2739627,56.2744140625
2739641,40.10009765625
2739706,39.24560546875
2739762,39.85595703125
2739786,41.3818359375
2739805,42.78564453125
2739847,36.07177734375
2739931,48.828125
2739966,37.4755859375
2740011,41.3818359375
2740218,34.7900390625
2740430,44.25048828125
2741854,47.119140625
2774816,34.3017578125
2774838,36.0107421875
2774875,41.68701171875
2774892,37.53662109375
2774908,35.94970703125
2774931,45.8984375
2774946,38.57421875
2774972,56.94580078125
2774982,125.67138671875
2775002,46.2646484375
2775018,50.9033203125
2775032,39.85595703125
2775072,53.5888671875
2775082,38.26904296875
2775096,56.396484375
2775116,38.9404296875
2775151,39.55078125
2775194,47.8515625
2775224,47.30224609375
2775264,45.5322265625
2775326,44.98291015625
2775997,34.912109375
2776149,34.24072265625
2859235,35.5224609375
2859277,47.30224609375
2859288,59.50927734375
2859319,77.45361328125
2859352,154.052734375
2859371,50.29296875
2859384,69.51904296875
2859399,37.17041015625
2859409,44.189453125
2859424,51.08642578125
2859451,74.951171875
2859462,35.09521484375
2859473,44.25048828125
2859492,42.54150390625
2859510,49.25537109375
2859552,37.04833984375
2859593,35.888671875
2859615,42.96875
2859650,38.818359375
2859692,34.85107421875
2860019,37.9638671875
2860152,40.6494140625
2873665,36.19384765625
2873777,36.62109375
2873807,45.8984375
2873821,57.2509765625
2873836,52.55126953125
2873848,51.94091796875
2873879,102.294921875
2873891,69.15283203125
2873912,34.5458984375
2873927,54.50439453125
2873937,47.8515625
2873974,46.81396484375
2873994,49.560546875
2874007,36.68212890625
2874042,46.38671875
2874123,39.4287109375
2874220,36.92626953125
2874278,37.2314453125
2874407,35.15625
2874655,35.15625
2874884,34.48486328125
2938911,37.41455078125
2938922,65.85693359375
2938935,78.7353515625
2938971,96.8017578125
2938988,62.6220703125
2939003,55.84716796875
2939016,77.63671875
2939044,47.119140625
2939058,37.841796875
2939076,46.7529296875
2939148,34.423828125
2939238,40.52734375
2939315,35.33935546875
2939458,38.63525390625
2939665,34.60693359375
2939970,36.56005859375
2987472,52.30712890625
2987485,34.1796875
2987509,67.0166015625
2987536,69.51904296875
2987565,56.0302734375
2987602,52.91748046875
2987631,38.4521484375
2987646,44.0673828125
2987662,45.8984375
2987678,39.61181640625
2987725,39.12353515625
2987745,53.7109375
2987765,46.44775390625
2987853,45.47119140625
2987879,37.109375
2987902,35.33935546875
2987959,37.353515625
2988219,34.97314453125
3052227,38.2080078125
3052249,40.8935546875
3052265,35.82763671875
3052287,65.5517578125
3052313,63.232421875
3052333,36.80419921875
3052343,98.57177734375
3052364,132.6904296875
3052390,50.4150390625
3052408,52.001953125
3052424,34.3017578125
3052439,46.20361328125
3052454,52.978515625
3052485,37.109375
3052508,37.59765625
3052520,37.53662109375
3052539,34.97314453125
3052556,45.8984375
3052618,34.66796875
3052637,39.97802734375
3052667,36.1328125
3052681,47.2412109375
3052759,41.07666015625
3053065,35.400390625
3091008,36.2548828125
3091087,40.83251953125
3091117,78.06396484375
3091143,36.56005859375
3091175,77.20947265625
3091201,58.65478515625
3091220,63.232421875
3091242,60.05859375
3091289,47.119140625
3091301,54.13818359375
3091336,35.09521484375
3091398,36.9873046875
3091419,34.5458984375
3091442,36.376953125
3091462,36.2548828125
3091512,34.3017578125
3091539,35.21728515625
3091667,36.92626953125
3092064,34.72900390625
3092282,35.09521484375
3171506,36.68212890625
3171534,53.955078125
3171545,84.65576171875
3171572,114.3798828125
3171589,41.8701171875
3171625,35.82763671875
3171645,59.6923828125
3171667,48.40087890625
3171684,61.03515625
3171729,37.17041015625
3171757,38.63525390625
3171780,37.59765625
3171821,36.0107421875
3171843,42.17529296875
3171911,40.58837890625
3172058,38.4521484375
3172304,35.15625
3172499,39.794921875
3234235,41.3818359375
3234261,45.2880859375
3234279,61.46240234375
3234298,59.75341796875
3234326,108.82568359375
3234343,46.9970703125
3234356,48.583984375
3234373,65.73486328125
3234396,42.41943359375
3234414,64.208984375
3234454,34.3017578125
3234469,34.24072265625
3234481,36.9873046875
3234549,43.8232421875
3234643,35.33935546875
3234741,44.189453125
3234835,40.10009765625
3248885,34.60693359375
3248949,36.1328125
3248975,36.7431640625
3249010,53.1005859375
3249032,60.48583984375
3249053,66.2841796875
3249076,63.4765625
3249090,140.80810546875
3249102,69.4580078125
3249117,36.62109375
3249135,39.36767578125
3249151,56.94580078125
3249168,36.07177734375
3249183,39.794921875
3249193,38.51318359375
3249222,39.6728515625
3249247,40.8935546875
3249295,36.43798828125
3249326,42.29736328125
3249360,42.90771484375
3249440,62.80517578125
3249683,38.0859375
3249822,44.3115234375
3250141,40.71044921875
3282516,38.0859375
3282529,50.10986328125
3282550,60.302734375
3282572,58.349609375
3282597,48.9501953125
3282623,50.84228515625
3282637,51.45263671875
3282673,70.12939453125
3282700,35.888671875
3282710,43.5791015625
3282723,60.791015625
3282753,34.60693359375
3282811,40.4052734375
3282843,43.02978515625
3283109,41.259765625
3385035,42.29736328125
3385061,36.1328125
3385087,43.51806640625
3385102,84.9609375
3385123,73.66943359375
3385153,150.87890625
3385178,59.5703125
3385194,57.80029296875
3385211,44.7998046875
3385230,53.1005859375
3385241,45.2880859375
3385260,40.46630859375
3385312,44.3115234375
3385360,35.7666015625
3385386,37.29248046875
3385431,43.45703125
3385481,36.0107421875
3385539,37.17041015625
3385569,37.4755859375
3385657,36.2548828125
3385935,37.841796875
3386222,46.142578125
3441520,45.22705078125
3441551,34.66796875
3441569,63.65966796875
3441597,54.931640625
3441619,158.26416015625
3441630,63.3544921875
3441659,58.59375
3441687,40.0390625
3441716,51.08642578125
3441735,38.14697265625
3441752,36.9873046875
3441773,47.8515625
3441799,37.59765625
3441867,38.4521484375
3441887,35.21728515625
3441936,35.7666015625
3442020,36.92626953125
3442510,37.29248046875
3506769,34.3017578125
3506798,39.9169921875
3506816,40.58837890625
3506832,52.24609375
3506854,61.58447265625
3506867,37.4755859375
3506886,48.03466796875
3506897,56.09130859375
3506923,54.62646484375
3506939,37.2314453125
3506953,39.24560546875
3506968,36.43798828125
3506992,41.015625
3507006,43.64013671875
3507026,49.74365234375
3507039,35.7666015625
3507080,37.2314453125
3507148,36.07177734375
3507165,35.0341796875
3507176,35.09521484375
3507189,34.24072265625
3507252,38.2080078125
3507345,34.423828125
3507859,36.865234375
3507950,38.57421875
3532687,35.09521484375
3532739,34.97314453125
3532767,34.48486328125
3532784,50.96435546875
3532811,36.7431640625
3532828,37.65869140625
3532849,48.15673828125
3532866,98.57177734375
3532881,47.66845703125
3532899,34.1796875
3532915,71.77734375
3532927,48.33984375
3532939,52.06298828125
3532950,43.45703125
3532965,46.5087890625
3532995,43.02978515625
3533014,42.66357421875
3533025,38.9404296875
3533077,38.57421875
3533172,36.62109375
3533199,35.400390625
3533442,37.4755859375
3533834,37.9638671875
3586390,37.53662109375
3586420,38.87939453125
3586442,47.42431640625
3586476,58.53271484375
3586498,118.83544921875
3586538,47.18017578125
3586570,48.88916015625
3586598,42.1142578125
3586609,34.85107421875
3586636,44.12841796875
3586697,36.80419921875
3586813,44.00634765625
3647864,39.4287109375
3647927,45.34912109375
3647961,53.40576171875
3647981,64.14794921875
3647998,138.00048828125
3648009,69.03076171875
3648026,67.2607421875
3648054,45.34912109375
3648070,35.46142578125
3648084,45.2880859375
3648098,39.4287109375
3648118,34.423828125
3648145,34.48486328125
3648177,37.4755859375
3648198,37.59765625
3648208,43.39599609375
3648277,35.58349609375
3648321,35.82763671875
3648396,36.9873046875
3648493,50.1708984375
3648686,36.865234375
3648757,38.14697265625
3648835,34.48486328125
3648924,41.44287109375
3766432,40.771484375
3766458,42.8466796875
3766472,47.18017578125
3766501,74.3408203125
3766523,74.03564453125
3766534,61.03515625
3766557,44.677734375
3766574,43.15185546875
3766586,34.97314453125
3766609,40.46630859375
3766629,42.66357421875
3766661,38.87939453125
3766716,39.0625
3766758,36.56005859375
3766826,36.4990234375
3766874,43.8232421875
3766947,35.94970703125
3767545,42.05322265625
3836963,41.44287109375
3837011,46.93603515625
3837036,50.29296875
3837051,42.90771484375
3837075,47.18017578125
3837086,128.5400390625
3837102,46.2646484375
3837125,42.29736328125
3837167,49.25537109375
3837190,42.17529296875
3837200,34.60693359375
3837234,44.12841796875
3837294,39.0625
3837317,34.5458984375
3837355,34.3017578125
3837379,35.64453125
3837397,35.33935546875
3837486,35.09521484375
3837527,34.36279296875
3838004,35.15625
3863913,37.41455078125
3863943,43.02978515625
3863989,51.26953125
3864004,44.3115234375
3864027,62.43896484375
3864052,87.82958984375
3864068,54.443359375
3864100,68.29833984375
3864126,48.7060546875
3864136,37.2314453125
3864146,44.86083984375
3864176,34.3017578125
3864200,35.33935546875
3864218,40.34423828125
3864252,45.34912109375
3864293,36.2548828125
3864371,35.2783203125
3864409,36.56005859375
3864797,40.34423828125
3948907,37.109375
3948942,54.26025390625
3948971,88.7451171875
3948988,63.65966796875
3949009,56.09130859375
3949056,66.10107421875
3949072,46.142578125
3949116,44.677734375
3949129,38.0859375
3949154,38.39111328125
3949174,39.00146484375
3949244,40.95458984375
3949262,46.20361328125
3949295,45.10498046875
3949353,34.72900390625
3949374,35.64453125
3949425,34.85107421875
3949605,35.21728515625
3949661,34.5458984375
3949858,35.70556640625
3949911,46.0205078125
3949966,34.60693359375
4066091,36.56005859375
4066102,39.1845703125
4066121,37.53662109375
4066135,50.72021484375
4066155,62.68310546875
4066180,54.931640625
4066200,72.81494140625
4066210,56.21337890625
4066254,41.19873046875
4066264,35.15625
4066287,48.15673828125
4066305,41.56494140625
4066335,47.66845703125
4066395,40.46630859375
4066456,41.68701171875
4066504,37.4755859375
4066628,34.3017578125
4066944,35.21728515625
4111829,41.32080078125
4111884,46.56982421875
4111914,38.63525390625
4111927,35.0341796875
4111944,63.29345703125
4111963,49.49951171875
4111978,63.4765625
4112003,55.60302734375
4112024,53.28369140625
4112061,45.2880859375
4112100,43.701171875
4112153,43.39599609375
4112172,39.61181640625
4112187,40.283203125
4112275,36.9873046875
4112309,36.56005859375
4112381,36.92626953125
4112571,36.376953125
4112857,35.09521484375
4187002,47.36328125
4187035,53.8330078125
4187062,66.7724609375
4187085,107.5439453125
4187102,79.9560546875
4187121,50.9033203125
4187143,34.36279296875
4187173,36.92626953125
4187186,37.59765625
4187224,42.236328125
4187246,36.19384765625
4187265,42.17529296875
4187277,38.6962890625
4187310,37.2314453125
4187357,36.68212890625
4187406,34.3017578125
4187699,38.02490234375
4294062,37.841796875
4294080,47.66845703125
4294110,60.36376953125
4294121,62.6220703125
4294146,50.84228515625
4294160,45.59326171875
4294185,76.171875
4294197,35.7666015625
4294213,34.36279296875
4294223,34.3017578125
4294312,46.20361328125
4294332,40.83251953125
4294354,37.59765625
4294391,36.80419921875
4294401,39.9169921875
4344019,40.283203125
4344068,37.53662109375
4344097,40.34423828125
4344119,59.99755859375
4344130,34.423828125
4344147,49.25537109375
4344177,84.5947265625
4344190,41.748046875
4344200,47.42431640625
4344220,62.43896484375
4344246,38.0859375
4344260,36.80419921875
4344275,62.5
4344292,50.6591796875
4344321,38.9404296875
4344331,40.771484375
4344382,39.306640625
4344436,34.912109375
4344534,38.02490234375
4344970,35.64453125
4397382,42.96875
4397433,50.10986328125
4397452,49.072265625
4397479,63.3544921875
4397504,161.31591796875
4397520,54.13818359375
4397544,59.5703125
4397574,65.85693359375
4397590,49.9267578125
4397621,45.654296875
4397650,34.24072265625
4397736,35.400390625
4397763,35.58349609375
4398320,36.07177734375
4398554,35.15625
4494790,40.10009765625
4494848,35.5224609375
4494870,53.52783203125
4494886,55.96923828125
4494912,88.19580078125
4494932,62.68310546875
4494963,75.3173828125
4494975,34.36279296875
4494988,36.0107421875
4495016,51.8798828125
4495042,40.52734375
4495057,47.05810546875
4495067,36.7431640625
4495098,34.7900390625
4495118,34.7900390625
4495162,42.6025390625
4495210,40.6494140625
4495236,36.92626953125
4495264,34.48486328125
4495507,35.94970703125
4495858,34.97314453125
4560223,36.80419921875
4560254,51.7578125
4560269,59.9365234375
4560299,155.76171875
4560326,54.26025390625
4560339,52.6123046875
4560360,35.09521484375
4560392,51.7578125
4560408,37.109375
4560454,38.02490234375
4560490,39.306640625
4560555,37.4755859375
4560685,35.2783203125
4599990,35.09521484375
4600045,40.22216796875
4600074,42.41943359375
4600095,43.8232421875
4600114,46.08154296875
4600133,96.8017578125
4600147,41.32080078125
4600164,40.4052734375
4600178,42.8466796875
4600210,50.72021484375
4600250,40.0390625
4600289,54.74853515625
4600397,41.07666015625
4600468,34.24072265625
4600545,44.98291015625
4669193,40.95458984375
4669231,58.16650390625
4669248,47.30224609375
4669258,49.49951171875
4669273,56.45751953125
4669300,154.6630859375
4669321,75.1953125
4669334,39.9169921875
4669344,76.59912109375
4669367,42.29736328125
4669391,51.8798828125
4669409,38.75732421875
4669423,41.8701171875
4669459,38.0859375
4669509,43.9453125
4669552,41.8701171875
4669649,37.109375
4669830,36.92626953125
4669903,36.7431640625
4670140,39.9169921875
4684656,41.56494140625
4684673,53.8330078125
4684699,45.95947265625
4684729,56.884765625
4684748,143.37158203125
4684767,48.88916015625
4684793,57.4951171875
4684823,49.01123046875
4684842,43.9453125
4684861,37.59765625
4684900,43.39599609375
4684949,34.72900390625
4684966,36.0107421875
4684987,34.66796875
4685089,34.66796875
4685132,40.83251953125
4685536,34.423828125
4685662,35.82763671875
4741172,41.6259765625
4741232,60.6689453125
4741253,43.51806640625
4741274,73.73046875
4741295,191.95556640625
4741316,41.259765625
4741334,63.3544921875
4741355,38.63525390625
4741388,36.865234375
4741399,45.47119140625
4741447,49.25537109375
4741553,51.3916015625
4741773,37.59765625
4741903,36.31591796875
4742123,35.400390625
4742302,35.0341796875
