4799001,0
13198,28.6865234375
13292,31.3720703125
33819,29.23583984375
34010,29.9072265625
53155,28.1982421875
53233,36.7431640625
99181,33.935546875
99334,27.64892578125
173849,27.64892578125
173963,31.3720703125
200182,27.77099609375
200359,30.6396484375
228255,27.83203125
1709053,27.9541015625
1744127,28.25927734375
1778686,30.33447265625
1832058,27.7099609375
1832110,27.64892578125
1855872,32.8369140625
1855898,27.587890625
1858906,28.076171875
1879473,28.25927734375
1901108,29.78515625
1925708,36.68212890625
1929656,28.6865234375
1950350,30.029296875
1950385,40.6494140625
1952062,28.3203125
1974876,37.53662109375
1998867,28.564453125
2024013,34.97314453125
2024037,29.541015625
2024111,28.99169921875
2051621,28.25927734375
2051742,40.771484375
2051832,27.83203125
2053557,31.67724609375
2087347,28.13720703125
2087370,30.029296875
2087475,29.296875
2110700,27.83203125
2112381,29.1748046875
2146838,28.6865234375
2146899,28.25927734375
2178268,34.36279296875
2178364,27.89306640625
2178405,37.17041015625
2178429,29.84619140625
2231414,32.65380859375
2231460,29.541015625
2231627,34.423828125
2545273,31.67724609375
2545382,27.587890625
2582851,29.96826171875
2583081,29.11376953125
2683844,29.72412109375
2683878,36.31591796875
2719980,27.9541015625
2720031,30.8837890625
2758329,29.96826171875
2758347,28.4423828125
2799574,27.587890625
2799662,32.470703125
2799706,27.587890625
2842684,28.86962890625
2887480,31.005859375
2887522,32.28759765625
2887589,27.587890625
2929634,27.9541015625
2929654,30.8837890625
2964574,27.83203125
3008344,27.77099609375
3008435,37.353515625
3008484,28.25927734375
3040411,29.78515625
3040490,28.9306640625
3040522,29.72412109375
3073170,34.36279296875
3073252,29.052734375
3073383,29.35791015625
3110466,30.09033203125
3110566,28.01513671875
3140767,27.64892578125
3140932,28.38134765625
3242881,29.78515625
3242901,37.353515625
3242991,27.77099609375
3293452,29.78515625
3342243,32.28759765625
3342325,41.259765625
3402427,28.38134765625
3402522,37.7197265625
3456907,34.24072265625
3456935,31.31103515625
3457064,30.3955078125
3509662,32.40966796875
3509744,33.87451171875
3509764,27.83203125
3509810,27.9541015625
3563321,31.06689453125
3563477,30.45654296875
3608906,27.89306640625
3608987,28.3203125
3609119,29.4189453125
3663206,31.005859375
3663312,28.25927734375
3663408,35.5224609375
3665107,28.13720703125
3709560,29.052734375
3709687,27.7099609375
3709850,28.13720703125
3709979,33.69140625
3711638,27.77099609375
3763767,27.64892578125
3763888,27.7099609375
3803639,31.494140625
3803726,28.6865234375
3803862,31.92138671875
3805535,28.74755859375
3833278,29.35791015625
3836218,35.09521484375
3867100,37.41455078125
3867230,29.35791015625
3929719,27.587890625
3929781,37.59765625
3929905,33.447265625
3985457,27.52685546875
3985577,35.5224609375
4042189,28.25927734375
4042278,39.24560546875
4093742,28.1982421875
4093784,32.71484375
4147013,29.6630859375
4196666,30.3955078125
4196713,31.6162109375
4196775,29.9072265625
4242673,30.8837890625
4294890,35.64453125
4352878,27.7099609375
4352955,29.296875
4397325,32.1044921875
4397390,29.541015625
4446894,28.50341796875
4446943,28.25927734375
4446971,33.75244140625
4495929,32.2265625
4495965,27.64892578125
4496010,30.6396484375
4589173,29.11376953125
4589212,31.18896484375
4589264,28.3203125
4589366,33.38623046875
4589452,28.3203125
4716616,28.564453125
4775849,27.89306640625
