4798001,0
59064,33.203125
59151,32.53173828125
136725,34.66796875
209656,34.24072265625
304774,31.43310546875
375281,36.865234375
375361,35.46142578125
434686,33.02001953125
434795,32.77587890625
498029,31.982421875
498090,36.80419921875
546595,31.92138671875
546637,32.65380859375
644051,34.912109375
725981,33.26416015625
726062,34.0576171875
818540,35.94970703125
873694,32.1044921875
873788,31.55517578125
929834,34.97314453125
969269,31.55517578125
1008254,34.11865234375
1008462,31.43310546875
1080941,33.38623046875
1122019,33.5693359375
1122093,39.73388671875
1180343,33.0810546875
1180486,32.40966796875
1216346,35.82763671875
1289171,31.494140625
1340659,31.982421875
1340688,33.63037109375
1396621,34.36279296875
1461871,33.26416015625
1512915,31.43310546875
1568239,33.935546875
1568264,33.8134765625
1568309,32.1044921875
1569090,31.73828125
1639315,32.77587890625
1795500,33.8134765625
1795529,32.28759765625
1875189,32.28759765625
1875230,41.19873046875
1875268,33.38623046875
1875310,31.982421875
1923770,32.04345703125
1923838,41.259765625
1923877,34.24072265625
1985979,33.38623046875
2031530,31.6162109375
2031600,33.0810546875
2141817,32.71484375
2141896,31.55517578125
2252383,32.16552734375
2408470,31.982421875
2519148,34.5458984375
2519353,39.12353515625
2519404,33.447265625
2574308,31.92138671875
2628614,31.8603515625
2628635,34.11865234375
2682490,31.55517578125
2776624,38.0859375
2825031,34.11865234375
2910097,32.28759765625
2910175,32.1044921875
2962739,36.7431640625
2962903,32.04345703125
2963033,31.6162109375
3040229,39.9169921875
3079319,34.1796875
3079368,31.92138671875
3079397,31.73828125
3079415,38.57421875
3079456,34.11865234375
3079491,31.43310546875
3079516,36.62109375
3079625,32.8369140625
3126334,31.494140625
3126407,32.65380859375
3243878,36.07177734375
3243975,31.982421875
3244010,34.36279296875
3244050,33.3251953125
3364990,32.1044921875
3365013,36.376953125
3424008,32.3486328125
3424033,35.46142578125
3530337,39.9169921875
3530392,39.306640625
3633454,31.55517578125
3633718,31.67724609375
3790977,38.75732421875
3939318,32.04345703125
4042289,31.43310546875
4080661,37.78076171875
4190556,35.94970703125
4190651,40.95458984375
4190671,36.0107421875
4237465,34.24072265625
4237596,31.73828125
4237768,32.8369140625
4500466,38.75732421875
4626651,36.19384765625
