4799001,0
6088,41.9921875
6642,39.73388671875
25962,39.97802734375
32533,35.2783203125
39489,44.25048828125
40879,35.21728515625
48142,34.66796875
54989,41.80908203125
62270,37.841796875
66139,43.701171875
75017,38.57421875
77470,38.75732421875
83092,34.85107421875
90664,41.6259765625
91856,35.7666015625
96217,35.33935546875
103816,37.841796875
104458,38.63525390625
108775,34.7900390625
109959,36.92626953125
112960,39.00146484375
114073,36.43798828125
122211,40.283203125
131332,46.2646484375
139888,46.5087890625
141823,38.57421875
150886,53.52783203125
151666,35.0341796875
153099,36.865234375
154987,36.4990234375
161092,43.5791015625
161768,41.80908203125
170272,48.27880859375
171444,36.80419921875
181119,40.771484375
182053,38.818359375
191436,56.09130859375
193156,48.52294921875
202348,57.80029296875
203996,42.54150390625
212116,37.9638671875
215151,34.97314453125
223929,55.17578125
233284,60.05859375
242929,54.74853515625
243613,36.7431640625
254394,59.5703125
255020,52.490234375
261758,62.01171875
263327,34.48486328125
269890,52.3681640625
270961,50.048828125
282699,54.87060546875
292177,50.72021484375
302068,67.9931640625
302712,45.71533203125
304039,40.10009765625
306402,56.396484375
315176,55.6640625
316366,35.09521484375
321696,43.51806640625
322615,38.0859375
333078,51.025390625
333777,38.39111328125
338331,34.912109375
343340,50.47607421875
353451,55.35888671875
355021,38.330078125
355798,36.7431640625
363657,51.08642578125
365722,47.607421875
366657,35.70556640625
374551,44.5556640625
375348,52.734375
382293,36.376953125
382890,54.01611328125
383908,35.400390625
394904,50.10986328125
395623,50.6591796875
407363,55.60302734375
409024,47.36328125
419307,66.71142578125
419826,44.61669921875
421283,34.423828125
428322,58.9599609375
429135,39.9169921875
438488,58.89892578125
440158,47.54638671875
441005,40.58837890625
453060,55.96923828125
462835,54.62646484375
463254,42.90771484375
464715,37.41455078125
472547,47.66845703125
474095,36.07177734375
474649,43.5791015625
484176,52.24609375
485335,49.9267578125
491353,36.2548828125
495274,54.01611328125
496454,42.66357421875
498489,46.142578125
507490,35.94970703125
507514,54.8095703125
508619,44.7998046875
517332,55.17578125
519052,48.88916015625
522799,37.59765625
528889,53.64990234375
529659,49.8046875
538789,49.4384765625
548087,64.75830078125
548928,54.87060546875
556845,55.6640625
558379,44.49462890625
559720,46.93603515625
570877,55.419921875
571457,42.3583984375
580729,68.29833984375
582021,45.8984375
583216,61.4013671875
592064,46.9970703125
594438,35.21728515625
595070,36.0107421875
606356,57.12890625
607283,44.98291015625
609592,39.4287109375
618697,61.21826171875
619431,37.90283203125
620621,39.6728515625
627762,49.49951171875
629576,55.11474609375
631076,35.58349609375
641466,56.82373046875
642016,42.17529296875
648338,50.4150390625
649461,36.80419921875
660335,42.3583984375
661737,62.6220703125
669602,50.6591796875
681191,62.19482421875
681612,38.818359375
691070,62.6220703125
693254,45.59326171875
694010,35.400390625
695043,37.29248046875
705325,45.654296875
707051,38.6962890625
709277,36.7431640625
718040,55.35888671875
721056,47.9736328125
729126,43.15185546875
739552,63.5986328125
749842,57.9833984375
750965,36.07177734375
759792,53.52783203125
760934,36.376953125
770770,58.41064453125
772015,40.71044921875
772588,35.5224609375
780344,61.21826171875
782966,54.74853515625
793518,63.41552734375
794465,48.15673828125
803658,34.423828125
805387,62.80517578125
805840,44.5556640625
806653,34.72900390625
814141,48.4619140625
824583,44.3115234375
825421,50.96435546875
836167,53.28369140625
836887,37.53662109375
844828,56.09130859375
847668,46.142578125
857812,57.861328125
858321,37.29248046875
860099,43.02978515625
871257,51.57470703125
872220,55.35888671875
880385,52.30712890625
881042,37.17041015625
890394,63.3544921875
891628,51.025390625
896563,36.7431640625
902070,59.08203125
902607,39.1845703125
908205,41.9921875
915445,50.23193359375
925882,56.15234375
934644,67.138671875
935442,47.9736328125
945392,52.06298828125
946231,35.33935546875
956927,57.92236328125
957624,40.4052734375
966183,54.443359375
968077,39.9169921875
979539,67.07763671875
981807,46.38671875
990848,60.791015625
994121,42.96875
1003073,56.70166015625
1004737,50.47607421875
1014160,52.24609375
1015330,39.4287109375
1024204,58.41064453125
1024733,35.15625
1029804,51.08642578125
1030362,35.82763671875
1040730,55.84716796875
1041730,35.0341796875
1051239,51.8798828125
1051818,38.0859375
1058266,50.6591796875
1058476,34.48486328125
1058943,37.109375
1062468,39.9169921875
1072487,60.05859375
1073301,47.79052734375
1085073,51.7578125
1085504,39.48974609375
1088358,34.97314453125
1094524,49.62158203125
1103055,48.52294921875
1104314,48.095703125
1112009,50.9033203125
1113076,45.8984375
1121982,58.04443359375
1123476,41.748046875
1133197,64.02587890625
1134570,47.54638671875
1144277,61.767578125
1145628,35.82763671875
1157078,63.29345703125
1158406,43.64013671875
1169190,60.48583984375
1169756,40.6494140625
1178329,41.50390625
1179191,42.724609375
1187789,56.2744140625
1189049,42.8466796875
1190967,39.73388671875
1199382,74.70703125
1200411,45.71533203125
1210733,55.35888671875
1212091,62.8662109375
1220701,58.77685546875
1228499,51.69677734375
1229050,36.4990234375
1239737,65.12451171875
1241054,45.71533203125
1248786,35.0341796875
1250276,53.52783203125
1250530,34.85107421875
1250959,34.423828125
1259953,51.08642578125
1261283,45.10498046875
1270189,48.828125
1271691,55.60302734375
1280450,58.349609375
1280898,40.46630859375
1290049,43.701171875
1290703,43.45703125
1300661,56.33544921875
1302344,58.837890625
1312023,75.13427734375
1312503,36.0107421875
1322424,59.38720703125
1322949,43.39599609375
1333726,61.4013671875
1343439,70.4345703125
1345592,59.87548828125
1354769,55.908203125
1363253,70.80078125
1363649,34.72900390625
1373376,58.59375
1374135,57.55615234375
1384241,68.2373046875
1384795,44.0673828125
1394097,64.63623046875
1394894,39.306640625
1398666,58.10546875
1399453,37.2314453125
1407791,47.4853515625
1408738,38.2080078125
1418812,53.5888671875
1420351,53.16162109375
1428752,56.09130859375
1429244,34.7900390625
1440588,54.0771484375
1441511,53.466796875
1449856,69.51904296875
1452223,53.5888671875
1461564,55.2978515625
1471458,58.837890625
1472403,58.77685546875
1474582,53.3447265625
1475441,38.63525390625
1486478,61.767578125
1487270,40.22216796875
1497265,64.453125
1498583,51.69677734375
1506856,46.2646484375
1507704,39.24560546875
1517753,66.10107421875
1518286,42.66357421875
1528296,54.50439453125
1528800,40.10009765625
1538588,78.125
1539570,56.2744140625
1540734,35.888671875
1546621,37.78076171875
1550047,35.400390625
1559822,62.8662109375
1560287,38.39111328125
1570025,71.4111328125
1570868,57.7392578125
1582089,55.96923828125
1582450,36.865234375
1593276,63.04931640625
1594068,53.955078125
1595213,36.80419921875
1604177,60.24169921875
1606132,53.28369140625
1610627,36.80419921875
1616474,63.53759765625
1618517,49.9267578125
1619067,35.400390625
1627234,70.00732421875
1628086,49.4384765625
1636604,65.00244140625
1637438,35.58349609375
1641354,49.4384765625
1642116,38.51318359375
1651194,63.53759765625
1662386,67.87109375
1663084,52.30712890625
1663854,39.61181640625
1672834,56.82373046875
1673402,47.05810546875
1674987,36.0107421875
1683806,69.39697265625
1694171,67.0166015625
1695093,37.4755859375
1705079,65.73486328125
1705808,50.1708984375
1715454,67.56591796875
1716538,49.6826171875
1723625,68.54248046875
1723979,38.9404296875
1732784,60.85205078125
1733234,34.912109375
1743224,55.35888671875
1753290,75.74462890625
1754063,42.3583984375
1763695,62.255859375
1764346,37.78076171875
1772974,53.22265625
1783476,64.3310546875
1784359,58.837890625
1784906,45.0439453125
1792613,55.419921875
1795623,50.048828125
1805890,75.25634765625
1815742,62.255859375
1816864,40.0390625
1826960,67.87109375
1836822,35.09521484375
1837402,35.70556640625
1838346,42.54150390625
1841858,38.57421875
1845771,39.24560546875
1850892,53.77197265625
1851478,43.02978515625
1862287,56.33544921875
1868005,34.66796875
1868066,48.7060546875
1878624,62.1337890625
1880102,38.4521484375
1889481,51.94091796875
1890015,42.236328125
1899856,65.49072265625
1910396,40.8935546875
1911336,41.19873046875
1919640,57.06787109375
1920282,43.39599609375
1930011,49.560546875
1938523,52.6123046875
1948256,37.29248046875
1950727,55.2978515625
1958840,43.51806640625
1961387,48.7060546875
1965853,38.75732421875
1971282,44.00634765625
1972148,47.66845703125
1980542,43.88427734375
1990852,44.43359375
1999617,55.17578125
2000033,38.330078125
2005267,34.5458984375
2006170,44.25048828125
2011476,49.8046875
2020303,42.29736328125
2027848,49.74365234375
2028462,46.9970703125
2033935,36.2548828125
2036308,47.36328125
2036980,50.29296875
2042745,52.24609375
2051697,56.396484375
2058062,56.82373046875
2066992,48.7060546875
2073793,53.40576171875
2081285,51.81884765625
2081296,41.19873046875
2081851,39.4287109375
2082577,35.94970703125
2091010,49.9267578125
2092300,35.82763671875
2098263,49.37744140625
2104221,50.78125
2106887,37.17041015625
2114506,52.734375
2114703,41.32080078125
2120755,39.306640625
2129056,41.748046875
2137154,41.6259765625
2146013,45.34912109375
2146525,36.7431640625
2151772,34.72900390625
2153849,47.66845703125
2154821,39.55078125
2163226,42.78564453125
2168294,52.30712890625
2177393,50.1708984375
2187010,54.13818359375
2187687,36.1328125
2189975,35.64453125
2196057,48.52294921875
2196098,38.02490234375
2203125,44.00634765625
2211734,61.46240234375
2212284,34.912109375
2218954,50.29296875
2228529,60.302734375
2229511,39.1845703125
2235886,52.1240234375
2245149,50.84228515625
2246395,35.0341796875
2252198,52.1240234375
2259878,43.45703125
2260725,44.86083984375
2267156,55.35888671875
2275816,41.80908203125
2277163,41.6259765625
2283664,42.96875
2291929,62.3779296875
2299770,49.13330078125
2306231,46.142578125
2316983,47.9736328125
2325234,39.85595703125
2334643,57.67822265625
2334716,35.09521484375
2335590,34.72900390625
2344138,36.43798828125
2349164,46.0205078125
2358191,39.55078125
2358742,35.70556640625
2367044,46.08154296875
2375120,51.025390625
2382249,49.6826171875
2390348,51.57470703125
2395652,34.7900390625
2396938,37.7197265625
2399205,42.724609375
2407600,41.6259765625
2416888,38.9404296875
2417629,34.85107421875
2426533,50.59814453125
2436233,47.119140625
2444231,51.33056640625
2453266,46.0205078125
2454010,35.94970703125
2463628,53.28369140625
2464442,44.61669921875
2472582,49.9267578125
2483037,45.2880859375
2483488,36.19384765625
2491532,45.41015625
2500443,47.36328125
2510088,62.1337890625
2519522,47.607421875
2520057,34.97314453125
2530459,66.89453125
2531717,58.41064453125
2531998,35.7666015625
2541805,55.6640625
2551370,56.640625
2552270,45.47119140625
2563159,60.4248046875
2563897,43.3349609375
2573892,44.12841796875
2574584,37.41455078125
2583233,52.67333984375
2584264,49.01123046875
2593408,57.31201171875
2595863,48.15673828125
2606010,62.8662109375
2607173,41.3818359375
2615313,51.025390625
2615862,36.2548828125
2622208,39.794921875
2632838,44.677734375
2633383,39.0625
2643547,68.42041015625
2644683,41.68701171875
2656168,41.3818359375
2656891,52.8564453125
2657949,37.17041015625
2667791,62.3779296875
2668480,41.50390625
2678911,67.93212890625
2687737,51.513671875
2697003,56.396484375
2697539,47.05810546875
2698399,39.6728515625
2708538,70.61767578125
2716791,50.048828125
2718676,49.1943359375
2727819,57.12890625
2728622,44.3115234375
2729957,36.62109375
2740198,54.5654296875
2740986,48.2177734375
2751612,51.025390625
2752347,35.94970703125
2760882,60.05859375
2761557,43.51806640625
2771618,45.41015625
2772378,36.68212890625
2781928,42.8466796875
2792518,60.302734375
2793280,46.5087890625
2803824,67.93212890625
2804614,52.6123046875
2814255,52.30712890625
2814771,37.353515625
2824276,64.39208984375
2824704,34.5458984375
2834748,41.015625
2835748,50.9033203125
2845801,72.93701171875
2846601,39.73388671875
2852106,35.33935546875
2856573,65.7958984375
2857004,36.7431640625
2867663,62.31689453125
2868521,43.51806640625
2874187,63.8427734375
2882790,48.52294921875
2883831,43.02978515625
2894520,57.7392578125
2895148,62.8662109375
2903472,54.5654296875
2904846,51.7578125
2913667,50.72021484375
2916473,42.78564453125
2926049,69.82421875
2926686,52.001953125
2936017,49.74365234375
2946396,63.8427734375
2955794,66.0400390625
2956306,46.142578125
2965629,62.92724609375
2966157,36.80419921875
2966778,41.8701171875
2976278,52.490234375
2978288,56.15234375
2979044,44.49462890625
2989533,55.84716796875
2990175,38.51318359375
2999198,42.54150390625
2999687,37.17041015625
3007932,51.7578125
3008478,37.59765625
3017006,52.490234375
3026246,51.08642578125
3027348,48.2177734375
3037075,49.37744140625
3037823,41.44287109375
3045892,52.91748046875
3046502,37.59765625
3056265,48.33984375
3056741,34.423828125
3067475,50.10986328125
3068473,45.654296875
3077928,63.1103515625
3078876,38.818359375
3086486,50.84228515625
3096648,59.326171875
3105833,56.396484375
3109952,67.626953125
3110321,39.73388671875
3118676,54.13818359375
3119292,48.64501953125
3119761,35.7666015625
3120361,34.912109375
3129140,44.921875
3137220,56.57958984375
3139869,42.41943359375
3143987,37.353515625
3149687,64.453125
3157127,57.92236328125
3162744,64.94140625
3171138,48.40087890625
3172395,46.630859375
3178372,54.3212890625
3186685,47.30224609375
3187097,35.0341796875
3193741,52.30712890625
3194479,37.17041015625
3201957,56.70166015625
3202440,34.423828125
3207904,53.16162109375
3216710,58.4716796875
3217273,39.4287109375
3221695,53.7109375
3229911,36.7431640625
3231438,51.94091796875
3239028,57.31201171875
3239836,50.048828125
3247053,48.40087890625
3253839,54.01611328125
3262460,53.3447265625
3269459,57.861328125
3269969,37.29248046875
3270627,36.1328125
3276583,41.56494140625
3279372,35.5224609375
3285922,47.8515625
3290627,34.60693359375
3294297,37.4755859375
3295340,39.36767578125
3300924,48.88916015625
3309689,53.3447265625
3317973,42.78564453125
3320625,54.50439453125
3326112,34.48486328125
3331744,50.4150390625
3340425,60.6689453125
3347344,42.6025390625
3356052,47.54638671875
3356908,55.7861328125
3358238,35.7666015625
3364688,56.0302734375
3373010,39.0625
3374098,43.51806640625
3380903,52.67333984375
3389855,54.01611328125
3390679,45.7763671875
3397106,37.2314453125
3398347,57.373046875
3405667,49.62158203125
3414839,48.40087890625
3415893,45.5322265625
3416739,42.29736328125
3422790,35.21728515625
3422926,36.68212890625
3431015,45.2880859375
3440078,51.8798828125
3440630,35.400390625
3448504,46.2646484375
3449419,35.400390625
3457422,41.259765625
3458673,37.4755859375
3459140,36.2548828125
3464911,50.6591796875
3465601,37.90283203125
3472932,60.85205078125
3481728,43.212890625
3492208,51.81884765625
3498617,37.7197265625
3506287,51.26953125
3515831,45.654296875
3524257,51.025390625
3534003,56.2744140625
3534655,39.85595703125
3541160,35.15625
3544226,47.4853515625
3544958,37.9638671875
3555174,34.423828125
3555913,44.98291015625
3565415,54.931640625
3566973,47.36328125
3577072,52.8564453125
3578596,46.44775390625
3588426,46.875
3589776,40.83251953125
3600938,52.06298828125
3611929,53.16162109375
3612673,41.19873046875
3622637,51.513671875
3623540,40.46630859375
3632685,57.67822265625
3633701,35.888671875
3643705,52.42919921875
3653043,40.34423828125
3653991,46.93603515625
3658245,42.48046875
3658827,34.97314453125
3668415,49.13330078125
3669061,36.68212890625
3677035,61.6455078125
3677749,40.0390625
3684364,45.2880859375
3685069,36.68212890625
3697474,56.09130859375
3699603,45.166015625
3708427,52.42919921875
3709237,38.75732421875
3719530,63.90380859375
3720152,47.9736328125
3729310,52.1240234375
3731595,40.4052734375
3740671,64.8193359375
3741513,43.701171875
3751731,39.24560546875
3751809,36.07177734375
3752215,39.6728515625
3753460,43.0908203125
3763398,65.4296875
3764020,35.94970703125
3764651,42.236328125
3774933,69.091796875
3775918,35.2783203125
3783909,56.7626953125
3792937,56.82373046875
3802979,71.77734375
3804031,57.9833984375
3812804,58.04443359375
3813588,45.7763671875
3819044,35.2783203125
3820892,52.8564453125
3821354,42.6025390625
3832588,64.94140625
3843146,70.37353515625
3843721,46.2646484375
3854961,83.6181640625
3864055,52.001953125
3865066,48.2177734375
3874266,56.15234375
3885082,56.5185546875
3885697,43.45703125
3894595,50.96435546875
3896086,45.5322265625
3907026,58.349609375
3907668,45.83740234375
3910491,35.64453125
3917002,51.33056640625
3917437,34.5458984375
3925783,62.80517578125
3926853,46.5087890625
3937150,51.7578125
3937979,39.97802734375
3947714,52.24609375
3948223,34.7900390625
3959645,48.828125
3960000,34.7900390625
3970411,64.5751953125
3971078,57.18994140625
3982015,54.13818359375
3983283,49.37744140625
3993809,55.72509765625
3994570,45.8984375
4001276,56.09130859375
4003061,47.42431640625
4011830,55.5419921875
4022303,52.734375
4023157,44.00634765625
4033779,45.41015625
4033803,34.5458984375
4034901,37.29248046875
4046136,63.65966796875
4057452,56.57958984375
4058684,49.4384765625
4063212,54.99267578125
4070314,52.79541015625
4071112,36.1328125
4081080,59.26513671875
4081665,50.78125
4089501,54.01611328125
4096295,52.978515625
4097487,42.17529296875
4107391,43.701171875
4117196,57.55615234375
4126705,49.1943359375
4127333,36.19384765625
4136036,52.8564453125
4136454,39.00146484375
4147997,62.56103515625
4148612,42.724609375
4155891,50.6591796875
4163056,34.5458984375
4165623,63.29345703125
4166359,35.64453125
4177610,57.31201171875
4178073,36.19384765625
4185119,42.8466796875
4186204,43.15185546875
4196953,61.6455078125
4197818,48.4619140625
4206763,60.6689453125
4215417,51.6357421875
4215801,35.2783203125
4224419,58.41064453125
4234647,59.63134765625
4244474,47.607421875
4245445,46.20361328125
4247247,49.8046875
4257111,56.0302734375
4268022,62.6220703125
4269855,35.5224609375
4276955,51.6357421875
4277720,38.9404296875
4285187,35.46142578125
4286566,54.01611328125
4295710,52.734375
4297981,52.1240234375
4307830,43.0908203125
4308633,43.8232421875
4318232,58.53271484375
4319358,44.61669921875
4328954,54.0771484375
4329912,43.5791015625
4338877,46.630859375
4340381,48.33984375
4348638,61.58447265625
4357411,50.35400390625
4358315,44.49462890625
4363094,48.9501953125
4371790,55.48095703125
4374891,52.6123046875
4381477,35.33935546875
4382073,52.06298828125
4383187,40.52734375
4391517,55.35888671875
4393360,46.9970703125
4398164,35.70556640625
4401892,43.88427734375
4402603,37.78076171875
4404660,34.7900390625
4413148,54.931640625
4413596,36.43798828125
4421988,50.9033203125
4423639,37.353515625
4430015,46.56982421875
4432530,37.841796875
4442330,63.41552734375
4444292,36.31591796875
4454824,57.80029296875
4463542,52.24609375
4465310,51.6357421875
4472345,50.29296875
4481720,54.19921875
4482295,36.31591796875
4493068,48.583984375
4493575,40.8935546875
4502908,56.33544921875
4511625,55.7861328125
4520874,60.48583984375
4531846,61.70654296875
4532274,34.72900390625
4542064,63.232421875
4542642,40.46630859375
4543679,35.21728515625
4553562,49.86572265625
4554340,48.828125
4560061,40.22216796875
4561935,43.701171875
4565925,43.51806640625
4575780,47.79052734375
4576306,35.09521484375
4584584,55.60302734375
4585476,38.57421875
4595254,38.330078125
4603497,43.701171875
4605465,50.9033203125
4606903,35.46142578125
4615103,46.5087890625
4615134,36.43798828125
4615985,39.00146484375
4624441,39.97802734375
4626038,39.24560546875
4635016,55.2978515625
4642481,61.21826171875
4651225,40.71044921875
4653176,38.57421875
4660330,47.42431640625
4668516,48.88916015625
4677555,53.3447265625
4678310,40.771484375
4687028,61.09619140625
4695124,53.16162109375
4695620,38.51318359375
4706512,64.75830078125
4708735,45.95947265625
4711250,37.41455078125
4720106,45.0439453125
4720802,37.17041015625
4724847,37.7197265625
4728799,65.185546875
4737721,50.1708984375
4748216,56.2744140625
4757845,56.70166015625
4765310,52.6123046875
4766335,38.57421875
4776760,51.57470703125
4778543,41.68701171875
4788066,54.19921875
4788586,38.4521484375
4796301,48.828125
4796845,38.330078125
4796994,38.87939453125
4797164,34.912109375
