4798001,0
11994,31.18896484375
12100,34.85107421875
12371,31.73828125
23024,34.97314453125
23125,30.517578125
23163,32.65380859375
23208,30.94482421875
23252,30.2734375
23264,30.3955078125
34419,34.72900390625
34521,34.24072265625
34576,33.26416015625
34651,32.8369140625
34680,40.10009765625
34924,30.2734375
47458,35.400390625
47853,37.78076171875
47868,33.63037109375
47929,37.04833984375
47959,30.70068359375
47997,55.7861328125
48053,41.07666015625
48095,38.330078125
48175,34.24072265625
48230,32.65380859375
48434,30.09033203125
48836,30.09033203125
62170,41.6259765625
62244,38.87939453125
62296,29.052734375
62349,40.95458984375
62375,28.9306640625
62432,30.1513671875
62510,33.203125
62811,28.564453125
77337,38.818359375
77407,28.6865234375
77432,42.17529296875
77454,44.5556640625
77467,28.80859375
77495,55.17578125
77526,39.6728515625
77554,39.0625
77641,48.33984375
77737,33.50830078125
77776,30.70068359375
77848,39.61181640625
77858,36.56005859375
78044,30.1513671875
78441,28.62548828125
90643,39.97802734375
90708,36.31591796875
90738,35.400390625
90809,43.76220703125
90843,31.55517578125
90861,35.21728515625
90910,31.6162109375
91341,29.84619140625
103340,29.4189453125
103355,37.04833984375
103422,41.259765625
103458,41.015625
103502,34.912109375
103519,30.57861328125
103544,40.283203125
103668,33.63037109375
103883,28.6865234375
116064,48.40087890625
116105,41.748046875
116179,41.1376953125
116236,42.54150390625
116273,45.95947265625
116287,33.26416015625
116449,31.06689453125
116512,33.0810546875
132030,39.48974609375
132073,30.3955078125
132127,36.0107421875
132154,28.38134765625
132179,32.3486328125
132203,30.1513671875
132241,36.07177734375
132378,45.83740234375
132557,30.029296875
132628,32.89794921875
150218,33.935546875
150274,33.0810546875
150320,36.865234375
150330,30.09033203125
150365,28.4423828125
150407,40.283203125
150426,48.7060546875
150460,32.3486328125
150586,29.72412109375
150624,29.6630859375
171154,47.91259765625
171194,29.47998046875
171267,31.6162109375
171295,31.55517578125
171306,36.92626953125
171337,30.6396484375
171361,31.67724609375
171440,29.6630859375
171450,34.5458984375
171575,36.19384765625
196499,41.259765625
196546,29.60205078125
196605,34.72900390625
196641,38.26904296875
196653,35.09521484375
196696,68.17626953125
196831,28.50341796875
196913,35.94970703125
197468,30.82275390625
220410,45.10498046875
220543,39.48974609375
220661,50.10986328125
220703,29.9072265625
221196,31.1279296875
241534,32.40966796875
241939,31.6162109375
266258,36.62109375
266791,38.26904296875
294160,37.65869140625
294798,33.8134765625
329793,36.62109375
378759,32.89794921875
431668,36.56005859375
514703,38.330078125
545541,37.7197265625
613321,29.47998046875
658497,32.77587890625
659113,35.58349609375
772768,36.92626953125
780174,37.841796875
781052,32.3486328125
969795,42.66357421875
969967,29.296875
970267,35.888671875
970873,32.04345703125
1026156,30.1513671875
1026330,53.16162109375
1026484,36.376953125
1026539,30.517578125
1026580,39.0625
1026660,28.86962890625
1026740,41.748046875
1026778,42.78564453125
1026855,30.8837890625
1026877,35.58349609375
1026955,31.982421875
1056027,35.15625
1056042,28.50341796875
1056145,37.04833984375
1056207,40.10009765625
1056365,33.99658203125
1056532,28.80859375
1056703,29.541015625
1057017,30.6396484375
1084133,33.63037109375
1084149,35.09521484375
1084220,29.6630859375
1084285,32.8369140625
1084320,32.5927734375
1084369,31.25
1084669,30.33447265625
1110494,35.5224609375
1111034,37.65869140625
1111379,35.58349609375
1133359,41.015625
1133527,28.99169921875
1133613,47.30224609375
1134032,33.203125
1155368,37.7197265625
1155575,34.36279296875
1155701,32.65380859375
1179912,28.80859375
1180134,38.87939453125
1180305,28.9306640625
1180331,31.6162109375
1180641,32.71484375
1180685,35.2783203125
1199816,32.470703125
1200044,38.2080078125
1200626,32.77587890625
1214851,30.3955078125
1214892,30.029296875
1214938,31.1279296875
1215161,30.029296875
1227841,39.306640625
1227884,28.4423828125
1228237,33.5693359375
1239665,36.31591796875
1259417,36.865234375
1260202,35.7666015625
1281084,29.78515625
1281380,34.912109375
1304538,31.79931640625
1324284,32.2265625
1363966,36.56005859375
1491216,33.447265625
1700579,35.09521484375
1766526,30.21240234375
1906827,29.6630859375
1937705,33.63037109375
1937835,55.6640625
1937892,34.85107421875
1937981,40.52734375
1938122,30.1513671875
1938320,39.73388671875
1938333,32.65380859375
1938377,44.7998046875
1938528,29.1748046875
1938572,30.45654296875
1938788,29.72412109375
1938889,29.052734375
1939161,35.64453125
2152003,36.4990234375
2328273,32.53173828125
2388839,35.21728515625
2388953,32.1044921875
2389014,56.09130859375
2389038,34.97314453125
2389079,48.03466796875
2389107,49.4384765625
2389147,35.70556640625
2389160,30.09033203125
2389203,29.6630859375
2389223,29.11376953125
2389259,31.06689453125
2389279,34.24072265625
2389302,35.7666015625
2389372,38.0859375
2389413,41.56494140625
2389479,37.53662109375
2389520,34.3017578125
2389624,33.26416015625
2389998,32.8369140625
2390604,28.4423828125
2416861,35.94970703125
2416940,57.4951171875
2417002,43.39599609375
2417031,32.1044921875
2417078,33.935546875
2417239,34.48486328125
2417249,41.259765625
2417278,29.4189453125
2417497,51.26953125
2437150,31.494140625
2450679,29.23583984375
2451234,30.33447265625
2451392,35.58349609375
2451423,50.29296875
2451446,34.0576171875
2451460,38.4521484375
2451481,33.38623046875
2451522,34.423828125
2451591,29.47998046875
2451686,29.6630859375
2451707,29.47998046875
2471214,32.2265625
2471858,32.8369140625
2472223,33.203125
2472279,32.40966796875
2472318,31.55517578125
2472368,33.75244140625
2472412,42.54150390625
2472505,32.8369140625
2472801,29.296875
2495292,33.87451171875
2495730,31.005859375
2495856,30.8837890625
2495933,35.94970703125
2495956,33.935546875
2496036,49.6826171875
2496064,43.9453125
2496077,29.9072265625
2496139,30.1513671875
2496210,30.57861328125
2514799,31.55517578125
2514898,28.9306640625
2514949,33.203125
2514965,30.3955078125
2515012,36.56005859375
2515041,39.00146484375
2515061,30.6396484375
2515127,35.33935546875
2515144,43.88427734375
2515182,34.5458984375
2515238,34.423828125
2515283,28.80859375
2515363,49.49951171875
2515523,39.794921875
2531598,34.1796875
2532075,34.5458984375
2532486,28.86962890625
2548756,29.47998046875
2549158,32.958984375
2549170,28.99169921875
2549545,32.53173828125
2565983,31.79931640625
2566435,36.1328125
2583291,34.7900390625
2583820,32.04345703125
2599432,35.46142578125
2615642,33.75244140625
2631821,31.6162109375
2637828,38.39111328125
2647970,29.6630859375
2664190,32.1044921875
2681692,32.8369140625
2682418,28.99169921875
2697505,30.94482421875
2714123,30.029296875
2731365,33.99658203125
2747675,37.65869140625
2764747,31.31103515625
2783325,36.2548828125
2819180,32.470703125
2834362,31.3720703125
2874281,29.1748046875
2893222,28.38134765625
2933509,33.38623046875
3031252,29.052734375
3075570,37.53662109375
3132501,33.935546875
3189281,30.33447265625
3228872,37.841796875
3302890,32.89794921875
3302984,28.9306640625
3303001,35.15625
3303027,35.46142578125
3303061,40.771484375
3303079,45.0439453125
3303123,35.58349609375
3303135,43.88427734375
3303168,43.701171875
3303183,32.04345703125
3303243,34.423828125
3303292,34.48486328125
3303309,42.54150390625
3303561,31.3720703125
3303619,32.40966796875
3303905,30.6396484375
3304198,29.23583984375
3304280,32.470703125
3333868,32.2265625
3334006,34.36279296875
3334043,47.4853515625
3334082,44.7998046875
3334106,43.39599609375
3334186,28.74755859375
3334291,34.48486328125
3334493,28.564453125
3334780,46.38671875
3354811,39.12353515625
3365895,28.564453125
3365955,31.43310546875
3365988,44.677734375
3366023,35.888671875
3366066,31.005859375
3366092,30.57861328125
3366162,39.4287109375
3366244,37.841796875
3366323,30.029296875
3366819,30.45654296875
3389672,33.447265625
3390338,29.78515625
3390397,43.3349609375
3390412,33.0810546875
3390480,52.6123046875
3390535,37.90283203125
3390557,31.494140625
3390599,32.53173828125
3390678,33.8134765625
3390936,38.2080078125
3391010,29.84619140625
3415081,31.79931640625
3415635,29.96826171875
3415767,37.59765625
3415924,37.04833984375
3439641,32.89794921875
3440239,29.11376953125
3440541,33.14208984375
3440559,35.64453125
3440717,30.1513671875
3440759,38.9404296875
3440847,30.3955078125
3464986,33.50830078125
3487222,33.26416015625
3508185,32.470703125
3550172,30.94482421875
3607651,38.39111328125
3663076,34.7900390625
3728214,30.09033203125
3868350,34.24072265625
3913032,30.6396484375
3913059,30.21240234375
3913133,30.45654296875
3913167,33.5693359375
3913222,30.82275390625
3913260,31.494140625
3913310,36.43798828125
3913331,28.50341796875
3913385,28.564453125
3913412,31.79931640625
3913476,30.33447265625
3913534,36.43798828125
3913640,29.296875
3913669,34.24072265625
3913709,48.15673828125
3913767,29.541015625
3931020,30.94482421875
3931430,34.5458984375
3954371,38.57421875
3954579,36.56005859375
3954832,31.1279296875
3978116,31.06689453125
3978350,28.80859375
3978411,31.494140625
4009445,31.73828125
4009606,32.40966796875
4009751,30.517578125
4010488,33.50830078125
4048897,31.494140625
4049536,41.9921875
4087036,34.1796875
4121384,28.4423828125
4181546,33.203125
4294961,34.85107421875
4295126,28.62548828125
4295263,28.99169921875
4295651,31.8603515625
4295945,31.73828125
4316408,30.82275390625
4375923,35.94970703125
4376201,29.11376953125
4376316,35.21728515625
4397122,31.6162109375
4397557,28.38134765625
4397579,30.029296875
4417604,32.40966796875
4417958,32.958984375
4441160,30.21240234375
4441422,30.33447265625
4441467,39.61181640625
4441712,29.11376953125
4460470,41.56494140625
4477073,31.92138671875
4595235,35.21728515625
4628505,34.423828125
4682456,28.38134765625
4767862,34.85107421875
