4799201,0
442181,23.98681640625
812145,20.01953125
812343,22.64404296875
812453,15.869140625
812879,14.7705078125
1310870,22.52197265625
1457492,28.62548828125
1897382,23.25439453125
1949163,20.99609375
2003134,21.30126953125
2071540,28.62548828125
2195203,18.310546875
2257926,24.47509765625
2347355,18.37158203125
2953408,20.93505859375
2968266,18.4326171875
3029412,19.4091796875
3041620,20.8740234375
3056413,18.12744140625
3116380,19.71435546875
3127557,20.1416015625
3161966,17.9443359375
3174002,26.18408203125
3176523,20.263671875
3219696,30.70068359375
3290511,19.775390625
3290663,23.62060546875
3290748,14.7705078125
3290916,14.83154296875
3291077,15.869140625
3291263,16.05224609375
3291475,14.7705078125
3291710,14.83154296875
3292741,16.17431640625
3606277,27.099609375
3643198,18.310546875
3691243,23.49853515625
3726344,22.76611328125
3761549,20.32470703125
3763340,18.798828125
3777362,21.1181640625
3793708,19.1650390625
3803340,21.1181640625
3808726,22.8271484375
3817396,18.5546875
3834908,21.30126953125
3850991,17.63916015625
3866251,20.44677734375
3866269,15.31982421875
3870827,18.5546875
3888936,15.9912109375
3898878,19.10400390625
3899518,16.357421875
3899538,15.31982421875
3899729,17.7001953125
3900582,14.83154296875
3901638,16.6015625
3902520,16.29638671875
3902962,14.70947265625
4067807,19.287109375
4067823,15.19775390625
4097185,30.21240234375
4101339,17.63916015625
4101504,16.90673828125
4101524,14.95361328125
4101603,18.00537109375
4102905,16.54052734375
4103556,14.83154296875
4104662,15.56396484375
4221523,20.44677734375
4454617,20.93505859375
4554246,16.29638671875
4554268,19.59228515625
4577960,19.83642578125
4577980,17.578125
4697284,20.93505859375
4731786,19.04296875
4734806,17.333984375
4737915,24.4140625
4739946,16.29638671875
4742781,21.05712890625
4742800,16.4794921875
4767030,27.4658203125
4778510,14.892578125
4778520,18.310546875
4781959,22.88818359375
4787488,15.80810546875
4789322,17.578125
4792724,20.1416015625
4794424,18.4326171875
