4798001,0
30434,72.1435546875
30449,71.59423828125
30487,63.5986328125
30534,63.53759765625
30635,60.9130859375
33067,60.4248046875
121706,71.10595703125
121747,72.32666015625
121786,84.53369140625
121816,61.4013671875
185333,63.17138671875
185372,59.814453125
185426,70.556640625
185470,63.53759765625
185487,70.3125
311010,91.24755859375
311055,77.1484375
311078,71.71630859375
311246,68.29833984375
312661,70.4345703125
398158,64.0869140625
398182,66.89453125
398214,59.814453125
398225,65.4296875
398321,59.38720703125
398355,82.1533203125
398530,60.36376953125
468436,68.359375
468456,61.767578125
468487,61.95068359375
468517,67.2607421875
532253,70.73974609375
532287,83.251953125
532331,85.63232421875
532352,60.85205078125
532387,79.52880859375
532440,60.60791015625
599074,62.01171875
599086,68.9697265625
599177,66.34521484375
677445,59.9365234375
677496,73.05908203125
677514,62.68310546875
677547,61.1572265625
677562,68.115234375
746684,69.3359375
746712,64.8193359375
746763,66.89453125
746814,60.36376953125
746880,60.9130859375
749359,60.11962890625
811824,94.1162109375
811869,67.44384765625
811891,64.3310546875
812052,68.54248046875
881793,59.814453125
881821,87.58544921875
881847,67.19970703125
881910,63.65966796875
949447,59.9365234375
949478,60.24169921875
949518,63.29345703125
949659,59.63134765625
1044613,65.7958984375
1044643,59.63134765625
1044700,63.4765625
1044750,61.46240234375
1044813,63.3544921875
1044829,59.6923828125
1115330,63.90380859375
1115378,110.65673828125
1115532,64.453125
1115554,66.58935546875
1181923,63.232421875
1181939,73.1201171875
1181959,66.83349609375
1181986,68.115234375
1182033,70.37353515625
1182090,65.7958984375
1182422,62.31689453125
1252936,63.90380859375
1252948,72.93701171875
1252996,64.3310546875
1253045,66.22314453125
1319355,70.6787109375
1319398,70.4345703125
1384828,69.3359375
1384847,60.60791015625
1384873,63.1103515625
1384922,60.1806640625
1384971,78.125
1385040,77.0263671875
1385183,60.546875
1443773,62.5
1443827,64.63623046875
1443866,67.44384765625
1443944,59.4482421875
1443988,60.05859375
1510494,96.19140625
1510601,62.68310546875
1510636,75.62255859375
1510683,65.91796875
1510745,72.57080078125
1570788,63.17138671875
1570832,86.9140625
1570877,72.81494140625
1570909,70.73974609375
1570946,62.56103515625
1571087,70.80078125
1633489,64.75830078125
1633522,63.5986328125
1633561,59.99755859375
1633597,61.6455078125
1633613,64.8193359375
1633657,60.6689453125
1694207,88.68408203125
1694252,63.53759765625
1757869,59.814453125
1757939,67.32177734375
1757972,62.744140625
1758022,65.3076171875
1822672,66.46728515625
1822696,59.4482421875
1822756,62.07275390625
1822772,64.5751953125
1822818,91.61376953125
1822875,59.6923828125
1891537,64.453125
1984890,63.720703125
1984945,67.5048828125
1984985,65.3076171875
1985151,65.24658203125
1985181,66.89453125
1986373,62.6220703125
2057214,75.68359375
2057254,80.38330078125
2057344,61.1572265625
2057387,69.3359375
2173742,68.78662109375
2173796,65.0634765625
2173836,64.0869140625
2173889,65.97900390625
2173917,67.138671875
2175945,62.5
2264130,71.71630859375
2264164,70.86181640625
2264191,69.39697265625
2264209,68.7255859375
2264219,66.46728515625
2264237,76.66015625
2264376,67.07763671875
2327160,62.255859375
2327206,69.7021484375
2327233,73.486328125
2327257,62.31689453125
2327297,70.49560546875
2451598,65.85693359375
2451623,62.43896484375
2451777,59.814453125
2451879,61.5234375
2502698,73.18115234375
2502754,91.36962890625
2502772,86.97509765625
2502796,61.46240234375
2502873,60.97412109375
2502893,59.63134765625
2502963,62.5
2587501,75.0732421875
2587549,68.42041015625
2587639,70.73974609375
2690933,59.99755859375
2690944,70.00732421875
2691026,62.68310546875
2693194,65.91796875
2766204,77.7587890625
2766229,80.87158203125
2766286,95.15380859375
2767958,60.48583984375
2840548,67.19970703125
2840611,70.61767578125
2840702,68.7255859375
2840743,60.791015625
2902999,63.41552734375
2903029,69.580078125
2903189,64.14794921875
2903277,76.96533203125
2904731,60.97412109375
2975305,63.8427734375
2975398,63.17138671875
2975735,62.6220703125
3066481,83.55712890625
3066557,61.6455078125
3066588,67.7490234375
3066644,60.24169921875
3066683,60.24169921875
3066744,59.87548828125
3148704,64.75830078125
3223508,63.3544921875
3223542,67.93212890625
3223597,83.06884765625
3223617,68.115234375
3223695,73.91357421875
3315972,65.73486328125
3316004,62.43896484375
3316036,61.82861328125
3316140,59.63134765625
3316196,78.0029296875
3395755,62.92724609375
3395794,61.4013671875
3395851,75.927734375
3395940,63.17138671875
3395991,76.5380859375
3396060,68.42041015625
3467170,69.76318359375
3467257,67.32177734375
3467281,61.21826171875
3467321,65.91796875
3467426,70.556640625
3467544,63.04931640625
3539696,67.07763671875
3539788,59.87548828125
3539837,65.61279296875
3650660,61.58447265625
3650713,70.068359375
3650748,72.8759765625
3650770,59.814453125
3650804,67.44384765625
3650833,96.74072265625
3651098,59.50927734375
3654010,67.93212890625
3789835,61.279296875
3789877,65.91796875
3789917,100.40283203125
3789976,61.46240234375
3856552,61.58447265625
3856672,69.4580078125
3945328,81.60400390625
3945381,61.95068359375
3945426,77.63671875
3945486,64.27001953125
3945549,60.302734375
3945680,59.63134765625
3946877,59.6923828125
4006818,68.4814453125
4007047,60.11962890625
4007103,62.07275390625
4074224,63.04931640625
4074256,62.07275390625
4074275,62.8662109375
4074314,62.8662109375
4074445,65.73486328125
4074491,62.8662109375
4074534,62.8662109375
4169251,70.556640625
4169296,62.255859375
4169389,59.38720703125
4169459,63.4765625
4172956,65.673828125
4234249,61.1572265625
4234342,65.673828125
4234376,62.07275390625
4234504,70.12939453125
4393196,60.60791015625
4393236,64.88037109375
4393466,64.39208984375
4458034,71.59423828125
4458090,78.125
4458137,106.5673828125
4458213,61.58447265625
4523499,66.0400390625
4523646,73.91357421875
4523684,65.36865234375
4523731,66.7724609375
4525028,62.92724609375
4588040,75.439453125
4588110,65.91796875
4588191,70.12939453125
4588299,67.2607421875
4656134,67.81005859375
4656177,62.8662109375
4656243,71.044921875
4656294,74.27978515625
4656321,65.3076171875
4656611,61.5234375
4750492,73.42529296875
4750553,65.73486328125
4750691,60.72998046875
4750824,59.5703125
