4799001,0
10500,31.8603515625
15223,32.71484375
15872,31.31103515625
17199,30.517578125
17363,34.11865234375
17514,33.26416015625
17627,43.15185546875
17761,32.28759765625
17844,33.26416015625
18035,45.59326171875
18066,31.31103515625
18096,31.6162109375
18113,32.958984375
18238,47.79052734375
18309,87.09716796875
18416,69.580078125
18499,35.888671875
20046,32.53173828125
41889,30.70068359375
43688,31.79931640625
49869,30.76171875
50779,31.55517578125
53069,31.18896484375
53247,32.3486328125
53365,31.25
53445,52.978515625
53581,30.45654296875
53694,47.30224609375
53861,51.7578125
53933,41.748046875
53969,40.83251953125
54069,30.33447265625
54106,70.37353515625
54217,52.30712890625
54309,45.47119140625
71567,34.36279296875
76454,31.55517578125
77561,33.14208984375
78160,32.3486328125
79184,33.935546875
83141,30.45654296875
86170,31.67724609375
86873,33.447265625
88527,31.6162109375
88753,31.1279296875
88985,30.8837890625
89236,30.8837890625
89423,30.33447265625
89477,33.99658203125
89570,37.65869140625
89627,40.83251953125
89676,45.22705078125
89789,33.50830078125
89821,35.2783203125
89967,38.9404296875
89999,51.6357421875
90050,33.87451171875
90090,39.1845703125
90120,34.72900390625
90183,67.138671875
90290,61.767578125
90380,41.748046875
92485,34.48486328125
105843,34.423828125
108351,30.94482421875
108975,33.50830078125
121454,32.958984375
126424,30.76171875
126491,37.7197265625
126526,39.794921875
126724,31.31103515625
126755,39.36767578125
126780,30.57861328125
127046,52.55126953125
127077,36.68212890625
127170,38.6962890625
127240,75.01220703125
127348,60.9130859375
127435,35.21728515625
137144,34.1796875
138713,33.5693359375
149862,33.87451171875
152924,33.99658203125
154489,34.0576171875
159809,30.8837890625
160267,33.69140625
160842,39.1845703125
160857,37.4755859375
161004,48.2177734375
161132,30.33447265625
161147,33.02001953125
161186,37.90283203125
161211,30.33447265625
161248,36.4990234375
161332,34.85107421875
161482,34.7900390625
161494,48.64501953125
161534,30.57861328125
161623,37.4755859375
161659,72.08251953125
161769,65.4296875
161862,31.73828125
172473,32.40966796875
179593,34.3017578125
185562,34.3017578125
187280,30.82275390625
189328,31.6162109375
189800,31.494140625
190680,33.38623046875
190948,31.25
191367,32.53173828125
192186,30.33447265625
196023,31.1279296875
196424,31.005859375
196486,32.77587890625
196497,35.15625
196631,37.9638671875
196673,45.2880859375
196766,31.005859375
196851,36.0107421875
196954,36.80419921875
196984,34.11865234375
197069,44.189453125
197080,33.447265625
197121,76.2939453125
197235,67.5048828125
197322,40.95458984375
211355,33.14208984375
216570,34.1796875
217520,31.005859375
219237,34.36279296875
222134,30.82275390625
222413,31.494140625
224295,31.67724609375
227972,32.470703125
229049,31.31103515625
230115,34.423828125
232298,30.6396484375
232320,31.3720703125
232373,44.5556640625
232444,31.494140625
232566,36.0107421875
232612,39.12353515625
232666,34.36279296875
232783,35.888671875
232919,31.06689453125
232943,40.52734375
233006,32.28759765625
233062,91.796875
233174,55.84716796875
233262,32.71484375
233326,30.6396484375
251366,30.6396484375
260139,32.470703125
260607,31.3720703125
263545,36.68212890625
264272,31.79931640625
266924,31.25
275464,32.71484375
276344,38.26904296875
276433,31.67724609375
276546,30.33447265625
276577,47.4853515625
276621,38.4521484375
276744,32.3486328125
276803,39.24560546875
276982,49.74365234375
277005,33.14208984375
277082,30.45654296875
277187,43.15185546875
277300,63.41552734375
277385,43.15185546875
279198,35.5224609375
288388,30.3955078125
289951,34.48486328125
291309,30.57861328125
293882,31.73828125
296648,31.3720703125
298889,33.02001953125
300111,32.5927734375
301848,31.494140625
303547,36.376953125
305741,32.89794921875
309346,33.02001953125
309425,33.203125
309543,31.25
309595,33.69140625
309664,48.40087890625
309817,33.02001953125
309831,43.51806640625
309889,40.6494140625
309957,31.55517578125
310079,40.0390625
310107,34.3017578125
310190,39.73388671875
310220,37.109375
310292,37.2314453125
310342,63.17138671875
310455,52.8564453125
310547,38.75732421875
312437,35.888671875
325301,31.6162109375
332250,34.36279296875
332938,30.57861328125
335164,32.3486328125
335488,31.25
335898,31.67724609375
336301,32.2265625
337308,30.94482421875
337935,31.982421875
341287,31.31103515625
344715,30.6396484375
344846,44.5556640625
344993,42.54150390625
345031,32.04345703125
345074,38.51318359375
345210,36.376953125
345252,36.68212890625
345336,31.06689453125
345372,38.818359375
345470,42.236328125
345551,80.50537109375
345600,36.80419921875
345661,63.232421875
345750,34.423828125
355246,30.70068359375
356442,31.8603515625
358554,31.005859375
370775,32.40966796875
373344,31.79931640625
373984,30.45654296875
374941,33.87451171875
377624,31.25
377889,31.31103515625
378071,34.48486328125
378123,31.79931640625
378254,33.02001953125
378345,37.78076171875
378461,42.724609375
378490,34.85107421875
378540,38.2080078125
378604,31.79931640625
378714,45.59326171875
378764,41.19873046875
378823,39.61181640625
378961,46.0205078125
379023,59.9365234375
379131,60.48583984375
379222,40.4052734375
381154,38.330078125
387927,30.33447265625
393940,32.40966796875
396930,30.57861328125
397412,33.02001953125
402950,32.28759765625
411603,32.3486328125
413358,37.53662109375
413907,37.90283203125
413968,43.64013671875
414037,36.19384765625
414079,32.53173828125
414153,30.517578125
414206,45.2880859375
414272,36.0107421875
414360,35.82763671875
414478,32.16552734375
414504,34.11865234375
414644,70.00732421875
414751,51.3916015625
414840,31.92138671875
416848,31.18896484375
427942,34.85107421875
435401,32.28759765625
438670,30.3955078125
439081,32.04345703125
440210,32.40966796875
441175,32.1044921875
444388,34.912109375
444548,44.37255859375
444617,32.65380859375
444662,31.79931640625
444783,42.05322265625
444936,32.53173828125
444961,41.6259765625
445022,37.109375
445046,35.21728515625
445093,40.71044921875
445168,72.75390625
445192,39.1845703125
445289,61.58447265625
445381,34.66796875
465296,30.3955078125
468396,31.494140625
473868,35.2783203125
474722,35.5224609375
480204,39.55078125
480235,31.982421875
480330,30.33447265625
480403,38.14697265625
480429,38.02490234375
480600,31.3720703125
480767,50.23193359375
480939,72.3876953125
481049,64.27001953125
481119,31.494140625
481150,34.24072265625
482995,38.4521484375
489670,32.1044921875
493344,31.1279296875
496819,30.33447265625
498620,30.33447265625
499267,32.3486328125
502830,33.447265625
504045,31.55517578125
511510,30.3955078125
513859,30.3955078125
514734,32.28759765625
517927,31.79931640625
518203,32.3486328125
518551,31.3720703125
518717,35.21728515625
518760,30.45654296875
518771,47.4853515625
518847,40.46630859375
518934,33.63037109375
519138,36.19384765625
519258,42.66357421875
519282,31.92138671875
519321,32.28759765625
519417,40.46630859375
519437,60.791015625
519547,70.6787109375
519634,38.02490234375
521507,30.8837890625
533889,30.70068359375
546157,32.65380859375
548024,31.18896484375
554607,36.0107421875
554719,31.18896484375
554876,42.54150390625
555111,36.0107421875
555294,37.41455078125
555432,49.37744140625
555451,38.9404296875
555524,41.748046875
555588,44.49462890625
555611,67.87109375
555726,57.06787109375
555814,40.4052734375
568067,31.6162109375
570082,32.89794921875
570730,31.982421875
575897,31.31103515625
577707,33.69140625
580309,31.31103515625
581924,36.4990234375
582972,32.2265625
585519,32.71484375
587228,34.36279296875
587764,31.67724609375
588645,32.16552734375
588678,30.45654296875
588746,32.71484375
588882,33.38623046875
588941,45.8984375
588955,34.66796875
589131,35.5224609375
589203,35.09521484375
589276,38.6962890625
589366,34.3017578125
589430,45.59326171875
589509,45.7763671875
589528,72.265625
589642,50.10986328125
589735,34.5458984375
591449,30.76171875
602508,31.1279296875
603111,31.92138671875
608274,32.8369140625
611164,35.888671875
612709,31.06689453125
619584,33.8134765625
621712,30.45654296875
625766,35.400390625
625863,32.1044921875
625915,40.34423828125
625959,32.77587890625
626179,49.86572265625
626252,36.19384765625
626359,37.109375
626492,52.8564453125
626589,39.1845703125
626670,63.720703125
626783,65.0634765625
626873,35.94970703125
641881,33.203125
644751,30.57861328125
645646,31.18896484375
649543,32.77587890625
650466,33.87451171875
651902,30.57861328125
654142,31.79931640625
654562,33.02001953125
655621,31.1279296875
656031,33.0810546875
659040,31.31103515625
659193,30.517578125
659502,30.45654296875
659548,33.99658203125
659664,46.2646484375
659710,31.31103515625
659801,37.04833984375
659839,35.7666015625
659880,36.19384765625
660088,30.94482421875
660149,49.86572265625
660197,42.66357421875
660288,54.13818359375
660320,75.86669921875
660431,56.70166015625
660522,42.66357421875
675813,35.09521484375
687888,32.71484375
688437,31.06689453125
688934,30.6396484375
690231,31.18896484375
692765,31.43310546875
693201,32.2265625
694292,41.68701171875
694306,31.6162109375
694323,36.1328125
694435,32.89794921875
694527,38.51318359375
694704,35.33935546875
694718,30.33447265625
694859,39.48974609375
694892,51.26953125
694969,46.7529296875
695054,36.1328125
695083,71.83837890625
695150,33.3251953125
695194,52.734375
695283,40.46630859375
714958,31.55517578125
715315,30.57861328125
720448,30.82275390625
721843,34.1796875
725090,30.6396484375
728577,30.82275390625
728811,41.9921875
728931,44.7998046875
728944,32.04345703125
729009,33.447265625
729066,34.3017578125
729151,47.42431640625
729189,31.005859375
729290,30.94482421875
729345,35.82763671875
729419,43.64013671875
729500,43.15185546875
729534,37.109375
729553,64.8193359375
729669,70.98388671875
729757,43.212890625
739604,35.5224609375
746576,33.203125
747721,34.7900390625
758093,31.494140625
759009,31.25
760294,32.71484375
760887,30.33447265625
761012,31.25
761105,36.1328125
761180,32.470703125
761214,46.93603515625
761255,32.16552734375
761448,36.4990234375
761658,42.8466796875
761820,49.25537109375
761985,33.3251953125
762006,61.34033203125
762115,61.03515625
762205,35.58349609375
763842,32.1044921875
781837,32.2265625
789129,30.517578125
790746,33.38623046875
791612,31.25
795866,33.02001953125
797619,32.89794921875
797677,34.5458984375
797736,37.353515625
797921,32.89794921875
797949,36.43798828125
798111,33.14208984375
798203,40.83251953125
798255,44.189453125
798297,32.3486328125
798364,42.1142578125
798376,74.3408203125
798492,66.71142578125
798583,42.6025390625
799424,30.517578125
800203,30.94482421875
809175,31.92138671875
810665,31.982421875
813099,31.31103515625
814560,36.2548828125
817313,31.6162109375
818347,31.8603515625
819445,31.005859375
820400,31.1279296875
821403,32.470703125
823585,30.57861328125
828036,31.67724609375
830961,36.07177734375
832376,31.18896484375
834272,36.4990234375
834457,31.6162109375
834492,36.376953125
834594,34.24072265625
834622,31.494140625
834753,43.27392578125
834811,34.36279296875
834845,31.25
834992,48.2177734375
835030,32.2265625
835079,43.02978515625
835137,36.376953125
835219,94.1162109375
835247,41.6259765625
835336,55.6640625
835427,46.142578125
837410,30.3955078125
849365,31.55517578125
849869,32.3486328125
854809,30.57861328125
864822,32.2265625
865244,32.1044921875
865986,31.18896484375
867856,35.09521484375
869372,30.70068359375
869877,32.40966796875
869974,34.48486328125
870050,38.9404296875
870125,30.76171875
870203,30.57861328125
870276,52.8564453125
870422,41.68701171875
870440,32.958984375
870535,33.3251953125
870591,46.20361328125
870619,70.00732421875
870644,39.61181640625
870731,50.35400390625
870819,39.9169921875
883108,32.04345703125
886597,31.982421875
887774,30.33447265625
888387,30.45654296875
890358,30.76171875
894520,30.517578125
899012,31.31103515625
899443,30.45654296875
900496,34.97314453125
902832,31.92138671875
903019,30.94482421875
903094,30.82275390625
903176,35.7666015625
903190,33.69140625
903315,33.50830078125
903423,42.8466796875
903443,35.7666015625
903556,31.06689453125
903607,38.14697265625
903754,66.46728515625
903776,31.55517578125
903891,35.09521484375
903911,34.85107421875
903948,82.275390625
903972,30.517578125
904064,57.06787109375
904157,40.1611328125
906038,31.18896484375
913392,30.517578125
916108,30.8837890625
922935,31.67724609375
926936,31.494140625
927815,30.70068359375
929546,33.5693359375
931753,35.64453125
934668,30.3955078125
935350,30.94482421875
936126,32.1044921875
936992,30.3955078125
938512,31.06689453125
938791,39.794921875
939072,36.0107421875
939204,39.61181640625
939318,35.7666015625
939469,38.2080078125
939545,35.64453125
939611,32.2265625
939679,44.12841796875
939786,31.25
939816,78.43017578125
939826,30.45654296875
939930,60.4248046875
940016,39.12353515625
949425,32.8369140625
953559,30.57861328125
956832,31.79931640625
960070,35.33935546875
961741,31.6162109375
965021,32.16552734375
965637,30.517578125
976446,30.57861328125
976580,35.888671875
976675,31.494140625
976755,36.1328125
976907,34.1796875
976991,38.63525390625
977068,31.43310546875
977083,46.9970703125
977141,33.203125
977188,35.2783203125
977219,34.72900390625
977248,35.70556640625
977264,66.95556640625
977376,65.85693359375
977461,31.73828125
979045,36.2548828125
998276,30.57861328125
1003942,32.65380859375
1004587,30.8837890625
1009746,30.517578125
1010289,30.3955078125
1011844,34.0576171875
1012698,31.43310546875
1013320,32.65380859375
1013407,40.1611328125
1013496,32.04345703125
1013523,32.1044921875
1013676,36.2548828125
1013700,30.70068359375
1013734,37.41455078125
1013906,34.0576171875
1013916,33.203125
1013954,40.4052734375
1014078,33.14208984375
1014091,54.01611328125
1014211,33.14208984375
1014222,40.1611328125
1014326,62.43896484375
1014414,39.12353515625
1022612,31.6162109375
1029487,30.6396484375
1031812,32.53173828125
1033660,32.5927734375
1035443,31.6162109375
1035588,32.28759765625
1039784,30.8837890625
1043296,30.3955078125
1049234,33.447265625
1049368,31.18896484375
1049914,32.53173828125
1049989,31.73828125
1050010,49.98779296875
1050149,39.9169921875
1050198,46.93603515625
1050211,40.771484375
1050381,50.29296875
1050527,68.9697265625
1050588,32.89794921875
1050627,75.13427734375
1050650,31.1279296875
1050756,70.6787109375
1050841,44.00634765625
1052545,31.79931640625
1066720,31.18896484375
1068385,31.6162109375
1072755,32.8369140625
1075279,33.14208984375
1077731,33.203125
1078678,31.494140625
1079919,31.31103515625
1080340,33.50830078125
1084935,52.8564453125
1084994,49.8046875
1085058,31.8603515625
1085191,31.005859375
1085281,32.470703125
1085449,46.38671875
1085484,47.05810546875
1085518,39.1845703125
1085578,35.7666015625
1085692,59.6923828125
1085809,73.486328125
1085897,49.74365234375
1087601,33.203125
1101177,30.94482421875
1106310,30.517578125
1108806,30.45654296875
1111733,32.1044921875
1113529,31.005859375
1114127,31.005859375
1115836,32.04345703125
1117539,31.6162109375
1119991,31.6162109375
1120128,31.18896484375
1120201,32.53173828125
1120266,32.16552734375
1120288,34.48486328125
1120506,35.7666015625
1120746,36.865234375
1120841,34.423828125
1120906,38.2080078125
1120979,38.02490234375
1121010,52.6123046875
1121124,53.7109375
1121215,41.9921875
1122882,33.14208984375
1123146,38.0859375
1135835,34.423828125
1138118,34.0576171875
1147340,31.3720703125
1151583,30.8837890625
1153033,31.92138671875
1156484,31.67724609375
1156725,33.75244140625
1156868,31.25
1156901,32.958984375
1157093,37.41455078125
1157154,31.18896484375
1157205,39.9169921875
1157229,39.6728515625
1157338,77.1484375
1157451,64.0869140625
1157539,41.80908203125
1159404,31.25
1168580,30.57861328125
1176731,30.76171875
1177411,32.89794921875
1179077,33.935546875
1180232,32.28759765625
1180760,31.92138671875
1190935,30.70068359375
1193516,31.3720703125
1193663,31.73828125
1193785,37.53662109375
1193848,57.7392578125
1193901,30.76171875
1193999,30.94482421875
1194056,33.14208984375
1194072,44.43359375
1194247,30.8837890625
1194331,44.00634765625
1194391,32.5927734375
1194495,50.35400390625
1194508,59.87548828125
1194620,53.1005859375
1194711,33.69140625
1203595,31.005859375
1215599,31.73828125
1216690,31.25
1219926,31.1279296875
1220778,32.5927734375
1223203,32.53173828125
1223800,32.65380859375
1225303,31.55517578125
1226012,31.06689453125
1228199,30.57861328125
1228718,31.1279296875
1229176,35.82763671875
1229444,32.04345703125
1229523,36.31591796875
1229599,34.24072265625
1229667,39.55078125
1229840,33.69140625
1230000,35.94970703125
1230031,32.470703125
1230052,30.517578125
1230146,44.5556640625
1230158,38.4521484375
1230227,68.78662109375
1230332,53.8330078125
1230421,37.53662109375
1232170,34.5458984375
1246945,33.87451171875
1249769,32.89794921875
1251395,30.33447265625
1254584,32.65380859375
1255276,30.57861328125
1255993,32.71484375
1257390,30.45654296875
1257793,30.517578125
1263328,30.70068359375
1264633,30.3955078125
1265489,35.888671875
1265753,31.3720703125
1266872,32.3486328125
1267122,44.189453125
1267156,36.62109375
1267231,31.005859375
1267346,37.7197265625
1267588,37.78076171875
1267662,43.0908203125
1267713,39.6728515625
1267831,37.78076171875
1267947,57.18994140625
1268033,44.25048828125
1268089,30.517578125
1269894,34.423828125
1277968,33.3251953125
1282172,35.33935546875
1283484,30.76171875
1290748,32.40966796875
1294407,30.45654296875
1294960,33.8134765625
1296983,30.33447265625
1299344,32.28759765625
1301099,36.1328125
1301482,44.61669921875
1301559,34.423828125
1301670,39.36767578125
1301682,31.494140625
1301811,32.16552734375
1301906,41.32080078125
1302011,47.18017578125
1302022,31.06689453125
1302070,35.888671875
1302172,51.20849609375
1302199,69.76318359375
1302312,62.1337890625
1302402,33.87451171875
1326073,34.912109375
1327593,30.57861328125
1330955,30.76171875
1332307,31.494140625
1333214,31.3720703125
1335555,33.02001953125
1335880,31.005859375
1338199,33.02001953125
1338887,30.82275390625
1340823,34.36279296875
1340908,30.33447265625
1341013,33.447265625
1341079,31.79931640625
1341179,52.42919921875
1341316,39.61181640625
1341370,47.66845703125
1341462,33.203125
1341539,31.55517578125
1341663,57.12890625
1341794,33.26416015625
1341837,64.14794921875
1341847,38.2080078125
1341942,53.7109375
1342028,39.48974609375
1343592,33.447265625
1364293,31.982421875
1367096,31.25
1370489,30.45654296875
1372918,32.8369140625
1375112,31.43310546875
1377538,32.5927734375
1377603,46.38671875
1377656,42.17529296875
1377819,31.6162109375
1377850,30.33447265625
1377887,36.4990234375
1378038,38.330078125
1378063,35.21728515625
1378089,36.0107421875
1378206,32.04345703125
1378263,56.0302734375
1378308,62.19482421875
1378426,59.08203125
1378517,34.85107421875
1380007,32.5927734375
1380294,30.94482421875
1387018,33.50830078125
1391578,30.6396484375
1396035,30.70068359375
1396722,31.1279296875
1400361,30.45654296875
1414027,30.57861328125
1414060,36.07177734375
1414362,34.72900390625
1414419,47.30224609375
1414471,36.62109375
1414580,39.9169921875
1414615,36.4990234375
1414811,33.14208984375
1414860,35.400390625
1414938,37.353515625
1415017,38.6962890625
1415097,65.91796875
1415209,63.29345703125
1415229,37.04833984375
1415298,39.0625
1416828,30.517578125
1417143,33.63037109375
1430942,33.26416015625
1439087,31.92138671875
1450234,31.43310546875
1451962,40.22216796875
1451998,31.3720703125
1452073,32.3486328125
1452235,44.43359375
1452250,39.306640625
1452320,31.73828125
1452396,33.69140625
1452506,41.8701171875
1452544,41.8701171875
1452620,35.21728515625
1452681,33.8134765625
1452725,67.19970703125
1452837,52.06298828125
1452919,39.306640625
1474086,31.494140625
1475001,30.8837890625
1478562,30.33447265625
1479942,31.3720703125
1483378,37.7197265625
1487165,31.92138671875
1488530,31.005859375
1488740,30.33447265625
1488767,36.31591796875
1488866,32.16552734375
1488934,38.63525390625
1489097,48.9501953125
1489281,38.51318359375
1489412,49.4384765625
1489422,46.875
1489521,30.45654296875
1489572,41.44287109375
1489596,82.82470703125
1489706,60.97412109375
1489792,35.82763671875
1500899,31.005859375
1503206,31.18896484375
1506753,31.005859375
1509323,31.55517578125
1510059,30.3955078125
1512909,32.04345703125
1513111,30.33447265625
1516012,32.2265625
1520244,33.75244140625
1520960,31.3720703125
1521644,31.06689453125
1521904,31.43310546875
1529481,34.24072265625
1529649,35.09521484375
1529694,33.69140625
1529754,32.77587890625
1529815,48.2177734375
1529915,30.57861328125
1529925,32.2265625
1529946,34.423828125
1530031,33.26416015625
1530107,36.62109375
1530185,50.9033203125
1530200,30.82275390625
1530235,30.70068359375
1530378,78.61328125
1530490,65.12451171875
1530580,41.6259765625
1532139,32.77587890625
1532385,35.09521484375
1541823,32.04345703125
1542675,32.77587890625
1543421,34.0576171875
1548899,30.57861328125
1549464,32.16552734375
1552716,35.33935546875
1553411,30.94482421875
1553991,30.76171875
1561832,36.865234375
1566012,34.3017578125
1567125,32.40966796875
1568119,31.3720703125
1568252,33.50830078125
1568334,41.80908203125
1568391,33.0810546875
1568487,35.2783203125
1568637,32.53173828125
1568715,40.283203125
1568741,32.53173828125
1568789,33.935546875
1568834,42.66357421875
1568928,38.02490234375
1568952,70.6787109375
1569061,65.00244140625
1569148,33.38623046875
1570475,31.005859375
1570967,32.53173828125
1583849,33.02001953125
1587684,36.43798828125
1589326,30.8837890625
1592015,35.82763671875
1598248,33.26416015625
1600408,31.005859375
1600941,33.14208984375
1604806,30.57861328125
1607934,34.97314453125
1608001,31.982421875
1608083,33.87451171875
1608161,58.04443359375
1608261,36.92626953125
1608374,43.5791015625
1608398,31.3720703125
1608566,42.1142578125
1608677,30.45654296875
1608694,42.05322265625
1608711,39.794921875
1608882,72.265625
1608987,64.88037109375
1609072,38.0859375
1610752,32.53173828125
1620564,31.92138671875
1622240,31.67724609375
1626716,30.45654296875
1633412,34.72900390625
1635947,32.77587890625
1637347,30.33447265625
1643120,32.2265625
1643870,32.8369140625
1644459,31.1279296875
1647660,32.1044921875
1648129,30.82275390625
1648813,34.912109375
1649011,32.53173828125
1649106,37.65869140625
1649212,35.82763671875
1649246,34.97314453125
1649358,50.23193359375
1649402,32.2265625
1649484,33.63037109375
1649563,46.20361328125
1649678,70.00732421875
1649710,34.912109375
1649815,38.4521484375
1649840,83.8623046875
1649942,62.19482421875
1650027,37.78076171875
1651935,32.470703125
1658576,30.33447265625
1673587,30.6396484375
1673724,31.31103515625
1674880,30.70068359375
1677586,33.87451171875
1678556,30.6396484375
1680045,32.40966796875
1680175,37.04833984375
1680235,34.97314453125
1680329,44.37255859375
1680345,52.490234375
1680557,38.0859375
1680577,38.818359375
1680715,31.494140625
1680814,30.57861328125
1680882,43.51806640625
1680913,37.65869140625
1680997,32.28759765625
1681073,65.91796875
1681188,61.34033203125
1681276,42.66357421875
1683278,37.353515625
1689402,32.470703125
1692219,31.43310546875
1692896,35.33935546875
1694615,32.71484375
1695940,31.92138671875
1704993,31.6162109375
1705092,31.6162109375
1707430,32.71484375
1707997,30.3955078125
1714002,34.97314453125
1716392,30.70068359375
1720102,31.31103515625
1720127,34.0576171875
1720139,43.9453125
1720248,44.49462890625
1720338,36.19384765625
1720348,56.82373046875
1720440,31.6162109375
1720524,38.87939453125
1720588,34.85107421875
1720673,31.06689453125
1720777,36.56005859375
1720844,65.24658203125
1720864,32.8369140625
1720958,54.5654296875
1721038,33.203125
1722968,32.65380859375
1733871,31.43310546875
1736213,31.1279296875
1739347,31.31103515625
1740552,30.517578125
1749593,32.04345703125
1757320,36.07177734375
1758216,33.75244140625
1760437,30.45654296875
1760910,32.71484375
1761403,31.79931640625
1761504,33.3251953125
1761681,37.4755859375
1761709,35.70556640625
1761721,43.64013671875
1761831,34.66796875
1761906,38.330078125
1761962,48.2177734375
1762090,34.1796875
1762219,51.1474609375
1762334,37.41455078125
1762423,75.5615234375
1762524,77.20947265625
1762605,39.73388671875
1776087,31.43310546875
1779207,30.3955078125
1781665,30.6396484375
1783573,35.2783203125
1784703,31.6162109375
1787489,31.43310546875
1787910,35.82763671875
1788442,33.38623046875
1790101,30.70068359375
1794870,30.6396484375
1795297,30.8837890625
1796429,31.494140625
1797533,32.8369140625
1797995,31.31103515625
1798506,31.18896484375
1798717,34.1796875
1798760,39.36767578125
1798872,36.2548828125
1798950,35.70556640625
1798998,30.517578125
1799105,31.73828125
1799145,33.935546875
1799257,44.73876953125
1799275,43.701171875
1799314,30.76171875
1799388,39.9169921875
1799469,68.359375
1799578,64.75830078125
1799667,47.05810546875
1801580,35.5224609375
1814659,32.2265625
1817068,32.16552734375
1823961,30.70068359375
1832088,35.5224609375
1836611,33.447265625
1837731,31.8603515625
1837755,32.04345703125
1837908,34.5458984375
1838031,47.9736328125
1838051,35.21728515625
1838165,30.3955078125
1838193,37.59765625
1838213,31.005859375
1838252,31.92138671875
1838325,38.02490234375
1838400,31.92138671875
1838434,35.7666015625
1838487,54.01611328125
1838509,37.65869140625
1838676,68.2373046875
1838782,60.85205078125
1838870,31.8603515625
1849464,31.67724609375
1850187,31.6162109375
1852171,32.470703125
1860683,34.48486328125
1865729,30.8837890625
1866173,36.1328125
1868454,30.33447265625
1871453,32.04345703125
1872945,31.43310546875
1873322,32.28759765625
1876874,30.76171875
1879410,32.470703125
1879520,44.61669921875
1879571,30.33447265625
1879687,44.5556640625
1879712,36.865234375
1879809,34.7900390625
1879866,39.97802734375
1879953,50.78125
1879979,34.85107421875
1880083,31.67724609375
1880141,65.61279296875
1880244,70.4345703125
1880330,36.2548828125
1881761,32.40966796875
1882335,30.57861328125
1889014,30.8837890625
1892012,31.73828125
1897828,32.77587890625
1900762,30.94482421875
1907485,32.8369140625
1912038,33.99658203125
1913837,30.33447265625
1914226,33.3251953125
1914410,40.71044921875
1914462,44.3115234375
1914540,43.27392578125
1914687,48.15673828125
1914699,30.33447265625
1914795,30.33447265625
1914852,37.78076171875
1914965,42.1142578125
1915039,34.3017578125
1915100,30.6396484375
1915154,76.5380859375
1915268,55.7861328125
1915355,42.3583984375
1930953,30.94482421875
1931703,32.71484375
1938194,31.06689453125
1940028,31.79931640625
1942598,36.31591796875
1943541,32.71484375
1948336,32.89794921875
1950924,33.935546875
1950935,31.494140625
1951034,34.3017578125
1951129,38.75732421875
1951149,34.3017578125
1951282,34.85107421875
1951294,40.34423828125
1951328,38.75732421875
1951493,38.39111328125
1951537,44.49462890625
1951597,32.40966796875
1951677,46.875
1951753,71.10595703125
1951856,54.99267578125
1951943,31.55517578125
1953628,32.5927734375
1953976,32.1044921875
1971063,31.3720703125
1971376,32.8369140625
1974411,33.02001953125
1976020,31.55517578125
1978378,33.26416015625
1981913,31.31103515625
1986896,33.447265625
1987239,31.6162109375
1987783,47.30224609375
1987913,39.4287109375
1987927,31.79931640625
1987949,33.38623046875
1988094,45.59326171875
1988118,38.57421875
1988285,32.89794921875
1988309,46.38671875
1988379,40.34423828125
1988432,33.75244140625
1988522,33.02001953125
1988548,33.26416015625
1988583,69.88525390625
1988688,55.7861328125
1988773,50.048828125
1990338,34.24072265625
1990634,31.005859375
2004123,31.79931640625
2009716,32.5927734375
2011715,30.3955078125
2013222,33.0810546875
2016344,36.0107421875
2017031,33.63037109375
2020988,33.5693359375
2022766,31.92138671875
2023014,34.60693359375
2023085,40.0390625
2023125,47.79052734375
2023300,34.0576171875
2023324,42.6025390625
2023497,38.14697265625
2023575,60.4248046875
2023617,41.015625
2023709,57.06787109375
2023720,46.08154296875
2023760,80.4443359375
2023869,67.56591796875
2023958,40.1611328125
2037480,34.912109375
2047028,32.2265625
2053808,30.70068359375
2058262,31.73828125
2058972,31.79931640625
2059014,31.005859375
2059117,34.5458984375
2059170,33.447265625
2059266,37.9638671875
2059373,44.37255859375
2059395,34.0576171875
2059514,31.67724609375
2059534,35.5224609375
2059656,34.1796875
2059780,37.2314453125
2059817,72.021484375
2059932,64.88037109375
2060018,39.61181640625
2061402,31.79931640625
2061559,31.31103515625
2073997,32.1044921875
2075635,33.3251953125
2085949,35.70556640625
2086944,30.517578125
2090486,31.31103515625
2090710,36.1328125
2092698,33.0810546875
2092820,35.46142578125
2092952,31.79931640625
2092973,54.6875
2093106,31.6162109375
2093158,46.08154296875
2093307,35.09521484375
2093430,61.70654296875
2093512,40.34423828125
2093550,38.0859375
2093595,37.7197265625
2093703,58.65478515625
2093793,47.42431640625
2095684,38.6962890625
2104972,31.982421875
2110888,31.1279296875
2113178,31.55517578125
2118589,32.958984375
2119547,30.8837890625
2120133,31.8603515625
2124567,34.11865234375
2124614,38.57421875
2124781,33.0810546875
2124824,46.875
2124933,37.41455078125
2124976,34.48486328125
2125045,46.9970703125
2125209,39.794921875
2125308,35.21728515625
2125350,34.97314453125
2125402,34.0576171875
2125424,46.56982421875
2125486,78.61328125
2125600,60.60791015625
2125684,40.1611328125
2138881,32.16552734375
2140282,32.77587890625
2141726,32.04345703125
2145809,37.65869140625
2149695,30.6396484375
2151404,31.73828125
2152008,32.1044921875
2154560,34.7900390625
2156518,31.005859375
2160509,35.7666015625
2160602,37.109375
2160749,39.36767578125
2160795,50.35400390625
2160930,38.87939453125
2160991,42.8466796875
2161111,32.16552734375
2161133,32.16552734375
2161229,33.38623046875
2161241,34.5458984375
2161415,65.36865234375
2161526,57.55615234375
2161620,41.1376953125
2163361,32.28759765625
2163454,31.79931640625
2178444,30.82275390625
2179168,30.70068359375
2182680,31.25
2187529,30.70068359375
2188098,30.76171875
2189693,34.85107421875
2192889,34.0576171875
2193467,30.45654296875
2194039,32.04345703125
2194363,33.8134765625
2197110,32.77587890625
2197199,35.33935546875
2197238,42.236328125
2197347,33.02001953125
2197425,31.6162109375
2197510,46.630859375
2197531,30.94482421875
2197607,35.7666015625
2197782,46.0205078125
2197839,32.53173828125
2197876,53.64990234375
2197961,36.7431640625
2198037,69.51904296875
2198146,61.1572265625
2198235,42.3583984375
2199898,35.09521484375
2200701,33.63037109375
2207901,31.31103515625
2209652,32.71484375
2212608,35.64453125
2213380,31.3720703125
2217090,31.3720703125
2224693,30.3955078125
2228479,30.82275390625
2229085,30.45654296875
2229299,32.1044921875
2230420,33.447265625
2231984,31.92138671875
2233564,31.06689453125
2233785,31.67724609375
2233850,41.80908203125
2233861,30.517578125
2233930,39.73388671875
2234009,40.52734375
2234154,39.85595703125
2234231,44.73876953125
2234257,31.8603515625
2234313,30.70068359375
2234373,37.53662109375
2234402,66.2841796875
2234511,63.04931640625
2234593,34.423828125
2249541,30.517578125
2254111,32.04345703125
2258227,30.6396484375
2260984,31.18896484375
2261113,30.82275390625
2268462,34.912109375
2268566,44.25048828125
2268718,30.94482421875
2268769,51.94091796875
2268867,41.015625
2269005,37.17041015625
2269122,53.22265625
2269211,55.35888671875
2269249,31.79931640625
2269311,30.94482421875
2269331,39.794921875
2269391,69.51904296875
2269502,46.20361328125
2269593,37.53662109375
2270730,30.45654296875
2270937,32.1044921875
2285962,34.48486328125
2291053,32.8369140625
2293320,31.18896484375
2297934,31.73828125
2300239,31.55517578125
2302316,30.45654296875
2303152,30.94482421875
2303207,34.85107421875
2303310,30.70068359375
2303384,35.2783203125
2303485,33.3251953125
2303531,49.31640625
2303654,35.0341796875
2303700,47.4853515625
2303778,38.9404296875
2303810,30.82275390625
2303845,42.29736328125
2303975,50.59814453125
2303987,51.26953125
2304034,31.06689453125
2304066,34.60693359375
2304128,33.203125
2304161,60.36376953125
2304271,67.19970703125
2304361,39.61181640625
2306173,30.82275390625
2317060,30.82275390625
2318539,31.1279296875
2319207,31.6162109375
2323576,32.2265625
2330899,31.06689453125
2337810,43.9453125
2337886,42.48046875
2338162,55.35888671875
2338188,34.72900390625
2338301,31.6162109375
2338328,39.55078125
2338351,30.70068359375
2338458,34.60693359375
2338506,47.79052734375
2338632,36.92626953125
2338645,33.3251953125
2338699,63.720703125
2338811,58.28857421875
2338904,41.07666015625
2340954,32.53173828125
2353101,35.15625
2354022,35.15625
2356763,31.25
2357349,31.1279296875
2363463,32.04345703125
2366954,31.73828125
2367111,30.3955078125
2373460,31.3720703125
2374748,30.33447265625
2375466,31.3720703125
2375572,47.42431640625
2375648,34.11865234375
2375799,50.23193359375
2375934,31.31103515625
2375970,35.5224609375
2376049,30.57861328125
2376128,33.75244140625
2376140,45.166015625
2376259,36.376953125
2376291,33.26416015625
2376349,32.40966796875
2376394,71.35009765625
2376511,61.8896484375
2376593,44.98291015625
2394858,30.57861328125
2396317,33.26416015625
2401094,33.935546875
2402267,31.1279296875
2402864,30.70068359375
2403589,30.76171875
2404867,34.11865234375
2406060,30.94482421875
2408680,31.1279296875
2411154,32.3486328125
2411980,30.94482421875
2412799,32.77587890625
2412960,32.470703125
2412980,31.6162109375
2413131,39.85595703125
2413213,30.8837890625
2413325,36.43798828125
2413339,35.09521484375
2413471,31.005859375
2413516,37.17041015625
2413596,32.04345703125
2413643,35.0341796875
2413677,49.74365234375
2413797,35.58349609375
2413911,60.48583984375
2413993,34.11865234375
2423574,31.55517578125
2429754,30.70068359375
2436208,32.04345703125
2436859,30.70068359375
2437298,31.8603515625
2440347,31.3720703125
2442788,31.005859375
2446302,32.1044921875
2446777,30.33447265625
2450780,40.4052734375
2450908,39.48974609375
2450947,33.02001953125
2451115,50.59814453125
2451125,33.14208984375
2451274,41.748046875
2451311,32.3486328125
2451373,33.447265625
2451415,43.3349609375
2451487,46.38671875
2451636,63.41552734375
2451743,54.99267578125
2451829,54.0771484375
2453631,36.62109375
2465488,30.70068359375
2471001,33.26416015625
2477567,33.26416015625
2486643,35.2783203125
2486847,32.65380859375
2486906,30.57861328125
2486935,39.0625
2486983,41.07666015625
2487115,44.43359375
2487301,38.75732421875
2487383,42.96875
2487395,37.2314453125
2487551,68.359375
2487591,37.04833984375
2487658,59.08203125
2487718,31.6162109375
2487749,43.8232421875
2489338,30.3955078125
2497650,34.36279296875
2499308,31.06689453125
2501660,33.14208984375
2502299,32.40966796875
2506140,31.982421875
2511360,33.63037109375
2514385,35.888671875
2515025,33.63037109375
2517003,31.25
2517884,31.55517578125
2520641,30.76171875
2522170,30.517578125
2524207,32.77587890625
2524263,34.1796875
2524284,45.83740234375
2524327,32.1044921875
2524373,40.0390625
2524415,36.31591796875
2524490,37.41455078125
2524511,36.80419921875
2524700,44.5556640625
2524819,34.97314453125
2524877,39.1845703125
2525003,82.275390625
2525119,76.66015625
2525206,43.88427734375
2526778,33.26416015625
2527273,40.6494140625
2540608,33.203125
2541389,32.89794921875
2544414,30.76171875
2551736,32.77587890625
2556463,31.55517578125
2556807,30.94482421875
2557437,31.982421875
2558042,30.6396484375
2561298,30.33447265625
2562464,31.494140625
2562688,34.423828125
2562744,30.517578125
2562840,32.71484375
2562922,34.72900390625
2562943,41.6259765625
2562987,33.3251953125
2563030,32.8369140625
2563208,34.97314453125
2563221,45.95947265625
2563289,32.3486328125
2563343,31.18896484375
2563372,69.15283203125
2563485,59.5703125
2563573,61.5234375
2565082,32.28759765625
2565379,36.56005859375
2573900,30.82275390625
2574871,32.28759765625
2576322,33.75244140625
2579903,30.70068359375
2583510,31.31103515625
2587041,31.1279296875
2588731,32.40966796875
2589781,33.14208984375
2593432,32.77587890625
2595229,31.25
2596480,37.2314453125
2596569,35.2783203125
2596666,40.46630859375
2596768,52.67333984375
2596846,39.6728515625
2596967,31.25
2597033,35.09521484375
2597156,47.79052734375
2597203,35.7666015625
2597285,37.841796875
2597381,44.189453125
2597480,35.15625
2597516,78.125
2597629,56.94580078125
2597718,31.79931640625
2608638,31.73828125
2611568,32.470703125
2623401,32.3486328125
2627442,31.494140625
2628035,33.3251953125
2631640,30.33447265625
2631677,30.70068359375
2631811,32.04345703125
2631833,32.40966796875
2631854,30.82275390625
2632032,34.3017578125
2632207,43.0908203125
2632220,33.447265625
2632291,37.29248046875
2632334,36.1328125
2632386,40.771484375
2632426,41.8701171875
2632518,37.65869140625
2632544,65.85693359375
2632659,60.6689453125
2632749,50.96435546875
2642415,30.6396484375
2644974,31.31103515625
2645651,35.15625
2650192,30.3955078125
2653479,31.005859375
2657005,33.14208984375
2657540,34.0576171875
2662931,32.77587890625
2667669,30.82275390625
2668289,31.3720703125
2668431,33.38623046875
2668481,43.45703125
2668574,39.24560546875
2668597,34.0576171875
2668675,38.63525390625
2668715,42.48046875
2668760,33.203125
2668884,31.8603515625
2668965,43.212890625
2668982,40.22216796875
2669067,38.51318359375
2669136,61.4013671875
2669242,65.73486328125
2669329,36.865234375
2670726,30.6396484375
2682267,30.3955078125
2683688,31.005859375
2687615,31.73828125
2695645,30.8837890625
2701976,30.8837890625
2704129,34.0576171875
2704185,32.89794921875
2704281,32.8369140625
2704293,38.02490234375
2704458,37.90283203125
2704481,36.07177734375
2704583,31.43310546875
2704632,43.45703125
2704659,33.02001953125
2704746,37.9638671875
2704764,37.109375
2704796,33.69140625
2704920,54.443359375
2705028,56.15234375
2705110,60.97412109375
2706430,38.63525390625
2706656,34.48486328125
2721761,32.5927734375
2723097,30.33447265625
2723883,31.1279296875
2725793,31.67724609375
2727013,36.56005859375
2727719,32.8369140625
2729500,31.3720703125
2731784,34.423828125
2734219,33.75244140625
2734905,31.494140625
2737917,34.11865234375
2738044,33.63037109375
2738089,37.2314453125
2738211,31.25
2738240,31.005859375
2738259,32.2265625
2738399,33.3251953125
2738461,38.0859375
2738471,36.4990234375
2738563,32.77587890625
2738669,52.30712890625
2738693,33.69140625
2738778,62.68310546875
2738948,31.06689453125
2738968,56.5185546875
2739081,57.2509765625
2739169,39.85595703125
2755383,32.470703125
2756006,30.33447265625
2758732,32.65380859375
2761281,38.39111328125
2766828,33.26416015625
2769486,31.43310546875
2771349,32.28759765625
2774308,30.45654296875
2774406,32.470703125
2774673,37.4755859375
2774729,46.5087890625
2774762,34.97314453125
2774900,36.19384765625
2775053,51.6357421875
2775079,40.83251953125
2775145,31.6162109375
2775178,31.005859375
2775258,33.63037109375
2775288,65.73486328125
2775398,58.837890625
2775486,42.1142578125
2777142,30.517578125
2777457,31.31103515625
2790743,31.3720703125
2796770,33.8134765625
2802937,32.28759765625
2803644,30.70068359375
2806553,32.16552734375
2806806,32.470703125
2809324,31.3720703125
2809414,38.14697265625
2809571,34.3017578125
2809621,31.1279296875
2809728,42.724609375
2809800,40.46630859375
2809860,32.89794921875
2809940,34.48486328125
2809960,32.53173828125
2810045,32.3486328125
2810061,39.12353515625
2810082,38.818359375
2810117,52.67333984375
2810168,40.83251953125
2810231,80.99365234375
2810257,34.36279296875
2810301,31.67724609375
2810349,55.72509765625
2810437,39.4287109375
2810523,31.1279296875
2811921,32.470703125
2820234,31.43310546875
2824911,30.45654296875
2829267,32.65380859375
2829873,32.1044921875
2833349,30.57861328125
2834306,31.8603515625
2841709,34.24072265625
2843067,30.6396484375
2843200,30.517578125
2850564,30.3955078125
2852162,32.2265625
2852253,35.888671875
2852282,34.66796875
2852318,31.25
2852407,47.05810546875
2852466,38.26904296875
2852618,35.33935546875
2852757,32.958984375
2852829,33.50830078125
2852874,34.0576171875
2852897,70.98388671875
2852978,30.45654296875
2853007,64.94140625
2853093,33.14208984375
2861225,31.43310546875
2864691,31.31103515625
2869423,30.8837890625
2872685,31.1279296875
2873841,31.18896484375
2875035,31.8603515625
2875407,33.8134765625
2878627,30.517578125
2879039,30.3955078125
2881753,34.24072265625
2883310,30.45654296875
2883794,31.6162109375
2884867,31.982421875
2885613,49.8046875
2885764,36.1328125
2885802,37.78076171875
2885926,38.4521484375
2886023,34.72900390625
2886050,49.560546875
2886248,35.888671875
2886289,31.494140625
2886311,31.3720703125
2886434,33.447265625
2886507,77.69775390625
2886616,51.6357421875
2886705,40.8935546875
2905100,33.0810546875
2905788,34.0576171875
2906512,32.40966796875
2907788,31.67724609375
2908122,30.94482421875
2912297,31.1279296875
2917721,33.5693359375
2918650,36.07177734375
2918721,35.58349609375
2918843,37.17041015625
2918904,42.41943359375
2919073,31.43310546875
2919104,57.55615234375
2919272,41.8701171875
2919416,44.189453125
2919444,30.57861328125
2919461,41.19873046875
2919587,35.2783203125
2919617,37.90283203125
2919743,50.72021484375
2919830,44.49462890625
2921136,37.109375
2935503,32.3486328125
2944321,32.28759765625
2945859,30.94482421875
2946920,36.0107421875
2949270,30.82275390625
2951765,31.982421875
2952042,33.63037109375
2953174,31.005859375
2956796,31.79931640625
2956884,40.1611328125
2956934,34.3017578125
2957008,30.82275390625
2957101,35.46142578125
2957149,32.8369140625
2957208,40.0390625
2957294,36.80419921875
2957424,31.982421875
2957519,34.0576171875
2957555,42.90771484375
2957643,34.36279296875
2957655,77.7587890625
2957717,30.517578125
2957763,53.22265625
2957853,37.109375
2959780,31.92138671875
2972238,31.67724609375
2973596,31.1279296875
2975740,30.517578125
2977249,30.76171875
2980381,31.79931640625
2984241,30.6396484375
2984418,30.3955078125
2985155,31.494140625
2985942,31.005859375
2987266,32.1044921875
2989226,35.94970703125
2990549,30.82275390625
2990640,38.57421875
2990688,30.45654296875
2990819,33.447265625
2990845,34.36279296875
2990972,41.68701171875
2991054,32.89794921875
2991213,46.32568359375
2991329,45.654296875
2991520,66.650390625
2991631,52.734375
2991720,37.4755859375
3000849,31.25
3002602,31.494140625
3009776,31.25
3011791,30.517578125
3012580,31.18896484375
3015278,33.0810546875
3015744,32.8369140625
3017045,30.57861328125
3017716,32.3486328125
3018486,30.76171875
3022682,30.57861328125
3024530,31.6162109375
3024967,31.005859375
3025698,36.07177734375
3025777,36.4990234375
3025890,47.7294921875
3026136,49.13330078125
3026241,31.73828125
3026285,35.15625
3026308,45.22705078125
3026430,39.48974609375
3026480,51.26953125
3026543,30.94482421875
3026593,34.7900390625
3026619,58.04443359375
3026740,50.4150390625
3026824,33.69140625
3028437,31.6162109375
3028687,31.67724609375
3044042,31.18896484375
3053551,30.94482421875
3055730,33.69140625
3056984,30.6396484375
3060849,35.0341796875
3061022,30.33447265625
3061078,31.55517578125
3061156,44.61669921875
3061344,31.79931640625
3061412,39.4287109375
3061553,43.15185546875
3061578,33.69140625
3061684,39.85595703125
3061711,38.330078125
3061730,51.7578125
3061776,40.71044921875
3061852,32.53173828125
3061875,31.005859375
3061887,65.36865234375
3061996,57.6171875
3062083,36.865234375
3063837,33.87451171875
3080939,32.04345703125
3085485,30.517578125
3090767,31.982421875
3091336,32.958984375
3091947,37.17041015625
3094086,37.65869140625
3094281,31.67724609375
3095261,33.8134765625
3096273,31.005859375
3096359,32.5927734375
3096380,33.02001953125
3096486,36.43798828125
3096708,36.9873046875
3096721,40.0390625
3096894,44.25048828125
3097026,43.15185546875
3097071,42.78564453125
3097138,30.517578125
3097188,36.376953125
3097246,69.091796875
3097359,67.32177734375
3097448,40.1611328125
3108719,31.67724609375
3110299,34.66796875
3115648,31.18896484375
3116406,30.6396484375
3118413,31.8603515625
3118947,31.79931640625
3121632,32.5927734375
3122009,30.33447265625
3122503,31.25
3128227,33.50830078125
3129032,31.67724609375
3130200,31.18896484375
3131045,32.28759765625
3131196,39.9169921875
3131350,30.70068359375
3131407,38.39111328125
3131429,47.42431640625
3131589,30.45654296875
3131607,40.58837890625
3131760,45.83740234375
3131887,78.06396484375
3131998,64.453125
3132090,38.2080078125
3133279,31.79931640625
3133869,33.5693359375
3142525,32.77587890625
3144517,30.3955078125
3149217,33.38623046875
3149846,32.40966796875
3153347,30.57861328125
3157547,32.1044921875
3164187,32.2265625
3164766,31.55517578125
3165544,33.75244140625
3165882,30.76171875
3166859,30.517578125
3167979,30.82275390625
3169024,34.48486328125
3169072,30.8837890625
3169171,38.14697265625
3169224,36.07177734375
3169240,30.6396484375
3169351,33.935546875
3169406,31.6162109375
3169541,32.04345703125
3169571,35.21728515625
3169683,40.10009765625
3169709,40.1611328125
3169762,33.63037109375
3169791,30.8837890625
3169830,32.2265625
3169893,65.91796875
3169998,69.76318359375
3170085,39.73388671875
3179671,36.43798828125
3187804,32.71484375
3190834,32.71484375
3192234,34.0576171875
3192915,34.3017578125
3193653,31.005859375
3195022,30.45654296875
3197375,31.31103515625
3199937,33.69140625
3200060,43.5791015625
3200148,30.70068359375
3200204,32.16552734375
3200335,45.2880859375
3200406,31.25
3200455,32.89794921875
3200485,32.53173828125
3200530,32.3486328125
3200570,44.0673828125
3200606,35.7666015625
3200748,73.8525390625
3200860,58.53271484375
3202748,36.0107421875
3202970,30.517578125
3212216,31.982421875
3216820,30.76171875
3224025,31.005859375
3226347,30.94482421875
3231191,31.67724609375
3236039,30.3955078125
3236712,31.494140625
3241065,32.53173828125
3241429,31.06689453125
3241966,32.65380859375
3242294,32.1044921875
3242412,43.5791015625
3242438,30.57861328125
3242536,38.57421875
3242594,48.828125
3242784,39.85595703125
3242931,36.4990234375
3243037,36.68212890625
3243136,37.59765625
3243173,73.54736328125
3243275,64.27001953125
3243362,45.2880859375
3265703,32.71484375
3266898,33.5693359375
3270099,34.1796875
3270561,35.21728515625
3272416,30.517578125
3272569,32.65380859375
3276705,36.0107421875
3276818,33.50830078125
3276902,33.38623046875
3276981,31.73828125
3277087,43.64013671875
3277110,44.61669921875
3277250,44.921875
3277281,33.02001953125
3277358,40.58837890625
3277374,34.3017578125
3277442,51.33056640625
3277520,59.14306640625
3277633,60.791015625
3277723,41.3818359375
3290794,31.92138671875
3295524,38.330078125
3301087,33.0810546875
3302337,32.1044921875
3303441,34.5458984375
3304836,31.005859375
3308842,30.3955078125
3310306,31.494140625
3313558,32.40966796875
3313594,37.78076171875
3313732,30.517578125
3313751,35.82763671875
3313839,50.4150390625
3314093,38.87939453125
3314116,34.11865234375
3314256,41.80908203125
3314321,38.75732421875
3314352,41.93115234375
3314429,31.67724609375
3314475,72.57080078125
3314583,60.24169921875
3314673,46.20361328125
3316326,32.3486328125
3316608,31.73828125
3327861,31.55517578125
3329635,32.470703125
3330204,31.73828125
3330644,33.38623046875
3339989,32.40966796875
3342052,30.8837890625
3345733,33.26416015625
3346774,34.11865234375
3347234,31.494140625
3349362,30.3955078125
3349444,38.9404296875
3349608,33.38623046875
3349619,40.83251953125
3349670,31.31103515625
3349826,42.48046875
3349849,37.59765625
3350039,40.10009765625
3350058,31.3720703125
3350106,36.07177734375
3350139,38.14697265625
3350150,47.36328125
3350239,33.63037109375
3350295,73.05908203125
3350404,54.0771484375
3350488,48.4619140625
3358964,31.3720703125
3361330,32.28759765625
3366117,32.470703125
3366835,31.18896484375
3368790,30.45654296875
3370760,30.8837890625
3376249,30.76171875
3377124,36.68212890625
3377877,31.06689453125
3380523,30.33447265625
3384903,33.3251953125
3386056,39.97802734375
3386210,65.3076171875
3386238,32.470703125
3386404,52.91748046875
3386455,36.92626953125
3386574,43.5791015625
3386687,36.2548828125
3386787,39.1845703125
3386800,39.24560546875
3386901,62.744140625
3387018,54.50439453125
3387107,40.1611328125
3396893,31.67724609375
3397711,31.8603515625
3399474,32.89794921875
3401808,31.3720703125
3403284,31.005859375
3405885,30.517578125
3413674,31.06689453125
3414420,32.2265625
3420684,33.3251953125
3420875,53.52783203125
3421069,41.32080078125
3421170,31.55517578125
3421212,31.92138671875
3421249,32.40966796875
3421310,31.43310546875
3421329,40.283203125
3421353,38.4521484375
3421395,30.8837890625
3421411,33.50830078125
3421489,33.50830078125
3421511,68.9697265625
3421630,57.06787109375
3421718,39.794921875
3434094,32.8369140625
3442805,33.75244140625
3444165,31.005859375
3444502,32.8369140625
3445910,31.43310546875
3446603,33.69140625
3449659,33.87451171875
3450059,30.45654296875
3450645,30.6396484375
3452529,30.45654296875
3454482,36.31591796875
3456580,30.94482421875
3456746,40.34423828125
3456814,42.78564453125
3456885,40.8935546875
3456960,48.27880859375
3457118,41.19873046875
3457160,38.51318359375
3457310,32.71484375
3457397,36.62109375
3457433,31.3720703125
3457455,39.55078125
3457476,33.5693359375
3457565,101.50146484375
3457599,43.212890625
3457673,62.68310546875
3457761,36.62109375
3459654,32.1044921875
3468152,37.109375
3469069,32.89794921875
3476210,32.89794921875
3476792,32.77587890625
3477536,30.76171875
3480806,30.6396484375
3481378,30.76171875
3482614,32.8369140625
3483871,30.517578125
3484792,35.400390625
3485358,34.0576171875
3492892,31.43310546875
3493045,31.92138671875
3493144,39.6728515625
3493323,38.87939453125
3493538,37.53662109375
3493592,31.982421875
3493692,39.794921875
3493776,43.27392578125
3493809,33.26416015625
3493878,30.76171875
3493960,64.208984375
3494067,51.33056640625
3494153,36.0107421875
3495616,32.53173828125
3508588,32.16552734375
3514395,34.5458984375
3518448,31.79931640625
3523164,33.5693359375
3524268,32.2265625
3525879,31.1279296875
3527706,30.82275390625
3529056,31.06689453125
3529624,32.77587890625
3529722,36.62109375
3529905,36.1328125
3530009,37.2314453125
3530040,39.4287109375
3530064,45.41015625
3530175,50.4150390625
3530201,31.6162109375
3530319,34.60693359375
3530378,46.9970703125
3530418,31.6162109375
3530439,32.40966796875
3530496,35.46142578125
3530540,30.3955078125
3530624,64.75830078125
3530710,49.9267578125
3532583,33.203125
3542329,30.76171875
3549860,30.45654296875
3552024,32.04345703125
3554518,32.2265625
3554883,31.982421875
3556923,30.517578125
3557761,33.63037109375
3557966,32.89794921875
3558339,30.3955078125
3559122,30.3955078125
3562197,32.71484375
3565125,39.9169921875
3565186,40.8935546875
3565226,32.5927734375
3565346,47.05810546875
3565361,32.3486328125
3565379,31.79931640625
3565529,36.1328125
3565559,31.3720703125
3565701,43.8232421875
3565815,40.52734375
3565837,51.94091796875
3565874,32.53173828125
3565959,44.189453125
3566006,74.5849609375
3566114,57.43408203125
3566203,43.212890625
3567409,30.6396484375
3567814,40.0390625
3568290,31.31103515625
3579121,31.6162109375
3583200,30.33447265625
3587945,32.04345703125
3589989,31.18896484375
3591727,31.92138671875
3592553,31.55517578125
3597935,30.6396484375
3598934,31.005859375
3601459,30.57861328125
3601548,32.5927734375
3601659,39.0625
3601717,44.73876953125
3601791,31.25
3601840,33.26416015625
3601897,38.51318359375
3601963,34.7900390625
3602035,31.06689453125
3602137,33.3251953125
3602157,46.38671875
3602294,63.232421875
3602403,72.69287109375
3602496,41.1376953125
3602564,34.24072265625
3618027,33.69140625
3620606,31.73828125
3625161,32.53173828125
3629473,38.26904296875
3629535,32.2265625
3629667,41.56494140625
3629712,46.5087890625
3629812,33.203125
3629870,36.9873046875
3630024,31.8603515625
3630125,36.865234375
3630173,32.65380859375
3630245,50.84228515625
3630268,43.45703125
3630437,65.5517578125
3630545,56.57958984375
3630635,32.470703125
3632165,31.55517578125
3632451,31.8603515625
3642139,31.6162109375
3644799,31.3720703125
3647427,32.1044921875
3648076,31.92138671875
3649594,32.71484375
3655647,36.4990234375
3658481,32.5927734375
3659609,32.2265625
3660415,38.330078125
3660735,40.8935546875
3660760,38.14697265625
3660815,31.18896484375
3660899,37.7197265625
3660947,55.96923828125
3661082,34.11865234375
3661092,34.66796875
3661139,35.94970703125
3661172,38.87939453125
3661260,32.470703125
3661299,56.21337890625
3661323,31.3720703125
3661419,58.4716796875
3661508,40.71044921875
3663448,31.982421875
3664031,30.82275390625
3674131,31.1279296875
3685436,31.43310546875
3686376,32.16552734375
3687435,33.50830078125
3689544,31.31103515625
3689599,32.2265625
3689745,33.447265625
3690061,49.4384765625
3690105,40.10009765625
3690175,34.66796875
3690187,34.1796875
3690227,32.5927734375
3690248,31.31103515625
3690429,41.6259765625
3690486,35.2783203125
3690548,40.22216796875
3690570,35.2783203125
3690615,64.697265625
3690723,63.29345703125
3690817,36.9873046875
3692439,35.5224609375
3700680,30.70068359375
3712700,31.55517578125
3714752,31.982421875
3720357,31.3720703125
3721057,32.16552734375
3721691,30.76171875
3722178,30.94482421875
3723079,31.6162109375
3723302,33.38623046875
3723382,58.4716796875
3723574,37.7197265625
3723603,30.70068359375
3723670,34.97314453125
3723730,30.6396484375
3723788,40.1611328125
3723904,34.5458984375
3723927,36.68212890625
3723961,30.45654296875
3724013,32.3486328125
3724024,43.45703125
3724120,34.60693359375
3724184,66.58935546875
3724294,68.359375
3724331,33.5693359375
3724379,38.14697265625
3726143,34.0576171875
3746070,32.53173828125
3748867,30.8837890625
3752875,30.76171875
3756451,31.982421875
3756529,30.33447265625
3756609,41.3818359375
3756657,36.07177734375
3756820,34.60693359375
3756867,33.63037109375
3756891,38.14697265625
3756919,36.2548828125
3757055,55.2978515625
3757194,35.400390625
3757245,30.517578125
3757263,32.958984375
3757293,46.630859375
3757380,32.40966796875
3757433,63.1103515625
3757539,54.6875
3757627,37.353515625
3759342,33.0810546875
3759871,31.31103515625
3769920,31.494140625
3773722,31.3720703125
3779667,31.18896484375
3789586,31.55517578125
3792404,31.73828125
3792757,34.72900390625
3798006,33.0810546875
3798177,32.28759765625
3798319,32.53173828125
3798439,54.74853515625
3798575,32.5927734375
3798588,46.08154296875
3798656,39.73388671875
3798687,35.2783203125
3798794,39.6728515625
3798818,31.31103515625
3798898,35.82763671875
3798929,48.76708984375
3799043,43.5791015625
3799081,81.54296875
3799185,62.19482421875
3799267,38.2080078125
3821711,33.5693359375
3823349,32.04345703125
3825757,31.43310546875
3829107,39.73388671875
3831715,41.3818359375
3831791,37.2314453125
3831853,30.57861328125
3831940,30.517578125
3831988,35.33935546875
3832025,32.1044921875
3832152,33.63037109375
3832284,33.8134765625
3832353,44.25048828125
3832389,34.72900390625
3832524,74.0966796875
3832627,73.1201171875
3832714,43.76220703125
3841219,32.65380859375
3845658,34.72900390625
3856210,30.70068359375
3859115,36.07177734375
3862369,33.69140625
3863809,31.73828125
3864160,35.58349609375
3864863,32.71484375
3867678,30.82275390625
3868261,30.3955078125
3868335,31.982421875
3868428,37.7197265625
3868552,32.40966796875
3868579,32.53173828125
3868614,31.73828125
3868733,33.935546875
3868770,65.12451171875
3869062,39.1845703125
3869089,60.546875
3869141,44.677734375
3869246,75.37841796875
3869355,67.68798828125
3869442,35.400390625
3892117,30.8837890625
3892699,30.82275390625
3893486,31.43310546875
3894135,34.3017578125
3896291,30.82275390625
3898404,30.6396484375
3900429,33.0810546875
3900875,31.92138671875
3903860,31.494140625
3906979,32.16552734375
3907120,35.46142578125
3907256,35.21728515625
3907292,32.71484375
3907396,32.71484375
3907577,33.63037109375
3907681,32.16552734375
3907711,44.25048828125
3907741,47.36328125
3907800,43.3349609375
3907861,31.31103515625
3907901,78.61328125
3908013,59.75341796875
3908102,37.78076171875
3910121,37.7197265625
3917435,35.2783203125
3918461,33.8134765625
3923020,30.94482421875
3923647,33.447265625
3925196,30.45654296875
3925969,30.8837890625
3926577,31.25
3929782,39.24560546875
3930249,31.06689453125
3932028,31.982421875
3935175,33.203125
3935588,30.94482421875
3937852,32.1044921875
3939194,31.92138671875
3942695,36.865234375
3942846,50.10986328125
3942911,30.70068359375
3943034,39.4287109375
3943095,40.71044921875
3943228,42.3583984375
3943323,31.92138671875
3943334,38.0859375
3943406,39.55078125
3943420,30.45654296875
3943473,35.0341796875
3943552,57.861328125
3943661,63.96484375
3943751,37.29248046875
3945070,31.73828125
3945275,31.79931640625
3945591,35.400390625
3959951,33.5693359375
3960483,37.9638671875
3963696,30.82275390625
3965060,32.53173828125
3966465,30.76171875
3967163,31.43310546875
3967591,33.87451171875
3975400,33.0810546875
3975445,30.517578125
3975538,48.88916015625
3975682,34.66796875
3975741,46.7529296875
3975859,35.21728515625
3975941,36.9873046875
3976052,37.78076171875
3976088,34.3017578125
3976137,30.45654296875
3976158,44.61669921875
3976198,43.64013671875
3976224,36.80419921875
3976333,74.21875
3976442,62.68310546875
3976537,42.1142578125
3988033,31.3720703125
4001623,30.517578125
4003641,30.94482421875
4004570,34.85107421875
4010193,32.04345703125
4010521,32.958984375
4011656,30.517578125
4011805,37.4755859375
4011979,44.86083984375
4012004,35.46142578125
4012034,30.76171875
4012094,51.1474609375
4012156,36.376953125
4012197,32.77587890625
4012233,37.109375
4012408,55.48095703125
4012487,37.17041015625
4012568,63.53759765625
4012679,48.76708984375
4012769,38.818359375
4033074,33.203125
4033729,34.7900390625
4035719,31.1279296875
4040606,32.65380859375
4041707,31.31103515625
4042184,31.67724609375
4042881,30.57861328125
4044651,36.80419921875
4044738,31.92138671875
4044783,30.8837890625
4044823,31.3720703125
4044921,32.3486328125
4045006,44.7998046875
4045062,35.33935546875
4045209,43.701171875
4045231,32.04345703125
4045329,40.6494140625
4045354,31.3720703125
4045372,34.60693359375
4045425,32.2265625
4045555,63.96484375
4045661,57.12890625
4045756,40.6494140625
4057134,33.02001953125
4059635,31.494140625
4060518,32.470703125
4062104,33.8134765625
4069245,30.82275390625
4070493,31.67724609375
4072062,35.64453125
4079164,36.92626953125
4079306,33.203125
4079344,57.06787109375
4079402,32.1044921875
4079413,51.69677734375
4079502,31.31103515625
4079645,38.6962890625
4079673,34.423828125
4079743,36.376953125
4079763,36.43798828125
4079806,32.71484375
4079910,65.85693359375
4080024,60.302734375
4080110,35.94970703125
4081580,35.70556640625
4081997,31.1279296875
4094040,30.33447265625
4102039,32.77587890625
4104879,33.8134765625
4105251,33.69140625
4105692,31.005859375
4106977,30.3955078125
4107885,33.87451171875
4110743,31.55517578125
4111033,34.5458984375
4111126,46.56982421875
4111294,32.04345703125
4111327,32.77587890625
4111376,50.78125
4111393,34.36279296875
4111547,45.59326171875
4111671,36.4990234375
4111783,41.6259765625
4111862,30.57861328125
4111925,71.533203125
4112028,59.814453125
4112052,31.25
4112117,42.05322265625
4114113,32.1044921875
4123543,30.70068359375
4127242,30.57861328125
4133505,30.33447265625
4137257,31.31103515625
4140054,33.87451171875
4140954,31.73828125
4144778,34.24072265625
4145067,42.17529296875
4145236,33.75244140625
4145277,48.88916015625
4145357,35.94970703125
4145379,33.3251953125
4145471,46.20361328125
4145616,43.5791015625
4145633,31.25
4145697,49.560546875
4145729,30.33447265625
4145811,37.2314453125
4145852,64.63623046875
4145959,62.98828125
4146046,41.8701171875
4157417,31.06689453125
4159224,34.0576171875
4169151,32.89794921875
4170599,32.5927734375
4173951,31.92138671875
4175167,31.18896484375
4175523,30.82275390625
4178204,31.06689453125
4178843,32.8369140625
4179053,32.3486328125
4179124,32.958984375
4179161,44.49462890625
4179203,39.6728515625
4179334,47.8515625
4179454,32.2265625
4179492,30.57861328125
4179523,30.6396484375
4179546,48.4619140625
4179561,33.203125
4179636,31.31103515625
4179699,65.185546875
4179806,58.65478515625
4179895,37.2314453125
4181461,30.517578125
4181811,31.25
4191505,33.99658203125
4199284,30.82275390625
4199473,36.865234375
4199564,36.2548828125
4199655,32.958984375
4199725,32.958984375
4199861,62.255859375
4199895,35.82763671875
4200029,35.94970703125
4200170,39.85595703125
4200289,34.36279296875
4200343,46.32568359375
4200411,35.7666015625
4200450,31.43310546875
4200540,45.654296875
4200641,69.88525390625
4200758,54.19921875
4200854,39.61181640625
4215316,30.82275390625
4224686,31.8603515625
4226332,36.1328125
4227868,35.0341796875
4229675,32.2265625
4232080,33.8134765625
4232996,30.45654296875
4234366,30.6396484375
4234983,31.79931640625
4235092,32.53173828125
4235259,36.9873046875
4235386,55.96923828125
4235495,33.447265625
4235546,33.0810546875
4235662,38.330078125
4235695,33.38623046875
4235708,50.23193359375
4235826,32.8369140625
4235885,70.068359375
4235993,55.23681640625
4236083,33.87451171875
4245571,31.55517578125
4252587,30.3955078125
4254251,32.16552734375
4258915,31.73828125
4260292,30.82275390625
4261974,30.57861328125
4262690,30.57861328125
4266064,32.470703125
4266635,31.1279296875
4268872,33.14208984375
4270021,31.6162109375
4270889,31.25
4271280,31.73828125
4272409,36.7431640625
4272486,35.5224609375
4272554,39.73388671875
4272604,36.80419921875
4272681,37.841796875
4272693,47.8515625
4272791,40.283203125
4272816,32.77587890625
4272853,36.92626953125
4272909,31.55517578125
4272943,47.8515625
4273037,54.0771484375
4273099,30.57861328125
4273188,73.30322265625
4273294,64.27001953125
4273380,34.423828125
4274657,35.33935546875
4275225,30.33447265625
4284322,30.57861328125
4286281,31.67724609375
4286944,33.935546875
4290434,31.1279296875
4292127,33.99658203125
4292763,30.82275390625
4294871,30.6396484375
4298469,31.3720703125
4299367,31.55517578125
4307204,42.236328125
4307357,32.3486328125
4307385,34.7900390625
4307519,39.6728515625
4307576,39.85595703125
4307594,31.005859375
4307632,36.4990234375
4307849,46.0205078125
4307878,31.55517578125
4307898,38.75732421875
4308023,64.27001953125
4308127,60.05859375
4308219,40.283203125
4309805,31.79931640625
4310116,36.1328125
4321637,30.8837890625
4322312,31.73828125
4325927,31.18896484375
4330534,31.73828125
4335526,32.2265625
4336437,33.3251953125
4337587,31.43310546875
4338340,32.2265625
4338925,31.3720703125
4339829,34.11865234375
4340888,30.3955078125
4342345,31.31103515625
4343175,30.82275390625
4343253,33.5693359375
4343333,34.97314453125
4343373,32.16552734375
4343454,48.64501953125
4343520,48.40087890625
4343706,37.41455078125
4343795,31.73828125
4343826,32.65380859375
4343877,45.34912109375
4343898,33.8134765625
4343995,33.5693359375
4344007,63.65966796875
4344116,56.94580078125
4344204,41.50390625
4345835,40.22216796875
4359649,30.70068359375
4362052,31.79931640625
4365461,32.71484375
4366688,32.2265625
4369564,32.04345703125
4375680,38.63525390625
4375737,41.1376953125
4375957,35.7666015625
4376047,30.33447265625
4376098,61.58447265625
4376128,33.3251953125
4376278,36.865234375
4376335,31.005859375
4376392,39.36767578125
4376464,49.4384765625
4376628,73.486328125
4376747,55.6640625
4376835,38.6962890625
4378087,32.89794921875
4378566,31.1279296875
4393698,30.82275390625
4396773,31.73828125
4397363,30.517578125
4403876,34.11865234375
4406187,32.1044921875
4409994,30.82275390625
4410193,46.69189453125
4410234,40.771484375
4410263,36.62109375
4410378,35.2783203125
4410416,33.447265625
4410517,36.56005859375
4410558,30.82275390625
4410597,35.46142578125
4410619,34.5458984375
4410715,46.2646484375
4410758,61.58447265625
4410869,62.3779296875
4410956,36.19384765625
4412535,32.28759765625
4424299,30.82275390625
4425190,30.8837890625
4438955,30.45654296875
4439528,37.7197265625
4439761,30.76171875
4441560,31.31103515625
4442572,31.494140625
4444140,32.16552734375
4444495,32.1044921875
4444549,36.68212890625
4444638,39.97802734375
4444716,35.5224609375
4444750,39.73388671875
4444773,36.80419921875
4444866,33.3251953125
4444909,36.9873046875
4445033,36.865234375
4445095,43.64013671875
4445208,40.283203125
4445245,44.00634765625
4445294,39.36767578125
4445357,34.97314453125
4445407,69.3359375
4445523,59.38720703125
4445612,50.96435546875
4445700,31.92138671875
4446874,30.6396484375
4447948,30.94482421875
4461007,31.494140625
4463364,35.33935546875
4466534,30.76171875
4471104,30.70068359375
4471988,30.57861328125
4472710,32.53173828125
4474958,31.79931640625
4478198,30.517578125
4478357,31.79931640625
4478523,43.27392578125
4478633,35.2783203125
4478680,34.3017578125
4478757,58.04443359375
4478887,40.71044921875
4478963,44.921875
4478990,38.87939453125
4479156,70.1904296875
4479243,35.0341796875
4479263,57.80029296875
4479348,44.49462890625
4480556,33.75244140625
4481225,33.447265625
4481527,32.77587890625
4490198,32.04345703125
4493252,30.33447265625
4495794,30.3955078125
4496522,31.8603515625
4499753,31.8603515625
4500305,31.06689453125
4501499,31.6162109375
4502178,33.935546875
4504769,33.5693359375
4506735,30.6396484375
4507629,32.04345703125
4512335,31.73828125
4513053,35.70556640625
4513092,30.517578125
4513216,38.26904296875
4513288,43.0908203125
4513337,31.494140625
4513476,38.818359375
4513604,43.5791015625
4513679,41.015625
4513792,35.0341796875
4513829,73.66943359375
4513934,30.94482421875
4513949,69.2138671875
4514038,41.80908203125
4515623,32.3486328125
4524608,33.935546875
4529415,31.92138671875
4531286,38.63525390625
4532055,30.82275390625
4532870,31.31103515625
4533715,30.45654296875
4535957,31.1279296875
4537749,31.6162109375
4545302,34.0576171875
4546074,31.79931640625
4546185,32.8369140625
4546208,30.8837890625
4546367,38.2080078125
4546460,43.64013671875
4546531,33.5693359375
4546624,33.26416015625
4546676,34.3017578125
4546816,31.73828125
4546838,34.1796875
4546857,34.48486328125
4546885,31.3720703125
4546918,31.25
4547075,69.580078125
4547189,68.42041015625
4547280,40.1611328125
4548921,32.958984375
4558319,31.18896484375
4559254,31.92138671875
4563680,30.70068359375
4573041,32.28759765625
4574732,31.005859375
4576428,34.1796875
4577814,35.09521484375
4580590,32.8369140625
4581605,35.5224609375
4581742,40.34423828125
4581950,30.57861328125
4582034,49.560546875
4582093,47.79052734375
4582202,46.20361328125
4582220,33.0810546875
4582337,38.9404296875
4582366,30.6396484375
4582418,55.419921875
4582429,35.64453125
4582513,31.92138671875
4582540,39.1845703125
4582574,31.494140625
4582596,77.45361328125
4582703,64.88037109375
4582792,43.8232421875
4584352,32.5927734375
4596597,33.3251953125
4603823,31.31103515625
4604346,33.935546875
4608747,31.005859375
4608782,53.77197265625
4608941,38.4521484375
4609027,39.36767578125
4609107,33.02001953125
4609237,33.935546875
4609252,43.64013671875
4609407,36.31591796875
4609489,59.38720703125
4609532,32.470703125
4609621,31.3720703125
4609699,64.697265625
4609816,72.021484375
4609826,37.109375
4609909,47.8515625
4618898,31.18896484375
4630077,30.8837890625
4631503,32.1044921875
4632987,30.82275390625
4633665,31.982421875
4635395,32.89794921875
4637464,32.28759765625
4639539,30.57861328125
4643246,31.55517578125
4643519,31.494140625
4643639,45.71533203125
4643724,44.43359375
4643787,39.9169921875
4643913,43.9453125
4643924,36.1328125
4644033,30.8837890625
4644120,42.78564453125
4644139,38.2080078125
4644205,30.6396484375
4644335,77.0263671875
4644396,31.06689453125
4644443,73.30322265625
4644534,40.83251953125
4646091,34.72900390625
4656832,30.33447265625
4657623,30.57861328125
4658556,33.75244140625
4669840,30.6396484375
4672360,30.33447265625
4674564,32.89794921875
4678215,30.57861328125
4678260,35.33935546875
4678386,38.2080078125
4678426,34.60693359375
4678557,34.423828125
4678588,37.53662109375
4678705,30.82275390625
4678755,32.16552734375
4678866,41.259765625
4678903,42.236328125
4678935,32.1044921875
4678949,31.18896484375
4678977,31.18896484375
4679012,31.92138671875
4679067,45.34912109375
4679083,67.7490234375
4679192,68.359375
4679281,36.56005859375
4680636,31.79931640625
4681114,31.8603515625
4690815,31.494140625
4698043,31.3720703125
4702356,32.1044921875
4703816,30.6396484375
4704869,33.8134765625
4707000,31.25
4714981,31.6162109375
4715118,33.87451171875
4715228,30.57861328125
4715412,48.33984375
4715542,37.78076171875
4715615,46.69189453125
4715635,33.50830078125
4715683,34.0576171875
4715786,80.078125
4715897,66.162109375
4715989,35.58349609375
4717519,31.92138671875
4717903,34.1796875
4725587,30.45654296875
4733899,30.70068359375
4742980,30.82275390625
4743653,30.76171875
4745924,33.69140625
4746366,33.02001953125
4747793,32.2265625
4748236,31.1279296875
4748498,30.45654296875
4749026,33.5693359375
4749043,32.470703125
4749067,31.1279296875
4749169,33.75244140625
4749250,36.9873046875
4749283,32.470703125
4749302,32.71484375
4749469,35.82763671875
4749559,30.45654296875
4749579,31.43310546875
4749607,35.5224609375
4749666,54.13818359375
4749704,32.53173828125
4749780,39.4287109375
4749822,70.6787109375
4749932,61.70654296875
4750018,41.68701171875
4765612,32.958984375
4768716,30.82275390625
4770103,30.8837890625
4771363,31.25
4780103,34.7900390625
4781380,31.43310546875
4782521,31.73828125
4784060,31.06689453125
4784393,32.04345703125
4784459,33.99658203125
4784489,30.8837890625
4784556,32.77587890625
4784675,35.70556640625
4784742,33.8134765625
4784794,54.99267578125
4784940,31.55517578125
4785065,38.330078125
4785096,56.70166015625
4785145,39.306640625
4785201,33.14208984375
4785274,71.77734375
4785382,54.443359375
4785477,49.1943359375
4787352,39.55078125
