4798001,0
207615,105.46875
276751,42.78564453125
276838,42.66357421875
276939,44.677734375
277041,45.7763671875
277239,36.2548828125
277338,35.400390625
277439,34.60693359375
286464,44.921875
289155,35.46142578125
289170,44.921875
289243,65.4296875
294047,37.7197265625
308160,41.9921875
1690115,86.85302734375
1842101,89.9658203125
1874784,100.15869140625
2063997,133.60595703125
2146329,86.9140625
2172359,97.5341796875
2557196,102.6611328125
2590868,80.26123046875
2619942,94.17724609375
2647271,139.16015625
2692548,90.4541015625
2768206,96.0693359375
2807892,131.65283203125
2861470,132.38525390625
2904424,132.87353515625
2919155,134.765625
2982677,96.61865234375
2995212,100.15869140625
3012430,127.44140625
3034274,90.4541015625
3046284,91.1865234375
3068685,78.369140625
3088338,92.46826171875
3095994,97.35107421875
3111773,90.27099609375
3130334,137.6953125
3138469,82.21435546875
3177751,139.16015625
3205881,103.08837890625
3216653,137.451171875
3224613,81.35986328125
3226022,77.33154296875
3230734,91.30859375
3248103,92.529296875
3294138,96.00830078125
3323616,95.27587890625
3334594,114.8681640625
3354564,127.62451171875
3364294,80.2001953125
3375901,121.27685546875
3381121,115.05126953125
3402891,138.427734375
3410767,83.06884765625
3421668,75.68359375
3428338,129.150390625
3440874,116.2109375
3447297,93.505859375
3455436,84.3505859375
3468814,104.55322265625
3478352,91.49169921875
3489054,83.6181640625
3493132,88.5009765625
3501408,121.58203125
3516253,95.3369140625
3522916,83.1298828125
3532869,97.22900390625
3537893,125.244140625
3543916,115.29541015625
3549236,91.49169921875
3561896,128.173828125
3564666,121.337890625
3573833,89.90478515625
3581847,118.46923828125
3595713,85.38818359375
3601259,93.3837890625
3608363,93.017578125
3613162,88.68408203125
3621781,104.30908203125
3626426,115.66162109375
3640597,92.46826171875
3654686,94.05517578125
3663468,80.2001953125
3667093,104.30908203125
3672565,102.294921875
3683019,122.314453125
3684953,131.16455078125
3690184,64.75830078125
3703518,119.20166015625
3707311,104.18701171875
3719822,92.28515625
3726492,85.38818359375
3743951,84.04541015625
3753321,94.90966796875
3759803,78.67431640625
3767692,87.7685546875
3775867,90.51513671875
3779453,117.431640625
3786023,84.716796875
3790769,80.62744140625
3797905,85.0830078125
3810419,82.70263671875
3817526,86.42578125
3823403,88.7451171875
3832853,89.9658203125
3843525,115.41748046875
3847692,89.78271484375
3852794,107.7880859375
3864893,82.51953125
3868420,81.1767578125
3879088,89.05029296875
3882219,83.6181640625
3882539,75.98876953125
3882661,52.978515625
3894836,79.65087890625
3901944,91.4306640625
3905958,99.54833984375
3911243,79.2236328125
3916813,77.0263671875
3921332,71.8994140625
3928410,119.5068359375
3931700,43.15185546875
3940449,76.416015625
3950372,80.56640625
3957255,115.3564453125
3959322,111.63330078125
3968666,119.0185546875
3974602,107.5439453125
3976041,111.6943359375
3985181,87.5244140625
3989255,109.68017578125
4005372,81.54296875
4009811,80.078125
4013417,79.52880859375
4020464,73.486328125
4024459,120.849609375
4025937,106.93359375
4032660,119.62890625
4038488,72.69287109375
4042306,79.2236328125
4047906,74.76806640625
4055008,78.369140625
4060830,114.501953125
4068056,80.9326171875
4072317,79.9560546875
4079758,88.68408203125
4082780,104.8583984375
4100639,76.23291015625
4102156,93.8720703125
4105710,44.00634765625
4107084,69.76318359375
4107256,70.3125
4107453,69.39697265625
4123370,85.0830078125
4130583,81.298828125
4138347,80.4443359375
4140890,124.51171875
4146514,77.5146484375
4148562,82.21435546875
4159905,82.94677734375
4164548,73.8525390625
4169424,101.806640625
4179731,52.30712890625
4185053,74.70703125
4189682,76.5380859375
4194665,69.88525390625
4204573,108.5205078125
4210085,113.76953125
4212241,77.63671875
4218034,96.98486328125
4219623,87.34130859375
4231558,115.41748046875
4234279,81.11572265625
4236617,90.27099609375
4244887,79.77294921875
4249008,101.01318359375
4259946,99.853515625
4262539,80.87158203125
4270629,104.3701171875
4278153,81.72607421875
4282810,110.90087890625
4285801,72.44873046875
4288105,109.130859375
4290360,79.4677734375
4295429,80.56640625
4299276,72.8759765625
4304623,75.0732421875
4313180,80.9326171875
4315917,85.9375
4318574,73.42529296875
4325841,74.15771484375
4329560,81.23779296875
4334474,81.9091796875
4341699,79.16259765625
4343939,82.94677734375
4345938,75.74462890625
4353075,41.50390625
4361441,79.52880859375
4366428,70.9228515625
4370081,86.97509765625
4373825,84.77783203125
4378996,80.99365234375
4386644,41.1376953125
4392667,75.62255859375
4394595,81.0546875
4396628,105.95703125
4401737,108.0322265625
4406789,110.2294921875
4415052,107.23876953125
4416633,80.26123046875
4418966,84.9609375
4426282,87.646484375
4428177,78.30810546875
4432725,93.32275390625
4435185,68.603515625
4441100,81.72607421875
4444309,73.18115234375
4449025,80.50537109375
4454056,80.810546875
4457001,92.10205078125
4466728,82.21435546875
4473146,118.22509765625
4477486,81.72607421875
4480483,109.375
4482605,95.27587890625
4491704,108.82568359375
4493645,73.8525390625
4500904,81.787109375
4505314,76.47705078125
4508451,99.54833984375
4514028,99.54833984375
4516201,93.56689453125
4518209,78.30810546875
4526146,75.3173828125
4530811,66.10107421875
4534677,83.80126953125
4538851,78.61328125
4544043,99.79248046875
4548656,101.50146484375
4552977,79.7119140625
4559895,51.3916015625
4561958,71.35009765625
4566888,80.50537109375
4572953,113.34228515625
4575716,85.9375
4579866,77.45361328125
4581607,76.72119140625
4583883,78.67431640625
4590872,101.6845703125
4594684,107.666015625
4599441,73.8525390625
4601917,41.80908203125
4608258,76.5380859375
4613173,76.5380859375
4620379,69.4580078125
4622301,68.603515625
4625300,120.91064453125
4630731,77.63671875
4632430,78.7353515625
4634306,68.54248046875
4642976,75.1953125
4648145,68.603515625
4651694,91.36962890625
4657604,110.16845703125
4664482,102.9052734375
4666577,78.857421875
4674466,86.9140625
4676457,72.32666015625
4679667,91.4306640625
4682710,99.4873046875
4687082,77.20947265625
4693035,78.79638671875
4696301,107.60498046875
4699743,80.810546875
4703784,74.70703125
4706781,98.6328125
4710100,67.93212890625
4713696,69.51904296875
4718488,112.85400390625
4723720,80.2001953125
4726490,65.673828125
4729281,65.85693359375
4730905,97.96142578125
4733969,109.130859375
4736053,72.8759765625
4740319,73.3642578125
4745454,108.58154296875
4750486,76.7822265625
4752744,71.83837890625
4757396,74.03564453125
4759064,68.05419921875
4769248,78.55224609375
4774442,84.5947265625
4776861,78.43017578125
4781370,84.16748046875
4785730,100.28076171875
4789720,81.23779296875
4794840,68.4814453125
4797742,70.61767578125
