4798401,0
354544,36.4990234375
410138,37.7197265625
414964,80.9326171875
448358,36.0107421875
464766,37.65869140625
473339,36.2548828125
478201,79.7119140625
482860,79.40673828125
487134,38.330078125
487213,35.888671875
505629,40.4052734375
505770,49.1943359375
515953,45.95947265625
516006,39.97802734375
521308,47.36328125
521418,74.3408203125
526843,37.90283203125
526931,36.68212890625
527104,75.13427734375
532805,37.841796875
533085,82.33642578125
539176,36.56005859375
545659,36.0107421875
545716,39.306640625
545893,73.18115234375
552995,37.2314453125
553110,84.89990234375
560786,36.07177734375
560830,80.2001953125
568585,77.33154296875
576864,86.42578125
576905,37.109375
585307,36.92626953125
585375,86.24267578125
594572,94.17724609375
603606,36.07177734375
603725,91.4306640625
622127,36.68212890625
622313,75.50048828125
632346,36.0107421875
632373,36.56005859375
632417,35.888671875
632528,80.01708984375
643437,78.369140625
654227,43.27392578125
654245,80.078125
665716,39.306640625
665759,39.73388671875
665896,76.0498046875
665938,36.56005859375
679111,77.08740234375
693928,38.330078125
693998,37.53662109375
694056,93.994140625
710088,36.43798828125
710294,39.00146484375
710316,89.35546875
727095,77.08740234375
744328,88.92822265625
762209,38.26904296875
762329,84.89990234375
762389,40.22216796875
762522,57.12890625
762881,40.771484375
780458,37.109375
780578,89.17236328125
780741,51.26953125
802419,78.79638671875
819510,43.15185546875
819628,87.82958984375
819669,38.14697265625
819814,50.10986328125
837004,91.1865234375
853470,36.62109375
853588,41.8701171875
853626,80.74951171875
872508,84.53369140625
872603,55.60302734375
887500,41.259765625
887583,96.8017578125
905761,42.78564453125
905802,99.06005859375
905959,60.11962890625
925264,37.65869140625
925439,77.94189453125
925511,36.19384765625
951412,41.6259765625
951537,85.14404296875
977235,40.4052734375
977348,77.45361328125
1000026,86.60888671875
1004611,37.353515625
1126924,36.43798828125
1621386,39.1845703125
1667674,41.32080078125
1668191,85.693359375
1668276,57.18994140625
1668417,45.83740234375
1668602,45.95947265625
1668861,57.9833984375
1714579,78.18603515625
1714710,67.07763671875
1715077,38.4521484375
1720358,40.83251953125
1722331,38.63525390625
1724357,52.42919921875
1736193,70.556640625
1736375,56.45751953125
1736636,55.35888671875
1736834,51.26953125
1747224,37.17041015625
1747341,70.73974609375
1747531,56.70166015625
1759256,37.17041015625
1759269,38.75732421875
1759353,92.8955078125
1759459,58.53271484375
1768214,86.48681640625
1768313,53.7109375
1775994,39.0625
1776004,87.70751953125
1776133,57.861328125
1776639,61.21826171875
1783042,82.58056640625
1783215,67.93212890625
1789466,40.22216796875
1789580,41.80908203125
1789606,93.93310546875
1789787,56.884765625
1795967,87.46337890625
1802038,69.4580078125
1802296,68.54248046875
1807570,83.92333984375
1807760,50.1708984375
1813762,76.904296875
1813896,56.33544921875
1820050,76.47705078125
1825859,83.0078125
1826090,60.36376953125
1831574,64.697265625
1831605,38.0859375
1831823,48.76708984375
1837554,76.96533203125
1843149,72.69287109375
1848870,38.57421875
1848996,73.42529296875
1854342,55.6640625
1860033,79.52880859375
1865858,62.255859375
1871702,36.19384765625
1871782,91.97998046875
1878243,77.392578125
1884128,80.01708984375
1895750,72.1435546875
1895913,55.6640625
1901665,66.83349609375
1908082,69.82421875
1914535,79.9560546875
1927419,36.07177734375
1933890,37.7197265625
1957844,79.1015625
1990981,36.43798828125
1991016,36.7431640625
2005017,68.4814453125
2021374,37.29248046875
2043194,38.26904296875
2271061,38.75732421875
2481916,38.14697265625
2499946,36.9873046875
2517372,36.56005859375
2517410,81.35986328125
2548339,41.19873046875
2548404,37.9638671875
2579487,37.7197265625
2667095,98.5107421875
2692158,70.61767578125
2714736,39.12353515625
2714806,75.927734375
2714834,38.75732421875
2715481,36.19384765625
2722938,84.3505859375
2722992,42.3583984375
2723028,38.14697265625
2723062,43.02978515625
2728603,36.1328125
2728763,84.16748046875
2732719,42.66357421875
2779062,92.95654296875
2779203,36.1328125
2783559,78.7353515625
2783590,36.92626953125
2783692,64.697265625
2788950,39.1845703125
2788960,72.69287109375
2794404,85.87646484375
2800042,39.36767578125
2800067,83.31298828125
2805725,88.07373046875
2811419,86.42578125
2817169,66.10107421875
2817417,62.19482421875
2823384,83.92333984375
2823557,64.0869140625
2829905,37.78076171875
2829939,70.80078125
2829977,41.1376953125
2830091,36.43798828125
2830109,61.4013671875
2836459,86.36474609375
2836634,41.3818359375
2843043,73.30322265625
2843152,50.84228515625
2849872,70.12939453125
2849970,52.18505859375
2856405,37.90283203125
2856502,74.462890625
2856735,51.6357421875
2863142,72.021484375
2863287,54.19921875
2869707,36.7431640625
2869890,73.42529296875
2876682,81.72607421875
2876816,62.3779296875
2883619,80.9326171875
2883783,54.3212890625
2890522,38.87939453125
2890611,76.66015625
2890745,54.19921875
2897755,77.392578125
2904748,38.330078125
2904778,84.3505859375
2905003,63.78173828125
2912095,42.236328125
2912211,88.0126953125
2912343,56.94580078125
2919832,84.716796875
2919954,51.57470703125
2927611,76.35498046875
2927769,48.27880859375
2936001,82.1533203125
2936209,53.03955078125
2944369,52.6123046875
2944489,76.0498046875
2944547,36.376953125
2944615,48.27880859375
2952911,37.53662109375
2953013,72.75390625
2953148,54.26025390625
2961893,76.2939453125
2962043,70.37353515625
2971079,87.82958984375
2971196,55.2978515625
2980823,93.26171875
2980984,57.92236328125
2990641,71.533203125
2990805,45.41015625
3001037,38.39111328125
3001130,88.43994140625
3001255,62.07275390625
3011926,68.90869140625
3012034,59.9365234375
3021495,82.51953125
3021608,49.13330078125
3032102,66.650390625
3032218,51.025390625
3043037,71.35009765625
3043160,51.81884765625
3054953,69.7021484375
3055112,55.419921875
3067729,72.20458984375
3067900,65.5517578125
3083358,87.0361328125
3083463,42.29736328125
3083619,50.84228515625
3096963,77.94189453125
3097063,57.55615234375
3108816,82.45849609375
3108841,38.02490234375
3108926,52.55126953125
3123829,36.19384765625
3123860,79.89501953125
3123980,51.6357421875
3124122,47.119140625
3140805,79.7119140625
3140923,57.92236328125
3141111,40.0390625
3157759,89.599609375
3157897,64.02587890625
3178445,77.81982421875
3178553,65.0634765625
3195229,36.1328125
3195339,90.33203125
3195441,45.166015625
3195632,52.18505859375
3212984,78.06396484375
3213081,37.109375
3213119,62.255859375
3230992,81.84814453125
3231174,63.17138671875
3350742,36.80419921875
3677622,36.2548828125
3714254,36.865234375
3783578,36.80419921875
4033322,37.17041015625
4060055,83.8623046875
4063840,36.2548828125
4063898,43.27392578125
4063929,86.85302734375
4064022,36.68212890625
4064070,65.4296875
4069214,36.0107421875
4069368,73.2421875
4069514,47.91259765625
4075011,51.20849609375
4075178,87.2802734375
4080470,85.9375
4085677,85.99853515625
4090277,90.9423828125
4094884,80.2001953125
4094934,39.1845703125
4099505,37.59765625
4099551,92.041015625
4099764,55.35888671875
4104909,37.2314453125
4105072,91.4306640625
4105198,55.0537109375
4110735,67.3828125
4110897,56.640625
4116827,63.3544921875
4116902,42.1142578125
4116969,51.26953125
4123006,41.68701171875
4123059,81.54296875
4123232,50.59814453125
4123264,36.4990234375
4129527,36.7431640625
4129554,39.12353515625
4129608,68.2373046875
4129755,39.73388671875
4135954,85.75439453125
4142410,69.51904296875
4142554,64.697265625
4149090,36.1328125
4149150,87.646484375
4149296,50.72021484375
4155931,90.75927734375
4162761,37.59765625
4162780,36.07177734375
4162833,85.205078125
4169601,77.392578125
4169783,47.2412109375
4176566,72.8759765625
4183899,78.67431640625
4184015,55.72509765625
4190829,38.818359375
4190924,84.3505859375
4191058,62.68310546875
4198205,85.63232421875
4198336,50.537109375
4205543,39.85595703125
4205583,73.30322265625
4205707,43.64013671875
4213127,77.33154296875
4213231,61.34033203125
4220822,87.7685546875
4220914,50.4150390625
4228999,78.18603515625
4229115,66.89453125
4237152,36.56005859375
4237210,37.59765625
4237227,37.109375
4237286,80.13916015625
4237441,58.89892578125
4245648,76.2939453125
4245785,51.20849609375
4254899,69.39697265625
4255026,51.57470703125
4264243,70.068359375
4274050,39.6728515625
4274081,77.880859375
4274208,63.78173828125
4284459,82.45849609375
4284567,53.5888671875
4295605,82.70263671875
4295723,53.7109375
4306636,38.57421875
4306650,69.15283203125
4306736,36.865234375
4306761,54.931640625
4318914,37.2314453125
4318945,88.92822265625
4319053,55.7861328125
4331755,41.1376953125
4331876,78.61328125
4332000,52.06298828125
4344997,36.62109375
4345084,76.2939453125
4345200,53.64990234375
4361036,82.51953125
4361165,45.41015625
4361290,44.61669921875
4377435,39.55078125
4377534,82.275390625
4377639,54.443359375
4377757,39.4287109375
4392336,75.25634765625
4392478,47.18017578125
4392508,36.7431640625
4414106,41.1376953125
4414158,77.1484375
4414271,53.955078125
4436327,75.62255859375
4436448,59.4482421875
4451672,36.7431640625
4451964,84.47265625
4452027,36.43798828125
4452095,55.6640625
4475424,77.7587890625
4475562,60.36376953125
4498932,36.92626953125
4498994,93.1396484375
4499007,36.19384765625
4499111,55.17578125
