4798401,0
257752,56.82373046875
258837,38.2080078125
259236,115.90576171875
261908,55.84716796875
263163,59.814453125
263568,66.5283203125
264411,53.955078125
264472,49.62158203125
264846,44.25048828125
265323,49.37744140625
266060,64.51416015625
266510,36.80419921875
267088,48.9501953125
272011,42.29736328125
277631,54.8095703125
277979,48.828125
278734,43.45703125
279512,52.490234375
279934,39.36767578125
280461,39.36767578125
280885,48.583984375
281032,68.42041015625
281767,50.537109375
282090,37.53662109375
282403,120.91064453125
282893,114.2578125
282933,59.9365234375
283351,94.970703125
284028,80.26123046875
284187,37.41455078125
284226,62.5
284772,42.17529296875
284982,44.61669921875
285052,75.439453125
286271,42.41943359375
286964,42.48046875
287221,42.724609375
287609,49.62158203125
288718,57.80029296875
288971,110.4736328125
291638,43.76220703125
292058,41.44287109375
350292,64.14794921875
350943,58.9599609375
351933,57.2509765625
352126,57.80029296875
352148,35.7666015625
353784,54.87060546875
354022,42.66357421875
354381,58.65478515625
354480,46.0205078125
354496,99.7314453125
354520,37.41455078125
354534,52.001953125
355310,103.08837890625
355356,51.45263671875
355811,115.90576171875
356277,51.33056640625
356292,76.5380859375
356305,76.47705078125
356762,86.9140625
356837,38.51318359375
356862,70.9228515625
357234,89.2333984375
357275,55.0537109375
357311,35.64453125
357324,42.1142578125
357572,36.376953125
357739,45.166015625
358347,38.4521484375
358561,54.8095703125
358724,59.87548828125
359317,45.22705078125
359520,40.283203125
359588,39.00146484375
359942,71.59423828125
360184,38.4521484375
360493,52.67333984375
360929,70.61767578125
361393,46.38671875
362392,50.59814453125
362692,40.71044921875
363161,44.12841796875
363305,35.64453125
363657,52.55126953125
363928,61.8896484375
364712,66.71142578125
364851,45.95947265625
365044,44.0673828125
367578,48.52294921875
368053,44.3115234375
368454,42.236328125
368913,52.734375
369470,47.18017578125
398735,49.13330078125
399122,53.7109375
400252,96.74072265625
400475,35.2783203125
401383,40.0390625
402058,39.4287109375
402441,44.25048828125
403010,58.53271484375
403223,58.89892578125
406397,54.443359375
408345,55.7861328125
408815,52.6123046875
409215,39.9169921875
409907,50.10986328125
410294,61.1572265625
412250,49.01123046875
414639,37.353515625
414651,62.01171875
414815,44.0673828125
414839,55.7861328125
414871,37.17041015625
415031,41.748046875
415287,35.64453125
418164,38.0859375
418634,35.888671875
418653,57.6171875
418809,43.45703125
418851,80.62744140625
419128,36.80419921875
419343,41.19873046875
419591,46.38671875
419781,47.18017578125
420024,38.26904296875
420275,36.4990234375
421363,60.791015625
424256,37.109375
424783,71.47216796875
425888,49.13330078125
426971,58.53271484375
430415,35.15625
431269,50.537109375
434925,42.78564453125
435799,54.38232421875
436174,54.87060546875
439550,42.90771484375
443867,46.69189453125
444367,43.39599609375
448003,36.7431640625
448108,44.5556640625
449178,39.1845703125
452049,40.8935546875
453204,45.166015625
453291,72.75390625
453314,39.4287109375
453371,42.3583984375
453433,36.07177734375
456869,46.20361328125
457020,56.70166015625
457049,47.119140625
460306,35.82763671875
460585,42.90771484375
460729,65.73486328125
460785,47.30224609375
464478,47.18017578125
464580,37.65869140625
464692,62.01171875
464741,62.19482421875
464752,37.841796875
464813,41.56494140625
464947,36.376953125
468538,42.17529296875
468731,55.11474609375
468748,49.4384765625
468851,109.619140625
468886,39.36767578125
468963,35.70556640625
468973,43.45703125
473207,44.61669921875
473328,54.5654296875
473386,35.46142578125
473409,36.7431640625
473449,36.19384765625
473459,114.07470703125
473482,41.50390625
473527,46.0205078125
473646,45.71533203125
473660,35.15625
477990,40.283203125
478023,52.42919921875
478105,37.353515625
478135,62.744140625
478178,100.76904296875
478259,43.5791015625
482635,48.33984375
482706,65.85693359375
482833,55.2978515625
482866,117.37060546875
482888,40.71044921875
482925,47.18017578125
482948,54.50439453125
487036,37.353515625
487158,36.0107421875
487187,48.2177734375
487200,38.2080078125
487252,103.8818359375
487308,56.7626953125
487364,39.73388671875
491826,35.46142578125
491838,53.8330078125
491859,35.70556640625
491941,54.99267578125
491990,45.47119140625
492049,41.93115234375
492085,43.9453125
492120,103.94287109375
492137,41.44287109375
492159,59.14306640625
496379,66.34521484375
496414,37.9638671875
496476,99.30419921875
496504,40.95458984375
496549,36.80419921875
500684,45.41015625
500854,35.33935546875
500873,46.69189453125
500903,53.7109375
500964,42.66357421875
500997,80.810546875
505617,48.095703125
505667,43.3349609375
505713,60.72998046875
505734,107.666015625
505759,41.50390625
505802,57.06787109375
510604,42.3583984375
510653,37.53662109375
510733,37.17041015625
510766,48.4619140625
510796,36.376953125
510810,45.59326171875
510875,109.4970703125
510892,38.6962890625
510922,41.80908203125
511029,51.1474609375
515834,35.33935546875
515891,50.35400390625
515927,43.212890625
515939,46.630859375
515979,56.70166015625
516015,42.8466796875
516027,107.5439453125
516054,39.61181640625
516082,64.27001953125
516173,35.0341796875
521087,46.93603515625
521250,44.37255859375
521293,35.7666015625
521310,101.74560546875
521366,39.97802734375
521393,45.59326171875
521436,52.67333984375
526888,65.97900390625
526939,44.73876953125
526965,45.2880859375
526979,48.4619140625
527069,77.94189453125
527152,59.99755859375
532848,55.6640625
532895,59.50927734375
532935,43.5791015625
532963,51.3916015625
533004,98.20556640625
533024,36.2548828125
533053,49.9267578125
533103,37.29248046875
533138,37.353515625
538901,49.62158203125
538995,63.65966796875
539024,36.865234375
539036,59.99755859375
539076,106.4453125
539091,38.6962890625
539144,47.18017578125
539171,44.37255859375
539223,63.720703125
539268,60.791015625
545573,47.4853515625
545679,63.78173828125
545737,84.228515625
545754,59.87548828125
545782,36.92626953125
545832,55.60302734375
545911,50.4150390625
545946,51.33056640625
552949,44.98291015625
553036,58.16650390625
553070,36.43798828125
553098,98.9990234375
553117,49.072265625
553173,43.45703125
553209,70.068359375
553254,56.15234375
553374,35.0341796875
560597,44.86083984375
560662,64.39208984375
560681,45.95947265625
560705,54.99267578125
560715,119.9951171875
560739,37.29248046875
560759,36.31591796875
560791,53.955078125
560805,46.9970703125
560832,86.12060546875
560862,49.86572265625
568445,60.85205078125
568461,52.8564453125
568521,43.45703125
568548,121.7041015625
568558,52.001953125
568665,43.02978515625
568678,75.3173828125
568703,52.79541015625
576698,71.2890625
576785,43.701171875
576805,38.02490234375
576831,48.76708984375
576864,36.4990234375
576908,35.82763671875
576937,60.546875
576947,65.5517578125
576973,38.9404296875
577016,36.68212890625
577130,60.9130859375
585262,57.861328125
585301,37.90283203125
585321,65.85693359375
585353,48.40087890625
585390,41.1376953125
585452,42.6025390625
585497,40.34423828125
585512,52.6123046875
585621,69.51904296875
594361,47.42431640625
594414,35.70556640625
594432,79.65087890625
594480,44.921875
594525,116.63818359375
594540,39.12353515625
594559,50.35400390625
594580,36.376953125
594611,36.68212890625
594629,86.24267578125
594677,37.109375
594718,35.21728515625
594736,54.13818359375
603579,41.07666015625
603633,52.734375
603664,35.46142578125
603693,55.5419921875
603710,117.00439453125
603729,54.5654296875
603739,38.63525390625
603773,39.61181640625
603784,48.88916015625
603825,74.21875
603846,37.41455078125
612781,35.70556640625
612820,82.6416015625
612852,35.5224609375
612873,95.52001953125
612891,57.80029296875
612912,39.48974609375
612939,36.865234375
612975,63.53759765625
612993,73.79150390625
613011,45.34912109375
613037,36.9873046875
613115,40.8935546875
622116,40.46630859375
622182,61.09619140625
622207,55.2978515625
622241,116.69921875
622256,44.37255859375
622269,47.4853515625
622319,46.875
622371,85.38818359375
622382,64.697265625
632322,44.73876953125
632355,37.353515625
632405,49.9267578125
632440,38.4521484375
632452,99.54833984375
632473,42.66357421875
632492,44.37255859375
632517,36.68212890625
632534,37.04833984375
632577,73.73046875
632647,46.2646484375
632903,36.68212890625
643238,39.55078125
643300,63.41552734375
643343,62.56103515625
643370,102.84423828125
643383,50.1708984375
643412,55.0537109375
643429,42.1142578125
643447,35.15625
643504,56.82373046875
643524,59.5703125
654075,42.41943359375
654115,44.49462890625
654140,53.22265625
654161,44.00634765625
654191,39.97802734375
654226,106.201171875
654244,35.09521484375
654257,36.7431640625
654280,38.63525390625
654315,35.09521484375
654350,66.40625
654438,51.45263671875
665732,53.3447265625
665784,69.580078125
665810,47.36328125
665837,39.1845703125
665866,102.96630859375
665885,38.02490234375
665900,47.18017578125
665912,39.24560546875
665948,35.2783203125
665961,54.38232421875
666047,58.65478515625
666112,37.04833984375
666124,37.65869140625
678989,48.828125
679021,37.29248046875
679049,56.33544921875
679080,45.8984375
679094,39.48974609375
679120,42.8466796875
679159,74.21875
679173,35.15625
679217,56.884765625
679249,40.83251953125
679295,44.86083984375
679376,46.93603515625
693945,43.0908203125
694018,36.92626953125
694047,58.04443359375
694070,98.32763671875
694109,45.47119140625
694132,60.1806640625
694174,66.10107421875
694204,48.4619140625
694247,35.5224609375
694287,56.21337890625
710182,52.42919921875
710217,35.82763671875
710246,77.880859375
710272,46.56982421875
710298,147.76611328125
710343,37.17041015625
710372,68.4814453125
710421,84.04541015625
710439,46.7529296875
710473,38.818359375
710528,52.18505859375
726928,49.74365234375
726983,37.17041015625
727010,62.43896484375
727043,39.48974609375
727070,91.97998046875
727101,52.42919921875
727147,37.4755859375
727164,42.29736328125
727197,75.01220703125
727227,39.00146484375
727249,62.255859375
727400,39.85595703125
744126,41.07666015625
744225,54.62646484375
744246,39.61181640625
744265,67.87109375
744286,93.6279296875
744325,40.4052734375
744345,41.56494140625
744381,72.81494140625
744416,37.2314453125
744443,44.37255859375
744542,36.4990234375
744553,41.748046875
762158,49.25537109375
762238,59.5703125
762272,41.44287109375
762293,118.2861328125
762338,63.5986328125
762350,40.771484375
762406,90.02685546875
762457,39.794921875
762473,55.35888671875
762568,58.28857421875
780356,44.0673828125
780472,59.50927734375
780514,38.818359375
780524,94.7265625
780546,36.376953125
780579,46.81396484375
780597,40.58837890625
780627,87.58544921875
780644,55.419921875
780702,60.6689453125
780794,41.19873046875
802209,38.26904296875
802333,66.58935546875
802357,42.41943359375
802378,128.662109375
802429,54.62646484375
802464,72.3876953125
802505,71.47216796875
802556,40.34423828125
802572,56.94580078125
802658,52.24609375
819437,38.39111328125
819558,71.533203125
819584,47.7294921875
819597,37.78076171875
819634,41.44287109375
819645,120.1171875
819666,61.767578125
819689,47.54638671875
819724,54.74853515625
819743,51.94091796875
819784,54.26025390625
819883,69.2138671875
819899,38.6962890625
836823,44.73876953125
836874,36.7431640625
836920,63.3544921875
836938,40.1611328125
836949,44.86083984375
836984,47.18017578125
837024,110.83984375
837088,58.7158203125
837154,55.17578125
853468,35.7666015625
853559,66.95556640625
853577,51.57470703125
853615,35.2783203125
853642,44.37255859375
853715,38.39111328125
853731,35.5224609375
853796,66.83349609375
853881,53.89404296875
872256,48.095703125
872373,35.64453125
872421,56.640625
872431,61.5234375
872453,46.38671875
872500,101.318359375
872517,38.14697265625
872548,40.83251953125
872581,35.0341796875
872600,59.6923828125
872640,35.64453125
872699,39.6728515625
872822,38.75732421875
887529,46.08154296875
887580,36.62109375
887595,80.2001953125
887618,57.80029296875
887629,60.1806640625
887695,40.8935546875
887723,47.7294921875
905636,37.65869140625
905691,35.33935546875
905728,41.44287109375
905761,67.19970703125
905777,44.5556640625
905790,40.10009765625
905835,35.33935546875
905856,55.908203125
905867,51.94091796875
905904,36.62109375
905946,37.7197265625
906009,62.01171875
906102,55.0537109375
925248,47.36328125
925330,38.14697265625
925372,47.7294921875
925401,71.1669921875
925457,75.8056640625
925468,91.30859375
925515,41.8701171875
925537,48.583984375
925628,44.73876953125
951331,48.828125
951462,69.27490234375
951504,52.490234375
951557,35.58349609375
951584,94.970703125
951594,55.11474609375
951665,47.2412109375
977079,55.11474609375
977299,60.546875
977319,39.55078125
977334,59.326171875
977354,41.19873046875
977387,53.28369140625
977433,38.2080078125
977444,39.97802734375
977489,50.23193359375
977533,36.07177734375
999783,51.94091796875
999917,39.85595703125
1000012,91.49169921875
1000053,103.271484375
1000076,52.3681640625
1000225,43.0908203125
1004379,56.2744140625
1004433,35.888671875
1004566,52.42919921875
1004725,37.4755859375
1004897,50.10986328125
1063252,117.85888671875
1063659,36.19384765625
1235897,42.17529296875
1237024,47.9736328125
1238818,60.6689453125
1239615,45.59326171875
1241812,40.10009765625
1242986,44.37255859375
1243595,59.4482421875
1243990,37.353515625
1244431,35.400390625
1245389,61.58447265625
1246295,35.15625
1246628,43.9453125
1247228,39.36767578125
1248659,40.46630859375
1250812,36.7431640625
1251049,40.10009765625
1252200,42.1142578125
1252696,46.44775390625
1253270,40.22216796875
1324315,39.306640625
1324955,44.5556640625
1326113,46.38671875
1326426,49.31640625
1326488,59.87548828125
1326896,38.330078125
1327457,41.19873046875
1328478,44.25048828125
1328944,38.14697265625
1329462,45.5322265625
1330015,45.59326171875
1330848,48.33984375
1331705,55.0537109375
1332681,41.015625
1333316,36.2548828125
1333632,39.55078125
1334989,58.16650390625
1336401,37.17041015625
1337152,37.109375
1384713,50.1708984375
1385644,48.828125
1385950,61.279296875
1386215,74.27978515625
1386542,52.490234375
1388425,37.353515625
1388806,53.7109375
1389271,52.67333984375
1389702,35.400390625
1390003,38.02490234375
1390432,44.37255859375
1390814,41.259765625
1392201,41.9921875
1392541,47.4853515625
1393986,36.0107421875
1395028,60.48583984375
1395334,42.48046875
1395564,59.2041015625
1395618,78.9794921875
1396439,41.015625
1397333,53.466796875
1397726,53.03955078125
1398071,48.828125
1446086,58.41064453125
1446486,37.59765625
1447490,39.794921875
1447839,65.49072265625
1448297,62.8662109375
1448722,54.6875
1449137,56.94580078125
1449451,49.6826171875
1450286,56.15234375
1450787,48.095703125
1451199,53.77197265625
1451612,53.40576171875
1452111,44.3115234375
1452851,45.71533203125
1452909,35.94970703125
1453897,45.34912109375
1454446,55.6640625
1454802,36.43798828125
1454891,122.37548828125
1454930,36.4990234375
1455991,54.443359375
1456118,104.55322265625
1456807,52.490234375
1457390,50.78125
1458540,50.47607421875
1458809,60.48583984375
1459416,47.54638671875
1459745,48.64501953125
1464346,55.419921875
1465451,36.4990234375
1472127,49.37744140625
1473119,49.13330078125
1473867,37.2314453125
1474008,68.05419921875
1507775,57.373046875
1508096,37.53662109375
1508846,50.47607421875
1509241,56.09130859375
1509436,39.24560546875
1510092,52.3681640625
1510416,46.20361328125
1510429,35.70556640625
1510684,94.1162109375
1510720,73.8525390625
1511653,53.03955078125
1511906,53.40576171875
1512687,63.17138671875
1512930,72.08251953125
1513102,85.5712890625
1514296,51.08642578125
1514486,53.3447265625
1514899,54.931640625
1515289,39.9169921875
1515647,37.29248046875
1517071,58.65478515625
1517309,56.7626953125
1517325,55.11474609375
1517402,113.09814453125
1518652,55.5419921875
1519079,42.8466796875
1519513,37.59765625
1521216,44.43359375
1523410,103.57666015625
1523460,62.92724609375
1525195,42.41943359375
1525431,65.49072265625
1525892,51.3916015625
1527065,51.45263671875
1527399,47.9736328125
1527500,55.5419921875
1528694,44.921875
1528767,36.31591796875
1528801,108.7646484375
1528832,58.837890625
1561767,45.71533203125
1562510,47.607421875
1563245,37.4755859375
1563401,110.83984375
1563421,97.47314453125
1564622,57.31201171875
1564950,42.96875
1564969,47.4853515625
1565929,48.15673828125
1566119,50.47607421875
1567189,44.86083984375
1567326,74.03564453125
1567345,93.26171875
1567381,35.82763671875
1567456,41.32080078125
1567672,43.9453125
1568914,37.59765625
1569162,44.3115234375
1569491,47.2412109375
1570552,61.03515625
1570863,56.884765625
1571340,51.45263671875
1571969,56.94580078125
1572609,61.6455078125
1572863,59.87548828125
1572980,163.818359375
1573044,36.19384765625
1573130,47.05810546875
1573354,37.90283203125
1573717,53.7109375
1610616,55.60302734375
1610882,46.69189453125
1610964,35.33935546875
1612276,41.19873046875
1612504,48.03466796875
1612576,69.15283203125
1612600,36.56005859375
1612661,41.8701171875
1613445,45.654296875
1613846,41.07666015625
1614630,51.025390625
1614801,51.1474609375
1614870,91.49169921875
1614893,78.7353515625
1615362,54.0771484375
1616134,39.6728515625
1616387,54.62646484375
1616517,94.1162109375
1616527,49.25537109375
1616579,46.56982421875
1617003,48.03466796875
1617410,46.630859375
1617731,98.0224609375
1617761,51.33056640625
1617793,61.46240234375
1618068,59.9365234375
1618641,46.44775390625
1618690,65.5517578125
1618710,103.33251953125
1618757,52.55126953125
1618895,47.36328125
1619229,56.09130859375
1619507,58.16650390625
1619672,40.10009765625
1619971,54.6875
1620986,38.0859375
1621304,37.17041015625
1621325,78.369140625
1621354,36.68212890625
1621412,44.677734375
1621781,51.8798828125
1623995,45.95947265625
1624142,102.23388671875
1624154,36.0107421875
1624424,37.17041015625
1624692,45.47119140625
1624785,90.27099609375
1625345,58.4716796875
1625715,61.1572265625
1626070,44.7998046875
1626337,52.30712890625
1626608,50.78125
1626966,38.75732421875
1627174,36.92626953125
1627430,46.38671875
1628295,36.92626953125
1628570,57.9833984375
1628706,109.55810546875
1628742,35.0341796875
1628819,46.0205078125
1629045,60.05859375
1629422,46.7529296875
1667474,41.93115234375
1667541,60.97412109375
1667576,107.72705078125
1667591,46.5087890625
1667703,38.57421875
1668098,72.57080078125
1668137,48.095703125
1668208,57.18994140625
1668257,60.48583984375
1668268,62.255859375
1668294,40.34423828125
1668312,35.21728515625
1668342,39.73388671875
1668381,49.4384765625
1668391,100.5859375
1668480,38.02490234375
1668594,64.75830078125
1710197,45.59326171875
1710309,71.71630859375
1710390,41.07666015625
1711694,50.10986328125
1711892,46.38671875
1712262,40.46630859375
1712535,43.51806640625
1713682,36.4990234375
1713827,66.58935546875
1713890,108.58154296875
1714253,45.34912109375
1714665,35.09521484375
1714696,87.890625
1714722,69.580078125
1714771,56.70166015625
1714803,67.32177734375
1714828,51.26953125
1714844,97.16796875
1714921,45.654296875
1715012,36.2548828125
1715130,63.3544921875
1715276,46.08154296875
1715365,35.21728515625
1715411,57.6171875
1715496,40.10009765625
1715549,49.31640625
1715640,49.74365234375
1715732,44.73876953125
1715900,46.5087890625
1716064,42.54150390625
1716223,53.22265625
1716335,50.4150390625
1716406,53.16162109375
1716467,37.17041015625
1716493,43.5791015625
1716635,45.41015625
1716728,45.47119140625
1716933,49.072265625
1717125,42.3583984375
1717304,39.61181640625
1717509,57.31201171875
1717520,41.259765625
1717867,37.109375
1717884,54.26025390625
1718092,38.2080078125
1718163,35.64453125
1718285,40.46630859375
1718515,42.90771484375
1718792,55.2978515625
1718921,53.955078125
1719070,55.6640625
1719116,38.26904296875
1719211,52.42919921875
1719253,37.109375
1719362,47.42431640625
1719467,46.56982421875
1719496,37.59765625
1719545,95.15380859375
1719726,36.92626953125
1719807,48.095703125
1719921,35.64453125
1719997,93.20068359375
1720017,54.01611328125
1720155,49.1943359375
1720309,45.5322265625
1720434,101.98974609375
1720494,56.5185546875
1720626,36.80419921875
1720646,53.28369140625
1720810,40.22216796875
1720821,73.05908203125
1720925,40.283203125
1721083,54.3212890625
1721181,37.65869140625
1721405,78.7353515625
1721433,44.7998046875
1721570,43.64013671875
1721646,48.828125
1721789,54.26025390625
1722020,77.20947265625
1722176,42.1142578125
1722333,40.10009765625
1722514,54.8095703125
1722586,58.65478515625
1722848,46.0205078125
1723050,54.8095703125
1723412,59.63134765625
1723813,41.259765625
1723970,40.34423828125
1724069,51.45263671875
1724103,50.72021484375
1724119,87.70751953125
1724149,35.64453125
1724250,66.7724609375
1724295,49.9267578125
1724370,40.8935546875
1724437,35.58349609375
1724487,52.490234375
1724549,46.56982421875
1724702,98.5107421875
1724721,64.51416015625
1724851,35.21728515625
1725284,41.50390625
1725928,49.9267578125
1726190,37.78076171875
1726325,48.9501953125
1726513,54.62646484375
1726749,39.00146484375
1726915,46.81396484375
1727014,46.2646484375
1727255,50.78125
1727407,37.2314453125
1727585,39.9169921875
1727819,35.70556640625
1727934,57.43408203125
1728092,37.78076171875
1728326,46.44775390625
1728512,41.07666015625
1728754,37.59765625
1729233,48.33984375
1729442,35.21728515625
1729694,35.64453125
1729940,37.2314453125
1730558,41.93115234375
1730885,47.66845703125
1731243,55.96923828125
1735212,58.41064453125
1735528,44.5556640625
1735698,35.15625
1735813,65.4296875
1735865,36.68212890625
1736046,57.67822265625
1736175,61.279296875
1736233,41.3818359375
1736346,127.44140625
1736425,44.43359375
1736544,45.83740234375
1736661,36.9873046875
1736904,39.73388671875
1746919,45.83740234375
1747100,51.81884765625
1747155,102.35595703125
1747166,65.85693359375
1747195,60.60791015625
1747207,38.14697265625
1747251,102.47802734375
1747262,39.4287109375
1747303,46.20361328125
1747314,61.82861328125
1747365,64.453125
1747377,36.68212890625
1747447,55.23681640625
1747524,40.46630859375
1747645,36.7431640625
1747789,48.52294921875
1759026,36.92626953125
1759170,38.330078125
1759181,97.7783203125
1759206,129.69970703125
1759233,47.4853515625
1759271,56.45751953125
1759295,110.77880859375
1759306,50.35400390625
1759343,62.3779296875
1759372,62.68310546875
1759391,62.80517578125
1759442,68.78662109375
1759474,53.22265625
1759496,50.35400390625
1759542,37.2314453125
1759596,37.65869140625
1759734,39.61181640625
1759901,35.82763671875
1760080,56.57958984375
1760335,38.26904296875
1767925,43.15185546875
1768039,83.92333984375
1768073,114.013671875
1768103,39.0625
1768134,40.0390625
1768163,90.75927734375
1768194,41.93115234375
1768216,50.59814453125
1768247,55.908203125
1768267,51.7578125
1768325,38.9404296875
1768361,57.2509765625
1768389,35.09521484375
1768425,47.607421875
1768516,36.43798828125
1769010,38.0859375
1769112,35.400390625
1769167,58.04443359375
1769915,48.828125
1770081,48.7060546875
1770233,39.97802734375
1775500,56.0302734375
1775659,45.22705078125
1775736,46.81396484375
1775774,51.45263671875
1775795,37.2314453125
1775819,96.5576171875
1775844,40.6494140625
1775863,50.4150390625
1775891,36.07177734375
1775909,40.22216796875
1775924,62.92724609375
1775943,75.5615234375
1775983,37.841796875
1775996,59.26513671875
1776047,36.376953125
1776059,78.43017578125
1776107,35.21728515625
1776166,54.13818359375
1776240,48.4619140625
1776365,42.66357421875
1776377,46.875
1776484,47.36328125
1776717,49.13330078125
1782499,48.15673828125
1782670,41.19873046875
1782802,87.34130859375
1782841,130.126953125
1782882,45.34912109375
1782968,84.28955078125
1782979,76.66015625
1783037,41.8701171875
1783089,46.630859375
1783104,54.62646484375
1783169,46.20361328125
1783282,56.70166015625
1783349,55.419921875
1783587,36.7431640625
1783812,52.79541015625
1789014,37.2314453125
1789243,35.58349609375
1789352,57.4951171875
1789428,87.21923828125
1789440,42.17529296875
1789513,61.21826171875
1789548,66.650390625
1789561,35.46142578125
1789585,35.888671875
1789635,39.97802734375
1789646,55.17578125
1789675,52.30712890625
1789734,35.15625
1789926,41.015625
1790077,37.90283203125
1790526,36.9873046875
1795644,36.19384765625
1795671,47.54638671875
1795722,103.3935546875
1795736,38.75732421875
1795824,64.208984375
1795867,48.9501953125
1795896,82.8857421875
1795912,41.07666015625
1795997,37.90283203125
1796096,51.8798828125
1796175,51.94091796875
1796346,50.4150390625
1801555,48.88916015625
1801669,41.80908203125
1801706,43.212890625
1801720,36.4990234375
1801750,101.5625
1801835,35.5224609375
1801916,54.01611328125
1801983,68.7255859375
1802040,64.208984375
1802148,51.513671875
1802309,41.259765625
1802503,35.33935546875
1807239,41.6259765625
1807353,56.2744140625
1807363,60.1806640625
1807376,108.33740234375
1807457,37.29248046875
1807493,64.14794921875
1807518,54.443359375
1807553,83.80126953125
1807585,56.57958984375
1807643,43.0908203125
1807725,48.9501953125
1807804,54.931640625
1813397,45.8984375
1813551,59.2041015625
1813571,52.18505859375
1813590,42.96875
1813631,98.388671875
1813646,39.00146484375
1813700,54.99267578125
1813741,35.400390625
1813766,84.53369140625
1813805,37.109375
1813832,37.109375
1813875,55.48095703125
1813900,46.142578125
1813986,59.63134765625
1814184,47.54638671875
1819535,55.96923828125
1819735,45.0439453125
1819771,46.69189453125
1819781,35.400390625
1819802,110.16845703125
1819841,55.60302734375
1819875,41.19873046875
1819924,79.65087890625
1819935,47.18017578125
1819996,57.18994140625
1820062,48.9501953125
1820109,51.45263671875
1820123,77.63671875
1820167,34.66796875
1820234,49.86572265625
1820436,41.6259765625
1825574,36.31591796875
1825669,64.208984375
1825704,35.888671875
1825738,40.6494140625
1825756,99.2431640625
1825819,58.53271484375
1825879,78.79638671875
1825914,76.59912109375
1825975,37.04833984375
1826088,38.39111328125
1826344,47.18017578125
1831183,51.26953125
1831330,44.921875
1831373,52.30712890625
1831387,50.29296875
1831414,50.47607421875
1831430,98.9990234375
1831466,36.43798828125
1831490,56.94580078125
1831517,53.7109375
1831547,70.61767578125
1831569,63.232421875
1831634,57.18994140625
1831648,36.376953125
1831675,54.50439453125
1831730,36.31591796875
1831750,48.095703125
1831908,39.36767578125
1837088,40.4052734375
1837273,56.640625
1837309,46.20361328125
1837377,38.51318359375
1837406,37.4755859375
1837460,58.04443359375
1837486,36.92626953125
1837515,72.021484375
1837541,73.30322265625
1837620,42.05322265625
1842689,44.25048828125
1842861,34.97314453125
1842946,48.64501953125
1842960,60.546875
1842990,84.28955078125
1843073,38.63525390625
1843138,50.4150390625
1843187,75.01220703125
1843232,48.7060546875
1848467,53.40576171875
1848644,39.97802734375
1848681,36.865234375
1848770,52.79541015625
1848798,91.4306640625
1848811,42.236328125
1848850,48.7060546875
1848947,36.7431640625
1848965,67.138671875
1848979,50.84228515625
1849149,48.03466796875
1853949,36.2548828125
1854064,53.466796875
1854094,42.05322265625
1854132,38.330078125
1854188,85.26611328125
1854271,54.931640625
1854320,35.64453125
1854347,44.43359375
1854430,93.20068359375
1854597,46.9970703125
1859645,44.7998046875
1859780,42.54150390625
1859793,58.04443359375
1859873,112.79296875
1859958,36.80419921875
1860040,45.5322265625
1860154,36.31591796875
1865446,37.04833984375
1865528,55.96923828125
1865581,40.52734375
1865635,104.3701171875
1865657,47.18017578125
1865723,47.8515625
1865783,76.171875
1865820,41.8701171875
1866029,41.259765625
1871467,35.09521484375
1871587,36.9873046875
1871599,39.306640625
1871661,36.56005859375
1871680,53.77197265625
1871763,55.84716796875
1871777,37.29248046875
1871802,60.791015625
1871836,48.76708984375
1877869,50.10986328125
1877986,49.86572265625
1878023,41.6259765625
1878039,35.33935546875
1878085,99.9755859375
1878108,62.6220703125
1878192,41.32080078125
1878346,37.353515625
1883807,53.77197265625
1883939,57.6171875
1883957,47.18017578125
1883988,40.0390625
1884008,101.9287109375
1884035,41.015625
1884106,36.68212890625
1884121,51.6357421875
1884188,80.62744140625
1884220,47.42431640625
1889845,38.0859375
1889961,51.7578125
1889983,57.4951171875
1890079,101.13525390625
1890090,53.5888671875
1890123,37.2314453125
1890171,42.236328125
1890415,48.40087890625
1895431,43.701171875
1895536,50.1708984375
1895572,60.36376953125
1895641,94.23828125
1895653,51.08642578125
1895707,39.48974609375
1895761,37.353515625
1895880,40.1611328125
1896115,35.64453125
1901378,43.51806640625
1901439,35.400390625
1901509,39.12353515625
1901537,45.22705078125
1901603,89.2333984375
1901616,45.8984375
1901704,36.56005859375
1907730,50.29296875
1907864,34.97314453125
1907874,40.6494140625
1907892,48.64501953125
1907958,90.9423828125
1907971,54.87060546875
1908062,43.51806640625
1908247,48.03466796875
1914234,37.109375
1914336,55.96923828125
1914369,43.0908203125
1914427,106.3232421875
1914458,42.05322265625
1914478,39.97802734375
1914537,53.40576171875
1914795,83.31298828125
1914835,38.57421875
1920569,47.18017578125
1920683,34.97314453125
1920707,53.5888671875
1920730,35.0341796875
1920800,116.943359375
1920828,58.89892578125
1920889,49.072265625
1920914,44.37255859375
1921050,51.57470703125
1927195,53.955078125
1927326,65.673828125
1927361,49.8046875
1927387,86.42578125
1927435,49.1943359375
1933791,52.30712890625
1933921,40.83251953125
1933938,52.734375
1934018,35.888671875
1934035,115.478515625
1934066,39.4287109375
1934126,43.64013671875
1941507,40.34423828125
1941645,48.9501953125
1941669,49.8046875
1941733,45.5322265625
1941751,107.666015625
1941831,34.912109375
1941969,59.6923828125
1949051,49.8046875
1949278,70.3125
1949336,108.94775390625
1949363,38.39111328125
1949461,36.9873046875
1957443,54.6875
1957586,44.25048828125
1957615,61.8896484375
1957676,49.1943359375
1957746,36.865234375
1957792,48.15673828125
1957949,38.57421875
1966913,43.76220703125
1967052,50.96435546875
1967082,68.603515625
1967143,34.85107421875
1967155,101.37939453125
1967184,41.6259765625
1967288,48.03466796875
1978031,35.888671875
1978065,69.2138671875
1978125,49.25537109375
1978139,132.62939453125
1978220,40.22216796875
1990943,52.55126953125
1991058,118.95751953125
1991141,58.4716796875
2004674,43.701171875
2004789,45.47119140625
2004839,58.9599609375
2004893,72.265625
2004924,90.9423828125
2004970,42.41943359375
2005005,42.724609375
2021252,50.4150390625
2021370,47.05810546875
2021411,60.97412109375
2021427,35.888671875
2021464,46.56982421875
2021481,42.1142578125
2021503,104.55322265625
2021544,39.24560546875
2021609,51.69677734375
2021883,47.18017578125
2043018,35.82763671875
2043163,50.10986328125
2043221,64.39208984375
2043263,46.7529296875
2043294,130.31005859375
2043544,36.80419921875
2043590,49.62158203125
2085854,61.82861328125
2085992,47.9736328125
2086004,86.48681640625
2086093,35.33935546875
2086160,55.2978515625
2086236,34.72900390625
2086437,52.6123046875
2087161,42.236328125
2131245,48.9501953125
2131450,37.841796875
2131492,35.400390625
2131570,39.12353515625
2131754,46.20361328125
2134168,53.3447265625
2134993,37.9638671875
2135282,48.828125
2135419,79.345703125
2135434,61.09619140625
2135662,52.001953125
2183412,49.01123046875
2183594,53.5888671875
2183839,61.70654296875
2185493,47.30224609375
2186001,37.9638671875
2186457,39.794921875
2186619,53.52783203125
2188701,50.6591796875
2188784,51.1474609375
2189001,70.61767578125
2189918,52.001953125
2191579,53.77197265625
2191787,47.8515625
2192290,35.0341796875
2234346,45.10498046875
2234592,46.08154296875
2236633,52.490234375
2237727,53.64990234375
2237872,34.97314453125
2237907,35.888671875
2239634,48.52294921875
2240158,46.142578125
2240598,43.02978515625
2240998,60.546875
2267227,35.33935546875
2270857,39.48974609375
2271084,56.82373046875
2271417,56.09130859375
2273811,40.95458984375
2273911,77.57568359375
2273959,94.29931640625
2273981,66.162109375
2274146,35.94970703125
2274191,39.0625
2275728,36.7431640625
2276174,59.5703125
2276229,66.2841796875
2276462,41.3818359375
2277375,38.63525390625
2278284,57.2509765625
2278724,44.12841796875
2279267,44.25048828125
2279280,78.125
2279845,61.03515625
2280493,61.82861328125
2318009,47.91259765625
2318333,47.30224609375
2318725,40.22216796875
2320704,61.95068359375
2320864,35.15625
2320919,46.81396484375
2320982,64.5751953125
2321027,35.7666015625
2321053,93.56689453125
2321071,46.2646484375
2353128,48.828125
2353510,36.92626953125
2354246,47.91259765625
2355031,47.9736328125
2355357,59.814453125
2355390,36.07177734375
2357061,49.4384765625
2357846,43.9453125
2390406,51.513671875
2391534,41.9921875
2392512,37.353515625
2392907,56.2744140625
2394492,56.33544921875
2394529,61.5234375
2394560,112.60986328125
2394849,38.14697265625
2395355,62.31689453125
2395774,39.1845703125
2396064,43.76220703125
2415563,59.2041015625
2416872,56.2744140625
2418034,34.7900390625
2418351,51.57470703125
2419388,42.3583984375
2419566,73.974609375
2435822,36.0107421875
2437755,48.33984375
2437985,46.69189453125
2438042,79.58984375
2460340,49.74365234375
2462101,35.64453125
2462162,71.47216796875
2462202,55.17578125
2481867,42.90771484375
2483449,48.40087890625
2485751,74.64599609375
2485809,109.375
2487847,35.33935546875
2488300,47.36328125
2488377,91.73583984375
2489044,42.29736328125
2489157,68.66455078125
2490529,35.94970703125
2492636,41.19873046875
2492837,56.2744140625
2492934,36.865234375
2499800,62.744140625
2499829,72.69287109375
2499948,36.43798828125
2515635,49.98779296875
2516184,54.74853515625
2517155,42.78564453125
2517196,51.33056640625
2517302,57.55615234375
2517340,41.44287109375
2546552,66.22314453125
2548352,60.36376953125
2548362,82.21435546875
2548400,37.7197265625
2548416,91.36962890625
2548449,70.98388671875
2548505,36.865234375
2579410,42.41943359375
2579516,60.791015625
2579535,53.16162109375
2579625,52.06298828125
2583348,66.89453125
2583385,111.26708984375
2583456,36.43798828125
2583911,101.01318359375
2584269,58.77685546875
2584685,96.5576171875
2584737,77.33154296875
2585261,49.74365234375
2585476,102.5390625
2585495,51.81884765625
2585606,40.52734375
2586397,48.9501953125
2586501,95.27587890625
2586534,55.11474609375
2588073,103.759765625
2588131,68.603515625
2588176,36.19384765625
2588250,35.888671875
2588304,57.2509765625
2589782,55.2978515625
2589825,60.11962890625
2589943,50.6591796875
2590095,96.435546875
2615077,40.771484375
2615105,36.31591796875
2615141,37.59765625
2615181,79.77294921875
2639143,43.15185546875
2639278,36.4990234375
2639343,60.9130859375
2666981,36.2548828125
2667047,62.31689453125
2667062,45.10498046875
2667084,118.0419921875
2667138,61.6455078125
2667159,52.001953125
2667225,40.34423828125
2667256,48.76708984375
2692041,49.8046875
2692054,41.80908203125
2692094,39.55078125
2692117,119.5068359375
2692161,92.7734375
2692221,35.70556640625
2692254,40.71044921875
2692586,59.02099609375
2708377,35.21728515625
2714718,93.81103515625
2714746,36.1328125
2714781,119.81201171875
2714835,47.9736328125
2714906,42.29736328125
2714971,51.3916015625
2715213,47.4853515625
2715478,36.19384765625
2722793,47.30224609375
2722824,73.8525390625
2722840,49.072265625
2722874,134.521484375
2722900,80.810546875
2722964,66.5283203125
2723005,38.26904296875
2723030,85.3271484375
2723043,34.66796875
2723092,52.06298828125
2723178,42.54150390625
2723293,35.5224609375
2724480,39.85595703125
2724674,43.212890625
2724934,38.0859375
2725366,50.537109375
2728270,37.53662109375
2728352,34.7900390625
2728441,36.80419921875
2728479,45.2880859375
2728522,109.9853515625
2728617,50.23193359375
2728644,78.125
2728715,36.2548828125
2728727,44.0673828125
2728773,39.73388671875
2728828,38.330078125
2728855,65.5517578125
2728930,41.19873046875
2728986,39.85595703125
2729025,51.3916015625
2729173,35.15625
2729326,58.53271484375
2729564,52.91748046875
2732396,42.1142578125
2732498,66.46728515625
2732517,35.70556640625
2732610,60.48583984375
2732620,36.56005859375
2732702,93.75
2732718,62.744140625
2732836,40.34423828125
2733493,45.47119140625
2734231,38.9404296875
2735115,60.05859375
2735360,36.2548828125
2735899,53.955078125
2736633,49.25537109375
2736862,48.9501953125
2737103,44.43359375
2737322,40.4052734375
2737824,37.7197265625
2738628,38.0859375
2740543,50.4150390625
2740853,37.78076171875
2741832,50.6591796875
2743210,65.91796875
2744021,50.47607421875
2744702,59.02099609375
2745604,34.72900390625
2745971,49.8046875
2747605,36.4990234375
2748448,48.828125
2748846,46.08154296875
2750390,40.1611328125
2751033,51.94091796875
2751700,41.9921875
2753698,47.05810546875
2754053,59.4482421875
2754686,53.466796875
2755693,38.51318359375
2756262,43.51806640625
2757211,45.7763671875
2757774,49.62158203125
2758702,35.94970703125
2759021,54.87060546875
2760338,38.39111328125
2760955,61.21826171875
2761909,36.62109375
2762222,53.22265625
2763361,65.5517578125
2763505,59.2041015625
2763531,51.3916015625
2763573,36.865234375
2763690,44.677734375
2767223,55.7861328125
2767689,38.87939453125
2768048,54.62646484375
2769931,54.74853515625
2770655,36.0107421875
2771390,53.955078125
2771759,47.9736328125
2772381,47.8515625
2773038,38.4521484375
2773101,69.091796875
2773118,37.841796875
2775348,43.76220703125
2775628,51.025390625
2775699,49.01123046875
2775876,49.072265625
2778702,71.96044921875
2778936,38.87939453125
2778975,62.43896484375
2779021,38.330078125
2779057,39.97802734375
2779097,112.85400390625
2779110,45.2880859375
2779141,37.65869140625
2779224,80.2001953125
2779238,36.31591796875
2779270,49.49951171875
2783267,46.44775390625
2783325,38.51318359375
2783417,35.09521484375
2783437,40.0390625
2783461,61.1572265625
2783512,36.1328125
2783532,115.6005859375
2783585,35.09521484375
2783606,44.86083984375
2783619,52.001953125
2783656,81.1767578125
2783732,43.88427734375
2783832,41.07666015625
2788689,46.630859375
2788842,36.80419921875
2788860,63.8427734375
2788926,97.71728515625
2788945,42.8466796875
2788964,40.10009765625
2788983,37.29248046875
2789020,65.3076171875
2789089,47.30224609375
2789138,39.48974609375
2789148,42.96875
2789174,49.31640625
2794118,41.3818359375
2794202,44.5556640625
2794293,53.5888671875
2794314,41.9921875
2794368,39.0625
2794396,102.11181640625
2794417,39.0625
2794433,34.7900390625
2794461,40.52734375
2794479,62.92724609375
2794553,49.86572265625
2794568,54.38232421875
2794706,60.6689453125
2799915,49.98779296875
2799929,41.07666015625
2799964,34.912109375
2799993,94.66552734375
2800048,48.88916015625
2800071,57.67822265625
2800100,46.32568359375
2800113,39.85595703125
2800167,36.865234375
2800179,57.06787109375
2800273,44.37255859375
2805420,37.7197265625
2805552,36.376953125
2805570,61.8896484375
2805599,39.0625
2805639,88.92822265625
2805651,45.59326171875
2805685,70.3125
2805700,37.04833984375
2805724,40.95458984375
2805741,41.19873046875
2805751,54.38232421875
2805834,39.55078125
2805886,39.48974609375
2805924,61.70654296875
2805981,36.19384765625
2811191,46.142578125
2811223,40.22216796875
2811318,98.57177734375
2811332,50.1708984375
2811388,35.21728515625
2811414,93.6279296875
2811445,37.17041015625
2811491,40.0390625
2811609,37.41455078125
2817000,37.41455078125
2817041,38.02490234375
2817056,68.7255859375
2817078,35.82763671875
2817099,37.7197265625
2817122,83.67919921875
2817139,35.70556640625
2817162,36.62109375
2817203,66.71142578125
2817214,38.87939453125
2817229,35.33935546875
2817285,43.39599609375
2817342,35.70556640625
2817433,46.56982421875
2823200,54.26025390625
2823284,36.1328125
2823300,44.37255859375
2823333,58.59375
2823361,91.12548828125
2823376,39.00146484375
2823394,39.12353515625
2823463,60.4248046875
2823482,36.0107421875
2823534,44.37255859375
2823552,37.04833984375
2823587,38.51318359375
2823608,58.28857421875
2823716,49.74365234375
2829757,34.97314453125
2829851,53.77197265625
2829898,35.58349609375
2829912,36.80419921875
2829960,36.07177734375
2829982,42.48046875
2830002,51.33056640625
2830039,48.4619140625
2830099,35.21728515625
2830140,37.90283203125
2830194,55.2978515625
2836289,53.77197265625
2836318,35.33935546875
2836353,53.5888671875
2836377,36.9873046875
2836407,46.5087890625
2836426,35.5224609375
2836441,87.40234375
2836469,38.9404296875
2836496,56.45751953125
2836526,35.94970703125
2836555,53.1005859375
2836625,46.5087890625
2836686,37.78076171875
2836698,62.92724609375
2842806,36.43798828125
2842888,42.96875
2842930,36.4990234375
2842948,48.33984375
2842977,101.98974609375
2843006,36.19384765625
2843040,49.6826171875
2843079,47.91259765625
2843096,39.61181640625
2843133,42.3583984375
2843216,37.90283203125
2843379,52.978515625
2849650,37.41455078125
2849733,51.025390625
2849755,36.56005859375
2849773,54.19921875
2849810,76.2939453125
2849849,57.7392578125
2849874,37.2314453125
2849905,36.865234375
2849970,63.96484375
2849998,41.1376953125
2850029,89.66064453125
2850100,35.94970703125
2850147,52.490234375
2850625,41.9921875
2856255,36.0107421875
2856342,40.10009765625
2856381,37.109375
2856411,44.3115234375
2856426,101.5625
2856456,41.015625
2856480,62.744140625
2856536,36.92626953125
2856603,61.82861328125
2856626,37.90283203125
2856640,39.24560546875
2856687,49.560546875
2856761,35.5224609375
2856821,54.50439453125
2862941,37.53662109375
2863003,42.8466796875
2863020,44.25048828125
2863065,55.35888671875
2863106,98.57177734375
2863153,53.5888671875
2863209,57.12890625
2863222,37.04833984375
2863277,65.49072265625
2863342,35.09521484375
2863388,36.56005859375
2863429,44.7998046875
2869712,38.6962890625
2869771,62.5
2869792,39.9169921875
2869816,50.47607421875
2869850,116.14990234375
2869864,37.17041015625
2869890,52.42919921875
2869946,53.5888671875
2869965,52.24609375
2870037,65.36865234375
2870102,72.3876953125
2870188,64.697265625
2876583,47.4853515625
2876642,36.56005859375
2876701,59.14306640625
2876725,54.13818359375
2876778,60.24169921875
2876800,48.64501953125
2876827,39.48974609375
2876880,58.28857421875
2876939,41.3818359375
2877039,47.8515625
2883472,38.0859375
2883507,49.13330078125
2883557,39.0625
2883577,89.111328125
2883607,35.46142578125
2883640,47.7294921875
2883669,49.01123046875
2883706,61.95068359375
2883721,37.17041015625
2883763,49.1943359375
2883837,57.6171875
2883952,46.7529296875
2884427,52.978515625
2890412,36.68212890625
2890514,37.4755859375
2890531,56.94580078125
2890574,107.84912109375
2890589,36.376953125
2890617,70.3125
2890654,36.43798828125
2890686,57.861328125
2890699,42.6025390625
2890745,46.0205078125
2890769,40.71044921875
2890809,47.9736328125
2890911,34.85107421875
2891073,38.02490234375
2891321,49.4384765625
2897546,41.1376953125
2897616,48.76708984375
2897632,39.73388671875
2897658,51.69677734375
2897695,39.1845703125
2897723,48.2177734375
2897738,40.4052734375
2897760,35.21728515625
2897781,44.86083984375
2897813,44.189453125
2897827,34.66796875
2897862,59.02099609375
2897933,45.59326171875
2898067,41.8701171875
2904656,41.748046875
2904690,50.4150390625
2904751,34.97314453125
2904783,112.060546875
2904843,47.91259765625
2904880,46.81396484375
2904899,63.232421875
2904920,37.65869140625
2904957,35.21728515625
2904975,37.17041015625
2905023,34.72900390625
2905082,51.81884765625
2905214,48.9501953125
2912055,51.025390625
2912081,48.4619140625
2912108,37.90283203125
2912150,100.09765625
2912202,46.32568359375
2912229,48.03466796875
2912248,48.88916015625
2912291,59.4482421875
2912319,35.2783203125
2912343,48.03466796875
2912357,35.400390625
2912458,40.83251953125
2919710,42.48046875
2919745,37.29248046875
2919808,41.19873046875
2919828,116.76025390625
2919847,37.90283203125
2919876,44.73876953125
2919900,34.72900390625
2919917,43.8232421875
2919943,60.4248046875
2919969,41.93115234375
2920014,37.78076171875
2920062,41.93115234375
2920187,40.46630859375
2920617,54.5654296875
2927447,44.73876953125
2927480,36.43798828125
2927512,47.119140625
2927560,40.71044921875
2927577,93.56689453125
2927618,34.97314453125
2927646,40.4052734375
2927675,45.95947265625
2927697,48.828125
2927709,36.19384765625
2927751,34.72900390625
2927779,45.47119140625
2927811,37.41455078125
2927955,48.583984375
2928262,43.76220703125
2935897,47.2412109375
2935912,35.64453125
2935941,37.7197265625
2935958,34.66796875
2935995,41.68701171875
2936008,116.943359375
2936070,61.5234375
2936110,53.16162109375
2936121,54.99267578125
2936170,34.85107421875
2936188,44.189453125
2936272,65.00244140625
2936376,40.46630859375
2936509,34.97314453125
2936563,35.58349609375
2944349,52.3681640625
2944376,66.7724609375
2944427,40.34423828125
2944453,59.75341796875
2944483,43.212890625
2944525,35.09521484375
2944538,62.8662109375
2944556,34.912109375
2944594,61.8896484375
2944643,42.1142578125
2944705,35.46142578125
2944722,66.162109375
2944815,42.78564453125
2945025,37.2314453125
2952852,51.33056640625
2952920,34.85107421875
2952952,37.9638671875
2952968,104.6142578125
2953017,36.7431640625
2953049,56.5185546875
2953059,47.7294921875
2953085,39.1845703125
2953101,62.8662109375
2953159,58.349609375
2953206,36.376953125
2961740,51.3916015625
2961771,37.2314453125
2961790,37.9638671875
2961854,63.720703125
2961870,77.33154296875
2961921,45.166015625
2961945,39.97802734375
2961968,52.978515625
2961979,53.28369140625
2962028,34.66796875
2962047,54.19921875
2962092,36.31591796875
2962111,53.77197265625
2962130,37.78076171875
2962252,45.8984375
2970911,52.734375
2970984,59.50927734375
2971019,48.4619140625
2971055,92.83447265625
2971095,51.20849609375
2971105,40.1611328125
2971147,37.65869140625
2971167,56.94580078125
2971219,52.30712890625
2971233,35.2783203125
2971314,54.50439453125
2971343,36.62109375
2971408,44.37255859375
2980714,45.7763671875
2980760,40.6494140625
2980811,88.56201171875
2980829,99.18212890625
2980861,36.9873046875
2980881,35.64453125
2980916,37.841796875
2980929,39.794921875
2980948,73.79150390625
2981002,43.88427734375
2981066,57.0068359375
2981508,42.8466796875
2990496,54.13818359375
2990557,51.08642578125
2990606,42.78564453125
2990626,81.72607421875
2990683,79.04052734375
2990708,40.0390625
2990741,47.7294921875
2990771,37.7197265625
2990800,40.22216796875
2990817,40.46630859375
2990868,55.60302734375
2990922,43.39599609375
2991102,57.43408203125
3001006,38.26904296875
3001031,39.61181640625
3001074,38.87939453125
3001106,39.36767578125
3001129,99.9755859375
3001187,36.19384765625
3001208,37.841796875
3001228,51.45263671875
3001246,50.10986328125
3001292,40.71044921875
3001306,36.68212890625
3001330,41.015625
3001373,45.41015625
3001432,51.025390625
3001563,43.02978515625
3011595,43.51806640625
3011696,45.71533203125
3011727,97.5341796875
3011778,48.64501953125
3011792,50.9033203125
3011810,41.56494140625
3011849,44.37255859375
3011888,46.93603515625
3011925,35.46142578125
3011981,37.53662109375
3012054,52.79541015625
3012177,39.4287109375
3012349,56.5185546875
3021417,43.701171875
3021439,38.63525390625
3021468,41.07666015625
3021498,37.9638671875
3021518,89.53857421875
3021532,39.00146484375
3021577,48.2177734375
3021587,54.443359375
3021635,43.15185546875
3021676,42.48046875
3021704,44.12841796875
3021755,36.56005859375
3021797,53.22265625
3021931,35.2783203125
3022529,36.2548828125
3032012,66.5283203125
3032056,42.6025390625
3032103,94.6044921875
3032170,41.44287109375
3032199,35.46142578125
3032224,56.7626953125
3032234,35.0341796875
3032277,34.97314453125
3032343,48.64501953125
3032407,43.51806640625
3032579,39.24560546875
3042968,35.400390625
3043015,58.77685546875
3043071,127.38037109375
3043093,37.41455078125
3043136,34.72900390625
3043151,53.8330078125
3043193,48.095703125
3043260,46.875
3043333,43.9453125
3054854,40.58837890625
3054936,66.46728515625
3054956,44.5556640625
3054968,50.84228515625
3054999,80.078125
3055042,57.9833984375
3055071,41.44287109375
3055097,59.87548828125
3055123,43.39599609375
3055155,37.04833984375
3055182,38.6962890625
3055218,35.70556640625
3055228,57.6171875
3055333,36.9873046875
3055354,44.73876953125
3055625,40.8935546875
3055668,44.921875
3067562,52.30712890625
3067670,72.08251953125
3067684,39.12353515625
3067712,110.65673828125
3067745,37.65869140625
3067759,63.04931640625
3067789,43.9453125
3067811,61.34033203125
3067842,45.34912109375
3067872,62.07275390625
3067943,51.20849609375
3068009,37.4755859375
3068033,54.931640625
3068157,59.38720703125
3083216,41.68701171875
3083292,49.8046875
3083320,35.21728515625
3083346,96.3134765625
3083362,38.818359375
3083392,34.85107421875
3083416,35.7666015625
3083438,83.80126953125
3083454,69.39697265625
3083512,42.1142578125
3083556,37.29248046875
3083597,43.02978515625
3083681,59.14306640625
3083824,44.12841796875
3084064,61.1572265625
3096619,54.931640625
3096709,35.0341796875
3096727,70.25146484375
3096757,121.337890625
3096814,53.16162109375
3096864,71.2890625
3096895,54.62646484375
3096965,45.654296875
3097002,46.20361328125
3097029,63.3544921875
3097090,34.85107421875
3097120,46.08154296875
3097230,43.15185546875
3097377,60.6689453125
3108758,35.400390625
3108775,38.14697265625
3108802,45.5322265625
3108837,34.7900390625
3108847,129.69970703125
3108907,53.89404296875
3108922,37.353515625
3108944,52.91748046875
3108962,63.4765625
3108981,35.888671875
3109017,48.40087890625
3109075,78.857421875
3109169,63.3544921875
3109643,44.921875
3109840,54.6875
3123687,55.72509765625
3123785,52.3681640625
3123833,82.6416015625
3123847,38.6962890625
3123877,70.3125
3123905,44.25048828125
3123932,65.673828125
3123960,36.31591796875
3123986,35.21728515625
3124007,36.4990234375
3124038,34.7900390625
3124070,48.64501953125
3124091,52.18505859375
3124122,35.33935546875
3124146,35.15625
3124263,45.5322265625
3140597,59.50927734375
3140713,45.166015625
3140745,92.34619140625
3140790,70.86181640625
3140837,74.0966796875
3140856,44.61669921875
3140896,37.29248046875
3140920,39.61181640625
3140948,43.45703125
3140972,70.12939453125
3141028,63.3544921875
3141054,39.12353515625
3141142,47.607421875
3141267,52.1240234375
3141776,51.7578125
3157667,62.31689453125
3157751,67.87109375
3157785,36.7431640625
3157796,104.98046875
3157846,42.90771484375
3157881,38.330078125
3157899,36.80419921875
3157933,35.2783203125
3157959,63.96484375
3158012,55.6640625
3158086,53.5888671875
3158197,34.7900390625
3158350,54.13818359375
3158515,39.306640625
3158674,59.814453125
3158869,49.86572265625
3178213,52.8564453125
3178338,45.22705078125
3178366,44.0673828125
3178385,98.69384765625
3178413,36.31591796875
3178424,44.677734375
3178489,46.630859375
3178544,67.07763671875
3178558,40.46630859375
3178594,35.21728515625
3178612,59.814453125
3178674,40.22216796875
3178687,61.46240234375
3178747,64.5751953125
3178867,60.97412109375
3179370,54.19921875
3195224,57.2509765625
3195278,37.17041015625
3195289,36.9873046875
3195311,40.6494140625
3195341,118.59130859375
3195382,38.9404296875
3195394,39.0625
3195445,35.0341796875
3195463,55.84716796875
3195474,38.14697265625
3195554,57.43408203125
3195617,37.841796875
3195635,51.025390625
3195650,50.6591796875
3195706,40.6494140625
3195952,37.353515625
3196305,38.6962890625
3212726,47.42431640625
3212846,36.7431640625
3212898,47.8515625
3212926,96.6796875
3212963,38.4521484375
3212993,50.1708984375
3213022,79.77294921875
3213035,34.72900390625
3213056,46.38671875
3213117,46.81396484375
3213174,46.9970703125
3213200,57.67822265625
3213270,62.01171875
3213448,57.12890625
3213924,55.2978515625
3230669,53.466796875
3230797,40.10009765625
3230891,39.24560546875
3230952,37.109375
3230964,44.7998046875
3231006,58.10546875
3231032,74.89013671875
3231090,55.17578125
3231110,45.654296875
3231188,49.072265625
3231284,44.12841796875
3231431,51.57470703125
3231693,49.072265625
3231849,59.9365234375
3593255,63.232421875
3594198,40.6494140625
3595607,49.9267578125
3596527,44.189453125
3597452,43.9453125
3599076,45.34912109375
3599896,50.048828125
3674772,34.85107421875
3679121,64.5751953125
3684163,35.7666015625
3690237,41.32080078125
3753388,53.64990234375
3757645,43.15185546875
3758939,44.49462890625
3761256,48.2177734375
3761850,50.78125
3764688,58.59375
3811571,46.81396484375
3812245,35.15625
3813322,66.650390625
3814513,53.40576171875
3815098,56.09130859375
3815655,51.69677734375
3818405,38.75732421875
3820567,49.6826171875
3822145,47.607421875
3824851,97.65625
3826071,47.91259765625
3826536,44.189453125
3868244,54.6875
3869996,35.0341796875
3872058,41.32080078125
3876939,66.650390625
3877008,111.99951171875
3877155,48.7060546875
3877279,75.8056640625
3957850,59.38720703125
3957999,36.376953125
3958147,52.24609375
3958878,38.330078125
3959648,35.09521484375
3960680,45.41015625
3961139,35.888671875
3962817,98.32763671875
3963294,100.03662109375
3963319,72.6318359375
3963511,36.7431640625
3963537,73.6083984375
3963694,65.673828125
3964052,37.4755859375
3964086,73.2421875
3965020,96.6796875
3966135,37.59765625
3966410,44.677734375
3966422,44.98291015625
3966543,80.99365234375
3966665,38.87939453125
3966678,35.2783203125
3967580,39.36767578125
3967719,43.02978515625
4018140,59.02099609375
4018253,36.31591796875
4019213,35.64453125
4019353,36.07177734375
4019478,37.78076171875
4020955,53.28369140625
4022031,47.91259765625
4022688,39.97802734375
4023298,37.4755859375
4026098,41.93115234375
4028891,43.39599609375
4029081,58.41064453125
4029497,53.64990234375
4029742,68.05419921875
4030105,39.306640625
4030343,37.17041015625
4030557,46.142578125
4031085,53.40576171875
4031305,59.63134765625
4031769,55.908203125
4032186,53.22265625
4032463,39.6728515625
4032689,36.62109375
4032882,48.828125
4033097,54.0771484375
4033230,54.13818359375
4033294,47.30224609375
4033514,42.17529296875
4034122,40.8935546875
4034621,37.29248046875
4034786,45.2880859375
4035320,40.52734375
4035552,38.4521484375
4035808,49.01123046875
4036109,43.5791015625
4036347,49.13330078125
4036637,54.99267578125
4037179,41.07666015625
4037450,51.7578125
4037980,53.7109375
4038230,47.7294921875
4038829,54.87060546875
4041847,37.04833984375
4042117,37.109375
4042379,34.912109375
4043840,55.0537109375
4044478,42.6025390625
4045082,34.66796875
4046072,52.91748046875
4047987,57.55615234375
4048641,44.61669921875
4048940,50.59814453125
4051886,53.7109375
4052410,58.53271484375
4052624,39.61181640625
4055459,34.85107421875
4056354,68.84765625
4056549,52.490234375
4056566,41.1376953125
4059476,43.701171875
4059730,43.8232421875
4059800,46.7529296875
4059847,59.38720703125
4059942,36.1328125
4059952,37.04833984375
4060060,56.15234375
4060089,48.40087890625
4063706,52.490234375
4063779,36.7431640625
4063847,71.77734375
4063895,50.35400390625
4063912,93.017578125
4063960,43.3349609375
4064009,73.3642578125
4064039,43.27392578125
4064069,50.9033203125
4064099,45.166015625
4064167,45.71533203125
4069085,41.68701171875
4069175,36.4990234375
4069221,94.6044921875
4069244,52.91748046875
4069306,102.1728515625
4069337,42.724609375
4069362,34.912109375
4069396,58.53271484375
4069416,37.7197265625
4069460,57.31201171875
4069504,85.14404296875
4069514,44.677734375
4070131,40.1611328125
4074944,59.99755859375
4075036,65.673828125
4075069,40.1611328125
4075100,119.7509765625
4075149,48.7060546875
4075173,59.26513671875
4075207,46.20361328125
4075229,37.59765625
4075252,51.81884765625
4075324,37.90283203125
4075413,55.35888671875
4075813,46.2646484375
4080306,41.015625
4080357,66.46728515625
4080390,38.6962890625
4080418,91.30859375
4080455,44.49462890625
4080521,50.47607421875
4080534,76.11083984375
4080566,40.52734375
4080599,54.8095703125
4080693,37.9638671875
4085429,50.4150390625
4085522,39.48974609375
4085535,65.73486328125
4085573,96.8017578125
4085598,65.0634765625
4085618,38.39111328125
4085680,35.58349609375
4085710,39.36767578125
4085741,64.5751953125
4085805,43.64013671875
4090009,45.0439453125
4090088,50.10986328125
4090160,36.19384765625
4090193,107.0556640625
4090317,53.5888671875
4094568,56.70166015625
4094727,43.02978515625
4094751,47.8515625
4094770,44.25048828125
4094782,36.19384765625
4094833,103.02734375
4094879,55.6640625
4094998,46.2646484375
4099355,47.7294921875
4099453,65.4296875
4099494,53.77197265625
4099534,107.666015625
4099565,34.66796875
4099587,58.77685546875
4099634,43.45703125
4099671,35.15625
4099697,39.36767578125
4099733,50.1708984375
4104863,53.466796875
4104937,36.865234375
4104966,59.38720703125
4104997,58.2275390625
4105035,39.97802734375
4105132,61.03515625
4105149,44.7998046875
4105165,48.15673828125
4105259,35.5224609375
4105321,54.87060546875
4110544,54.62646484375
4110623,80.56640625
4110675,44.25048828125
4110706,111.572265625
4110722,42.724609375
4110762,51.7578125
4110782,54.0771484375
4110804,36.31591796875
4110833,34.97314453125
4110847,72.3876953125
4110909,50.78125
4116661,38.818359375
4116730,51.20849609375
4116775,45.654296875
4116794,99.54833984375
4116814,39.36767578125
4116831,42.05322265625
4116860,67.56591796875
4116886,41.9921875
4116939,63.5986328125
4117018,43.76220703125
4122912,53.03955078125
4122940,35.2783203125
4122973,53.16162109375
4123015,36.62109375
4123025,48.52294921875
4123052,41.56494140625
4123100,48.2177734375
4123144,64.88037109375
4123168,34.66796875
4123185,38.4521484375
4129453,52.55126953125
4129476,40.83251953125
4129508,70.37353515625
4129559,49.74365234375
4129609,38.6962890625
4129630,48.64501953125
4129669,51.81884765625
4129690,45.34912109375
4129739,36.9873046875
4129768,65.61279296875
4135763,40.283203125
4135802,34.912109375
4135838,55.96923828125
4135857,34.85107421875
4135895,59.02099609375
4135946,83.740234375
4135981,49.74365234375
4136047,47.607421875
4136086,42.54150390625
4136101,36.1328125
4136187,65.3076171875
4142190,54.5654296875
4142284,65.185546875
4142324,50.59814453125
4142363,37.9638671875
4142376,98.7548828125
4142396,39.36767578125
4142468,49.86572265625
4142526,35.94970703125
4142545,44.921875
4142670,53.52783203125
4149033,46.630859375
4149074,36.80419921875
4149091,40.83251953125
4149124,110.2294921875
4149142,39.85595703125
4149176,46.38671875
4149220,47.7294921875
4149252,53.40576171875
4149316,52.42919921875
4149336,38.26904296875
4155800,46.69189453125
4155854,58.04443359375
4155900,43.701171875
4155919,114.92919921875
4155988,46.630859375
4156010,69.51904296875
4156040,36.19384765625
4156072,35.0341796875
4156169,34.85107421875
4156184,46.69189453125
4162633,56.33544921875
4162733,51.26953125
4162753,42.96875
4162766,55.908203125
4162809,101.6845703125
4162844,65.12451171875
4162860,36.2548828125
4162899,52.1240234375
4162927,40.71044921875
4162983,70.37353515625
4169394,65.24658203125
4169491,48.88916015625
4169530,45.5322265625
4169549,37.841796875
4169571,107.91015625
4169604,65.185546875
4169634,40.0390625
4169664,57.2509765625
4169686,38.63525390625
4169739,64.02587890625
4176460,44.7998046875
4176482,52.490234375
4176511,35.21728515625
4176560,109.19189453125
4176575,41.32080078125
4176608,40.1611328125
4176631,39.85595703125
4176648,34.7900390625
4176707,48.583984375
4176825,42.6025390625
4183708,35.2783203125
4183754,61.5234375
4183808,46.630859375
4183860,60.302734375
4183872,107.36083984375
4183904,39.1845703125
4183936,54.19921875
4183952,38.6962890625
4183978,42.66357421875
4184004,47.66845703125
4184070,40.1611328125
4184083,59.4482421875
4190815,49.98779296875
4190883,52.1240234375
4190923,44.49462890625
4190938,113.22021484375
4191005,85.51025390625
4191045,63.41552734375
4191068,46.9970703125
4191118,39.55078125
4198015,40.52734375
4198097,41.07666015625
4198112,56.396484375
4198129,42.724609375
4198139,36.7431640625
4198168,50.59814453125
4198196,50.048828125
4198206,46.81396484375
4198264,40.1611328125
4198297,89.599609375
4198314,35.82763671875
4198353,38.87939453125
4198366,35.2783203125
4198422,69.4580078125
4205454,47.4853515625
4205491,81.298828125
4205542,36.9873046875
4205561,111.9384765625
4205576,47.54638671875
4205618,34.912109375
4205632,43.3349609375
4205671,42.78564453125
4205710,38.26904296875
4205720,36.0107421875
4205767,54.99267578125
4212980,39.306640625
4213033,49.8046875
4213055,34.7900390625
4213083,44.73876953125
4213108,104.98046875
4213153,50.6591796875
4213195,39.1845703125
4213224,77.81982421875
4213301,42.29736328125
4220684,46.08154296875
4220746,43.8232421875
4220756,52.55126953125
4220785,37.4755859375
4220798,67.2607421875
4220823,109.9853515625
4220865,38.02490234375
4220894,34.85107421875
4220917,46.32568359375
4220933,63.720703125
4220982,45.10498046875
4221042,45.0439453125
4228853,46.7529296875
4228934,54.26025390625
4228951,59.50927734375
4228979,99.4873046875
4229024,49.86572265625
4229061,36.376953125
4229079,48.7060546875
4229101,44.25048828125
4229217,49.6826171875
4237154,53.16162109375
4237222,47.119140625
4237251,60.97412109375
4237293,102.60009765625
4237324,80.99365234375
4237363,35.0341796875
4237398,84.9609375
4237456,39.4287109375
4237473,38.26904296875
4237483,43.27392578125
4245481,54.13818359375
4245582,57.18994140625
4245669,81.0546875
4245686,52.6123046875
4245751,75.1953125
4245810,60.60791015625
4254782,65.12451171875
4254830,44.12841796875
4254874,94.23828125
4254914,36.9873046875
4254937,41.6259765625
4254955,46.875
4254983,55.23681640625
4255044,34.72900390625
4255074,36.9873046875
4255091,57.55615234375
4264123,40.52734375
4264166,40.34423828125
4264178,79.52880859375
4264214,62.43896484375
4264246,91.73583984375
4264260,35.21728515625
4264283,61.03515625
4264307,34.66796875
4264335,65.7958984375
4264361,35.888671875
4264397,52.978515625
4264521,37.65869140625
4273949,43.39599609375
4273983,37.65869140625
4274019,35.15625
4274037,41.68701171875
4274048,50.9033203125
4274078,36.31591796875
4274102,103.1494140625
4274120,57.12890625
4274181,46.0205078125
4274223,48.03466796875
4274243,74.5849609375
4284339,55.908203125
4284419,62.3779296875
4284433,35.70556640625
4284477,99.365234375
4284505,71.96044921875
4284521,40.8935546875
4284545,37.04833984375
4284566,54.38232421875
4284604,36.9873046875
4284656,51.08642578125
4295471,48.828125
4295529,41.6259765625
4295544,46.20361328125
4295577,53.7109375
4295602,104.67529296875
4295654,65.97900390625
4295685,36.68212890625
4295701,55.35888671875
4295727,63.65966796875
4295794,35.58349609375
4295842,52.55126953125
4295865,35.70556640625
4306525,42.29736328125
4306592,81.298828125
4306635,34.66796875
4306668,95.03173828125
4306683,47.05810546875
4306707,38.75732421875
4306762,54.19921875
4306790,38.87939453125
4306830,56.396484375
4306871,37.17041015625
4306956,49.62158203125
4318811,34.97314453125
4318894,58.9599609375
4318913,56.21337890625
4318956,40.52734375
4318970,96.435546875
4318988,55.2978515625
4319047,40.52734375
4319109,51.1474609375
4319119,36.56005859375
4319157,38.63525390625
4319202,40.8935546875
4331684,60.36376953125
4331794,54.87060546875
4331842,113.58642578125
4331868,65.3076171875
4331887,34.912109375
4331928,91.61376953125
4331949,41.80908203125
4331971,45.7763671875
4331991,37.841796875
4332007,34.72900390625
4332069,51.6357421875
4332180,35.5224609375
4344933,39.97802734375
4345033,57.861328125
4345053,38.57421875
4345102,101.1962890625
4345112,66.5283203125
4345123,35.2783203125
4345184,52.67333984375
4345198,67.87109375
4345242,49.86572265625
4345267,38.6962890625
4345288,35.64453125
4345329,49.6826171875
4345507,36.9873046875
4360900,41.56494140625
4360962,36.92626953125
4360990,58.28857421875
4361010,44.0673828125
4361045,38.0859375
4361062,49.62158203125
4361095,41.259765625
4361128,39.1845703125
4361145,75.8056640625
4361190,40.52734375
4361263,48.03466796875
4377286,56.70166015625
4377410,44.37255859375
4377431,69.64111328125
4377494,97.35107421875
4377508,67.93212890625
4377563,55.11474609375
4377578,46.142578125
4377605,71.35009765625
4377622,40.34423828125
4377680,67.87109375
4377754,52.1240234375
4392061,36.56005859375
4392184,44.73876953125
4392214,35.400390625
4392249,95.8251953125
4392274,53.955078125
4392300,103.1494140625
4392341,65.12451171875
4392358,49.4384765625
4392382,54.38232421875
4392407,70.25146484375
4392465,37.109375
4392527,57.31201171875
4413923,50.048828125
4414056,39.12353515625
4414092,64.94140625
4414106,41.259765625
4414133,36.07177734375
4414144,99.2431640625
4414200,56.884765625
4414232,35.58349609375
4414242,98.32763671875
4414274,62.92724609375
4414294,42.1142578125
4414327,37.04833984375
4414367,35.400390625
4414384,62.98828125
4414554,65.00244140625
4414791,55.5419921875
4419877,41.50390625
4420182,44.86083984375
4420331,35.7666015625
4420450,34.912109375
4420477,38.75732421875
4420546,42.48046875
4420586,42.96875
4420747,59.87548828125
4420784,99.9755859375
4420894,44.189453125
4420925,42.48046875
4421107,40.58837890625
4421313,38.4521484375
4421474,39.9169921875
4421725,34.72900390625
4422007,46.2646484375
4422514,37.353515625
4423432,58.2275390625
4424636,55.419921875
4424899,42.236328125
4425272,39.00146484375
4426301,35.5224609375
4426707,41.50390625
4427304,51.7578125
4436216,38.818359375
4436301,49.6826171875
4436337,113.6474609375
4436355,49.9267578125
4436389,38.51318359375
4436427,42.3583984375
4436451,68.7255859375
4436545,40.4052734375
4451715,43.0908203125
4451845,36.80419921875
4451884,56.94580078125
4451894,42.66357421875
4451923,117.0654296875
4451935,37.90283203125
4451963,44.49462890625
4451992,77.45361328125
4452021,75.0732421875
4452047,38.63525390625
4452094,66.22314453125
4452165,41.748046875
4475117,53.64990234375
4475264,57.9833984375
4475333,72.08251953125
4475350,40.10009765625
4475392,97.900390625
4475416,55.5419921875
4475443,37.7197265625
4475472,39.6728515625
4475493,79.77294921875
4475544,34.7900390625
4475554,52.30712890625
4475611,35.5224609375
4475629,36.0107421875
4475786,38.0859375
4475831,55.48095703125
4481054,44.73876953125
4481227,51.20849609375
4481443,48.15673828125
4481541,51.025390625
4481596,45.10498046875
4481614,50.96435546875
4481642,44.677734375
4481672,37.53662109375
4481690,35.7666015625
4481827,56.45751953125
4481926,38.63525390625
4481941,94.3603515625
4481953,73.3642578125
4482137,47.79052734375
4482301,37.41455078125
4482567,53.89404296875
4482956,51.94091796875
4498876,37.41455078125
4498947,68.84765625
4498965,68.42041015625
4498981,38.330078125
4499001,94.29931640625
4499029,55.7861328125
4499073,39.24560546875
4499085,38.02490234375
4499143,48.27880859375
4499185,79.2236328125
4499209,57.12890625
4499225,39.48974609375
4499313,34.912109375
4499328,51.57470703125
4744526,51.45263671875
4745074,58.7158203125
4745568,50.9033203125
4746277,56.57958984375
4746727,35.58349609375
4747896,56.2744140625
4748288,38.9404296875
4748671,48.9501953125
4748961,55.35888671875
4749334,46.08154296875
4750112,58.16650390625
4750974,39.55078125
4751241,63.53759765625
4751603,57.861328125
4751921,46.32568359375
4752364,54.3212890625
4752671,42.48046875
4753214,41.07666015625
4753692,53.77197265625
4754483,46.32568359375
4754776,42.90771484375
4755330,37.7197265625
4755956,47.42431640625
4756455,54.74853515625
4758176,36.80419921875
4758371,38.02490234375
4759016,44.73876953125
4760243,44.5556640625
4760491,76.96533203125
4760515,49.1943359375
4762688,50.59814453125
4762893,35.0341796875
4763307,51.8798828125
4763882,47.79052734375
4764186,93.44482421875
4764214,71.59423828125
4764845,40.771484375
4765786,35.0341796875
4765805,49.072265625
4766132,42.29736328125
4768126,54.931640625
