4799001,0
1933,17.63916015625
4862,17.578125
5012,18.49365234375
5078,19.6533203125
5133,17.822265625
5165,18.12744140625
5216,20.5078125
5279,17.27294921875
5402,17.578125
5548,19.53125
6905,17.4560546875
7391,19.10400390625
45819,20.69091796875
49327,19.10400390625
55425,17.88330078125
56103,18.4326171875
56317,17.27294921875
56377,20.08056640625
56527,23.5595703125
56568,19.10400390625
56578,18.06640625
56611,17.27294921875
56786,18.4326171875
57361,17.9443359375
58112,16.9677734375
82848,17.02880859375
102163,19.95849609375
102520,20.56884765625
102591,20.99609375
102609,19.287109375
102648,20.93505859375
102690,29.1748046875
102757,20.99609375
102811,27.83203125
102904,17.76123046875
102974,19.59228515625
104300,18.85986328125
104783,20.6298828125
104926,17.51708984375
105113,17.88330078125
144964,18.85986328125
151865,18.9208984375
151918,18.24951171875
152142,18.12744140625
152239,20.01953125
152410,17.08984375
152460,17.39501953125
152505,25.69580078125
152641,19.95849609375
152693,17.51708984375
152738,18.1884765625
152818,19.6533203125
153346,20.751953125
153945,19.53125
154776,19.22607421875
155246,19.47021484375
200222,19.47021484375
200291,28.076171875
200345,18.49365234375
200377,19.59228515625
200422,18.49365234375
200461,18.4326171875
200500,18.310546875
200556,17.39501953125
201991,24.0478515625
241324,16.9677734375
249658,18.12744140625
249959,16.9677734375
250047,18.98193359375
250126,17.2119140625
250243,20.44677734375
250263,18.98193359375
250304,19.04296875
250591,17.15087890625
251404,16.9677734375
252848,19.775390625
279064,17.2119140625
289223,20.1416015625
294731,17.822265625
302549,19.8974609375
302694,25.0244140625
302781,23.193359375
302829,17.51708984375
302902,18.85986328125
302935,21.17919921875
303013,17.15087890625
303029,19.1650390625
303060,18.61572265625
303515,18.310546875
304154,17.2119140625
304472,17.08984375
304593,18.24951171875
304646,17.15087890625
305219,17.39501953125
345991,21.17919921875
346382,21.8505859375
346543,16.9677734375
346615,23.37646484375
346676,20.99609375
346700,26.67236328125
346720,21.05712890625
346769,18.00537109375
348487,17.63916015625
348849,17.9443359375
349037,17.333984375
394675,17.9443359375
394814,18.12744140625
394852,19.34814453125
394899,21.78955078125
394960,18.12744140625
394988,21.17919921875
395122,19.4091796875
395242,17.51708984375
396477,21.30126953125
397310,16.9677734375
439673,19.8974609375
443988,18.00537109375
447163,18.73779296875
447319,21.1181640625
447413,18.06640625
447570,25.390625
447605,22.88818359375
447620,17.2119140625
447662,19.287109375
447700,20.1416015625
447766,17.02880859375
447784,19.287109375
449218,17.39501953125
450030,18.4326171875
489276,20.263671875
489529,21.484375
489660,18.6767578125
489739,17.333984375
489793,22.52197265625
489860,17.51708984375
489885,18.1884765625
489961,18.37158203125
489983,20.3857421875
490009,19.22607421875
490155,17.63916015625
490228,18.61572265625
490249,17.63916015625
490828,17.2119140625
491490,17.02880859375
491565,17.7001953125
491985,17.4560546875
536390,17.51708984375
538204,18.61572265625
538399,18.310546875
538561,21.17919921875
538593,21.240234375
538729,21.3623046875
538802,25.2685546875
538820,30.70068359375
538934,20.56884765625
540460,18.5546875
540579,18.1884765625
540828,19.1650390625
575664,19.287109375
576000,18.98193359375
576035,17.7001953125
576062,17.4560546875
576221,29.296875
576316,16.9677734375
576378,18.00537109375
576422,21.54541015625
576476,23.4375
576571,19.47021484375
578567,18.310546875
578953,18.4326171875
631601,17.27294921875
631740,17.63916015625
631907,25.390625
632049,21.91162109375
632113,26.2451171875
632145,28.80859375
632258,16.9677734375
632333,20.263671875
632354,24.2919921875
632370,18.24951171875
632538,19.8974609375
633563,22.88818359375
634110,18.37158203125
634235,22.15576171875
672650,17.4560546875
672898,20.20263671875
673024,17.63916015625
673195,18.24951171875
673277,17.4560546875
673308,17.15087890625
673359,18.798828125
673403,18.5546875
673470,23.98681640625
675113,17.578125
675410,17.4560546875
732033,19.8974609375
732206,19.4091796875
732367,20.32470703125
732404,16.9677734375
732423,17.7001953125
732487,20.8740234375
732536,19.59228515625
732592,23.98681640625
732610,20.6298828125
732632,17.88330078125
732656,17.15087890625
732736,20.263671875
732769,17.333984375
733813,18.310546875
734071,19.83642578125
734270,17.333984375
734641,17.02880859375
769516,18.06640625
769744,18.73779296875
769849,20.56884765625
769902,20.44677734375
770013,19.34814453125
770070,22.8271484375
770136,19.53125
770179,17.88330078125
770190,18.00537109375
770249,18.85986328125
770260,24.0478515625
771120,17.39501953125
771768,21.66748046875
772659,18.73779296875
811188,17.76123046875
811528,17.39501953125
811569,20.1416015625
811650,18.24951171875
811674,22.76611328125
811726,18.310546875
811738,17.27294921875
811757,17.76123046875
811813,22.39990234375
811831,25.20751953125
811860,20.32470703125
812311,18.49365234375
812373,17.333984375
812619,17.08984375
813335,16.9677734375
813844,21.54541015625
845450,18.5546875
845649,17.08984375
845798,18.37158203125
845891,23.01025390625
845911,18.37158203125
845937,17.27294921875
845968,28.50341796875
845987,23.4375
846060,21.6064453125
846105,29.23583984375
846130,20.3857421875
846265,20.3857421875
846316,18.37158203125
846392,17.08984375
847607,17.4560546875
847771,17.63916015625
848117,19.1650390625
848237,18.98193359375
848518,19.53125
879912,19.71435546875
880123,18.310546875
880208,18.06640625
880281,18.37158203125
880432,27.40478515625
880442,16.9677734375
880458,20.5078125
880490,16.9677734375
880529,18.73779296875
880572,27.64892578125
880646,18.6767578125
880680,19.95849609375
880739,20.5078125
881480,16.9677734375
882546,17.2119140625
911146,16.9677734375
911268,17.9443359375
911571,21.91162109375
911647,17.4560546875
911664,22.52197265625
911734,28.62548828125
911744,20.1416015625
911785,18.85986328125
911843,18.61572265625
911885,17.39501953125
911920,16.9677734375
912007,19.287109375
912046,19.83642578125
912284,19.8974609375
913542,17.02880859375
914161,18.49365234375
914380,16.9677734375
945765,18.49365234375
945917,17.88330078125
945968,17.27294921875
945985,17.76123046875
946037,20.32470703125
946162,20.93505859375
946248,17.4560546875
947732,20.5078125
982316,19.287109375
982551,20.5078125
982759,22.0947265625
982888,18.24951171875
982906,18.9208984375
982955,18.85986328125
983045,18.1884765625
983074,17.08984375
983174,18.5546875
983220,16.9677734375
984415,17.9443359375
984698,17.822265625
1013191,22.216796875
1013540,24.47509765625
1013573,19.775390625
1013625,20.81298828125
1013666,20.99609375
1013707,18.49365234375
1013726,24.0478515625
1013767,25.08544921875
1013831,20.6298828125
1013906,19.34814453125
1013953,19.95849609375
1014077,18.24951171875
1015512,17.63916015625
1055304,21.1181640625
1055623,18.98193359375
1055692,22.0947265625
1055714,19.34814453125
1055788,18.00537109375
1055814,22.03369140625
1055899,17.333984375
1055948,20.99609375
1055967,17.15087890625
1055991,19.22607421875
1056091,18.1884765625
1056101,21.484375
1056564,17.7001953125
1057484,20.263671875
1057633,17.578125
1057725,22.39990234375
1058157,17.578125
1088572,18.73779296875
1088779,20.08056640625
1088885,18.12744140625
1088925,19.71435546875
1089093,18.5546875
1089109,21.91162109375
1089202,20.08056640625
1089216,20.3857421875
1089257,18.12744140625
1089350,22.27783203125
1091588,19.83642578125
1130590,18.85986328125
1130667,17.7001953125
1130779,18.73779296875
1130879,17.4560546875
1130954,21.66748046875
1130964,25.69580078125
1131075,18.9208984375
1131245,17.08984375
1131906,18.1884765625
1132699,17.822265625
1133036,18.5546875
1133660,17.02880859375
1188305,24.10888671875
1188498,21.30126953125
1188667,20.5078125
1188694,17.02880859375
1188766,17.63916015625
1188804,18.98193359375
1188829,23.4375
1188873,18.85986328125
1188897,17.88330078125
1188938,20.8740234375
1188964,30.76171875
1188981,19.1650390625
1189019,23.25439453125
1189053,16.9677734375
1189197,20.81298828125
1189493,17.08984375
1189514,17.7001953125
1189670,17.15087890625
1189975,17.02880859375
1190362,18.4326171875
1190513,19.10400390625
1190928,18.310546875
1228479,19.4091796875
1228654,17.333984375
1228698,21.17919921875
1228728,20.99609375
1228741,20.3857421875
1228779,20.3857421875
1228869,18.73779296875
1228912,25.32958984375
1228941,17.578125
1229100,21.1181640625
1229205,18.61572265625
1229310,17.15087890625
1229449,17.333984375
1230687,17.7001953125
1231833,17.51708984375
1262797,18.06640625
1266298,19.95849609375
1266504,22.4609375
1266647,18.6767578125
1266799,23.86474609375
1266809,17.333984375
1266969,20.69091796875
1267015,17.27294921875
1269162,18.06640625
1302359,19.53125
1302433,17.578125
1302565,17.333984375
1302753,19.83642578125
1302818,18.00537109375
1302828,18.61572265625
1302903,18.06640625
1302950,17.08984375
1302997,17.39501953125
1303039,17.822265625
1303072,17.51708984375
1303248,18.12744140625
1303740,18.12744140625
1303752,17.578125
1304124,17.08984375
1304397,17.578125
1304816,18.85986328125
1305489,17.578125
1339906,17.333984375
1339975,20.56884765625
1340012,21.728515625
1340070,18.73779296875
1340145,17.51708984375
1340221,33.69140625
1340285,19.71435546875
1340298,19.71435546875
1340370,21.3623046875
1340460,18.6767578125
1340520,18.6767578125
1340616,17.2119140625
1341976,18.12744140625
1375788,17.39501953125
1376112,18.1884765625
1376177,18.85986328125
1376220,20.08056640625
1376344,20.99609375
1376440,21.8505859375
1376451,19.6533203125
1376478,24.23095703125
1376658,17.39501953125
1378051,19.53125
1378727,17.9443359375
1404677,18.61572265625
1404746,16.9677734375
1404998,18.98193359375
1405019,18.24951171875
1405118,17.333984375
1405231,20.69091796875
1405432,18.310546875
1405491,18.73779296875
1406037,19.71435546875
1430306,21.42333984375
1430696,18.12744140625
1430751,20.44677734375
1430847,22.8271484375
1430958,21.05712890625
1430999,17.27294921875
1431033,19.47021484375
1431086,19.6533203125
1431464,17.08984375
1431492,17.39501953125
1431603,19.287109375
1431926,18.9208984375
1432577,20.69091796875
1432706,21.78955078125
1433105,17.578125
1464948,17.63916015625
1465013,18.9208984375
1465099,20.81298828125
1465156,19.59228515625
1465198,19.1650390625
1465243,17.2119140625
1465253,20.69091796875
1465299,18.1884765625
1465366,17.39501953125
1465560,18.85986328125
1466985,19.6533203125
1467260,17.08984375
1467549,17.27294921875
1493077,17.02880859375
1493277,20.99609375
1493337,24.5361328125
1493381,23.13232421875
1493440,19.1650390625
1493493,18.49365234375
1493504,19.6533203125
1493568,18.49365234375
1493578,18.6767578125
1493782,17.4560546875
1493927,19.287109375
1525768,20.81298828125
1526106,17.7001953125
1526147,19.59228515625
1526190,18.798828125
1526255,18.49365234375
1526282,20.69091796875
1526322,18.4326171875
1526341,20.751953125
1526426,17.822265625
1526452,17.4560546875
1526517,17.39501953125
1526560,19.8974609375
1526594,17.2119140625
1527790,17.39501953125
1528317,18.6767578125
1528673,19.04296875
1560445,17.578125
1560865,17.2119140625
1560937,18.4326171875
1561002,21.6064453125
1561052,17.39501953125
1561070,18.73779296875
1561143,18.37158203125
1561171,21.728515625
1561206,18.37158203125
1561346,17.2119140625
1561445,17.4560546875
1563148,17.15087890625
1563175,18.98193359375
1563316,18.61572265625
1599882,17.88330078125
1600113,21.05712890625
1600283,22.15576171875
1600365,17.578125
1600423,17.9443359375
1600518,18.49365234375
1600556,17.39501953125
1600672,22.94921875
1600950,17.08984375
1602359,17.578125
1602668,22.216796875
1602695,17.27294921875
1602736,18.37158203125
1624001,20.32470703125
1624167,18.61572265625
1624322,18.85986328125
1624338,17.2119140625
1624474,25.32958984375
1624514,21.97265625
1624549,26.2451171875
1624699,20.81298828125
1624733,17.2119140625
1626316,17.4560546875
1626694,17.9443359375
1666542,19.53125
1666692,18.06640625
1666758,18.4326171875
1666864,26.79443359375
1666877,21.42333984375
1666931,22.88818359375
1666994,24.23095703125
1667031,17.4560546875
1667116,19.95849609375
1700693,17.88330078125
1713223,20.3857421875
1713254,17.4560546875
1713330,17.2119140625
1713467,23.37646484375
1714558,17.08984375
1715747,17.333984375
1741344,18.6767578125
1741878,19.95849609375
1741903,21.6064453125
1741968,17.333984375
1741982,17.02880859375
1742005,18.06640625
1742047,26.06201171875
1742075,22.216796875
1742169,24.84130859375
1742217,17.9443359375
1742272,17.822265625
1743279,18.73779296875
1781534,18.00537109375
1787069,20.56884765625
1787967,18.37158203125
1788159,18.1884765625
1788385,19.83642578125
1788502,22.39990234375
1788547,18.24951171875
1788581,28.80859375
1788647,21.3623046875
1788669,19.59228515625
1790351,20.08056640625
1824667,17.88330078125
1831072,18.00537109375
1831292,21.30126953125
1831544,22.8271484375
1831620,22.0947265625
1831647,20.44677734375
1831668,26.3671875
1831723,20.81298828125
1831859,20.3857421875
1831922,18.12744140625
1833210,17.76123046875
1866187,19.22607421875
1866366,17.9443359375
1866546,21.3623046875
1866557,18.00537109375
1866641,17.39501953125
1866677,24.10888671875
1866722,18.00537109375
1866767,22.27783203125
1866806,24.96337890625
1866893,19.8974609375
1866905,17.51708984375
1904606,20.56884765625
1904618,16.9677734375
1904680,18.00537109375
1904788,27.34375
1904825,18.24951171875
1904885,20.263671875
1904933,17.76123046875
1937553,20.1416015625
1937909,18.9208984375
1937989,20.5078125
1938017,18.37158203125
1938092,25.2685546875
1938118,18.6767578125
1938185,26.67236328125
1938350,20.3857421875
1975776,21.240234375
1976217,18.61572265625
1976311,17.27294921875
1976376,20.3857421875
1976410,18.37158203125
1976424,18.49365234375
1976451,26.85546875
1976495,20.81298828125
1976638,19.287109375
1978224,17.02880859375
2017908,23.3154296875
2017997,19.287109375
2018049,20.1416015625
2018114,21.3623046875
2018201,23.74267578125
2018539,18.61572265625
2019779,17.02880859375
2052436,18.4326171875
2052654,23.4375
2052716,23.92578125
2052832,17.15087890625
2052852,17.4560546875
2052868,17.27294921875
2053913,17.02880859375
2054468,17.27294921875
2094692,17.27294921875
2094769,20.44677734375
2094850,20.44677734375
2094863,18.9208984375
2094896,18.37158203125
2094959,21.66748046875
2095003,18.00537109375
2095030,19.4091796875
2125158,17.9443359375
2128385,21.66748046875
2128612,22.0947265625
2128675,18.4326171875
2128746,19.287109375
2128756,17.822265625
2128812,18.49365234375
2128838,18.73779296875
2128932,18.06640625
2164597,17.02880859375
2171783,21.484375
2171977,17.7001953125
2172097,18.73779296875
2172269,17.822265625
2172357,20.20263671875
2172394,17.7001953125
2172422,20.44677734375
2172484,21.17919921875
2172561,20.93505859375
2207455,22.76611328125
2207605,17.27294921875
2207832,18.85986328125
2207876,19.775390625
2207900,22.0947265625
2207940,21.3623046875
2207980,20.01953125
2208010,17.9443359375
2208032,17.02880859375
2208178,18.9208984375
2242083,18.85986328125
2244271,18.4326171875
2244294,21.66748046875
2244402,23.681640625
2244426,27.52685546875
2244481,19.4091796875
2244520,20.56884765625
2244555,19.95849609375
2244587,20.1416015625
2245680,18.4326171875
2283449,17.76123046875
2283506,17.822265625
2283870,22.8271484375
2283889,17.51708984375
2283943,26.67236328125
2283965,17.2119140625
2284005,20.20263671875
2284017,21.54541015625
2284045,19.53125
2284105,19.47021484375
2284163,19.95849609375
2284354,18.24951171875
2285605,17.88330078125
2319181,18.06640625
2319403,18.49365234375
2319437,17.4560546875
2319481,25.08544921875
2319550,19.1650390625
2319605,18.73779296875
2319654,17.63916015625
2353020,19.775390625
2353201,17.9443359375
2353359,16.9677734375
2353503,18.06640625
2353568,20.44677734375
2353652,17.63916015625
2353704,20.69091796875
2353748,19.53125
2353801,21.97265625
2353912,18.5546875
2391845,18.12744140625
2392879,19.775390625
2393285,26.0009765625
2393393,23.01025390625
2393449,23.3154296875
2393471,21.8505859375
2427447,17.578125
2427481,17.15087890625
2427523,21.97265625
2427562,21.8505859375
2427573,26.67236328125
2427606,17.2119140625
2427750,17.88330078125
2427888,17.51708984375
2463883,20.32470703125
2466952,17.27294921875
2467223,18.9208984375
2467334,24.96337890625
2467349,22.8271484375
2467390,21.05712890625
2467419,20.81298828125
2467557,17.578125
2469450,18.5546875
2504794,17.51708984375
2505145,17.822265625
2505240,21.484375
2505287,17.9443359375
2505323,21.30126953125
2505363,18.06640625
2505383,18.1884765625
2505403,24.7802734375
2505440,17.578125
2505535,17.578125
2541912,20.44677734375
2542685,21.17919921875
2542864,21.30126953125
2542880,22.94921875
2542973,18.6767578125
2543157,17.4560546875
2579939,18.5546875
2580500,18.5546875
2580546,17.2119140625
2580633,24.23095703125
2580645,20.3857421875
2580671,23.74267578125
2580682,26.4892578125
2580758,20.3857421875
2581906,17.51708984375
2601271,17.76123046875
2601431,17.15087890625
2601826,19.22607421875
2601890,17.39501953125
2601991,17.63916015625
2602002,20.32470703125
2602096,17.2119140625
2602122,19.04296875
2641162,18.00537109375
2641356,19.4091796875
2641493,16.9677734375
2641658,28.25927734375
2641741,17.578125
2641773,27.89306640625
2641796,18.6767578125
2641827,20.8740234375
2641888,17.51708984375
2682905,18.06640625
2683234,19.53125
2683255,19.6533203125
2683289,17.15087890625
2683360,24.169921875
2683379,19.34814453125
2683413,18.6767578125
2683442,17.02880859375
2683521,17.2119140625
2683533,18.37158203125
2683591,18.6767578125
2685058,19.53125
2722567,20.81298828125
2722747,16.9677734375
2723010,25.2685546875
2723077,17.822265625
2723148,22.0947265625
2723202,21.240234375
2723255,19.775390625
2759282,21.3623046875
2759484,19.8974609375
2759811,20.263671875
2759839,22.64404296875
2759928,23.86474609375
2759956,21.484375
2759983,18.4326171875
2760042,17.08984375
2760115,17.4560546875
2760476,17.08984375
2761950,18.06640625
2785042,19.10400390625
2785248,18.310546875
2785390,18.5546875
2785557,19.71435546875
2785638,18.9208984375
2785656,19.10400390625
2785709,20.08056640625
2785722,19.71435546875
2785816,17.51708984375
2786044,19.22607421875
2787678,17.578125
2827365,18.6767578125
2827555,18.00537109375
2827830,17.88330078125
2827864,21.66748046875
2828008,18.98193359375
2828071,19.59228515625
2828142,17.578125
2868282,17.333984375
2868443,18.1884765625
2868526,21.17919921875
2868608,19.71435546875
2868663,29.4189453125
2868697,31.982421875
2909608,19.4091796875
2909670,21.42333984375
2909709,20.263671875
2909799,20.3857421875
2910720,19.34814453125
2948316,17.76123046875
2948401,20.1416015625
2948716,19.4091796875
2948762,24.35302734375
2948835,22.52197265625
2948892,29.541015625
2948934,18.1884765625
2948976,18.1884765625
2948995,17.02880859375
2949038,18.73779296875
2983156,17.88330078125
2983408,20.81298828125
2983559,17.39501953125
2983757,20.56884765625
2983775,19.10400390625
2983811,21.17919921875
2983884,18.73779296875
2983915,26.79443359375
2983962,17.76123046875
2983988,17.63916015625
2984014,20.751953125
3023378,19.22607421875
3023688,23.5595703125
3023751,17.2119140625
3023822,20.93505859375
3023891,17.4560546875
3023917,17.88330078125
3023958,18.06640625
3023981,18.5546875
3024331,17.333984375
3062978,18.798828125
3063182,17.578125
3063544,17.15087890625
3063577,17.578125
3063655,27.77099609375
3063674,18.73779296875
3063702,27.89306640625
3063760,19.22607421875
3100069,18.06640625
3100248,22.52197265625
3100540,17.39501953125
3100653,18.798828125
3100682,20.44677734375
3100758,17.578125
3100772,19.34814453125
3100797,21.3623046875
3100824,21.3623046875
3100888,18.798828125
3139689,19.71435546875
3139975,18.4326171875
3140071,19.287109375
3140114,29.60205078125
3140198,17.15087890625
3177398,21.17919921875
3177596,19.95849609375
3177931,20.56884765625
3177953,17.02880859375
3178034,19.6533203125
3178047,18.9208984375
3178129,24.35302734375
3178189,18.24951171875
3178513,17.15087890625
3179666,19.59228515625
3214213,21.240234375
3214372,21.97265625
3214491,17.63916015625
3214745,17.9443359375
3214785,17.578125
3214857,19.59228515625
3214870,17.578125
3214904,17.27294921875
3214931,17.08984375
3216574,18.9208984375
3254355,18.00537109375
3254623,19.4091796875
3254698,18.1884765625
3254716,18.73779296875
3254743,19.1650390625
3254773,25.81787109375
3254815,18.24951171875
3256259,18.9208984375
3293628,17.39501953125
3293764,17.7001953125
3293889,17.88330078125
3293934,22.27783203125
3293976,18.98193359375
3294059,28.3203125
3294104,19.22607421875
3294163,18.798828125
3294219,17.27294921875
3294375,20.3857421875
3295859,17.7001953125
3331667,21.3623046875
3331841,18.00537109375
3332161,20.01953125
3332230,20.44677734375
3332284,19.71435546875
3332302,28.4423828125
3332362,18.6767578125
3369577,18.24951171875
3369635,18.1884765625
3369739,20.01953125
3369970,19.6533203125
3370105,19.34814453125
3370149,28.62548828125
3370221,17.2119140625
3370232,18.73779296875
3370444,18.06640625
3408630,17.7001953125
3408799,17.578125
3409147,18.37158203125
3409233,23.98681640625
3409263,26.2451171875
3409289,28.01513671875
3409310,20.1416015625
3409398,17.51708984375
3449888,17.76123046875
3450136,23.5595703125
3450248,18.00537109375
3450438,18.5546875
3450593,24.96337890625
3450614,19.6533203125
3450716,17.39501953125
3450818,18.98193359375
3451942,17.822265625
3476291,18.24951171875
3476777,19.59228515625
3476825,20.44677734375
3476920,21.66748046875
3476933,22.0947265625
3477034,17.08984375
3477056,20.1416015625
3477292,17.333984375
3478585,17.76123046875
3478765,16.9677734375
3479373,17.02880859375
3516765,22.0947265625
3517252,21.97265625
3517272,20.08056640625
3517317,24.47509765625
3517348,17.333984375
3517362,18.49365234375
3517386,24.658203125
3517418,22.0947265625
3517432,25.87890625
3517499,19.71435546875
3561553,22.216796875
3561730,18.1884765625
3561793,18.24951171875
3561851,23.13232421875
3562059,17.333984375
3562142,21.54541015625
3562169,20.32470703125
3562205,22.3388671875
3562230,21.66748046875
3562242,17.51708984375
3562347,18.37158203125
3599572,17.51708984375
3600370,18.98193359375
3600526,18.37158203125
3600649,17.63916015625
3600853,26.06201171875
3600963,22.94921875
3600980,20.69091796875
3601042,19.6533203125
3601184,17.39501953125
3601320,19.04296875
3640862,18.4326171875
3641338,19.22607421875
3641389,20.56884765625
3641490,23.86474609375
3641540,23.98681640625
3641581,18.798828125
3680092,17.88330078125
3680165,17.578125
3680421,21.3623046875
3680453,17.39501953125
3680598,17.9443359375
3680680,17.15087890625
3680701,17.4560546875
3680765,17.88330078125
3680800,24.47509765625
3680859,19.1650390625
3680890,17.15087890625
3719896,16.9677734375
3720233,17.822265625
3720258,17.76123046875
3720300,23.193359375
3720343,25.146484375
3720426,17.76123046875
3720469,18.98193359375
3720577,18.1884765625
3758221,17.2119140625
3759928,19.1650390625
3760368,18.798828125
3760396,20.99609375
3760408,17.08984375
3760493,18.310546875
3760588,18.1884765625
3760609,17.7001953125
3760656,17.15087890625
3797387,17.39501953125
3801417,17.2119140625
3801705,17.02880859375
3801717,17.63916015625
3801815,23.25439453125
3801838,29.296875
3801859,26.2451171875
3801939,18.49365234375
3802002,19.53125
3839788,17.08984375
3839846,18.1884765625
3839948,17.7001953125
3839998,25.69580078125
3840043,25.08544921875
3840083,17.9443359375
3840094,18.85986328125
3840337,17.27294921875
3875661,17.51708984375
3879530,18.12744140625
3880036,17.02880859375
3880201,21.97265625
3880373,18.24951171875
3880386,28.6865234375
3880424,20.08056640625
3880460,21.1181640625
3880496,17.9443359375
3880528,19.775390625
3880596,18.61572265625
3916639,18.85986328125
3916713,17.76123046875
3916790,22.03369140625
3916862,21.05712890625
3916929,25.81787109375
3916973,20.08056640625
3943259,20.01953125
3945264,18.310546875
3945591,21.17919921875
3945618,17.39501953125
3945683,19.1650390625
3945794,17.333984375
3945823,18.73779296875
3945954,17.7001953125
3947839,17.7001953125
3984385,17.4560546875
3984800,20.32470703125
3985213,19.47021484375
3985285,20.20263671875
3985321,21.97265625
3985361,18.85986328125
3985407,20.08056640625
3985429,19.6533203125
3985464,17.39501953125
3985680,19.47021484375
4023544,17.15087890625
4024006,17.27294921875
4024055,21.728515625
4024113,23.13232421875
4024219,16.9677734375
4025702,18.4326171875
4068304,18.12744140625
4068492,22.8271484375
4068763,17.2119140625
4068793,18.24951171875
4068828,17.02880859375
4068879,18.85986328125
4068952,18.5546875
4068976,18.798828125
4105480,17.51708984375
4106363,17.333984375
4106565,17.51708984375
4106899,19.287109375
4106960,22.5830078125
4107006,19.71435546875
4107039,18.4326171875
4107080,18.37158203125
4107158,17.578125
4107224,20.93505859375
4107243,19.47021484375
4146322,17.15087890625
4147051,19.1650390625
4147225,19.53125
4147486,27.28271484375
4147586,18.37158203125
4147599,19.8974609375
4147634,19.34814453125
4147699,20.08056640625
4147722,18.24951171875
4147756,17.63916015625
4147793,18.24951171875
4147853,18.73779296875
4181629,19.22607421875
4185508,20.99609375
4185577,17.51708984375
4185590,18.310546875
4185713,21.1181640625
4185816,17.76123046875
4185918,17.333984375
4187130,17.15087890625
4220192,17.27294921875
4222897,18.37158203125
4222977,22.3388671875
4223026,19.95849609375
4223058,21.42333984375
4223095,19.34814453125
4223154,18.798828125
4223238,17.51708984375
4224734,20.93505859375
4258427,17.39501953125
4264948,18.00537109375
4265016,18.310546875
4265091,17.822265625
4265118,21.42333984375
4265148,17.333984375
4265168,17.51708984375
4265186,19.34814453125
4265358,19.1650390625
4265372,18.49365234375
4265464,18.1884765625
4266497,18.9208984375
4304594,22.03369140625
4305056,17.822265625
4305071,21.17919921875
4305111,19.287109375
4305124,18.06640625
4305184,16.9677734375
4305240,21.240234375
4305283,20.08056640625
4307377,17.08984375
4338887,17.9443359375
4339400,27.40478515625
4339521,19.34814453125
4339562,20.1416015625
4339604,19.47021484375
4339680,22.3388671875
4339726,17.7001953125
4340783,17.08984375
4341404,17.2119140625
4373279,19.10400390625
4373464,20.5078125
4373592,18.798828125
4373639,17.15087890625
4373816,19.95849609375
4373872,17.27294921875
4373912,24.96337890625
4373922,28.6865234375
4373976,19.1650390625
4374065,17.9443359375
4374131,20.5078125
4407142,19.53125
4407657,18.24951171875
4407709,20.20263671875
4407729,18.98193359375
4407768,17.15087890625
4407785,28.80859375
4407854,24.59716796875
4407930,18.98193359375
4407957,18.1884765625
4407969,17.15087890625
4440512,17.15087890625
4440784,18.9208984375
4440834,21.6064453125
4440877,18.798828125
4440914,20.20263671875
4440955,18.1884765625
4441079,21.30126953125
4441110,17.9443359375
4475160,20.6298828125
4475342,16.9677734375
4475457,17.4560546875
4475587,17.02880859375
4475662,20.08056640625
4475689,17.02880859375
4475767,24.2919921875
4475805,19.95849609375
4475830,17.7001953125
4475850,20.08056640625
4475925,17.15087890625
4509822,18.310546875
4510442,22.3388671875
4510499,21.17919921875
4510539,19.287109375
4546463,19.83642578125
4546645,19.71435546875
4546851,18.49365234375
4546896,17.63916015625
4546944,19.10400390625
4547011,18.00537109375
4547103,18.798828125
4547180,18.24951171875
4547242,19.59228515625
4547252,18.5546875
4547298,17.02880859375
4548539,20.5078125
4593452,21.6064453125
4593595,19.47021484375
4593637,21.91162109375
4629161,17.02880859375
4629282,17.2119140625
4629307,21.8505859375
4629358,19.83642578125
4629383,28.3203125
4629422,17.88330078125
4629505,16.9677734375
4664893,18.12744140625
4665051,19.59228515625
4665373,18.24951171875
4665415,22.5830078125
4665501,19.47021484375
4665517,22.39990234375
4665547,23.62060546875
4665609,17.88330078125
4665621,19.34814453125
4665819,17.02880859375
4700385,18.06640625
4700536,18.12744140625
4700938,20.1416015625
4700960,17.88330078125
4701026,20.32470703125
4701069,17.88330078125
4701104,19.10400390625
4737539,17.88330078125
4737838,17.39501953125
4737862,17.51708984375
4737932,18.6767578125
4737976,20.69091796875
4738053,19.95849609375
4738094,18.85986328125
4769934,17.27294921875
4774712,17.822265625
4775033,19.1650390625
4775294,17.578125
4775403,19.8974609375
4775429,19.22607421875
4775446,20.08056640625
4775475,17.578125
4775499,20.08056640625
4775570,19.59228515625
4775599,19.4091796875
4775718,19.04296875
4777377,17.7001953125
