4799201,0
118892,23.193359375
118913,19.6533203125
122594,20.69091796875
329908,20.1416015625
544560,21.54541015625
544587,19.775390625
544648,19.59228515625
544704,19.71435546875
815099,20.3857421875
892693,20.20263671875
978712,37.90283203125
978883,27.28271484375
979317,19.775390625
996853,20.5078125
1006660,20.44677734375
1020251,25.0244140625
1047369,19.83642578125
1067823,20.1416015625
1079047,35.33935546875
1094723,23.4375
1124642,19.59228515625
1144175,19.8974609375
1172125,19.83642578125
1172168,45.22705078125
1172286,21.42333984375
1217762,19.775390625
1217856,40.10009765625
1218202,21.484375
1238723,38.75732421875
1238766,20.01953125
1238797,23.01025390625
1238820,23.13232421875
1238850,23.3154296875
1238910,22.3388671875
1248731,26.91650390625
1248786,33.935546875
1248809,25.390625
1248842,19.775390625
1248860,20.81298828125
1248932,19.22607421875
1259097,24.47509765625
1281859,38.26904296875
1281966,21.1181640625
1282004,21.91162109375
1282036,21.17919921875
1282105,19.59228515625
1282156,20.6298828125
1282177,20.56884765625
1282350,22.27783203125
1282505,19.287109375
1295959,20.01953125
1300601,33.69140625
1300639,21.91162109375
1300808,21.240234375
1318807,38.330078125
1318830,24.10888671875
1334170,20.99609375
1334213,20.44677734375
1334224,19.22607421875
1334250,44.25048828125
1334268,41.748046875
1334301,19.287109375
1334319,21.3623046875
1334344,19.47021484375
1334377,26.30615234375
1334457,20.1416015625
1334473,50.96435546875
1334493,38.2080078125
1334532,19.287109375
1334551,31.982421875
1334620,25.634765625
1334649,29.84619140625
1334671,35.09521484375
1334703,25.57373046875
1334724,23.25439453125
1334748,25.32958984375
1334779,27.34375
1334794,31.3720703125
1334816,25.634765625
1334848,23.4375
1334879,28.9306640625
1334912,22.27783203125
1334957,19.6533203125
1334980,35.09521484375
1334990,20.751953125
1335013,24.59716796875
1335038,27.64892578125
1335064,27.77099609375
1335079,35.21728515625
1335089,21.1181640625
1335131,22.0947265625
1335141,22.76611328125
1335157,41.6259765625
1335198,21.54541015625
1335214,21.91162109375
1335239,20.01953125
1335273,45.166015625
1335307,27.587890625
1335341,26.4892578125
1335355,20.44677734375
1335432,52.18505859375
1335464,29.72412109375
1335474,48.88916015625
1335568,26.3671875
1335613,24.5361328125
1335695,54.13818359375
1335720,34.1796875
1335755,27.9541015625
1335915,32.2265625
1336068,50.35400390625
1336121,24.169921875
1336414,25.146484375
1336663,19.1650390625
1336865,21.78955078125
1337050,19.71435546875
1337521,22.76611328125
1337726,21.30126953125
1337795,19.6533203125
1338243,20.8740234375
1338438,19.59228515625
1338613,20.5078125
1339201,21.05712890625
1339649,20.20263671875
1339916,27.16064453125
1340675,21.17919921875
1358755,19.775390625
1358783,21.91162109375
1358805,23.0712890625
1358831,28.74755859375
1358854,23.681640625
1358869,39.97802734375
1358893,36.31591796875
1358905,24.2919921875
1358927,52.55126953125
1358959,56.09130859375
1358969,26.4892578125
1358985,36.0107421875
1359004,50.29296875
1359016,20.01953125
1359046,29.296875
1359056,42.17529296875
1359088,40.6494140625
1359132,42.41943359375
1359151,26.85546875
1359169,21.240234375
1359204,45.95947265625
1359245,20.751953125
1359275,21.42333984375
1359307,19.95849609375
1359333,21.30126953125
1359436,19.71435546875
1360363,19.59228515625
1360532,22.76611328125
1361056,22.88818359375
1361089,20.56884765625
1361282,19.1650390625
1361611,20.5078125
1361749,26.4892578125
1361765,22.216796875
1361886,19.287109375
1363079,20.5078125
1363212,19.47021484375
1363324,20.01953125
1363378,19.775390625
1363549,28.99169921875
1363858,20.6298828125
1377788,20.32470703125
1377819,27.34375
1377843,48.88916015625
1377860,33.14208984375
1377881,33.50830078125
1377907,24.169921875
1377930,22.64404296875
1377959,36.92626953125
1377992,48.7060546875
1378018,19.47021484375
1378031,25.69580078125
1378049,60.11962890625
1378069,26.55029296875
1378092,27.40478515625
1378107,23.5595703125
1378122,25.0244140625
1378143,31.982421875
1378209,19.287109375
1378260,19.53125
1378703,20.1416015625
1378894,21.240234375
1379074,19.95849609375
1379266,19.22607421875
1379451,23.681640625
1379837,23.681640625
1380310,19.22607421875
1380429,22.94921875
1380630,19.1650390625
1380908,28.80859375
1381166,20.8740234375
1381194,21.78955078125
1381582,34.912109375
1393941,28.13720703125
1394032,21.3623046875
1394106,23.3154296875
1394160,21.05712890625
1394175,19.6533203125
1394198,30.33447265625
1394236,39.306640625
1394250,36.1328125
1394270,20.93505859375
1394305,20.8740234375
1394325,45.10498046875
1394341,34.66796875
1394374,22.3388671875
1394408,20.6298828125
1394421,19.83642578125
1394434,34.7900390625
1394513,27.28271484375
1394664,20.93505859375
1394677,25.0244140625
1394956,20.3857421875
1395003,20.263671875
1395179,30.8837890625
1395386,20.6298828125
1395473,20.20263671875
1395502,20.01953125
1395577,21.97265625
1395616,27.099609375
1395887,21.54541015625
1396132,25.7568359375
1396502,37.109375
1407344,19.8974609375
1407418,28.74755859375
1407468,26.79443359375
1407486,31.982421875
1407502,23.13232421875
1407528,28.1982421875
1407553,34.1796875
1407579,31.6162109375
1407603,20.08056640625
1407630,33.8134765625
1407688,19.1650390625
1407718,36.0107421875
1407730,26.9775390625
1407758,29.84619140625
1407837,31.31103515625
1407988,31.005859375
1408177,32.470703125
1408318,23.92578125
1408685,25.390625
1408819,23.193359375
1408917,21.17919921875
1409493,21.1181640625
1418149,19.6533203125
1418180,28.74755859375
1418195,53.40576171875
1418230,28.6865234375
1418252,22.76611328125
1418273,27.28271484375
1418296,28.6865234375
1418317,28.01513671875
1418345,35.400390625
1418377,49.1943359375
1418407,20.6298828125
1418483,21.484375
1418496,33.3251953125
1418553,25.5126953125
1418582,22.0947265625
1418638,27.4658203125
1418892,23.681640625
1419078,20.1416015625
1419505,22.5830078125
1427710,21.54541015625
1427778,24.0478515625
1427796,26.91650390625
1427834,34.1796875
1427847,30.57861328125
1427876,31.79931640625
1427922,21.05712890625
1427934,25.0244140625
1427956,22.8271484375
1427993,27.4658203125
1428025,19.6533203125
1428048,53.1005859375
1428071,26.79443359375
1428185,19.1650390625
1428328,37.9638671875
1435551,21.78955078125
1435704,19.6533203125
1435732,19.53125
1435761,21.1181640625
1435778,35.15625
1435791,27.83203125
1435822,30.029296875
1435833,25.81787109375
1435903,25.146484375
1435924,31.73828125
1435953,57.55615234375
1435978,20.93505859375
1436032,20.5078125
1436087,26.85546875
1436206,20.1416015625
1436263,27.83203125
1437435,19.34814453125
1444033,20.69091796875
1444045,31.67724609375
1444064,27.64892578125
1444078,28.6865234375
1444118,23.0712890625
1444151,39.1845703125
1444170,32.3486328125
1444181,22.76611328125
1444228,21.8505859375
1444246,23.74267578125
1444271,47.9736328125
1444315,22.94921875
1444332,19.1650390625
1444362,19.6533203125
1444520,40.34423828125
1451848,21.42333984375
1451864,22.39990234375
1451874,31.25
1451903,41.93115234375
1451926,41.56494140625
1451940,25.20751953125
1451982,20.99609375
1452012,27.83203125
1452048,22.216796875
1452061,19.1650390625
1452091,45.5322265625
1452121,22.64404296875
1452132,28.01513671875
1452170,25.87890625
1452243,47.36328125
1452298,19.59228515625
1452725,19.34814453125
1460364,21.484375
1460400,21.484375
1460410,26.4892578125
1460445,28.4423828125
1460464,23.62060546875
1460488,24.35302734375
1460510,24.23095703125
1460539,33.935546875
1460551,25.5126953125
1460569,21.240234375
1460579,29.84619140625
1460600,19.1650390625
1460621,21.6064453125
1460653,20.99609375
1460684,41.50390625
1460709,20.3857421875
1460766,19.1650390625
1460917,31.43310546875
1467252,19.34814453125
1467290,24.2919921875
1467347,38.02490234375
1467369,21.05712890625
1467399,21.42333984375
1467431,19.8974609375
1467464,20.56884765625
1467501,23.49853515625
1467539,27.89306640625
1467563,23.92578125
1467605,21.1181640625
1467762,33.3251953125
1467922,22.52197265625
1474298,23.681640625
1474348,27.16064453125
1474377,37.04833984375
1474403,35.0341796875
1474434,23.37646484375
1474450,20.81298828125
1474499,20.263671875
1474509,22.03369140625
1474522,23.193359375
1474566,22.64404296875
1474576,24.4140625
1474598,50.048828125
1474703,21.484375
1474780,39.1845703125
1474871,19.287109375
1475209,20.44677734375
1480882,20.5078125
1480927,29.23583984375
1480951,31.25
1480980,23.37646484375
1480996,28.9306640625
1481012,20.69091796875
1481033,24.96337890625
1481081,20.751953125
1481129,21.1181640625
1481164,20.44677734375
1481211,50.1708984375
1481234,20.08056640625
1481279,19.4091796875
1481336,19.59228515625
1481574,22.64404296875
1486831,22.3388671875
1486878,28.38134765625
1486923,31.982421875
1486941,22.39990234375
1486958,23.193359375
1487003,19.4091796875
1487017,21.66748046875
1487083,26.2451171875
1487145,20.20263671875
1487186,46.142578125
1487387,19.4091796875
1493395,27.89306640625
1493428,22.27783203125
1493469,25.7568359375
1493513,22.3388671875
1493538,27.34375
1493559,35.400390625
1493592,31.79931640625
1493615,21.484375
1493632,27.52685546875
1493669,22.27783203125
1493712,45.95947265625
1493745,21.8505859375
1493861,20.44677734375
1499314,24.2919921875
1499371,25.0244140625
1499422,19.1650390625
1499444,40.52734375
1499463,23.49853515625
1499499,21.240234375
1499517,20.99609375
1499606,23.74267578125
1499658,19.59228515625
1499715,43.0908203125
1499809,22.76611328125
1499948,20.69091796875
1505155,21.54541015625
1505205,23.13232421875
1505218,23.5595703125
1505259,20.44677734375
1505282,43.15185546875
1505300,24.658203125
1505333,24.5361328125
1505346,24.96337890625
1505397,30.33447265625
1505411,21.30126953125
1505468,26.06201171875
1505645,39.24560546875
1515769,23.25439453125
1515799,24.4140625
1515825,24.169921875
1515922,39.6728515625
1515959,22.94921875
1515994,20.56884765625
1516073,23.92578125
1516087,26.55029296875
1516137,25.87890625
1516158,19.34814453125
1516324,22.15576171875
1521731,20.8740234375
1521764,22.64404296875
1521896,23.01025390625
1521968,24.23095703125
1522003,26.3671875
1522040,29.60205078125
1522052,32.77587890625
1522080,33.38623046875
1522100,19.1650390625
1522149,29.052734375
1522174,21.6064453125
1529841,22.15576171875
1529882,43.5791015625
1529915,23.5595703125
1529947,22.8271484375
1529994,31.3720703125
1530022,26.67236328125
1530040,24.0478515625
1530119,19.22607421875
1530131,20.81298828125
1530158,47.30224609375
1530342,41.32080078125
1530508,23.86474609375
1530773,20.3857421875
1532820,20.01953125
1538145,19.95849609375
1538228,20.263671875
1538418,20.99609375
1541838,23.681640625
1541900,26.7333984375
1541913,26.123046875
1541938,25.87890625
1541966,26.9775390625
1541994,19.1650390625
1542062,22.705078125
1542088,23.0712890625
1542152,19.1650390625
1542204,20.69091796875
1542218,43.64013671875
1542421,20.751953125
1547597,20.56884765625
1547632,21.8505859375
1547717,23.4375
1547747,23.13232421875
1547799,46.142578125
1547825,19.22607421875
1547836,22.5830078125
1547857,24.23095703125
1547901,21.8505859375
1547928,25.69580078125
1547993,23.37646484375
1548008,22.0947265625
1548121,20.32470703125
1548202,19.83642578125
1554145,19.47021484375
1554162,36.4990234375
1554223,20.56884765625
1554237,24.2919921875
1554260,27.9541015625
1554272,20.32470703125
1554300,23.13232421875
1554328,34.72900390625
1554347,28.50341796875
1554366,20.20263671875
1554399,25.57373046875
1554440,20.5078125
1554481,22.64404296875
1554513,20.93505859375
1554573,52.18505859375
1554651,24.84130859375
1561156,20.20263671875
1561267,21.42333984375
1561295,27.587890625
1561308,21.8505859375
1561336,20.263671875
1561364,32.40966796875
1561420,20.32470703125
1561461,23.01025390625
1561476,25.20751953125
1561498,26.3671875
1561581,20.01953125
1561647,19.775390625
1561771,20.263671875
1568731,20.1416015625
1568755,20.56884765625
1568800,27.099609375
1568815,26.67236328125
1568825,34.912109375
1568855,39.4287109375
1568895,22.52197265625
1568924,27.34375
1568948,20.44677734375
1568987,33.935546875
1569010,23.74267578125
1569075,23.4375
1569221,43.5791015625
1569560,19.1650390625
1569880,19.95849609375
1570336,21.42333984375
1576327,19.287109375
1576346,20.93505859375
1576386,19.47021484375
1576459,23.13232421875
1576488,19.6533203125
1576513,34.66796875
1576536,19.83642578125
1576578,19.1650390625
1576601,29.4189453125
1576615,20.5078125
1576651,25.2685546875
1576676,26.55029296875
1576705,25.57373046875
1576787,24.47509765625
1583740,19.1650390625
1583840,21.78955078125
1583861,25.08544921875
1583872,39.12353515625
1583902,22.4609375
1583970,23.98681640625
1583980,24.0478515625
1584031,23.74267578125
1584072,22.76611328125
1584166,20.20263671875
1591720,30.33447265625
1591816,28.4423828125
1591875,22.0947265625
1591921,21.240234375
1592378,19.95849609375
1597928,20.1416015625
1598014,27.89306640625
1598098,23.37646484375
1598122,23.13232421875
1598168,30.76171875
1598206,19.1650390625
1598240,22.5830078125
1598266,20.99609375
1598289,29.84619140625
1598324,23.8037109375
1598551,20.56884765625
1604295,23.3154296875
1609522,19.775390625
1609753,19.95849609375
1609811,20.751953125
1609948,34.423828125
1610013,20.08056640625
1610027,19.83642578125
1610161,30.6396484375
1610197,28.1982421875
1610260,21.3623046875
1610294,23.3154296875
1616787,19.47021484375
1616830,21.42333984375
1616857,19.6533203125
1616895,22.27783203125
1616925,24.84130859375
1616951,32.28759765625
1616971,22.705078125
1616995,29.96826171875
1617028,19.4091796875
1617060,28.076171875
1617079,23.49853515625
1617134,22.52197265625
1617516,22.15576171875
1617569,21.484375
1617862,19.4091796875
1623714,25.146484375
1623977,20.5078125
1624291,34.85107421875
1624326,21.1181640625
1624393,23.37646484375
1624426,29.4189453125
1624543,22.216796875
1630645,22.705078125
1630767,19.6533203125
1630815,24.59716796875
1630850,31.1279296875
1630900,20.6298828125
1630916,25.146484375
1630965,26.123046875
1630981,24.23095703125
1631004,24.10888671875
1631037,22.52197265625
1631053,23.25439453125
1631111,24.96337890625
1631121,20.20263671875
1631147,22.0947265625
1631198,21.91162109375
1631225,19.4091796875
1631303,20.1416015625
1639423,19.8974609375
1639775,19.34814453125
1639820,19.71435546875
1640027,27.52685546875
1640069,19.287109375
1640152,20.5078125
1640192,23.37646484375
1640238,20.99609375
1640286,30.1513671875
1640363,20.3857421875
1640379,22.705078125
1640434,21.1181640625
1640493,19.95849609375
1646640,27.16064453125
1646816,19.775390625
1646852,21.6064453125
1646872,20.263671875
1646899,21.6064453125
1646985,28.3203125
1652313,21.97265625
1652380,20.99609375
1652405,22.705078125
1652439,31.06689453125
1652487,22.0947265625
1652503,28.6865234375
1652519,20.08056640625
1652551,57.6171875
1652580,21.8505859375
1652633,26.79443359375
1652673,21.78955078125
1652774,23.92578125
1652842,21.97265625
1653044,21.240234375
1653346,19.1650390625
1660335,25.69580078125
1660901,22.8271484375
1660979,21.6064453125
1661020,28.3203125
1661052,30.21240234375
1661095,24.59716796875
1661161,21.8505859375
1661218,22.216796875
1661300,19.4091796875
1661589,24.7802734375
1670030,20.3857421875
1670166,22.705078125
1670196,19.47021484375
1670386,28.99169921875
1670430,20.3857421875
1670465,33.26416015625
1670476,26.611328125
1670495,21.42333984375
1670546,25.57373046875
1670582,28.6865234375
1670606,19.59228515625
1670659,22.216796875
1670734,25.2685546875
1670757,20.263671875
1671008,23.86474609375
1678115,22.3388671875
1678129,21.78955078125
1678149,20.01953125
1678258,24.59716796875
1678288,21.240234375
1678345,27.4658203125
1678418,20.32470703125
1678511,27.9541015625
1678609,22.03369140625
1690207,22.52197265625
1690226,19.47021484375
1690274,19.59228515625
1690298,25.7568359375
1690318,27.52685546875
1690346,36.376953125
1690379,23.3154296875
1690396,24.7802734375
1690416,27.52685546875
1690501,27.099609375
1690575,21.05712890625
1690660,22.64404296875
1690914,25.5126953125
1699561,23.25439453125
1701063,21.3623046875
1701152,20.44677734375
1701200,22.03369140625
1701230,19.95849609375
1701290,19.53125
1701380,33.26416015625
1707682,19.775390625
1707773,20.44677734375
1707783,22.705078125
1707840,21.42333984375
1707929,20.01953125
1707966,19.775390625
1707984,24.10888671875
1708021,40.10009765625
1714074,21.97265625
1714121,23.13232421875
1714136,20.44677734375
1714176,23.62060546875
1714200,26.30615234375
1714222,28.6865234375
1714234,34.11865234375
1714272,28.6865234375
1714319,24.35302734375
1714335,21.728515625
1714386,20.69091796875
1714398,24.35302734375
1714436,21.240234375
1714455,20.81298828125
1714570,26.30615234375
1714811,26.42822265625
1721872,21.91162109375
1721893,22.15576171875
1721906,29.11376953125
1721959,23.01025390625
1721971,23.0712890625
1721981,35.33935546875
1721999,25.5126953125
1722013,24.4140625
1722028,35.09521484375
1722062,25.69580078125
1722113,21.728515625
1722134,23.0712890625
1722157,27.34375
1722211,20.56884765625
1722241,24.71923828125
1722287,21.17919921875
1722325,20.99609375
1722584,20.6298828125
1722604,20.3857421875
1730510,21.66748046875
1730539,20.32470703125
1730567,19.95849609375
1730611,22.216796875
1730882,23.92578125
1737854,20.32470703125
1737884,19.775390625
1737931,19.22607421875
1737981,21.30126953125
1737991,23.3154296875
1738020,21.728515625
1738053,59.5703125
1738094,26.2451171875
1738106,21.78955078125
1738127,28.62548828125
1738168,20.69091796875
1738186,21.1181640625
1738215,34.0576171875
1738330,21.54541015625
1738370,24.0478515625
1738597,20.1416015625
1738762,23.681640625
1747779,23.193359375
1747869,19.775390625
1747899,19.95849609375
1748026,20.08056640625
1754360,26.2451171875
1754380,19.34814453125
1754424,27.16064453125
1754463,21.17919921875
1754500,22.39990234375
1754517,21.8505859375
1754534,30.3955078125
1754556,26.3671875
1754576,23.3154296875
1754663,28.076171875
1754782,20.81298828125
1754853,44.0673828125
1755106,28.13720703125
1755455,27.2216796875
1765878,31.1279296875
1765894,24.10888671875
1765941,21.240234375
1765955,20.69091796875
1765990,35.15625
1766013,21.8505859375
1766052,21.66748046875
1766062,19.53125
1766127,20.99609375
1766182,26.2451171875
1766257,22.0947265625
1766303,20.751953125
1766340,24.2919921875
1766533,21.728515625
1766654,23.0712890625
1774354,20.5078125
1774384,21.3623046875
1774537,23.86474609375
1774619,35.5224609375
1774710,19.71435546875
1774739,20.8740234375
1774780,36.31591796875
1774962,19.4091796875
1774995,22.4609375
1775040,23.3154296875
1787313,19.47021484375
1787370,19.287109375
1787389,21.6064453125
1787421,35.2783203125
1787450,27.4658203125
1787480,28.50341796875
1787509,19.22607421875
1787530,32.04345703125
1787562,30.6396484375
1787575,30.33447265625
1787627,31.494140625
1787649,25.81787109375
1787672,24.35302734375
1787689,24.90234375
1787725,26.611328125
1787774,21.17919921875
1787817,19.59228515625
1787848,35.09521484375
1787937,20.263671875
1787970,27.28271484375
1788006,28.076171875
1788196,24.96337890625
1788261,19.22607421875
1788386,21.66748046875
1788651,21.728515625
1788765,19.775390625
1788996,22.216796875
1789321,26.3671875
1789633,23.5595703125
1803330,24.5361328125
1803434,21.728515625
1803456,30.94482421875
1803505,41.07666015625
1803539,20.08056640625
1803583,29.96826171875
1803609,30.6396484375
1803643,22.03369140625
1803680,22.0947265625
1803696,26.79443359375
1803750,22.8271484375
1803761,22.27783203125
1803784,21.6064453125
1803874,25.32958984375
1803938,22.705078125
1803952,22.88818359375
1804132,23.4375
1804191,21.97265625
1804941,20.32470703125
1814745,23.62060546875
1814828,21.17919921875
1814854,20.263671875
1814936,19.47021484375
1815018,22.8271484375
1815138,20.1416015625
1815171,25.2685546875
1815196,19.4091796875
1815263,21.240234375
1815280,31.79931640625
1815298,19.287109375
1815327,25.45166015625
1824007,23.8037109375
1824063,19.53125
1824119,19.71435546875
1824162,29.6630859375
1824191,20.01953125
1824212,24.84130859375
1824242,21.66748046875
1824269,47.4853515625
1824280,40.8935546875
1824319,20.5078125
1824331,21.66748046875
1824360,24.59716796875
1824440,22.8271484375
1824455,24.90234375
1824598,24.0478515625
1833702,19.775390625
1833888,19.53125
1834129,20.751953125
1834149,28.01513671875
1834289,21.97265625
1834398,19.1650390625
1834409,23.0712890625
1834440,25.634765625
1834560,32.71484375
1843973,20.3857421875
1844254,19.4091796875
1844303,20.6298828125
1844424,20.99609375
1844469,20.32470703125
1844491,36.92626953125
1844517,32.8369140625
1844540,20.81298828125
1844568,22.39990234375
1844587,21.78955078125
1844617,19.775390625
1844677,21.17919921875
1844729,29.60205078125
1844750,42.8466796875
1854834,20.69091796875
1858454,22.5830078125
1858700,19.4091796875
1858743,29.47998046875
1858861,32.5927734375
1858886,24.35302734375
1858975,20.56884765625
1859048,27.099609375
1859083,20.81298828125
1859125,19.34814453125
1859150,23.0712890625
1859170,22.03369140625
1859191,19.83642578125
1859233,20.20263671875
1859309,35.09521484375
1859419,19.53125
1871593,21.728515625
1871757,20.32470703125
1871807,21.54541015625
1871826,19.4091796875
1871902,20.1416015625
1871916,27.587890625
1871951,20.751953125
1871974,31.005859375
1871987,21.8505859375
1872021,33.87451171875
1872070,42.3583984375
1872107,21.78955078125
1872117,35.2783203125
1872150,19.775390625
1872189,22.88818359375
1872217,19.71435546875
1872231,36.9873046875
1872319,23.13232421875
1872341,21.54541015625
1872390,32.16552734375
1872628,23.49853515625
1872647,25.81787109375
1888594,25.20751953125
1888819,22.3388671875
1888867,23.681640625
1888883,21.91162109375
1888955,19.22607421875
1889061,24.2919921875
1889106,20.08056640625
1889143,24.96337890625
1889185,26.55029296875
1889265,21.78955078125
1889401,19.59228515625
1889425,20.01953125
1899210,23.3154296875
1899564,19.1650390625
1900072,24.59716796875
1900114,23.4375
1900148,26.18408203125
1900170,20.99609375
1900190,21.42333984375
1900262,26.85546875
1900303,20.3857421875
1900353,31.18896484375
1900579,29.9072265625
1911068,24.23095703125
1911147,25.08544921875
1911257,20.8740234375
1911301,21.484375
1911360,19.34814453125
1911417,24.5361328125
1911503,23.193359375
1911525,30.029296875
1911540,19.34814453125
1911570,20.01953125
1911608,24.169921875
1911705,19.8974609375
1911794,39.61181640625
1912024,20.32470703125
1922121,22.3388671875
1926623,20.8740234375
1926791,23.25439453125
1927110,21.54541015625
1927177,21.3623046875
1927229,19.775390625
1927257,21.3623046875
1927288,23.92578125
1927299,22.705078125
1927461,19.4091796875
1927477,25.390625
1938227,20.5078125
1938349,21.240234375
1938555,19.95849609375
1938675,19.4091796875
1938760,23.98681640625
1938815,21.05712890625
1938982,22.15576171875
1949630,20.93505859375
1949740,27.9541015625
1949864,28.564453125
1949886,20.01953125
1949933,19.287109375
1949947,19.287109375
1950127,23.3154296875
1950183,20.32470703125
1950265,26.06201171875
1950301,24.0478515625
1950315,27.83203125
1961716,26.3671875
1961801,20.263671875
1961836,20.5078125
1961899,28.13720703125
1962059,21.97265625
1962124,20.3857421875
1962331,19.34814453125
1977946,22.0947265625
1977978,21.6064453125
1977995,29.23583984375
1978055,19.34814453125
1978072,27.16064453125
1978082,23.98681640625
1978119,19.4091796875
1978217,33.203125
1978239,22.216796875
1978267,36.56005859375
1978280,23.4375
1978344,27.2216796875
1978367,25.87890625
1978406,23.681640625
1978419,21.1181640625
1978452,21.05712890625
1978476,19.34814453125
1978516,25.146484375
1978581,20.93505859375
1978694,19.47021484375
1978777,20.8740234375
1978864,33.8134765625
1991623,19.53125
1991671,26.79443359375
1991714,19.22607421875
1996530,26.79443359375
1996568,20.751953125
1996587,20.751953125
1996695,19.71435546875
1996715,19.4091796875
1996743,19.34814453125
1996775,20.1416015625
1996821,22.705078125
1996863,20.3857421875
1996896,26.55029296875
1996937,25.69580078125
1996952,23.3154296875
1996992,24.4140625
1997009,24.84130859375
1997027,30.3955078125
1997068,26.67236328125
1997203,19.47021484375
1997218,19.34814453125
1997414,19.47021484375
1997481,23.13232421875
1997648,19.4091796875
2016478,19.8974609375
2016633,24.0478515625
2016661,19.775390625
2022525,24.10888671875
2022587,24.47509765625
2022605,20.3857421875
2022630,20.32470703125
2022678,26.7333984375
2022750,19.22607421875
2022766,19.1650390625
2022832,19.59228515625
2022907,23.3154296875
2022987,26.18408203125
2023055,20.8740234375
2023077,19.59228515625
2023139,19.775390625
2023173,23.0712890625
2023206,19.59228515625
2023239,21.6064453125
2023387,24.35302734375
2036160,19.47021484375
2036226,34.1796875
2036340,20.1416015625
2036411,23.49853515625
2036552,32.89794921875
2036574,20.1416015625
2036625,25.08544921875
2036685,21.05712890625
2036696,20.69091796875
2036742,35.888671875
2036783,21.6064453125
2036837,21.3623046875
2036888,25.7568359375
2051134,19.4091796875
2051313,20.44677734375
2057938,21.91162109375
2064029,29.6630859375
2064039,31.25
2064073,22.52197265625
2064086,28.076171875
2064118,21.30126953125
2064159,24.23095703125
2064181,19.59228515625
2064201,19.775390625
2064224,34.48486328125
2064252,29.296875
2064293,37.353515625
2064308,23.193359375
2064392,34.11865234375
2064407,43.64013671875
2064439,30.33447265625
2064450,28.25927734375
2064503,20.5078125
2064530,35.94970703125
2064568,21.484375
2064602,25.146484375
2064678,32.16552734375
2064715,21.42333984375
2064898,36.62109375
2064916,22.8271484375
2065127,20.6298828125
2065283,21.91162109375
2065356,25.87890625
2066131,26.30615234375
2067126,24.47509765625
2089295,23.86474609375
2089333,33.75244140625
2089405,22.88818359375
2089430,20.99609375
2089511,32.77587890625
2089544,20.01953125
2089586,25.0244140625
2089604,19.34814453125
2089722,23.3154296875
2089732,34.66796875
2089779,20.263671875
2089824,29.541015625
2089834,31.25
2089868,27.2216796875
2089913,22.216796875
2089936,23.25439453125
2089974,26.3671875
2090003,23.681640625
2090045,21.484375
2090231,20.263671875
2090332,22.216796875
2111816,20.56884765625
2111841,20.751953125
2111888,23.01025390625
2112061,27.2216796875
2120064,22.15576171875
2120078,35.64453125
2120131,23.37646484375
2120148,24.169921875
2120173,20.56884765625
2120208,20.3857421875
2120242,20.81298828125
2120259,20.263671875
2120294,26.9775390625
2120364,20.20263671875
2120396,20.3857421875
2120539,21.54541015625
2120563,28.80859375
2120582,26.0009765625
2120622,34.3017578125
2120650,24.90234375
2120679,30.33447265625
2120699,20.8740234375
2120731,25.20751953125
2120752,22.27783203125
2120796,28.86962890625
2120866,21.240234375
2120957,21.30126953125
2121046,29.1748046875
2121194,19.22607421875
2121232,25.7568359375
2121459,19.47021484375
2121589,19.34814453125
2121962,20.1416015625
2139672,22.705078125
2147355,22.03369140625
2147388,27.77099609375
2147434,37.29248046875
2147458,21.240234375
2147473,22.15576171875
2147504,31.79931640625
2147521,20.99609375
2147533,30.3955078125
2147547,20.20263671875
2147574,38.9404296875
2147590,20.56884765625
2147644,21.1181640625
2147689,30.6396484375
2147700,27.9541015625
2147742,44.43359375
2147778,22.15576171875
2147802,21.30126953125
2147816,22.216796875
2147855,33.447265625
2147865,21.66748046875
2147894,21.91162109375
2147905,20.08056640625
2147921,25.2685546875
2147946,19.71435546875
2147988,34.85107421875
2148005,20.44677734375
2148040,20.93505859375
2148064,19.83642578125
2148104,24.47509765625
2148237,29.78515625
2148261,49.49951171875
2148276,23.0712890625
2148364,26.3671875
2148478,54.01611328125
2148508,32.89794921875
2148525,22.94921875
2148650,31.6162109375
2148765,24.23095703125
2148896,25.20751953125
2149021,20.8740234375
2149179,19.287109375
2149211,20.263671875
2149548,20.6298828125
2150090,21.1181640625
2150323,25.634765625
2150937,19.4091796875
2151975,21.484375
2152364,20.93505859375
2183118,22.88818359375
2183211,40.0390625
2183237,23.01025390625
2183262,23.92578125
2183278,33.8134765625
2183292,21.8505859375
2183311,24.71923828125
2183339,34.72900390625
2183349,24.35302734375
2183361,21.97265625
2183372,29.9072265625
2183428,35.33935546875
2183450,26.42822265625
2183466,27.03857421875
2183493,25.20751953125
2183519,20.3857421875
2183532,20.08056640625
2183547,52.18505859375
2183567,20.01953125
2183595,29.052734375
2183631,54.38232421875
2183656,33.0810546875
2183685,22.27783203125
2183699,31.55517578125
2183745,35.46142578125
2183828,47.30224609375
2183873,23.86474609375
2183938,22.52197265625
2183977,37.841796875
2184098,25.390625
2184303,32.04345703125
2184460,22.76611328125
2184682,30.70068359375
2184898,30.33447265625
2184925,20.32470703125
2185130,25.2685546875
2185321,32.04345703125
2185362,20.751953125
2185494,22.94921875
2185600,22.76611328125
2185726,25.20751953125
2186290,23.3154296875
2186483,31.3720703125
2186715,26.06201171875
2186951,31.43310546875
2187206,21.240234375
2187677,29.60205078125
2188158,20.56884765625
2214609,20.5078125
2214625,22.15576171875
2214642,26.7333984375
2214666,46.56982421875
2214691,22.8271484375
2214704,30.33447265625
2214727,24.35302734375
2214741,73.974609375
2214765,20.6298828125
2214796,28.4423828125
2214809,20.01953125
2214843,54.5654296875
2214865,34.0576171875
2214889,28.3203125
2214910,20.6298828125
2214922,40.22216796875
2214950,22.15576171875
2214979,19.59228515625
2215007,34.7900390625
2215113,33.935546875
2215206,19.22607421875
2215314,19.6533203125
2215366,19.53125
2215494,19.6533203125
2215708,22.216796875
2215883,27.77099609375
2216131,25.146484375
2216293,22.76611328125
2216451,21.91162109375
2216629,20.08056640625
2216819,21.17919921875
2217020,20.751953125
2217195,19.71435546875
2217440,27.587890625
2217816,19.775390625
2217847,20.08056640625
2217884,20.08056640625
2218048,19.95849609375
2218282,22.39990234375
2218545,26.9775390625
2218828,22.03369140625
2219152,20.263671875
2219350,26.9775390625
2243002,23.01025390625
2243026,22.216796875
2243068,40.4052734375
2243089,36.9873046875
2243107,30.82275390625
2243120,21.6064453125
2243143,50.47607421875
2243172,49.560546875
2243190,23.49853515625
2243205,44.43359375
2243224,29.296875
2243262,38.63525390625
2243279,33.935546875
2243311,27.7099609375
2243329,53.52783203125
2243351,19.8974609375
2243422,39.0625
2243478,22.705078125
2243516,27.52685546875
2243537,19.6533203125
2243652,19.4091796875
2244238,21.91162109375
2244417,24.35302734375
2244602,20.93505859375
2244808,27.89306640625
2245034,24.169921875
2245205,23.0712890625
2245395,28.1982421875
2245608,24.658203125
2245807,21.54541015625
2246015,23.8037109375
2246275,23.4375
2246563,22.94921875
2246634,19.775390625
2246850,23.37646484375
2246867,21.91162109375
2268761,24.84130859375
2268779,19.775390625
2268796,40.0390625
2268825,47.7294921875
2268852,25.45166015625
2268876,32.1044921875
2268907,41.1376953125
2268942,24.5361328125
2268982,28.01513671875
2269011,36.07177734375
2269070,46.32568359375
2269094,19.8974609375
2269106,26.67236328125
2269139,19.8974609375
2269178,36.4990234375
2269243,19.95849609375
2269276,21.240234375
2269714,28.13720703125
2269768,21.728515625
2269923,34.66796875
2270128,28.74755859375
2270319,23.86474609375
2270540,27.28271484375
2270757,29.72412109375
2270971,30.3955078125
2271287,22.8271484375
2271563,34.66796875
2271904,28.6865234375
2272758,20.56884765625
2295473,27.16064453125
2295511,22.705078125
2295558,35.15625
2295573,44.73876953125
2295600,31.3720703125
2295613,36.2548828125
2295683,26.79443359375
2295701,22.705078125
2295711,34.97314453125
2295740,20.99609375
2295755,22.27783203125
2295795,71.83837890625
2295823,26.0009765625
2295864,19.287109375
2295891,39.97802734375
2295951,23.62060546875
2295997,28.6865234375
2296131,19.1650390625
2296304,28.13720703125
2296511,25.390625
2296717,22.216796875
2296888,20.08056640625
2297101,30.09033203125
2297329,28.99169921875
2297428,20.263671875
2297796,25.20751953125
2298014,26.42822265625
2298249,25.93994140625
2298839,27.64892578125
2299410,19.59228515625
2323846,21.54541015625
2323929,33.935546875
2323940,21.05712890625
2323992,41.07666015625
2324020,19.59228515625
2324041,21.1181640625
2324074,46.69189453125
2324115,27.7099609375
2324137,19.4091796875
2324158,24.4140625
2324168,34.912109375
2324196,19.83642578125
2324219,27.4658203125
2324255,23.01025390625
2324273,38.9404296875
2324317,25.93994140625
2324334,19.34814453125
2324351,27.64892578125
2324367,48.76708984375
2324414,25.634765625
2324520,34.1796875
2324653,33.99658203125
2324779,27.099609375
2324969,29.72412109375
2325210,31.3720703125
2325230,19.1650390625
2325473,32.470703125
2325599,19.71435546875
2325713,34.85107421875
2325812,21.484375
2326004,21.240234375
2326302,29.60205078125
2349112,21.6064453125
2349135,26.611328125
2349149,37.7197265625
2349165,33.63037109375
2349185,26.55029296875
2349195,39.00146484375
2349225,26.06201171875
2349240,19.71435546875
2349259,35.46142578125
2349287,23.13232421875
2349317,34.1796875
2349343,27.099609375
2349364,20.263671875
2349419,22.8271484375
2349439,59.02099609375
2349459,20.08056640625
2349519,23.49853515625
2349556,38.6962890625
2349694,33.5693359375
2349855,32.40966796875
2350130,30.82275390625
2350457,33.14208984375
2350700,39.00146484375
2350963,25.45166015625
2351244,33.447265625
2351563,29.541015625
2351633,20.263671875
2352040,20.6298828125
2352219,39.61181640625
2372371,21.728515625
2372412,19.4091796875
2372425,24.90234375
2372453,19.4091796875
2372490,26.7333984375
2372521,36.9873046875
2372548,38.9404296875
2372577,28.9306640625
2372614,26.4892578125
2372662,30.029296875
2372681,23.37646484375
2372702,23.4375
2372771,21.66748046875
2372846,19.4091796875
2372875,46.7529296875
2372892,19.4091796875
2372915,20.20263671875
2372940,20.8740234375
2373040,33.63037109375
2373217,36.07177734375
2373421,21.30126953125
2373499,41.44287109375
2373571,20.08056640625
2374065,35.15625
2374775,20.751953125
2392098,22.52197265625
2392161,22.216796875
2392236,22.39990234375
2392250,22.15576171875
2392297,48.52294921875
2392347,24.10888671875
2392360,21.1181640625
2392383,22.3388671875
2392400,23.37646484375
2392416,22.4609375
2392456,23.13232421875
2392495,22.0947265625
2392528,19.59228515625
2392559,24.0478515625
2392620,45.10498046875
2392666,21.3623046875
2392722,20.263671875
2392823,37.29248046875
2392835,21.1181640625
2392926,21.728515625
2393004,38.818359375
2393286,35.82763671875
2393425,20.56884765625
2394097,20.263671875
2410586,26.30615234375
2410611,24.658203125
2410684,21.17919921875
2410700,20.263671875
2410728,19.83642578125
2410744,28.25927734375
2410824,25.87890625
2410868,41.93115234375
2410893,25.87890625
2410974,21.240234375
2411006,19.59228515625
2411134,33.38623046875
2411163,23.193359375
2411400,22.94921875
2411559,19.1650390625
2411800,19.53125
2411874,19.34814453125
2413148,20.1416015625
2421574,19.775390625
2421894,23.01025390625
2428583,19.59228515625
2428614,19.22607421875
2428658,28.9306640625
2428691,34.66796875
2428743,25.32958984375
2428769,29.60205078125
2428808,33.02001953125
2428843,23.193359375
2428856,20.263671875
2428877,21.240234375
2428938,26.9775390625
2428948,22.64404296875
2428970,22.52197265625
2429005,51.57470703125
2429015,23.98681640625
2429162,30.21240234375
2429192,45.8984375
2429365,21.240234375
2429418,34.60693359375
2429873,20.5078125
2430056,41.6259765625
2447169,20.6298828125
2448245,25.390625
2448300,20.5078125
2448333,27.03857421875
2448414,23.01025390625
2448436,23.193359375
2448497,23.01025390625
2448528,25.93994140625
2448579,34.72900390625
2448648,19.6533203125
2448681,19.59228515625
2448742,22.0947265625
2448968,19.34814453125
2449034,19.6533203125
2449126,19.1650390625
2462378,19.22607421875
2462515,20.08056640625
2462554,21.97265625
2462575,19.8974609375
2462605,22.0947265625
2462621,20.3857421875
2462679,20.5078125
2462691,32.77587890625
2462705,23.62060546875
2462741,22.27783203125
2462765,23.98681640625
2462792,41.6259765625
2462845,22.15576171875
2462891,22.39990234375
2463003,21.54541015625
2463025,19.22607421875
2463074,22.15576171875
2463098,19.47021484375
2463213,19.34814453125
2463225,22.52197265625
2463251,44.61669921875
2463292,20.5078125
2463490,27.7099609375
2464994,19.1650390625
2477103,27.7099609375
2477226,20.56884765625
2477241,23.681640625
2477258,34.85107421875
2477283,21.91162109375
2477300,22.216796875
2477320,24.7802734375
2477350,40.283203125
2477402,25.0244140625
2477414,22.88818359375
2477441,26.123046875
2477451,26.79443359375
2477501,39.6728515625
2477539,23.5595703125
2477550,22.8271484375
2477586,33.447265625
2477645,19.59228515625
2477730,26.67236328125
2477822,21.91162109375
2477863,19.71435546875
2477937,19.775390625
2478009,21.97265625
2478091,19.287109375
2478333,21.54541015625
2492794,19.34814453125
2492892,21.3623046875
2492915,31.8603515625
2492926,24.4140625
2492961,28.50341796875
2492996,24.96337890625
2493022,39.1845703125
2493058,23.01025390625
2493084,19.6533203125
2493138,46.08154296875
2493157,30.33447265625
2493228,19.1650390625
2493343,26.3671875
2493354,20.01953125
2493448,22.0947265625
2493551,23.193359375
2493627,45.7763671875
2493710,19.22607421875
2494251,19.287109375
2494468,19.22607421875
2494550,21.728515625
2516248,21.240234375
2516303,21.17919921875
2516342,19.83642578125
2516354,20.20263671875
2516374,19.95849609375
2516394,19.47021484375
2516417,29.23583984375
2516441,27.52685546875
2516455,27.34375
2516485,23.01025390625
2516513,26.3671875
2516542,22.88818359375
2516567,30.57861328125
2516604,36.7431640625
2516644,31.8603515625
2516679,21.6064453125
2516727,32.1044921875
2516739,20.1416015625
2516778,24.90234375
2516864,25.146484375
2516921,21.240234375
2516934,23.4375
2516963,21.42333984375
2517008,20.20263671875
2517036,19.83642578125
2517096,41.6259765625
2517466,19.53125
2517658,19.95849609375
2517762,19.22607421875
2518110,19.71435546875
2518659,21.8505859375
2531713,23.62060546875
2535990,21.91162109375
2536113,21.240234375
2536154,19.287109375
2536175,20.8740234375
2536192,24.169921875
2536228,44.921875
2536253,23.5595703125
2536294,30.517578125
2536304,26.9775390625
2536321,32.1044921875
2536372,22.27783203125
2536386,25.7568359375
2536408,30.94482421875
2536420,21.66748046875
2536448,19.287109375
2536580,20.99609375
2536598,23.0712890625
2536687,19.95849609375
2536803,21.17919921875
2537028,21.3623046875
2537358,26.2451171875
2537641,19.47021484375
2537662,21.97265625
2550682,21.6064453125
2550777,20.32470703125
2550847,24.47509765625
2550907,20.8740234375
2550988,29.4189453125
2551106,25.57373046875
2551205,26.85546875
2551215,22.4609375
2563612,23.74267578125
2563768,20.8740234375
2563817,20.5078125
2563843,20.8740234375
2563884,19.22607421875
2563917,42.48046875
2563930,24.5361328125
2563963,29.84619140625
2563995,22.52197265625
2564009,22.5830078125
2564024,19.47021484375
2564067,30.21240234375
2564116,23.01025390625
2564155,30.1513671875
2564185,21.66748046875
2564210,40.0390625
2564252,20.1416015625
2564306,21.97265625
2564352,41.1376953125
2564423,22.94921875
2564523,29.1748046875
2564536,23.37646484375
2564574,19.8974609375
2564608,22.76611328125
2564750,23.13232421875
2564869,24.23095703125
2564911,24.7802734375
2565097,22.15576171875
2565172,22.15576171875
2582871,20.56884765625
2588606,20.69091796875
2588734,19.59228515625
2588818,19.22607421875
2588867,25.390625
2588937,22.88818359375
2588960,27.16064453125
2594970,21.05712890625
2595035,22.39990234375
2595067,32.71484375
2595113,20.5078125
2595173,21.484375
2595203,22.03369140625
2595232,21.8505859375
2595336,26.30615234375
2595368,28.50341796875
2595402,19.59228515625
2595470,33.26416015625
2595498,21.78955078125
2595539,20.99609375
2595631,24.84130859375
2595674,23.193359375
2595693,29.4189453125
2595723,29.296875
2595831,23.8037109375
2595855,22.52197265625
2595876,23.5595703125
2610157,19.22607421875
2621931,19.95849609375
2633278,22.5830078125
2633328,20.93505859375
2633385,27.7099609375
2633395,21.8505859375
2633456,28.80859375
2633530,21.728515625
2633567,22.03369140625
2633578,20.263671875
2633618,19.53125
2633644,24.7802734375
2633670,26.55029296875
2633741,37.53662109375
2633769,23.37646484375
2633795,20.20263671875
2633903,21.30126953125
2633967,26.67236328125
2634056,20.5078125
2634095,19.287109375
2634170,21.484375
2634235,19.287109375
2634291,26.123046875
2634325,20.5078125
2634400,20.751953125
2634433,23.0712890625
2634499,24.10888671875
2634562,20.81298828125
2634581,26.4892578125
2651248,21.8505859375
2651394,22.705078125
2664406,21.3623046875
2664443,19.95849609375
2675008,21.1181640625
2675276,22.39990234375
2675299,19.287109375
2695569,20.20263671875
2721673,22.0947265625
2721707,19.47021484375
2721966,21.484375
2749277,19.71435546875
2778686,19.34814453125
2810574,19.6533203125
2861861,19.71435546875
2880413,23.0712890625
2977225,20.8740234375
3004671,20.32470703125
3030567,21.484375
3118809,20.01953125
3135539,19.8974609375
3153408,19.4091796875
3153602,20.01953125
3249339,20.1416015625
3249551,20.20263671875
3300289,22.3388671875
3328738,19.95849609375
3328835,19.6533203125
3328972,20.44677734375
3339521,20.56884765625
3339661,21.3623046875
3339684,24.23095703125
3339725,23.8037109375
3339763,38.26904296875
3339781,19.8974609375
3339817,21.54541015625
3339829,28.01513671875
3339880,24.35302734375
3339929,19.1650390625
3339955,27.099609375
3379167,20.99609375
3379219,20.8740234375
3395084,21.1181640625
3395109,25.93994140625
3395231,19.6533203125
3395261,23.74267578125
3395301,40.83251953125
3395314,22.15576171875
3395362,19.34814453125
3395373,28.076171875
3395402,33.69140625
3395460,20.93505859375
3395472,20.44677734375
3395538,19.4091796875
3445909,23.98681640625
3446001,24.169921875
3446072,39.61181640625
3486133,19.4091796875
3486195,20.81298828125
3486226,24.59716796875
3486259,25.32958984375
3486295,26.06201171875
3486335,20.93505859375
3486352,51.7578125
3486370,19.6533203125
3486407,29.052734375
3486467,19.287109375
3486536,19.22607421875
3522795,23.86474609375
3522882,20.01953125
3522909,51.6357421875
3522949,23.3154296875
3522967,27.77099609375
3523004,25.390625
3523047,35.94970703125
3523070,26.3671875
3523083,41.32080078125
3523131,37.78076171875
3523167,20.93505859375
3523188,19.59228515625
3523281,22.705078125
3523337,28.13720703125
3523639,22.27783203125
3562818,30.57861328125
3562838,27.4658203125
3562860,28.25927734375
3562877,24.0478515625
3562887,35.82763671875
3562911,32.16552734375
3562942,21.3623046875
3562966,19.287109375
3562985,28.13720703125
3563013,30.21240234375
3563029,19.1650390625
3563062,21.78955078125
3563078,39.1845703125
3563107,24.4140625
3563184,24.2919921875
3563501,20.6298828125
3563546,23.4375
3563742,21.3623046875
3725439,31.982421875
3725465,50.23193359375
3725491,32.28759765625
3725538,19.71435546875
3725563,30.09033203125
3725589,31.1279296875
3725617,25.20751953125
3725634,25.146484375
3725666,25.20751953125
3725825,19.1650390625
3860884,19.34814453125
3860965,25.45166015625
3860995,32.1044921875
3861013,24.59716796875
3861039,42.96875
3861059,27.9541015625
3861088,37.04833984375
3861104,22.8271484375
3861130,31.1279296875
3861149,33.69140625
3861170,37.53662109375
3861216,25.32958984375
3861274,19.22607421875
3861309,24.658203125
3861572,20.32470703125
3861735,19.22607421875
3861754,21.66748046875
3987879,20.263671875
3987929,22.0947265625
3987949,20.5078125
3987963,22.8271484375
3987989,20.32470703125
3988031,20.751953125
3988051,28.564453125
3988084,19.6533203125
3988117,41.50390625
3988140,20.1416015625
3988165,21.78955078125
3988213,28.50341796875
3988239,27.9541015625
3988269,20.6298828125
3988295,19.47021484375
3988313,31.67724609375
3988347,22.3388671875
3988433,19.95849609375
3988482,19.83642578125
4042291,19.34814453125
4042344,53.3447265625
4042372,28.9306640625
4042406,19.287109375
4042450,36.1328125
4042469,40.283203125
4042500,37.17041015625
4042534,19.1650390625
4042565,36.2548828125
4042593,46.142578125
4042603,33.3251953125
4042622,23.193359375
4042632,26.123046875
4042642,29.60205078125
4042680,24.96337890625
4042695,24.7802734375
4042789,26.79443359375
4042920,39.00146484375
4042936,28.13720703125
4043007,27.2216796875
4043044,29.78515625
4043180,20.99609375
4043202,38.87939453125
4043222,24.59716796875
4043369,28.62548828125
4043390,27.28271484375
4088694,20.93505859375
4088755,24.658203125
4088782,20.01953125
4088808,19.71435546875
4088829,24.10888671875
4088842,63.65966796875
4088858,30.21240234375
4088871,21.6064453125
4088913,23.193359375
4088932,20.32470703125
4088958,39.73388671875
4088982,48.9501953125
4089009,19.8974609375
4089058,22.52197265625
4089075,26.30615234375
4089095,28.13720703125
4089146,44.43359375
4089165,42.05322265625
4089180,35.09521484375
4089220,22.52197265625
4089300,19.83642578125
4089324,21.97265625
4089350,21.97265625
4089361,28.564453125
4089388,22.216796875
4089452,24.4140625
4089473,26.9775390625
4089488,22.52197265625
4089508,29.11376953125
4089530,23.25439453125
4089546,31.18896484375
4089563,25.5126953125
4089603,22.5830078125
4089647,21.17919921875
4089698,40.52734375
4089752,21.91162109375
4089832,21.484375
4089853,20.263671875
4089878,28.1982421875
4090040,20.1416015625
4090131,34.423828125
4090229,19.22607421875
4090411,25.08544921875
4091013,20.08056640625
4091312,20.3857421875
4091644,20.08056640625
4091905,21.66748046875
4092642,20.32470703125
4092969,20.6298828125
4093001,20.3857421875
4093305,25.81787109375
4093680,21.3623046875
4152930,22.27783203125
4181894,20.01953125
4221563,34.0576171875
4221813,21.17919921875
4221948,23.25439453125
4348598,34.97314453125
4360072,20.20263671875
4360125,31.1279296875
4360220,20.81298828125
4378604,21.42333984375
4398834,19.47021484375
4399036,29.541015625
4420185,27.03857421875
4420379,19.47021484375
4420574,33.3251953125
4420662,19.8974609375
4420680,31.25
4420734,19.22607421875
4420751,20.8740234375
4420782,31.55517578125
4420802,20.6298828125
4420879,19.1650390625
4448873,19.1650390625
4448891,22.64404296875
4449160,39.0625
4449202,20.93505859375
4449229,20.08056640625
4449271,20.8740234375
4449308,19.775390625
4467306,19.83642578125
4467486,21.91162109375
4467509,22.4609375
4467524,20.08056640625
4467612,27.4658203125
4467709,22.88818359375
4467856,20.56884765625
4521855,44.37255859375
4521960,19.1650390625
4522011,36.7431640625
4522089,24.0478515625
4522106,26.79443359375
4522138,21.240234375
4522167,41.6259765625
4522198,22.15576171875
4522219,38.4521484375
4522296,30.82275390625
4522329,20.3857421875
4522354,27.16064453125
4522399,25.93994140625
4522428,21.54541015625
4522554,36.80419921875
4522578,32.40966796875
4522600,41.32080078125
4522614,19.287109375
4522697,21.66748046875
4522741,29.541015625
4522763,26.85546875
4522793,22.0947265625
4522806,19.95849609375
4522829,20.69091796875
4522846,24.10888671875
4522884,22.8271484375
4522925,22.3388671875
4522956,33.935546875
4523087,22.76611328125
4523154,19.83642578125
4523182,26.55029296875
4523195,19.59228515625
4523211,23.62060546875
4523324,25.57373046875
4523366,21.91162109375
4523400,21.54541015625
4523411,22.94921875
4523572,19.71435546875
4523620,25.0244140625
4523704,25.0244140625
4523739,19.8974609375
4523870,20.751953125
4523918,22.216796875
4524278,20.56884765625
4524524,22.0947265625
4524585,23.37646484375
4524889,19.775390625
4525157,20.32470703125
4525216,23.5595703125
4579089,19.775390625
4579367,19.53125
4579439,20.3857421875
4579508,26.4892578125
4579527,46.81396484375
4579560,20.93505859375
4579577,25.0244140625
4579592,23.5595703125
4579606,23.49853515625
4579619,33.63037109375
4579648,22.27783203125
4579681,25.7568359375
4579692,19.53125
4579707,36.865234375
4579734,33.3251953125
4579747,31.25
4579765,32.1044921875
4579788,23.193359375
4579810,28.01513671875
4579825,22.39990234375
4579861,30.09033203125
4579875,25.7568359375
4579903,33.14208984375
4579933,21.97265625
4579947,55.5419921875
4579968,26.0009765625
4580016,21.54541015625
4580040,40.6494140625
4580058,26.67236328125
4580071,20.8740234375
4580098,21.3623046875
4580132,68.9697265625
4580151,19.287109375
4580174,26.42822265625
4580195,21.97265625
4580212,23.0712890625
4580257,39.4287109375
4580339,38.9404296875
4580498,21.6064453125
4580595,20.20263671875
4580869,22.03369140625
4581484,21.54541015625
4581536,19.95849609375
4581660,19.53125
4581834,25.634765625
4582339,24.5361328125
4582647,23.0712890625
4582821,22.76611328125
4583190,20.32470703125
4583452,24.658203125
4583849,20.751953125
4584495,19.83642578125
4584737,25.69580078125
4585058,25.390625
4585576,19.4091796875
4586393,26.67236328125
4586779,25.634765625
4604585,19.4091796875
4604713,19.22607421875
4604756,23.13232421875
4604788,23.3154296875
4604801,41.015625
4604828,28.3203125
4604843,50.96435546875
4604857,26.611328125
4604869,25.634765625
4604879,32.28759765625
4604899,56.15234375
4604912,32.40966796875
4604925,34.3017578125
4604949,31.73828125
4604971,33.02001953125
4604988,29.72412109375
4605008,51.1474609375
4605043,25.87890625
4605063,23.681640625
4605090,27.64892578125
4605107,23.37646484375
4605137,31.8603515625
4605181,24.71923828125
4605208,21.66748046875
4605292,20.69091796875
4605458,19.34814453125
4605743,19.22607421875
4606709,19.775390625
4606884,23.5595703125
4607854,22.88818359375
4608254,21.1181640625
4608459,21.97265625
4608812,21.05712890625
4609129,20.263671875
4609515,23.92578125
4624078,20.1416015625
4624101,19.95849609375
4624174,21.66748046875
4624195,22.5830078125
4624230,35.888671875
4624242,35.2783203125
4624253,21.91162109375
4624279,25.32958984375
4624299,23.193359375
4624312,24.35302734375
4624337,28.80859375
4624368,33.203125
4624408,49.9267578125
4624456,21.05712890625
4624491,20.01953125
4624501,43.76220703125
4624572,21.54541015625
4624587,31.6162109375
4624830,20.81298828125
4626103,19.22607421875
4626255,23.49853515625
4626450,19.775390625
4626666,21.30126953125
4626908,25.08544921875
4626951,23.49853515625
4627181,21.484375
4627559,34.11865234375
4627960,20.6298828125
4639744,19.4091796875
4639803,23.01025390625
4639838,23.74267578125
4639901,21.54541015625
4639913,23.92578125
4639960,31.06689453125
4639980,21.66748046875
4640013,23.8037109375
4640026,21.78955078125
4640050,20.263671875
4640081,32.470703125
4640098,22.3388671875
4640112,24.5361328125
4640165,25.7568359375
4640184,20.81298828125
4640214,29.23583984375
4640345,25.69580078125
4640398,19.1650390625
4640536,26.2451171875
4640731,19.287109375
4641255,20.263671875
4641460,20.56884765625
4641720,19.22607421875
4642816,19.1650390625
4654186,22.5830078125
4654326,24.169921875
4654347,38.26904296875
4654372,23.13232421875
4654394,19.6533203125
4654404,52.1240234375
4654436,21.484375
4654459,29.47998046875
4654484,23.62060546875
4654507,40.46630859375
4654594,23.4375
4654627,40.58837890625
4654696,20.5078125
4654757,30.76171875
4654922,20.3857421875
4655086,23.62060546875
4655246,24.84130859375
4655307,28.076171875
4655541,28.564453125
4655853,26.85546875
4656409,33.50830078125
4656422,21.54541015625
4667685,21.30126953125
4667840,28.01513671875
4667879,22.5830078125
4667900,23.86474609375
4667950,23.98681640625
4667964,22.52197265625
4667986,23.62060546875
4668004,47.54638671875
4668053,34.3017578125
4668081,21.97265625
4668104,22.4609375
4668137,25.81787109375
4668152,21.97265625
4668186,28.50341796875
4668202,47.36328125
4668235,21.05712890625
4668365,36.07177734375
4668533,20.20263671875
4668564,22.216796875
4678344,23.5595703125
4678501,22.76611328125
4678553,19.47021484375
4678581,19.53125
4678602,28.74755859375
4678624,26.9775390625
4678667,30.3955078125
4678693,27.099609375
4678713,22.705078125
4678728,21.97265625
4678763,34.423828125
4678777,22.3388671875
4678818,29.6630859375
4678841,58.2275390625
4678866,21.30126953125
4678915,21.30126953125
4678982,38.14697265625
4679189,35.09521484375
4679301,19.47021484375
4679890,20.81298828125
4680240,20.1416015625
4688779,20.08056640625
4688840,19.53125
4688911,27.9541015625
4688922,20.6298828125
4688973,23.49853515625
4689036,19.34814453125
4689057,22.0947265625
4689086,38.63525390625
4689127,32.2265625
4689150,34.0576171875
4689181,28.99169921875
4689295,26.91650390625
4689312,33.50830078125
4689359,19.71435546875
4689518,20.44677734375
4689655,24.35302734375
4697795,21.30126953125
4697973,27.7099609375
4698055,23.92578125
4698087,20.32470703125
4698119,21.6064453125
4698147,24.169921875
4698173,27.587890625
4698199,40.0390625
4698269,41.50390625
4698299,20.81298828125
4698323,20.751953125
4698379,20.44677734375
4698395,19.1650390625
4698430,41.93115234375
4698459,19.47021484375
4698479,20.263671875
4698514,21.97265625
4698746,46.56982421875
4698938,20.751953125
4699156,20.56884765625
4699408,21.1181640625
4707923,20.69091796875
4707961,25.87890625
4708009,25.57373046875
4708035,22.3388671875
4708071,36.1328125
4708082,19.775390625
4708114,21.05712890625
4708141,21.6064453125
4708176,32.3486328125
4708188,23.74267578125
4708217,24.71923828125
4708233,48.88916015625
4708307,28.4423828125
4708326,23.49853515625
4708362,24.96337890625
4708404,37.353515625
4708508,25.634765625
4708573,28.564453125
4709561,26.123046875
4709877,20.3857421875
4710186,19.59228515625
4710424,19.287109375
4717344,19.83642578125
4718347,23.0712890625
4722806,31.73828125
4722853,27.587890625
4722917,33.14208984375
4722939,31.3720703125
4722951,25.45166015625
4722992,22.4609375
4723024,31.79931640625
4723044,21.17919921875
4723065,25.69580078125
4723084,20.1416015625
4723128,19.47021484375
4723141,21.30126953125
4723228,19.34814453125
4723277,29.4189453125
4723465,34.423828125
4734336,20.56884765625
4734356,27.77099609375
4734393,28.076171875
4734409,36.80419921875
4734465,26.4892578125
4734500,23.0712890625
4734541,28.13720703125
4734574,22.88818359375
4734616,19.53125
4734627,28.6865234375
4734657,44.43359375
4734668,26.7333984375
4734723,19.71435546875
4734770,19.71435546875
4734810,44.12841796875
4734997,20.44677734375
4736122,20.69091796875
4736450,24.658203125
4742534,20.1416015625
4742597,23.37646484375
4742618,27.9541015625
4742660,27.587890625
4742692,25.7568359375
4742702,21.54541015625
4742737,22.8271484375
4742769,32.2265625
4742795,27.16064453125
4742853,20.6298828125
4742963,39.12353515625
4743006,21.66748046875
4749679,20.32470703125
4749715,20.93505859375
4750251,22.216796875
4750316,30.09033203125
4750330,22.4609375
4750380,24.169921875
4750429,24.7802734375
4750440,23.86474609375
4750472,22.4609375
4750499,19.22607421875
4750520,21.17919921875
4750615,20.08056640625
4750636,24.4140625
4750759,46.56982421875
4750884,19.53125
4757454,31.67724609375
4757500,22.27783203125
4757543,19.95849609375
4757567,21.728515625
4757587,30.029296875
4757633,21.1181640625
4757684,32.3486328125
4757711,22.03369140625
4757739,23.86474609375
4757792,25.87890625
4757811,22.3388671875
4757870,21.54541015625
4757958,19.34814453125
4757985,46.38671875
4764363,22.15576171875
4764403,19.775390625
4764448,28.4423828125
4764477,23.01025390625
4764492,21.78955078125
4764514,23.5595703125
4764546,20.56884765625
4764569,28.13720703125
4764654,30.33447265625
4764702,21.240234375
4764886,35.64453125
4771024,19.59228515625
4771191,24.47509765625
4771207,21.484375
4771254,34.24072265625
4771308,24.10888671875
4771356,23.4375
4771385,25.45166015625
4771406,25.57373046875
4771430,38.87939453125
4771552,23.62060546875
4771868,21.66748046875
4777834,19.4091796875
4777933,19.83642578125
4777974,19.4091796875
4778009,19.4091796875
4778037,21.3623046875
4778059,20.01953125
4778085,20.20263671875
4778138,24.84130859375
4778163,32.89794921875
4778193,22.03369140625
4778255,23.49853515625
4778291,23.86474609375
4778380,20.3857421875
4778466,19.53125
4785232,21.17919921875
4785288,22.216796875
4785326,21.1181640625
4785371,24.59716796875
4785405,29.60205078125
4785435,31.494140625
4785460,21.97265625
4785509,21.6064453125
4785535,19.83642578125
4785608,21.484375
4785685,21.728515625
4785703,41.07666015625
4785761,19.22607421875
4786035,20.93505859375
4792070,22.3388671875
4792225,21.78955078125
4792260,24.658203125
4792336,22.39990234375
4792367,21.484375
4792429,20.93505859375
4792474,19.95849609375
4792504,32.77587890625
4792560,24.7802734375
4792694,26.42822265625
