4799001,0
488615,18.12744140625
491080,16.7236328125
491215,18.310546875
491238,16.41845703125
491274,16.4794921875
493098,17.39501953125
529457,16.845703125
529469,20.6298828125
529503,16.6015625
529564,18.9208984375
529743,16.845703125
530068,16.90673828125
530914,16.4794921875
591273,16.41845703125
591341,17.39501953125
591391,16.845703125
591440,17.88330078125
591530,17.27294921875
591758,16.9677734375
618178,18.00537109375
618211,18.37158203125
618230,16.41845703125
643623,17.88330078125
643761,17.15087890625
643875,17.822265625
666838,18.5546875
667074,16.4794921875
691981,16.54052734375
712320,19.287109375
712375,21.78955078125
713052,16.9677734375
733744,16.41845703125
733847,16.90673828125
752790,18.4326171875
752854,16.54052734375
752888,17.02880859375
770712,24.7802734375
770759,18.6767578125
770818,18.00537109375
770840,17.333984375
771211,19.95849609375
771231,16.54052734375
787916,17.88330078125
789571,16.66259765625
789586,17.02880859375
803868,19.22607421875
803886,17.51708984375
803907,17.02880859375
804037,18.798828125
820598,16.41845703125
820746,16.6015625
836546,19.59228515625
836586,17.2119140625
836625,16.41845703125
836700,16.66259765625
837335,17.02880859375
854046,17.333984375
854209,17.51708984375
854227,31.06689453125
854329,17.9443359375
855134,16.78466796875
870859,16.6015625
871182,18.798828125
871267,16.66259765625
871499,16.7236328125
887351,16.90673828125
903468,17.822265625
903837,16.6015625
921003,19.287109375
921424,17.578125
921516,17.4560546875
935630,17.578125
935799,17.02880859375
936079,18.61572265625
952336,16.54052734375
952443,21.1181640625
952474,19.04296875
952583,16.4794921875
969534,18.9208984375
969838,16.78466796875
970151,17.15087890625
986860,18.12744140625
987087,16.41845703125
1003035,16.78466796875
1003078,17.76123046875
1004541,17.02880859375
1019160,17.88330078125
1019180,16.9677734375
1020559,16.4794921875
1036375,18.310546875
1036486,18.49365234375
1036861,17.02880859375
1037392,16.6015625
1056898,17.9443359375
1057332,18.00537109375
1057727,16.66259765625
1058126,18.06640625
1077521,19.04296875
1077642,17.27294921875
1077769,18.1884765625
1077930,17.02880859375
1098342,17.51708984375
1098513,18.310546875
1098572,19.6533203125
1098855,16.78466796875
1099899,19.775390625
1118125,19.95849609375
1118203,17.333984375
1119443,18.00537109375
1139707,17.51708984375
1139755,19.4091796875
1139846,18.24951171875
1139879,16.845703125
1139948,16.9677734375
1164235,17.51708984375
1164282,18.24951171875
1164340,18.5546875
1184431,17.51708984375
1184573,19.22607421875
1184583,18.9208984375
1211342,16.78466796875
1211495,18.06640625
1211579,16.41845703125
1211673,20.20263671875
1211796,17.7001953125
1236311,19.47021484375
1236347,18.5546875
1236371,16.6015625
1236464,17.08984375
1265934,21.42333984375
1265973,17.4560546875
1266169,16.54052734375
1266204,20.3857421875
1311033,16.90673828125
1311136,20.93505859375
1342429,20.5078125
1342523,16.7236328125
1958331,19.95849609375
1958370,18.49365234375
1958388,16.78466796875
1958404,18.73779296875
1958452,16.9677734375
1958486,21.484375
1960490,17.08984375
1960543,16.6015625
2004859,18.06640625
2004926,16.7236328125
2005052,19.47021484375
2005102,16.90673828125
2007287,18.4326171875
2043103,17.02880859375
2043175,16.78466796875
2043221,17.08984375
2043362,17.51708984375
2080224,17.15087890625
2080270,16.66259765625
2080315,21.6064453125
2080399,16.6015625
2080467,18.5546875
2080763,18.73779296875
2117150,20.93505859375
2117205,18.1884765625
2117240,19.775390625
2150958,17.2119140625
2151027,17.39501953125
2151101,16.9677734375
2151268,17.27294921875
2151761,19.47021484375
2189049,17.88330078125
2189125,18.00537109375
2189198,16.7236328125
2189288,16.4794921875
2220679,20.1416015625
2220701,20.1416015625
2220767,19.34814453125
2220795,18.98193359375
2220982,18.61572265625
2221334,18.49365234375
2261546,17.27294921875
2261579,23.25439453125
2263568,17.333984375
2289712,19.04296875
2289814,17.08984375
2289888,18.98193359375
2289959,18.00537109375
2321068,16.66259765625
2321190,18.24951171875
2321292,17.9443359375
2321308,16.90673828125
2321354,18.73779296875
2321376,17.63916015625
2321450,16.90673828125
2352232,17.88330078125
2352378,18.85986328125
2353521,16.54052734375
2354073,17.39501953125
2392372,17.27294921875
2392445,23.01025390625
2392482,19.83642578125
2392543,20.69091796875
2392617,19.34814453125
2392954,16.4794921875
2394128,17.4560546875
2394975,18.798828125
2432225,17.578125
2432266,18.06640625
2432323,17.88330078125
2432343,19.10400390625
2434201,16.4794921875
2466674,18.06640625
2466717,17.08984375
2466768,17.333984375
2467435,16.90673828125
2510459,21.54541015625
2510525,17.08984375
2510584,17.51708984375
2510598,17.333984375
2510683,17.822265625
2550756,19.775390625
2552631,19.775390625
2552941,16.78466796875
2596401,17.578125
2596473,17.39501953125
2596505,16.7236328125
2597736,17.822265625
2598300,16.54052734375
2635807,18.24951171875
2635841,16.4794921875
2635867,18.1884765625
2636024,16.6015625
2636741,16.9677734375
2637477,17.39501953125
2684316,18.37158203125
2684353,17.578125
2684372,21.8505859375
2684476,16.54052734375
2684536,20.56884765625
2684612,16.6015625
2684798,16.66259765625
2685335,16.90673828125
2686231,18.12744140625
2729994,18.5546875
2730033,20.32470703125
2730063,19.6533203125
2730102,21.8505859375
2730234,16.6015625
2778477,22.0947265625
2778515,17.08984375
2778573,19.59228515625
2778776,18.6767578125
2827862,17.02880859375
2827908,19.83642578125
2827976,20.93505859375
2828038,19.47021484375
2828269,17.51708984375
2828970,18.310546875
2870875,21.30126953125
2870934,19.10400390625
2870972,17.15087890625
2871051,16.78466796875
2871203,16.54052734375
2871281,18.1884765625
2872405,20.56884765625
2873177,16.41845703125
2915070,18.06640625
2916644,16.41845703125
2973556,16.7236328125
2973577,16.54052734375
2973615,17.27294921875
2973629,20.44677734375
2973788,17.39501953125
2973920,19.83642578125
2976209,16.4794921875
3024169,17.51708984375
3024266,22.94921875
3024331,18.00537109375
3024393,17.63916015625
3024413,18.310546875
3024448,20.99609375
3024470,21.66748046875
3024678,17.15087890625
3105118,17.2119140625
3105339,18.9208984375
3105444,17.02880859375
3105550,21.42333984375
3155986,17.7001953125
3206814,17.39501953125
3206928,19.04296875
3206960,16.54052734375
3206993,17.15087890625
3207157,16.78466796875
3207258,16.7236328125
3208509,20.5078125
3250074,18.24951171875
3250112,16.78466796875
3250138,17.08984375
3250166,20.56884765625
3250208,25.81787109375
3251160,17.15087890625
3292842,17.02880859375
3292867,17.27294921875
3292895,16.9677734375
3294066,16.66259765625
3294570,16.41845703125
3351708,21.728515625
3351818,17.9443359375
3352859,16.90673828125
3393213,17.9443359375
3393300,20.99609375
3393409,19.287109375
3393790,17.578125
3394575,18.798828125
3394783,17.4560546875
3450322,16.78466796875
3450376,20.93505859375
3450394,16.66259765625
3450515,16.78466796875
3450649,18.06640625
3450819,16.6015625
3451120,16.66259765625
3451410,16.90673828125
3493171,18.24951171875
3493217,17.27294921875
3493384,22.27783203125
3493536,19.1650390625
3493862,18.85986328125
3495182,16.845703125
3554762,17.88330078125
3555121,17.08984375
3555305,16.4794921875
3556586,17.9443359375
4295813,19.04296875
4673807,18.4326171875
4674195,16.66259765625
4675279,18.61572265625
4675439,16.4794921875
4706715,16.66259765625
4708328,16.78466796875
4736589,19.34814453125
4736710,18.06640625
4736731,24.5361328125
4736758,22.39990234375
4736844,19.10400390625
4736937,16.90673828125
4737057,18.9208984375
4737075,16.6015625
4738419,16.6015625
4765067,18.37158203125
4765119,19.10400390625
4765143,17.2119140625
4765279,17.76123046875
4765664,18.37158203125
4791322,22.4609375
4791342,16.54052734375
4791376,20.08056640625
4791848,16.7236328125
4791884,17.333984375
