4799201,0
229078,28.4423828125
229259,28.3203125
229361,28.13720703125
329090,32.8369140625
329120,31.79931640625
416181,27.9541015625
489680,30.6396484375
490035,32.16552734375
536009,31.18896484375
536039,31.6162109375
536224,28.01513671875
536376,37.2314453125
597295,30.1513671875
597349,27.9541015625
597412,32.40966796875
616293,29.60205078125
616322,32.958984375
616411,38.87939453125
635121,38.6962890625
635291,37.41455078125
635584,29.35791015625
635600,29.72412109375
653033,28.86962890625
653074,27.77099609375
653435,27.77099609375
664034,27.77099609375
665565,32.71484375
678552,30.8837890625
692444,30.76171875
692570,27.77099609375
692624,27.64892578125
692657,29.23583984375
733536,30.2734375
761647,32.2265625
762036,28.50341796875
773130,31.494140625
780704,29.11376953125
800596,31.494140625
815066,34.5458984375
816861,28.13720703125
823585,30.517578125
830964,28.1982421875
840374,28.86962890625
848134,28.01513671875
855899,27.77099609375
875342,29.84619140625
885668,30.3955078125
896975,28.99169921875
926422,29.84619140625
927502,32.8369140625
941596,30.029296875
999841,31.92138671875
1000252,29.35791015625
1040269,27.83203125
1046272,28.1982421875
1064483,30.33447265625
1064579,27.64892578125
1064601,28.3203125
1543889,27.64892578125
1546189,36.31591796875
1546205,29.1748046875
1546243,28.9306640625
1546255,27.83203125
1546288,30.6396484375
1546345,29.60205078125
1546549,33.38623046875
1546593,33.50830078125
1546681,27.83203125
1775443,28.564453125
1887588,34.5458984375
1887700,29.052734375
1887760,32.8369140625
1887796,34.912109375
1887927,31.55517578125
1888030,30.2734375
2060565,33.8134765625
2060612,33.38623046875
2060637,33.203125
2060663,29.60205078125
2060680,41.07666015625
2060708,33.5693359375
2060792,34.24072265625
2060857,30.21240234375
2060877,28.13720703125
2176626,30.3955078125
2177164,28.3203125
2177189,29.35791015625
2177229,27.7099609375
2177257,32.1044921875
2177273,32.2265625
2177312,30.33447265625
2177359,30.1513671875
2292756,32.2265625
2293006,29.296875
2293186,27.64892578125
2293207,43.27392578125
2293222,30.21240234375
2293245,30.82275390625
2293297,32.470703125
2293354,28.99169921875
2293421,32.8369140625
2293450,28.6865234375
2370625,37.41455078125
2370662,29.1748046875
2370685,30.8837890625
2370759,34.48486328125
2370790,31.982421875
2370812,35.5224609375
2371248,27.7099609375
2419635,37.65869140625
2419790,29.9072265625
2419835,37.53662109375
2419861,29.541015625
2419881,34.85107421875
2419901,30.8837890625
2419918,28.3203125
2419979,33.3251953125
2457793,30.82275390625
2457860,28.13720703125
2457917,28.13720703125
2457939,29.11376953125
2457954,31.55517578125
2458051,28.62548828125
2458089,27.7099609375
2458122,37.90283203125
2458146,37.4755859375
2458168,30.45654296875
2458205,29.9072265625
2495886,29.4189453125
2495996,42.29736328125
2496136,29.296875
2496160,41.6259765625
2496186,33.14208984375
2496216,31.06689453125
2496229,31.1279296875
2496299,28.564453125
2496331,29.35791015625
2496579,29.1748046875
2535692,30.57861328125
2535747,28.4423828125
2535781,32.40966796875
2535837,32.89794921875
2535876,29.052734375
2535906,28.50341796875
2535941,31.1279296875
2535955,34.24072265625
2535967,32.77587890625
2536002,30.1513671875
2536054,29.296875
2536108,29.78515625
2536206,28.6865234375
2536369,28.9306640625
2586002,34.423828125
2586125,28.38134765625
2586181,33.0810546875
2586194,32.77587890625
2586225,30.8837890625
2586250,35.46142578125
2586320,27.9541015625
2586383,30.1513671875
2586496,28.80859375
2586519,29.11376953125
2586717,29.052734375
2586755,28.6865234375
2649279,28.01513671875
2649309,29.96826171875
2649322,29.23583984375
2649372,35.33935546875
2649391,31.55517578125
2649432,29.9072265625
2649445,28.13720703125
2649608,28.74755859375
2649645,28.86962890625
2649681,28.564453125
2649759,31.55517578125
2753326,28.80859375
2753401,28.62548828125
2753572,32.04345703125
2753744,31.06689453125
2753797,28.62548828125
2753929,34.60693359375
2817853,27.9541015625
2818413,32.40966796875
2818461,33.50830078125
2818498,27.7099609375
2818544,33.447265625
2818565,38.87939453125
2818598,33.935546875
2818625,30.21240234375
2818703,29.84619140625
2870294,29.11376953125
2870372,28.1982421875
2870641,28.13720703125
2870915,28.076171875
2871019,28.564453125
2871036,35.70556640625
2871072,29.9072265625
2871101,28.50341796875
2871135,33.935546875
2871159,28.9306640625
2871254,28.01513671875
2967884,32.470703125
2968054,29.541015625
2968153,28.9306640625
2968652,28.86962890625
2968717,31.6162109375
2968809,33.75244140625
2968866,40.0390625
2968896,35.46142578125
2969044,34.97314453125
2986669,27.9541015625
2986883,28.9306640625
2986905,31.73828125
2987210,28.076171875
2987370,27.64892578125
2987512,31.005859375
2987623,29.72412109375
2987703,30.70068359375
3034434,27.77099609375
3034464,30.2734375
3034584,27.83203125
3034631,31.55517578125
3034683,32.1044921875
3035141,31.982421875
3035168,32.1044921875
3035228,28.86962890625
3035293,31.43310546875
3035465,28.50341796875
3073017,28.62548828125
3073141,30.57861328125
3073164,28.4423828125
3073290,33.5693359375
3073478,33.69140625
3073585,38.6962890625
3073752,30.21240234375
3073780,28.076171875
3073835,32.958984375
3226255,28.86962890625
3226537,28.86962890625
3227629,28.6865234375
3276417,28.13720703125
3276437,27.83203125
3276505,27.9541015625
3277177,28.01513671875
3327867,32.3486328125
3351330,36.43798828125
3351435,33.14208984375
3361256,30.8837890625
3370189,28.62548828125
3378976,29.47998046875
3386668,28.74755859375
3402281,28.01513671875
3411069,29.72412109375
3437907,27.77099609375
3438516,28.01513671875
3447698,28.4423828125
3469913,29.9072265625
3481805,33.0810546875
3493883,28.1982421875
3506635,28.50341796875
3519440,28.38134765625
3533788,27.7099609375
3546296,28.01513671875
3607550,34.1796875
3623706,28.6865234375
3650468,29.78515625
3650698,30.1513671875
3665621,29.541015625
3700284,28.13720703125
3700383,30.45654296875
3700676,33.02001953125
3728901,31.494140625
3729113,32.89794921875
4252946,31.31103515625
4336574,31.18896484375
4452212,33.935546875
4452247,34.3017578125
4452268,29.35791015625
4452325,38.9404296875
4452351,33.75244140625
4452366,29.11376953125
4452417,29.35791015625
4452461,28.4423828125
4452494,28.13720703125
4452550,28.01513671875
4452600,30.82275390625
4452692,28.62548828125
4452844,28.076171875
4540242,29.23583984375
4592170,28.1982421875
4592469,37.2314453125
4592500,29.72412109375
4592529,41.50390625
4592559,36.31591796875
4592581,30.1513671875
4592652,27.9541015625
4592717,30.1513671875
4592767,30.94482421875
4690625,28.3203125
4691694,29.296875
4691768,32.04345703125
4691786,28.3203125
4691845,30.09033203125
4691897,28.076171875
4692060,28.80859375
4692479,33.69140625
4773895,28.564453125
4774022,28.13720703125
4774117,27.9541015625
4774182,31.982421875
4774207,30.8837890625
4774456,29.23583984375
