4799201,0
5533,26.06201171875
5647,29.47998046875
15786,29.6630859375
40352,29.78515625
40369,31.18896484375
54334,29.96826171875
54387,26.3671875
74451,31.73828125
90539,26.85546875
109344,26.55029296875
109459,29.60205078125
118883,28.62548828125
128723,30.21240234375
128858,26.67236328125
139066,27.28271484375
139111,26.06201171875
158720,27.77099609375
158817,28.74755859375
169038,26.7333984375
189855,29.052734375
189926,33.87451171875
212957,27.52685546875
224386,29.4189453125
224484,29.11376953125
236349,26.91650390625
248710,26.2451171875
248766,26.91650390625
262097,26.2451171875
262181,29.23583984375
275893,26.42822265625
275943,27.099609375
288839,29.541015625
288886,31.31103515625
288930,29.23583984375
302944,32.3486328125
303164,28.13720703125
318967,37.90283203125
334388,28.9306640625
334434,26.2451171875
334541,26.123046875
350683,26.79443359375
368772,27.099609375
387311,26.79443359375
387350,31.55517578125
387405,26.18408203125
387584,29.9072265625
387637,27.40478515625
454372,28.13720703125
502080,26.4892578125
529169,27.587890625
560262,26.85546875
585926,27.77099609375
615211,26.4892578125
827132,27.77099609375
1063695,27.03857421875
1203174,26.55029296875
1250197,27.83203125
1263940,27.099609375
1381338,28.50341796875
1381389,29.296875
1489016,26.18408203125
1489065,28.1982421875
1546941,26.3671875
1656669,27.099609375
1667856,27.099609375
1735144,26.18408203125
1795406,26.4892578125
1795541,28.3203125
1896674,26.7333984375
1923820,32.53173828125
1966316,26.42822265625
1966347,29.72412109375
1966359,26.42822265625
1966395,26.67236328125
1966418,36.7431640625
1966452,33.447265625
1966513,27.7099609375
1978980,30.57861328125
1979019,29.84619140625
1979044,31.6162109375
1979083,26.611328125
1989313,27.28271484375
1989384,27.587890625
1989440,26.3671875
1998440,36.4990234375
2009517,26.42822265625
2009533,26.67236328125
2009624,26.7333984375
2019679,27.2216796875
2019734,27.099609375
2030158,32.71484375
2030194,28.86962890625
2030235,27.83203125
2030322,28.38134765625
2038748,27.4658203125
2038809,26.42822265625
2051905,28.9306640625
2051932,28.99169921875
2059073,26.18408203125
2059121,29.296875
2066432,27.40478515625
2066605,30.57861328125
2066688,30.2734375
2087813,27.2216796875
2094710,26.67236328125
2094793,29.6630859375
2102319,26.123046875
2117538,29.78515625
2133197,26.3671875
2149288,26.3671875
2175709,28.01513671875
2175748,29.84619140625
2193759,26.2451171875
2193810,28.38134765625
2193853,26.85546875
2203432,26.55029296875
2203503,26.611328125
2213600,30.8837890625
2213645,28.3203125
2233736,28.86962890625
2244444,31.3720703125
2254626,26.67236328125
2277509,33.38623046875
2315571,26.67236328125
2328962,26.9775390625
2343357,30.82275390625
2343407,28.4423828125
2343464,27.099609375
2358022,26.123046875
2373469,31.18896484375
2390110,26.55029296875
2405945,34.66796875
2405969,28.3203125
2406087,26.06201171875
2504861,30.57861328125
2530924,28.50341796875
2530978,29.4189453125
2555086,26.9775390625
2577742,31.43310546875
2600483,26.55029296875
2625832,27.4658203125
2678192,26.67236328125
2975627,27.34375
3114636,31.25
3233294,28.62548828125
3233324,27.099609375
3256003,27.34375
3281660,26.85546875
3281794,28.25927734375
3312975,30.8837890625
3313011,28.3203125
3313088,26.18408203125
3313110,29.541015625
3337833,29.78515625
3337866,29.60205078125
3337971,26.4892578125
3354996,29.1748046875
3355045,28.13720703125
3355122,32.470703125
3368319,31.55517578125
3368385,28.38134765625
3368500,27.7099609375
3380255,29.296875
3380341,29.84619140625
3380367,27.099609375
3390922,29.6630859375
3390953,27.64892578125
3391079,28.1982421875
3409921,26.7333984375
3409935,27.34375
3428622,31.18896484375
3428744,27.9541015625
3436875,26.06201171875
3436965,30.3955078125
3462547,26.4892578125
3471485,28.6865234375
3471537,28.25927734375
3515810,26.06201171875
3525543,26.9775390625
3525690,27.77099609375
3556735,29.541015625
3567496,27.7099609375
3578672,30.8837890625
3578685,26.18408203125
3591114,27.9541015625
3603778,26.2451171875
3603793,28.86962890625
3604075,26.06201171875
3619236,26.7333984375
3619248,28.3203125
3619374,28.99169921875
3650088,30.3955078125
3650187,26.4892578125
3666494,27.83203125
3683640,29.1748046875
3700823,27.83203125
3722571,26.4892578125
3722628,31.005859375
3785778,29.541015625
3808964,31.005859375
3809092,28.74755859375
3838370,28.25927734375
3871098,26.67236328125
3871190,28.50341796875
3871334,26.123046875
3871354,26.67236328125
3929237,26.123046875
3973472,30.3955078125
3973490,28.13720703125
3973620,29.47998046875
3973639,26.123046875
3973824,27.587890625
4237230,27.89306640625
4308544,26.06201171875
4354588,27.77099609375
4389398,28.01513671875
4420311,34.85107421875
4445326,36.865234375
4470870,28.50341796875
4470928,26.42822265625
4596660,30.33447265625
4596684,27.587890625
4597029,32.16552734375
4634210,27.52685546875
4634231,30.45654296875
4634265,28.9306640625
4671404,27.4658203125
4671453,29.72412109375
4671467,27.89306640625
4671495,31.6162109375
4671564,30.33447265625
4690487,27.34375
4690518,28.50341796875
4690584,30.1513671875
4690610,27.16064453125
4690647,27.52685546875
4690701,26.3671875
4703429,33.3251953125
4703514,28.99169921875
4723031,27.9541015625
4748063,28.50341796875
4748225,27.099609375
4748282,29.052734375
4756315,27.89306640625
4764397,28.3203125
4772322,29.1748046875
4772342,28.01513671875
4772405,26.06201171875
4772419,26.79443359375
4772582,26.611328125
4781248,26.55029296875
4781305,27.52685546875
4781325,26.91650390625
