4798001,0
212182,26.9775390625
257673,23.3154296875
500098,28.25927734375
583275,23.3154296875
749409,28.50341796875
852761,23.681640625
852789,24.84130859375
1102273,24.23095703125
1182504,25.634765625
1182539,28.74755859375
1241144,25.2685546875
1299678,24.35302734375
1418802,25.634765625
1473111,26.0009765625
1584283,24.23095703125
1637053,26.30615234375
1637138,25.2685546875
1808899,23.92578125
1866531,23.4375
1962018,24.7802734375
2019467,23.62060546875
2103744,23.62060546875
2103760,25.08544921875
2220700,23.3154296875
2236993,25.390625
2351728,23.49853515625
2490187,25.20751953125
2533551,27.03857421875
2567681,23.4375
2811077,23.62060546875
2930581,23.4375
2989561,25.87890625
3016667,26.91650390625
3168997,24.47509765625
3651508,26.30615234375
3748369,26.7333984375
3748439,24.96337890625
3835476,23.8037109375
4081010,24.2919921875
4141637,25.08544921875
4188637,24.71923828125
4377295,23.86474609375
4710198,24.2919921875
