4799001,0
82,17.76123046875
412,15.5029296875
1033,18.24951171875
10099,18.73779296875
10669,16.357421875
10932,16.11328125
24920,15.13671875
27749,19.6533203125
27995,18.98193359375
28153,17.51708984375
28179,22.5830078125
28427,16.66259765625
29099,20.8740234375
31051,20.08056640625
31066,17.88330078125
31205,16.29638671875
32081,18.06640625
32221,15.2587890625
32733,16.05224609375
33850,17.333984375
34140,17.15087890625
47238,17.7001953125
47811,16.9677734375
56514,17.578125
57294,22.27783203125
57393,14.892578125
60667,18.61572265625
61017,16.90673828125
63192,17.4560546875
63461,18.00537109375
63671,17.4560546875
63791,14.892578125
73169,19.34814453125
74184,20.3857421875
77135,15.625
77788,15.0146484375
79090,18.798828125
79692,15.80810546875
94101,15.380859375
94213,14.83154296875
95587,19.22607421875
96571,19.34814453125
96757,18.5546875
96809,15.80810546875
96974,16.11328125
97997,16.54052734375
103969,17.9443359375
114949,17.88330078125
115264,15.93017578125
115626,21.91162109375
116152,16.2353515625
120990,16.41845703125
121342,23.4375
121446,15.93017578125
121586,18.798828125
121732,15.07568359375
129403,17.9443359375
129521,18.37158203125
130688,15.5029296875
131532,16.2353515625
131905,15.7470703125
142234,15.5029296875
146265,15.0146484375
154250,17.4560546875
154414,14.95361328125
165661,19.95849609375
166391,18.85986328125
166858,19.83642578125
166876,15.380859375
167311,15.80810546875
169028,15.31982421875
169779,19.10400390625
181067,16.17431640625
183818,18.12744140625
183838,18.00537109375
184129,17.4560546875
184176,15.869140625
184335,15.56396484375
184378,15.2587890625
184734,14.95361328125
185222,17.9443359375
194333,20.99609375
194472,20.3857421875
194656,15.68603515625
194967,19.775390625
201140,16.05224609375
202522,20.08056640625
208211,17.27294921875
209572,15.31982421875
213973,15.93017578125
216210,18.5546875
220656,20.6298828125
221056,18.6767578125
221226,26.30615234375
221817,23.0712890625
221930,15.44189453125
221950,17.822265625
222280,16.29638671875
225530,16.357421875
228388,16.54052734375
230421,15.2587890625
245354,15.13671875
246807,19.775390625
247299,18.1884765625
248884,18.24951171875
252304,17.39501953125
252364,19.22607421875
252461,19.1650390625
252686,21.484375
253896,21.1181640625
260655,16.78466796875
260880,19.22607421875
261287,15.80810546875
261855,16.05224609375
262715,19.22607421875
262909,16.41845703125
268687,16.17431640625
279555,19.59228515625
280118,17.63916015625
285736,16.17431640625
286053,19.4091796875
286514,16.66259765625
292474,18.61572265625
292627,19.4091796875
296370,17.02880859375
296781,20.08056640625
296869,16.41845703125
297119,18.61572265625
300227,21.17919921875
301327,16.41845703125
301504,14.95361328125
301562,14.95361328125
301640,19.6533203125
302008,14.95361328125
302461,19.71435546875
302594,20.20263671875
312577,15.5029296875
315727,14.892578125
319208,17.39501953125
319381,17.578125
319450,21.728515625
319723,16.41845703125
320052,18.24951171875
320175,16.90673828125
331515,17.02880859375
331761,17.76123046875
331787,22.39990234375
334845,20.1416015625
346506,17.88330078125
346544,18.37158203125
346656,15.625
346751,16.17431640625
346976,17.15087890625
347092,14.95361328125
347183,15.13671875
347213,16.05224609375
347991,21.66748046875
348439,21.728515625
348636,23.0712890625
351002,22.03369140625
352518,18.24951171875
367868,15.13671875
369851,20.3857421875
370511,15.380859375
370653,18.00537109375
370777,14.892578125
372754,18.06640625
372933,15.31982421875
375528,15.56396484375
375729,18.4326171875
377410,15.2587890625
377732,16.78466796875
380153,17.63916015625
386612,18.61572265625
387670,16.9677734375
387838,15.7470703125
391142,18.12744140625
391635,19.775390625
397250,15.44189453125
397734,16.54052734375
398039,27.83203125
398194,14.95361328125
398366,14.95361328125
403182,20.81298828125
403286,15.07568359375
403579,14.95361328125
404006,15.0146484375
413757,15.869140625
419891,18.85986328125
420764,15.2587890625
420927,15.9912109375
423990,15.56396484375
424164,19.34814453125
425405,14.95361328125
425890,16.41845703125
426046,19.34814453125
426105,17.822265625
426161,15.2587890625
426468,15.0146484375
434750,16.9677734375
439253,15.0146484375
448280,21.6064453125
448797,17.88330078125
448930,16.05224609375
449407,15.625
449807,17.39501953125
449888,16.6015625
450595,18.310546875
450820,17.76123046875
450839,17.15087890625
453279,17.02880859375
453468,16.90673828125
464644,18.24951171875
469125,16.54052734375
469265,21.17919921875
469683,15.93017578125
470231,18.37158203125
474705,17.333984375
476721,16.6015625
476873,18.1884765625
481674,20.01953125
482751,15.9912109375
484938,16.41845703125
485486,17.9443359375
485906,14.83154296875
486170,15.93017578125
490362,18.00537109375
491922,16.845703125
494008,15.93017578125
495401,15.7470703125
495568,14.83154296875
499859,15.2587890625
499973,16.29638671875
502595,17.4560546875
502781,18.310546875
507259,15.44189453125
507487,17.578125
507661,21.484375
508065,25.45166015625
510728,15.13671875
511407,15.7470703125
517489,18.00537109375
517715,17.39501953125
517842,15.625
518935,18.24951171875
519178,15.19775390625
529984,15.68603515625
531000,16.7236328125
531313,15.19775390625
531808,17.88330078125
532729,15.44189453125
535416,17.88330078125
538575,19.71435546875
538708,28.4423828125
538821,17.63916015625
542976,15.869140625
551496,14.83154296875
553731,17.27294921875
554006,15.0146484375
558071,15.44189453125
559743,19.04296875
559909,18.61572265625
560009,15.13671875
560131,15.9912109375
560680,15.7470703125
560809,15.380859375
563032,21.240234375
563314,20.20263671875
564439,16.2353515625
564739,16.4794921875
564893,15.56396484375
578138,18.6767578125
578557,14.83154296875
579222,16.54052734375
579833,15.07568359375
582080,21.97265625
582205,19.1650390625
582434,20.8740234375
591589,20.751953125
591896,15.9912109375
593669,15.2587890625
593861,15.0146484375
603998,19.34814453125
604344,17.08984375
604917,18.61572265625
605167,17.63916015625
605349,15.68603515625
606023,21.240234375
606196,17.27294921875
606472,18.98193359375
619727,15.19775390625
620039,18.06640625
621001,16.6015625
621123,15.0146484375
621319,15.9912109375
622321,16.54052734375
623459,16.845703125
623630,15.56396484375
633524,15.07568359375
635227,15.13671875
635308,20.93505859375
635431,17.7001953125
635845,14.83154296875
639970,15.7470703125
643861,16.17431640625
651047,21.05712890625
654010,17.2119140625
654121,16.4794921875
657454,14.892578125
658761,16.7236328125
658911,15.44189453125
659045,16.4794921875
659154,15.07568359375
663147,15.19775390625
666762,14.95361328125
667281,15.625
668066,18.12744140625
668390,15.44189453125
681518,16.29638671875
681839,14.892578125
682774,21.97265625
683396,20.751953125
683529,19.4091796875
683826,16.7236328125
684348,17.88330078125
694191,17.333984375
694366,15.44189453125
694963,15.9912109375
695075,15.13671875
706604,18.310546875
710534,16.7236328125
710628,20.08056640625
710804,19.34814453125
710990,15.625
711044,17.08984375
711297,17.39501953125
712597,15.380859375
713927,14.83154296875
719963,15.93017578125
722019,19.287109375
722500,16.11328125
733791,20.44677734375
739833,16.66259765625
740463,15.07568359375
740695,15.0146484375
740816,16.54052734375
740966,20.5078125
741378,22.03369140625
741483,15.9912109375
751038,16.17431640625
751070,16.357421875
751390,15.07568359375
751742,15.93017578125
754751,16.2353515625
755917,16.4794921875
756455,19.71435546875
756618,20.3857421875
760717,14.892578125
764964,15.2587890625
767885,18.5546875
769656,15.380859375
769822,17.4560546875
771409,16.66259765625
771756,22.4609375
771934,18.00537109375
772149,18.12744140625
773086,15.44189453125
773859,15.13671875
778509,19.34814453125
778618,15.625
778760,18.798828125
778982,17.39501953125
785828,15.625
786082,15.19775390625
791490,14.892578125
792164,14.892578125
797364,16.11328125
801246,20.32470703125
801383,15.2587890625
801538,20.08056640625
801805,15.9912109375
801853,18.5546875
806722,16.05224609375
808012,15.0146484375
816292,19.8974609375
816504,15.2587890625
832821,18.9208984375
833002,15.19775390625
833296,18.37158203125
833801,19.59228515625
834248,18.1884765625
834374,17.02880859375
834470,17.39501953125
834489,18.6767578125
834693,17.02880859375
836297,15.7470703125
836510,15.44189453125
836964,15.80810546875
843435,14.83154296875
851674,16.90673828125
851866,18.00537109375
853696,19.95849609375
854458,19.59228515625
854718,18.49365234375
855175,16.78466796875
860898,19.4091796875
862421,15.44189453125
862568,19.95849609375
862704,15.68603515625
863075,15.2587890625
863224,25.57373046875
863657,17.51708984375
876142,20.93505859375
876291,15.2587890625
876397,15.13671875
886673,17.9443359375
886739,15.2587890625
887241,18.310546875
887304,17.4560546875
892566,15.19775390625
893214,16.7236328125
897897,20.32470703125
898720,18.85986328125
898844,16.90673828125
898932,15.0146484375
899007,16.845703125
900539,17.9443359375
901477,17.02880859375
902185,17.822265625
909195,17.51708984375
914143,20.6298828125
914335,18.61572265625
915171,20.93505859375
915316,15.07568359375
917245,17.27294921875
917329,16.17431640625
917397,16.357421875
926143,18.5546875
928015,17.39501953125
928654,15.56396484375
934143,23.74267578125
935565,22.3388671875
935705,17.9443359375
935854,15.56396484375
948038,16.4794921875
948155,14.892578125
952906,16.78466796875
954073,15.869140625
955173,16.90673828125
959102,15.7470703125
960186,21.8505859375
960312,19.53125
964140,16.05224609375
964223,20.5078125
964344,16.845703125
964697,18.24951171875
965963,17.7001953125
973009,16.41845703125
974731,15.44189453125
974773,16.7236328125
982060,16.7236328125
982795,18.798828125
982943,23.25439453125
983440,18.12744140625
983507,19.34814453125
983522,14.83154296875
986552,15.19775390625
986638,18.12744140625
993506,18.37158203125
993815,16.54052734375
994191,16.29638671875
994325,21.05712890625
994595,17.08984375
994708,15.68603515625
1005532,17.15087890625
1005699,15.869140625
1006891,18.310546875
1007033,16.29638671875
1007287,15.07568359375
1007811,17.2119140625
1008615,15.80810546875
1010695,15.869140625
1012244,14.95361328125
1015261,14.892578125
1015917,23.98681640625
1016036,21.3623046875
1030338,19.04296875
1030958,14.83154296875
1034149,18.4326171875
1037339,20.263671875
1037501,14.83154296875
1037537,17.2119140625
1038320,21.54541015625
1040960,19.6533203125
1044819,17.7001953125
1045421,19.22607421875
1045588,22.0947265625
1047075,16.4794921875
1047583,23.681640625
1047712,15.80810546875
1047727,15.5029296875
1053234,16.54052734375
1060902,16.17431640625
1061125,15.31982421875
1067237,16.9677734375
1067368,14.892578125
1068127,15.07568359375
1072882,19.04296875
1074928,23.3154296875
1075091,15.5029296875
1075217,16.9677734375
1075331,16.845703125
1075578,15.0146484375
1078102,16.357421875
1078977,16.17431640625
1082175,16.2353515625
1082463,19.4091796875
1083089,18.4326171875
1084745,14.892578125
1093765,18.310546875
1093989,15.9912109375
1094003,18.24951171875
1094270,15.0146484375
1096821,16.17431640625
1101150,15.19775390625
1105577,15.44189453125
1106017,15.7470703125
1106952,16.05224609375
1107249,17.08984375
1107355,15.56396484375
1108561,16.05224609375
1109390,18.12744140625
1110644,15.93017578125
1114688,18.73779296875
1114877,19.1650390625
1119579,14.95361328125
1119920,15.380859375
1131183,20.8740234375
1132255,23.3154296875
1132888,16.17431640625
1133066,15.625
1133469,16.4794921875
1135441,15.56396484375
1135476,19.10400390625
1135616,15.2587890625
1135654,15.869140625
1136093,14.892578125
1136148,18.5546875
1136329,17.88330078125
1136558,17.39501953125
1159462,17.51708984375
1161332,17.63916015625
1161806,15.68603515625
1161843,22.76611328125
1162355,17.63916015625
1163306,18.310546875
1163603,14.83154296875
1164287,14.892578125
1164383,14.892578125
1164542,16.357421875
1184758,20.1416015625
1184936,16.90673828125
1185123,15.7470703125
1185443,18.00537109375
1185935,23.4375
1186245,15.380859375
1190067,18.49365234375
1190422,15.7470703125
1191214,16.54052734375
1194070,15.68603515625
1194358,21.78955078125
1194452,15.19775390625
1196815,15.80810546875
1197085,18.12744140625
1198764,15.13671875
1198928,18.24951171875
1214841,19.22607421875
1216962,20.751953125
1217070,18.73779296875
1217613,17.02880859375
1221646,18.49365234375
1221806,19.59228515625
1221915,18.00537109375
1221960,17.578125
1222643,16.4794921875
1222866,18.00537109375
1224271,17.27294921875
1225230,16.2353515625
1225864,16.7236328125
1226470,15.19775390625
1239842,20.56884765625
1239990,18.4326171875
1240369,15.31982421875
1242979,16.41845703125
1243756,18.6767578125
1247184,17.08984375
1248003,19.53125
1249596,15.380859375
1265556,21.3623046875
1265696,17.51708984375
1266002,17.4560546875
1266190,16.41845703125
1266874,16.78466796875
1270651,15.5029296875
1271083,14.83154296875
1271615,16.41845703125
1271763,17.822265625
1272481,14.95361328125
1282360,17.02880859375
1282740,15.44189453125
1282849,16.6015625
1294456,15.380859375
1294959,26.611328125
1295516,14.83154296875
1296607,18.49365234375
1296776,20.01953125
1297158,19.10400390625
1307162,18.5546875
1307278,15.68603515625
1307718,15.07568359375
1309078,16.66259765625
1309093,17.02880859375
1309581,18.4326171875
1309709,23.4375
1324078,17.7001953125
1325265,16.7236328125
1330457,16.05224609375
1330656,16.9677734375
1332797,16.357421875
1333819,15.5029296875
1335142,18.6767578125
1335325,16.7236328125
1335451,18.73779296875
1335469,14.892578125
1335735,17.02880859375
1336374,17.51708984375
1339450,18.49365234375
1341448,16.05224609375
1344464,17.76123046875
1344687,15.07568359375
1346703,16.29638671875
1356925,18.73779296875
1357029,16.78466796875
1357085,18.6767578125
1357170,15.19775390625
1357621,14.892578125
1357661,15.56396484375
1359513,16.41845703125
1369496,14.892578125
1369814,15.7470703125
1372447,17.578125
1372775,14.83154296875
1372961,14.95361328125
1373263,15.625
1383731,20.5078125
1383865,15.869140625
1384093,17.39501953125
1384202,16.78466796875
1384514,16.54052734375
1391812,16.41845703125
1393549,18.85986328125
1393803,17.2119140625
1394146,16.90673828125
1394368,15.7470703125
1400271,16.357421875
1400466,15.44189453125
1400582,15.93017578125
1401017,18.49365234375
1401190,14.83154296875
1403413,17.4560546875
1410292,18.24951171875
1410472,20.20263671875
1410625,15.19775390625
1418543,17.88330078125
1419234,18.9208984375
1420920,20.32470703125
1421668,21.78955078125
1428118,15.31982421875
1431096,15.380859375
1431376,16.4794921875
1432748,19.1650390625
1434124,21.6064453125
1435820,19.775390625
1436162,18.5546875
1436259,16.29638671875
1440420,15.380859375
1452692,15.0146484375
1455156,15.625
1455293,17.08984375
1459332,15.80810546875
1461470,15.80810546875
1461494,19.83642578125
1461584,20.93505859375
1462187,15.07568359375
1462450,15.625
1465571,15.93017578125
1465726,20.01953125
1467168,15.7470703125
1467545,16.17431640625
1467747,16.357421875
1468066,17.63916015625
1468160,15.380859375
1469008,17.578125
1469099,19.10400390625
1469401,17.02880859375
1479274,17.7001953125
1479944,15.625
1480440,16.845703125
1485864,14.892578125
1486984,18.9208984375
1487086,14.83154296875
1488467,16.17431640625
1493821,15.5029296875
1494103,15.31982421875
1506461,14.83154296875
1508793,17.7001953125
1509184,17.08984375
1510036,15.5029296875
1510671,15.9912109375
1511598,17.2119140625
1511650,16.2353515625
1515251,15.13671875
1520496,17.578125
1520875,20.8740234375
1521060,16.17431640625
1521396,16.9677734375
1522042,16.2353515625
1523911,15.5029296875
1525293,15.0146484375
1525627,15.44189453125
1530028,16.4794921875
1530253,14.95361328125
1535148,19.8974609375
1541115,23.3154296875
1541235,17.02880859375
1544791,15.93017578125
1544967,16.357421875
1545930,17.63916015625
1545991,15.2587890625
1550326,19.22607421875
1550545,19.04296875
1550701,17.822265625
1561057,17.08984375
1561877,15.68603515625
1568619,15.80810546875
1568857,15.9912109375
1571905,20.08056640625
1572155,19.6533203125
1572358,15.13671875
1572383,15.5029296875
1572503,15.0146484375
1572590,16.78466796875
1572601,15.2587890625
1588631,15.56396484375
1588792,14.83154296875
1592217,18.24951171875
1593365,16.66259765625
1599697,16.845703125
1599912,18.1884765625
1600180,19.1650390625
1600369,15.7470703125
1601570,16.78466796875
1601832,16.05224609375
1614684,16.2353515625
1616027,16.05224609375
1621096,17.63916015625
1623197,15.07568359375
1624308,15.7470703125
1625217,22.03369140625
1634011,19.53125
1634945,19.53125
1635051,19.83642578125
1635545,16.54052734375
1642446,16.05224609375
1646127,20.6298828125
1646190,16.9677734375
1646350,15.869140625
1646410,16.05224609375
1646806,15.869140625
1647145,21.54541015625
1647908,15.31982421875
1648353,17.08984375
1649440,15.13671875
1658356,20.32470703125
1658773,20.81298828125
1664782,15.5029296875
1670908,19.95849609375
1671062,16.05224609375
1672391,17.4560546875
1673162,18.49365234375
1675316,14.892578125
1676777,18.73779296875
1677532,18.4326171875
1677741,15.44189453125
1677842,15.13671875
1679227,19.53125
1680762,19.95849609375
1680882,15.56396484375
1681072,16.2353515625
1681768,15.68603515625
1682003,16.4794921875
1693564,17.333984375
1693631,16.41845703125
1702642,19.04296875
1702822,19.10400390625
1702956,15.869140625
1703095,17.2119140625
1703960,20.99609375
1704082,19.34814453125
1704246,17.15087890625
1704531,15.5029296875
1709638,16.66259765625
1710928,17.7001953125
1713022,15.80810546875
1713685,16.17431640625
1714228,15.13671875
1725590,15.07568359375
1726300,15.19775390625
1727584,15.869140625
1728234,16.41845703125
1729158,17.39501953125
1729299,20.32470703125
1729322,19.95849609375
1729386,14.83154296875
1729933,17.02880859375
1730230,17.88330078125
1730339,17.578125
1740439,16.6015625
1740652,21.97265625
1743257,19.71435546875
1743429,17.63916015625
1744686,20.751953125
1752408,15.68603515625
1753947,15.56396484375
1754125,15.80810546875
1754371,15.869140625
1754574,18.310546875
1763172,19.47021484375
1763332,21.42333984375
1763507,18.9208984375
1763604,14.95361328125
1772326,16.17431640625
1772402,20.3857421875
1774296,19.95849609375
1774502,15.44189453125
1774699,16.78466796875
1783406,17.76123046875
1785130,23.37646484375
1785981,20.01953125
1786536,16.9677734375
1787136,15.625
1790569,16.6015625
1796947,16.29638671875
1797097,15.44189453125
1798915,17.88330078125
1808805,15.68603515625
1812231,16.29638671875
1815408,18.61572265625
1817918,15.19775390625
1818602,14.892578125
1818857,21.97265625
1819286,19.59228515625
1819418,16.11328125
1820449,19.47021484375
1820573,15.80810546875
1827835,20.69091796875
1834604,17.88330078125
1834798,18.37158203125
1836134,14.95361328125
1840470,19.775390625
1840679,16.66259765625
1840893,16.11328125
1843616,19.775390625
1843808,18.310546875
1845477,17.76123046875
1845674,17.88330078125
1845992,14.83154296875
1857674,18.310546875
1860129,20.32470703125
1860258,16.66259765625
1860376,19.71435546875
1860547,14.83154296875
1862389,18.9208984375
1862814,16.11328125
1863029,18.5546875
1863248,15.68603515625
1864602,17.822265625
1864876,16.357421875
1872137,20.8740234375
1872430,15.2587890625
1880208,18.24951171875
1881615,15.2587890625
1881871,18.1884765625
1882937,19.34814453125
1883087,17.27294921875
1883210,16.357421875
1883239,15.19775390625
1885897,15.0146484375
1892303,15.44189453125
1893362,18.5546875
1893581,19.59228515625
1897961,15.5029296875
1897996,24.2919921875
1900614,18.49365234375
1901449,15.869140625
1902851,16.90673828125
1906880,15.625
1907069,23.37646484375
1907668,19.22607421875
1907906,15.56396484375
1908188,14.95361328125
1911344,15.93017578125
1911584,20.93505859375
1911689,16.05224609375
1920419,18.61572265625
1920550,15.869140625
1920644,15.2587890625
1930554,17.63916015625
1930577,17.02880859375
1931060,19.04296875
1932698,16.11328125
1932918,18.06640625
1933051,18.49365234375
1933236,18.00537109375
1933548,15.07568359375
1940077,17.51708984375
1951321,18.98193359375
1951363,16.17431640625
1951544,18.37158203125
1951566,16.90673828125
1951771,15.625
1952443,17.88330078125
1952828,17.7001953125
1959021,17.822265625
1959960,18.98193359375
1962645,15.869140625
1964691,21.97265625
1966182,14.83154296875
1966659,15.31982421875
1966753,20.56884765625
1966771,15.31982421875
1966893,16.17431640625
1966903,17.63916015625
1966977,18.24951171875
1967290,17.2119140625
1968113,15.380859375
1986198,15.19775390625
1986576,15.0146484375
1993760,17.2119140625
1994059,16.29638671875
1995104,21.66748046875
1995257,19.4091796875
1995359,15.380859375
1998431,16.357421875
1999434,17.7001953125
1999901,17.63916015625
1999914,15.56396484375
2000026,15.68603515625
2010730,22.27783203125
2017376,17.2119140625
2017807,20.32470703125
2021589,14.83154296875
2021838,15.7470703125
2025452,15.19775390625
2026638,19.59228515625
2026895,16.29638671875
2027136,17.08984375
2027850,15.380859375
2030726,17.9443359375
2030873,17.2119140625
2031227,14.95361328125
2032621,17.9443359375
2036960,16.11328125
2041228,16.29638671875
2045708,15.68603515625
2047805,15.625
2048311,14.892578125
2060390,15.07568359375
2060550,19.53125
2060785,18.5546875
2060826,16.66259765625
2060854,15.2587890625
2060913,18.24951171875
2065974,15.07568359375
2078906,17.2119140625
2083953,15.56396484375
2088266,17.51708984375
2095766,16.2353515625
2096753,15.0146484375
2097634,21.78955078125
2097772,19.71435546875
2097882,19.22607421875
2097902,15.68603515625
2097944,15.869140625
2098170,18.9208984375
2098287,17.333984375
2098390,17.4560546875
2108199,15.19775390625
2108417,16.7236328125
2112256,18.6767578125
2113519,15.19775390625
2118916,16.05224609375
2128426,22.8271484375
2128802,20.81298828125
2128975,17.02880859375
2129144,18.37158203125
2133549,16.4794921875
2135287,19.83642578125
2135548,18.49365234375
2135813,18.310546875
2140284,16.7236328125
2148050,17.2119140625
2149957,18.73779296875
2150206,19.10400390625
2150327,16.90673828125
2151101,18.9208984375
2162293,18.00537109375
2162483,16.9677734375
2163577,15.869140625
2163601,16.78466796875
2163785,20.8740234375
2164084,15.380859375
2164438,21.17919921875
2164833,14.892578125
2165907,15.93017578125
2168985,16.17431640625
2169453,14.892578125
2170800,17.822265625
2170950,17.822265625
2171151,20.1416015625
2173800,16.29638671875
2184061,17.822265625
2192683,15.56396484375
2193155,19.775390625
2193370,17.02880859375
2193448,17.333984375
2193568,15.5029296875
2193703,15.80810546875
2193878,17.4560546875
2194297,15.0146484375
2194512,22.27783203125
2194818,18.73779296875
2211337,15.80810546875
2211475,16.41845703125
2211593,20.1416015625
2211962,14.95361328125
2212329,15.56396484375
2219857,17.2119140625
2226084,16.90673828125
2226943,17.76123046875
2227071,16.4794921875
2227516,16.357421875
2227690,17.88330078125
2228513,16.7236328125
2231280,17.7001953125
2231490,15.0146484375
2231931,21.17919921875
2237077,15.56396484375
2240097,18.310546875
2241369,21.17919921875
2242124,15.7470703125
2249062,18.73779296875
2249218,15.0146484375
2249689,19.287109375
2257592,21.78955078125
2264869,21.05712890625
2265088,19.22607421875
2265149,17.51708984375
2265205,21.1181640625
2265615,15.68603515625
2265922,22.64404296875
2266010,17.4560546875
2266364,14.892578125
2266691,15.07568359375
2271810,15.625
2272566,19.22607421875
2274914,17.578125
2275045,16.54052734375
2275180,16.54052734375
2275263,15.5029296875
2280429,16.845703125
2280612,15.31982421875
2286322,18.00537109375
2286441,14.95361328125
2291712,20.32470703125
2291942,19.34814453125
2292172,15.80810546875
2293822,18.6767578125
2295638,15.56396484375
2296164,15.44189453125
2304649,19.47021484375
2305134,21.3623046875
2305273,15.9912109375
2305296,16.90673828125
2305581,17.15087890625
2308918,15.68603515625
2309151,16.05224609375
2312578,16.4794921875
2312717,18.9208984375
2323095,15.7470703125
2324242,22.0947265625
2324414,17.578125
2324540,16.2353515625
2325042,20.01953125
2325591,17.2119140625
2329644,17.333984375
2332845,17.88330078125
2333031,15.19775390625
2337807,15.5029296875
2338091,14.892578125
2343423,16.357421875
2345388,16.17431640625
2345512,15.31982421875
2349519,17.7001953125
2350093,18.798828125
2350229,17.333984375
2353067,19.47021484375
2353373,15.80810546875
2353566,14.892578125
2357430,15.380859375
2357686,14.95361328125
2357798,15.869140625
2365382,15.56396484375
2374071,21.484375
2374314,18.24951171875
2374793,15.625
2375153,23.4375
2375510,16.6015625
2375918,17.76123046875
2377374,16.66259765625
2378901,18.24951171875
2382437,17.822265625
2382636,18.00537109375
2382916,15.68603515625
2383186,17.7001953125
2383197,15.13671875
2390711,17.2119140625
2391037,16.6015625
2391263,17.27294921875
2392488,22.76611328125
2392644,18.49365234375
2392788,15.68603515625
2397464,15.13671875
2408058,19.47021484375
2408221,15.93017578125
2408318,14.95361328125
2408971,17.822265625
2412980,19.4091796875
2413187,18.06640625
2413364,15.869140625
2413511,15.5029296875
2418621,17.578125
2419136,16.78466796875
2425121,16.05224609375
2425306,15.380859375
2426386,16.90673828125
2431073,15.5029296875
2433157,21.17919921875
2433336,20.1416015625
2437614,15.68603515625
2437744,18.310546875
2438444,18.73779296875
2438800,22.4609375
2438942,16.90673828125
2439424,19.71435546875
2439620,17.822265625
2440117,15.13671875
2440453,15.9912109375
2442879,15.7470703125
2443012,16.66259765625
2443711,15.68603515625
2444907,15.68603515625
2445543,18.5546875
2458017,18.24951171875
2458185,16.17431640625
2463153,17.4560546875
2465419,21.6064453125
2465551,18.798828125
2465788,15.5029296875
2469935,17.578125
2471900,15.13671875
2474391,17.578125
2474765,16.845703125
2476556,15.19775390625
2484789,19.04296875
2485276,18.00537109375
2487566,19.4091796875
2495194,17.27294921875
2495875,15.5029296875
2496012,15.07568359375
2496066,20.44677734375
2496253,27.52685546875
2496361,15.869140625
2496596,15.68603515625
2500290,20.01953125
2500646,15.07568359375
2501113,18.310546875
2515646,20.56884765625
2515792,20.20263671875
2515908,16.90673828125
2516797,20.3857421875
2516952,15.31982421875
2517536,19.4091796875
2522290,15.380859375
2523102,18.9208984375
2523967,16.05224609375
2524867,18.798828125
2525183,16.90673828125
2525317,14.95361328125
2525453,15.869140625
2525963,15.9912109375
2531562,17.02880859375
2532709,16.78466796875
2542163,18.73779296875
2543118,15.31982421875
2543649,18.24951171875
2545479,25.08544921875
2545646,15.0146484375
2545963,18.4326171875
2546085,15.13671875
2553177,15.0146484375
2553377,15.07568359375
2553477,15.68603515625
2554355,15.44189453125
2558777,14.95361328125
2559639,18.1884765625
2561834,16.41845703125
2566623,19.775390625
2567112,15.380859375
2567825,17.02880859375
2568429,18.73779296875
2568589,16.6015625
2568760,17.02880859375
2569438,17.822265625
2569719,15.31982421875
2574707,22.52197265625
2575698,19.71435546875
2575819,18.49365234375
2580364,16.05224609375
2583057,20.1416015625
2583156,15.68603515625
2595217,15.2587890625
2595240,15.9912109375
2596839,16.05224609375
2598513,16.54052734375
2600445,17.02880859375
2600758,15.5029296875
2602954,15.13671875
2604001,17.39501953125
2604284,14.892578125
2605048,24.658203125
2606058,16.7236328125
2612288,22.03369140625
2612409,17.333984375
2612616,15.9912109375
2613049,16.6015625
2613162,15.625
2615613,16.17431640625
2615978,16.4794921875
2620714,23.62060546875
2621037,16.41845703125
2621653,17.333984375
2629365,16.2353515625
2630136,14.892578125
2633477,14.95361328125
2637013,18.06640625
2637190,15.380859375
2638295,16.845703125
2638624,16.17431640625
2641895,22.52197265625
2642068,18.9208984375
2642197,14.892578125
2642386,16.11328125
2655382,18.24951171875
2658502,17.9443359375
2658746,16.2353515625
2663238,16.7236328125
2663597,15.9912109375
2663978,15.31982421875
2664113,15.0146484375
2664561,17.63916015625
2665914,17.9443359375
2666113,18.06640625
2666231,15.869140625
2666555,16.11328125
2672733,16.11328125
2682036,15.869140625
2683697,20.20263671875
2683847,15.80810546875
2683870,20.1416015625
2684155,17.02880859375
2684326,16.7236328125
2684892,18.06640625
2689686,16.78466796875
2690436,15.0146484375
2692153,15.44189453125
2692841,15.80810546875
2693471,15.13671875
2696540,16.4794921875
2697269,16.05224609375
2698187,16.2353515625
2705996,16.2353515625
2706472,16.66259765625
2708281,15.13671875
2710844,22.216796875
2711451,21.484375
2711584,17.4560546875
2711885,18.06640625
2712411,19.775390625
2712712,16.05224609375
2713603,17.9443359375
2720248,15.68603515625
2726191,16.6015625
2726486,16.845703125
2726885,17.333984375
2727549,14.95361328125
2736713,15.31982421875
2737255,15.93017578125
2737493,15.7470703125
2739409,21.3623046875
2739540,18.00537109375
2740415,18.310546875
2741336,18.00537109375
2741647,19.53125
2741727,15.0146484375
2741887,15.625
2741943,15.68603515625
2747621,15.869140625
2747755,15.625
2751511,18.00537109375
2751715,16.17431640625
2752231,15.0146484375
2761677,23.92578125
2764338,18.12744140625
2765233,20.20263671875
2765288,18.1884765625
2765371,17.822265625
2765534,19.34814453125
2765872,17.4560546875
2769551,17.822265625
2779930,16.78466796875
2780079,15.625
2782060,15.56396484375
2782267,15.19775390625
2782361,20.5078125
2782497,17.15087890625
2788449,15.93017578125
2792651,18.85986328125
2793364,16.90673828125
2793505,18.85986328125
2794039,16.6015625
2795176,16.4794921875
2795364,17.27294921875
2801726,15.44189453125
2806706,18.798828125
2808070,15.56396484375
2810045,17.7001953125
2811480,18.12744140625
2811900,15.07568359375
2812938,17.63916015625
2813543,15.5029296875
2814442,20.3857421875
2814546,15.19775390625
2814621,19.10400390625
2814926,20.6298828125
2815055,15.56396484375
2815230,16.41845703125
2815297,17.51708984375
2821650,14.95361328125
2821817,16.6015625
2822221,15.2587890625
2823325,15.31982421875
2823431,15.5029296875
2836913,17.88330078125
2837121,15.380859375
2839190,22.39990234375
2839320,16.357421875
2839448,17.7001953125
2839524,20.1416015625
2839647,16.17431640625
2839698,15.625
2850301,14.95361328125
2851106,14.892578125
2857643,15.68603515625
2860378,15.380859375
2863486,15.93017578125
2863821,19.6533203125
2863875,15.19775390625
2863936,16.11328125
2863982,15.07568359375
2864574,17.2119140625
2867786,14.892578125
2869341,15.0146484375
2871529,15.625
2871673,15.7470703125
2883805,15.380859375
2884407,19.6533203125
2884562,16.54052734375
2892476,19.287109375
2892692,20.69091796875
2892832,15.625
2893226,18.12744140625
2895303,20.3857421875
2895829,15.13671875
2896662,15.2587890625
2902637,15.869140625
2903370,15.68603515625
2908293,19.4091796875
2908352,16.29638671875
2908476,16.11328125
2908752,16.17431640625
2909182,16.9677734375
2910394,16.29638671875
2910611,16.29638671875
2910719,18.5546875
2919734,18.4326171875
2921086,15.31982421875
2925206,17.88330078125
2925451,18.61572265625
2925816,18.00537109375
2932059,16.7236328125
2933336,16.7236328125
2933556,16.66259765625
2934637,17.9443359375
2934655,15.07568359375
2935208,21.240234375
2935345,19.53125
2935445,15.68603515625
2935472,16.6015625
2935689,15.19775390625
2935861,19.34814453125
2936039,15.19775390625
2936592,15.625
2936655,17.4560546875
2938824,17.7001953125
2945698,19.8974609375
2945878,16.11328125
2954835,20.3857421875
2955294,17.02880859375
2955512,18.24951171875
2955613,16.4794921875
2956231,15.93017578125
2964488,19.47021484375
2964997,16.6015625
2965162,17.76123046875
2971522,16.7236328125
2973526,15.625
2974507,15.380859375
2974616,15.7470703125
2975035,20.5078125
2975291,18.4326171875
2975378,18.85986328125
2977275,18.06640625
2984065,15.68603515625
2987647,15.31982421875
2989495,17.51708984375
2989974,14.83154296875
3001777,17.7001953125
3002613,18.98193359375
3003640,16.4794921875
3004858,16.05224609375
3010610,20.1416015625
3010744,18.98193359375
3010896,17.02880859375
3011049,17.51708984375
3011541,18.06640625
3011651,15.2587890625
3019033,18.9208984375
3019195,15.56396484375
3019335,14.892578125
3019669,15.07568359375
3022782,15.07568359375
3031271,17.15087890625
3032152,15.44189453125
3032929,17.578125
3033182,19.8974609375
3033635,19.47021484375
3033725,15.0146484375
3034269,16.2353515625
3037531,15.625
3045438,19.6533203125
3045819,18.73779296875
3046681,19.8974609375
3046863,16.2353515625
3047978,15.2587890625
3052072,18.85986328125
3054232,23.01025390625
3054303,15.13671875
3054338,15.625
3054777,18.310546875
3054889,15.2587890625
3058032,18.5546875
3061930,15.7470703125
3062411,16.7236328125
3063029,15.07568359375
3064757,18.24951171875
3065061,23.01025390625
3074503,21.3623046875
3074834,17.02880859375
3076307,18.06640625
3076564,17.9443359375
3076677,17.76123046875
3082594,16.29638671875
3085540,22.0947265625
3085862,17.02880859375
3086249,19.04296875
3088235,24.90234375
3088942,22.52197265625
3089084,17.08984375
3089179,15.80810546875
3089570,17.08984375
3089766,15.07568359375
3089979,15.13671875
3090149,15.625
3096805,15.19775390625
3102353,15.5029296875
3103147,19.59228515625
3107021,16.90673828125
3107614,15.44189453125
3108378,19.59228515625
3111989,15.7470703125
3112194,20.44677734375
3112337,16.05224609375
3112458,15.80810546875
3112497,16.17431640625
3112613,14.892578125
3118496,15.9912109375
3125677,17.2119140625
3126232,18.798828125
3127702,15.68603515625
3127928,15.5029296875
3127958,17.15087890625
3130411,18.1884765625
3134071,14.83154296875
3134299,22.52197265625
3134737,18.00537109375
3143074,18.73779296875
3143206,16.4794921875
3155177,18.00537109375
3156240,15.7470703125
3156253,17.4560546875
3156689,21.91162109375
3156823,18.6767578125
3157741,16.54052734375
3157916,15.9912109375
3166463,21.54541015625
3168136,25.2685546875
3168388,22.52197265625
3168513,15.56396484375
3168934,15.380859375
3183236,17.7001953125
3183752,15.93017578125
3183812,15.0146484375
3184010,15.44189453125
3184612,16.41845703125
3185294,15.93017578125
3185547,16.05224609375
3193779,18.85986328125
3194021,21.54541015625
3194840,18.5546875
3195063,16.357421875
3209384,15.380859375
3210271,15.9912109375
3210509,15.380859375
3213630,15.13671875
3213814,15.68603515625
3215165,15.7470703125
3215528,16.78466796875
3219720,19.1650390625
3220356,17.333984375
3221073,18.49365234375
3225664,16.17431640625
3226275,15.07568359375
3226526,17.27294921875
3226694,18.24951171875
3226838,15.625
3234586,17.08984375
3234995,15.869140625
3239932,15.7470703125
3244705,21.484375
3244905,18.9208984375
3245444,18.98193359375
3245768,16.6015625
3249819,16.9677734375
3253962,16.2353515625
3254283,19.47021484375
3254851,15.80810546875
3264943,16.54052734375
3265111,15.68603515625
3265162,18.49365234375
3265617,19.53125
3267442,16.2353515625
3267800,18.310546875
3268165,17.27294921875
3268281,14.892578125
3271460,15.7470703125
3281528,22.52197265625
3281671,16.90673828125
3282115,19.34814453125
3286831,16.6015625
3287642,15.0146484375
3287770,17.39501953125
3291205,14.892578125
3291414,16.90673828125
3291547,14.83154296875
3294888,15.9912109375
3295543,15.0146484375
3300301,15.07568359375
3300746,16.7236328125
3301160,17.822265625
3310290,20.1416015625
3310440,17.7001953125
3310660,15.68603515625
3313941,15.5029296875
3314492,16.4794921875
3314799,16.7236328125
3317493,21.240234375
3317608,17.63916015625
3317768,17.578125
3317884,15.5029296875
3319746,18.24951171875
3319957,14.95361328125
3327988,15.07568359375
3328372,15.07568359375
3329922,16.29638671875
3331721,17.02880859375
3331856,16.9677734375
3336643,15.44189453125
3339081,15.44189453125
3346431,16.9677734375
3346567,20.263671875
3346721,14.83154296875
3346820,17.15087890625
3356166,16.2353515625
3356780,18.37158203125
3356857,16.29638671875
3356893,16.66259765625
3356930,17.7001953125
3357573,15.19775390625
3357838,21.91162109375
3373775,15.380859375
3373881,19.53125
3373983,15.2587890625
3374022,14.892578125
3374127,14.83154296875
3374741,15.625
3374892,15.44189453125
3381704,16.90673828125
3381849,15.07568359375
3382077,16.78466796875
3385304,21.54541015625
3385737,20.56884765625
3385935,15.13671875
3386007,15.869140625
3386633,16.11328125
3386754,16.66259765625
3389874,15.625
3397212,19.47021484375
3397339,19.53125
3397760,17.88330078125
3400157,16.41845703125
3402257,16.4794921875
3402435,19.59228515625
3402496,15.80810546875
3403244,15.9912109375
3405779,17.39501953125
3406135,16.29638671875
3406255,14.892578125
3406419,16.2353515625
3413865,19.71435546875
3421055,18.5546875
3422450,15.07568359375
3423795,16.90673828125
3423925,17.76123046875
3424652,18.00537109375
3424663,14.83154296875
3424853,18.12744140625
3425572,14.892578125
3428593,15.68603515625
3428752,17.578125
3429152,16.41845703125
3429280,15.7470703125
3429736,16.7236328125
3431214,16.66259765625
3446134,20.01953125
3446287,16.17431640625
3446452,16.41845703125
3448277,15.625
3452706,18.49365234375
3454162,16.9677734375
3454830,17.822265625
3454966,15.380859375
3455023,15.93017578125
3464054,15.869140625
3464294,16.11328125
3465308,20.99609375
3465949,15.0146484375
3466556,16.11328125
3466935,19.59228515625
3467182,19.34814453125
3467282,15.56396484375
3467443,17.27294921875
3474129,19.53125
3474387,16.05224609375
3477894,17.51708984375
3479175,17.333984375
3479469,16.17431640625
3488376,21.6064453125
3488480,15.869140625
3488790,16.9677734375
3489361,14.892578125
3491278,18.1884765625
3491506,15.380859375
3491934,14.892578125
3495402,19.71435546875
3495932,18.1884765625
3496592,16.845703125
3509675,17.51708984375
3512439,14.892578125
3516014,16.29638671875
3518889,17.27294921875
3519151,20.751953125
3520187,24.2919921875
3520291,17.4560546875
3520327,15.625
3522224,19.53125
3522423,16.4794921875
3522600,15.80810546875
3541927,17.15087890625
3542171,17.4560546875
3542734,16.7236328125
3547725,15.5029296875
3548360,21.6064453125
3548376,19.04296875
3548498,15.19775390625
3548904,21.05712890625
3549047,18.49365234375
3549067,15.0146484375
3550256,26.91650390625
3550642,17.88330078125
3550781,15.07568359375
3555497,21.240234375
3555766,20.20263671875
3563486,15.0146484375
3564385,16.05224609375
3564453,20.08056640625
3564917,17.7001953125
3564964,16.29638671875
3565160,16.41845703125
3571676,18.310546875
3572004,17.88330078125
3572166,19.775390625
3572959,15.19775390625
3578654,15.68603515625
3579236,15.44189453125
3579392,18.4326171875
3579498,15.7470703125
3580214,16.7236328125
3586588,18.5546875
3587484,16.29638671875
3587761,15.869140625
3591677,15.93017578125
3592661,15.2587890625
3593587,15.80810546875
3594375,19.83642578125
3594732,20.751953125
3594987,24.658203125
3595350,18.37158203125
3600117,16.11328125
3600208,16.11328125
3602840,15.68603515625
3603360,16.357421875
3612552,20.69091796875
3614406,19.8974609375
3614562,16.29638671875
3614739,15.80810546875
3614867,18.310546875
3615246,15.44189453125
3615585,18.98193359375
3615788,15.93017578125
3616406,19.22607421875
3616681,17.15087890625
3616788,16.2353515625
3616799,18.798828125
3617155,16.17431640625
3617638,18.24951171875
3618189,18.37158203125
3626935,14.83154296875
3630413,18.73779296875
3630752,16.54052734375
3632584,16.29638671875
3639367,23.13232421875
3639500,17.63916015625
3639524,15.13671875
3639611,14.892578125
3639812,16.90673828125
3640594,15.625
3640944,18.00537109375
3641126,15.19775390625
3641137,16.9677734375
3644674,17.7001953125
3645161,14.95361328125
3660455,15.380859375
3665554,17.578125
3665971,19.34814453125
3666000,16.7236328125
3667588,18.98193359375
3668949,19.4091796875
3669106,22.15576171875
3669181,15.7470703125
3669763,16.29638671875
3670746,15.07568359375
3675779,15.380859375
3676152,16.6015625
3676318,15.93017578125
3676937,16.845703125
3677280,15.9912109375
3677502,15.31982421875
3685106,14.83154296875
3685235,15.869140625
3685735,15.380859375
3685891,15.0146484375
3696842,21.05712890625
3697041,20.01953125
3697174,17.2119140625
3697892,20.69091796875
3703314,15.68603515625
3703910,14.892578125
3704054,15.13671875
3704957,15.380859375
3705295,17.822265625
3710026,16.6015625
3710401,16.17431640625
3710509,15.0146484375
3712363,15.7470703125
3716626,21.728515625
3716790,17.15087890625
3716949,20.44677734375
3717058,17.76123046875
3717482,20.08056640625
3723076,18.49365234375
3731942,15.19775390625
3732401,15.2587890625
3733497,15.380859375
3733600,15.13671875
3742481,21.728515625
3742623,15.31982421875
3742978,21.30126953125
3743166,15.7470703125
3744602,20.3857421875
3750492,18.310546875
3750650,17.822265625
3750762,16.4794921875
3750878,16.4794921875
3751155,15.07568359375
3751358,20.69091796875
3751458,14.83154296875
3751613,16.7236328125
3751924,15.0146484375
3753196,18.06640625
3759710,16.05224609375
3760167,18.24951171875
3760361,15.44189453125
3760699,17.51708984375
3761055,17.15087890625
3772576,20.3857421875
3773239,17.27294921875
3773351,15.44189453125
3773452,15.625
3773705,17.4560546875
3773868,15.80810546875
3781849,15.68603515625
3784910,16.54052734375
3785612,19.71435546875
3786572,14.83154296875
3786656,20.5078125
3786788,19.04296875
3786801,15.13671875
3786874,15.0146484375
3787040,16.4794921875
3787151,17.02880859375
3787395,15.31982421875
3787679,19.4091796875
3788285,15.19775390625
3790462,17.76123046875
3791040,15.7470703125
3799978,15.44189453125
3802322,16.4794921875
3802428,16.11328125
3802624,14.95361328125
3802779,17.08984375
3802904,17.4560546875
3803038,15.2587890625
3803296,20.20263671875
3803461,15.07568359375
3804283,17.08984375
3805269,15.625
3805779,20.8740234375
3805985,15.80810546875
3806181,17.15087890625
3806325,17.39501953125
3814204,15.19775390625
3814547,16.05224609375
3822146,14.83154296875
3826792,16.11328125
3826955,15.7470703125
3832148,15.44189453125
3832821,18.9208984375
3834161,15.56396484375
3836618,20.08056640625
3841396,20.08056640625
3841884,17.02880859375
3846106,19.1650390625
3846631,17.2119140625
3848234,15.19775390625
3848428,15.31982421875
3849143,15.56396484375
3849681,15.13671875
3854511,18.798828125
3854647,17.76123046875
3856249,17.9443359375
3857281,17.27294921875
3863537,15.68603515625
3868495,18.798828125
3868582,15.31982421875
3868629,16.9677734375
3868813,17.15087890625
3869048,16.78466796875
3869221,28.80859375
3869543,16.2353515625
3872677,16.78466796875
3872804,15.31982421875
3873586,15.07568359375
3880816,15.19775390625
3884623,15.9912109375
3886041,20.99609375
3886447,15.9912109375
3893878,21.3623046875
3894460,17.63916015625
3894549,18.73779296875
3894675,19.34814453125
3899453,14.83154296875
3899997,15.07568359375
3900114,16.41845703125
3900708,21.97265625
3901080,18.1884765625
3901215,16.29638671875
3901308,16.66259765625
3901394,15.44189453125
3903772,17.51708984375
3903964,18.37158203125
3904870,17.9443359375
3909161,15.93017578125
3909480,15.0146484375
3910103,15.13671875
3913651,18.06640625
3924576,17.7001953125
3925767,16.54052734375
3925898,20.01953125
3926103,17.4560546875
3926206,16.6015625
3933543,17.578125
3933716,21.78955078125
3934694,17.4560546875
3935128,25.2685546875
3935322,16.78466796875
3935456,15.2587890625
3936024,16.66259765625
3936163,15.31982421875
3951874,18.00537109375
3952127,14.95361328125
3952406,15.869140625
3952465,21.728515625
3952624,15.625
3952746,14.892578125
3953016,23.5595703125
3955206,17.15087890625
3955899,21.05712890625
3960112,16.2353515625
3964502,15.93017578125
3969956,15.07568359375
3976512,21.17919921875
3976679,20.69091796875
3976805,18.37158203125
3976830,19.59228515625
3976899,17.578125
3976995,18.1884765625
3977030,14.95361328125
3977319,14.892578125
3980341,16.11328125
3981961,16.6015625
3982642,16.4794921875
3983242,15.2587890625
3989400,15.0146484375
3993482,17.76123046875
3993639,16.66259765625
3994174,18.85986328125
3994395,15.68603515625
3997614,18.798828125
3997722,19.22607421875
3998713,18.310546875
3998854,15.31982421875
3999934,16.05224609375
4017867,22.3388671875
4018606,15.93017578125
4021764,18.6767578125
4021899,22.88818359375
4021936,16.6015625
4022151,15.625
4022270,16.78466796875
4022646,15.19775390625
4023992,15.19775390625
4026390,15.56396484375
4031694,15.68603515625
4042152,21.484375
4042386,21.91162109375
4042435,15.19775390625
4042775,16.66259765625
4043019,17.76123046875
4043211,15.80810546875
4043228,17.27294921875
4051397,15.380859375
4051684,16.05224609375
4053919,16.05224609375
4054243,16.05224609375
4061673,19.53125
4061840,18.9208984375
4062067,17.27294921875
4063430,20.6298828125
4065624,18.5546875
4065742,21.728515625
4069782,17.39501953125
4069947,15.13671875
4078331,17.63916015625
4078867,22.39990234375
4078985,15.68603515625
4079051,19.6533203125
4079530,15.869140625
4083197,17.39501953125
4083420,14.95361328125
4083723,15.13671875
4083991,15.07568359375
4085867,16.41845703125
4094774,19.95849609375
4095483,15.625
4104871,18.12744140625
4105640,19.83642578125
4105805,17.08984375
4106202,15.56396484375
4106677,16.845703125
4107380,16.11328125
4107550,17.333984375
4107766,18.9208984375
4108561,15.31982421875
4108714,17.2119140625
4109354,18.49365234375
4109618,15.0146484375
4114380,16.05224609375
4122217,15.380859375
4125761,15.380859375
4128467,18.85986328125
4128692,15.7470703125
4128768,16.11328125
4128936,17.822265625
4129219,18.06640625
4129400,18.798828125
4129832,15.2587890625
4133453,21.240234375
4133631,18.1884765625
4133739,17.88330078125
4134049,16.78466796875
4152822,19.4091796875
4153532,24.35302734375
4153897,20.1416015625
4154133,15.19775390625
4154466,18.73779296875
4154623,16.66259765625
4154656,15.68603515625
4154814,15.380859375
4158494,15.68603515625
4165072,20.01953125
4165212,17.2119140625
4165306,15.7470703125
4165673,18.5546875
4165778,14.892578125
4173439,15.19775390625
4173821,15.56396484375
4176749,15.869140625
4178132,16.29638671875
4179398,15.44189453125
4180096,16.357421875
4180220,15.2587890625
4180626,15.56396484375
4182102,15.07568359375
4182371,15.93017578125
4192756,19.775390625
4193212,20.01953125
4193345,16.4794921875
4197132,15.44189453125
4202356,15.7470703125
4202576,14.83154296875
4202748,15.13671875
4203879,16.357421875
4204134,15.13671875
4204401,16.845703125
4206967,17.76123046875
4212014,18.24951171875
4212971,19.47021484375
4213093,16.90673828125
4223557,14.95361328125
4228931,19.83642578125
4229090,17.27294921875
4229135,16.29638671875
4230780,17.51708984375
4231016,18.12744140625
4237402,15.625
4237822,17.08984375
4238572,18.00537109375
4238648,16.9677734375
4238807,18.310546875
4239607,16.4794921875
4241267,17.39501953125
4241442,15.56396484375
4242373,17.27294921875
4252240,16.4794921875
4257111,15.19775390625
4257846,15.0146484375
4258295,14.83154296875
4262869,16.54052734375
4262934,20.263671875
4263059,18.5546875
4263073,16.29638671875
4263403,23.49853515625
4264880,16.90673828125
4265565,20.20263671875
4265784,15.869140625
4267993,18.37158203125
4268336,19.10400390625
4272748,15.31982421875
4272939,16.05224609375
4278257,18.61572265625
4284065,20.44677734375
4284694,15.07568359375
4284930,15.68603515625
4286287,21.05712890625
4286417,15.56396484375
4286653,15.56396484375
4287879,18.1884765625
4288092,15.9912109375
4295727,16.2353515625
4299816,17.02880859375
4300699,15.19775390625
4308258,18.73779296875
4308759,19.775390625
4309029,16.90673828125
4309587,15.93017578125
4309971,16.90673828125
4310196,16.357421875
4310721,17.02880859375
4310752,18.798828125
4311927,21.484375
4312046,15.80810546875
4312578,17.27294921875
4322053,15.0146484375
4322113,21.240234375
4323291,15.68603515625
4323728,17.51708984375
4329903,17.15087890625
4330170,17.9443359375
4330318,17.333984375
4331165,16.78466796875
4337509,19.59228515625
4337953,18.73779296875
4338126,20.20263671875
4338260,18.49365234375
4338361,15.13671875
4338472,24.2919921875
4338857,16.66259765625
4344934,15.44189453125
4349428,15.5029296875
4349481,16.78466796875
4349934,15.19775390625
4357247,14.83154296875
4357334,20.81298828125
4357403,16.11328125
4357706,18.12744140625
4359335,16.41845703125
4360605,34.11865234375
4360816,16.05224609375
4361055,17.76123046875
4361248,17.333984375
4372371,15.380859375
4373840,20.01953125
4382989,18.5546875
4383367,19.34814453125
4383591,15.869140625
4385979,15.19775390625
4386622,16.29638671875
4390189,17.63916015625
4390471,20.263671875
4390592,18.24951171875
4390697,17.63916015625
4390880,16.11328125
4399991,16.11328125
4400204,15.13671875
4407193,15.19775390625
4407273,18.00537109375
4407356,14.892578125
4407644,19.1650390625
4414984,15.0146484375
4416898,15.93017578125
4419188,19.71435546875
4421369,17.333984375
4421587,21.54541015625
4422245,15.19775390625
4422277,16.357421875
4425925,18.24951171875
4427980,15.625
4428088,16.41845703125
4428910,15.44189453125
4429046,16.2353515625
4430996,18.37158203125
4431609,18.310546875
4440015,18.37158203125
4440204,16.845703125
4440638,17.88330078125
4441785,16.05224609375
4442042,15.44189453125
4447834,15.19775390625
4449587,15.869140625
4449822,15.5029296875
4450760,20.56884765625
4451118,19.59228515625
4451260,15.93017578125
4452684,20.6298828125
4455150,17.02880859375
4455453,14.83154296875
4455755,18.00537109375
4460882,14.95361328125
4461107,16.845703125
4461203,15.869140625
4465129,17.333984375
4465182,15.93017578125
4465365,16.4794921875
4465380,16.357421875
4465472,15.93017578125
4469360,16.11328125
4469568,18.00537109375
4470285,18.798828125
4482514,14.83154296875
4482551,18.00537109375
4483198,15.380859375
4483716,16.05224609375
4483947,14.95361328125
4484358,15.869140625
4484968,15.19775390625
4485525,15.5029296875
4485562,15.869140625
4485845,20.44677734375
4485918,21.240234375
4486694,17.2119140625
4501570,15.5029296875
4501802,16.90673828125
4503072,19.10400390625
4503187,18.85986328125
4503298,16.9677734375
4504960,18.00537109375
4505113,19.47021484375
4505268,16.4794921875
4505354,18.310546875
4505720,19.4091796875
4505912,15.56396484375
4506274,17.88330078125
4514263,14.892578125
4524119,15.80810546875
4526124,15.44189453125
4526472,15.07568359375
4526594,15.07568359375
4529436,17.39501953125
4531764,14.95361328125
4532268,21.484375
4532419,17.822265625
4532744,17.822265625
4537971,20.20263671875
4543821,15.07568359375
4544387,16.11328125
4545129,15.93017578125
4545316,17.15087890625
4545441,15.13671875
4545772,17.4560546875
4549101,15.19775390625
4550607,18.798828125
4550747,16.4794921875
4555688,15.5029296875
4555982,18.06640625
4556386,15.625
4558164,18.1884765625
4568058,17.63916015625
4568362,15.5029296875
4571107,16.4794921875
4571591,18.73779296875
4571860,16.29638671875
4575788,17.02880859375
4576427,15.68603515625
4579806,14.95361328125
4580023,14.83154296875
4584923,18.37158203125
4585058,19.59228515625
4585201,19.1650390625
4585321,15.625
4587532,21.54541015625
4590685,18.24951171875
4592926,18.12744140625
4593153,15.80810546875
4594960,16.9677734375
4595572,15.44189453125
4600942,14.95361328125
4601386,15.625
4601460,15.869140625
4601680,17.15087890625
4613272,22.705078125
4613550,18.00537109375
4613666,15.80810546875
4613761,15.13671875
4614136,19.10400390625
4614751,17.4560546875
4614881,14.892578125
4615030,14.892578125
4616355,22.15576171875
4619819,18.1884765625
4620156,15.9912109375
4620760,14.83154296875
4624977,17.15087890625
4625191,15.31982421875
4625310,16.41845703125
4625518,15.869140625
4632234,14.892578125
4632449,16.6015625
4633742,16.90673828125
4636838,15.7470703125
4639584,19.287109375
4640341,18.49365234375
4640445,19.10400390625
4640500,15.2587890625
4640556,21.05712890625
4641269,17.51708984375
4641628,15.869140625
4643084,16.357421875
4647172,18.12744140625
4648019,19.4091796875
4648290,15.9912109375
4648780,16.11328125
4653434,15.13671875
4654345,15.80810546875
4654876,14.892578125
4657267,16.845703125
4658343,18.24951171875
4658495,17.822265625
4658617,16.29638671875
4660621,16.78466796875
4662533,14.95361328125
4662871,15.625
4671867,15.68603515625
4672174,16.11328125
4672409,15.56396484375
4675247,18.00537109375
4675516,15.2587890625
4675969,17.578125
4681785,15.5029296875
4682653,15.869140625
4686238,22.94921875
4686349,16.7236328125
4686782,16.7236328125
4694481,15.5029296875
4694860,17.2119140625
4695035,15.07568359375
4695225,15.68603515625
4695341,18.24951171875
4695662,15.13671875
4695993,15.869140625
4700455,14.95361328125
4702347,16.2353515625
4711632,19.53125
4711766,17.822265625
4713877,16.7236328125
4714022,17.51708984375
4715230,18.37158203125
4715402,14.892578125
4716243,17.27294921875
4717207,16.2353515625
4717457,15.31982421875
4725487,15.19775390625
4731686,16.4794921875
4731908,21.8505859375
4732032,14.95361328125
4733055,15.0146484375
4734099,16.54052734375
4735425,17.27294921875
4740853,16.11328125
4741107,15.0146484375
4741295,14.892578125
4741567,15.2587890625
4747421,18.06640625
4748089,16.9677734375
4748522,15.5029296875
4748714,19.22607421875
4748896,19.6533203125
4749190,15.0146484375
4749360,15.31982421875
4755453,17.333984375
4755744,15.13671875
4756254,16.845703125
4761596,18.49365234375
4761749,17.7001953125
4761880,17.27294921875
4762298,16.54052734375
4763774,17.63916015625
4763983,15.13671875
4764117,15.93017578125
4769265,15.19775390625
4777603,18.5546875
4778200,15.56396484375
4779491,16.90673828125
4780507,20.08056640625
4780960,19.6533203125
4781542,19.47021484375
4781701,16.11328125
4786826,17.88330078125
4787592,19.34814453125
4791007,15.44189453125
4791620,15.2587890625
4792010,17.51708984375
4792154,15.80810546875
4793681,16.845703125
4793819,19.47021484375
