4799201,0
41249,45.166015625
41271,43.9453125
41287,98.388671875
41317,119.2626953125
41334,49.62158203125
41352,107.7880859375
41370,42.54150390625
41389,65.0634765625
41441,41.3818359375
41521,38.4521484375
41548,40.71044921875
42587,41.19873046875
42741,45.95947265625
42816,38.9404296875
42856,58.41064453125
197819,74.5849609375
197842,48.27880859375
197856,55.84716796875
197869,150.390625
197899,43.8232421875
197917,50.4150390625
197949,44.86083984375
197996,45.0439453125
198015,38.75732421875
198169,40.1611328125
198183,45.5322265625
198238,38.6962890625
198998,39.24560546875
199192,39.306640625
199452,39.55078125
779214,83.0078125
779245,41.3818359375
779255,63.04931640625
779271,86.12060546875
779284,96.37451171875
779303,40.95458984375
779324,78.30810546875
779364,48.76708984375
779382,40.58837890625
779424,40.34423828125
779660,38.51318359375
779843,38.4521484375
780417,39.0625
780982,46.69189453125
842158,50.10986328125
842179,71.96044921875
842194,83.1298828125
842213,96.86279296875
842239,51.6357421875
842252,97.65625
842295,46.5087890625
842495,47.42431640625
842543,40.34423828125
842623,39.794921875
843348,39.12353515625
1000234,40.283203125
1000252,58.89892578125
1000279,50.47607421875
1000303,42.8466796875
1000331,69.15283203125
1000341,109.31396484375
1000360,64.208984375
1000381,40.83251953125
1000408,59.6923828125
1000436,45.7763671875
1000713,39.24560546875
1001746,47.8515625
1001796,38.39111328125
1001942,41.80908203125
1001996,39.97802734375
1002094,44.43359375
1181342,67.68798828125
1181353,80.322265625
1181366,71.533203125
1181392,132.080078125
1181410,57.2509765625
1181432,67.07763671875
1181447,55.11474609375
1181490,54.74853515625
1181644,44.189453125
1181748,38.51318359375
1181774,39.00146484375
1182735,38.818359375
1182773,41.1376953125
1182849,39.55078125
1182899,43.5791015625
1182932,39.794921875
1182950,39.6728515625
1352405,79.7119140625
1352426,48.64501953125
1352454,82.58056640625
1352483,62.07275390625
1352502,54.62646484375
1352530,78.125
1352542,52.8564453125
1352572,44.921875
1352593,39.55078125
1353998,49.4384765625
1354024,47.79052734375
1354123,49.25537109375
1354195,44.189453125
1354222,38.63525390625
1354426,40.71044921875
1449839,42.78564453125
1449858,54.5654296875
1449875,52.67333984375
1449887,56.94580078125
1449912,100.9521484375
1449940,55.6640625
1449954,67.56591796875
1449980,52.1240234375
1449995,58.59375
1450043,45.8984375
1450214,38.4521484375
1450804,41.07666015625
1451051,39.4287109375
1451155,43.51806640625
1451184,40.34423828125
1792564,43.39599609375
1792576,52.30712890625
1792592,38.75732421875
1792608,50.78125
1792634,40.34423828125
1792661,58.10546875
1792674,86.0595703125
1792702,50.84228515625
1792720,57.12890625
1792738,52.67333984375
1792763,41.8701171875
1792866,50.048828125
1794403,46.5087890625
1794483,42.66357421875
1794592,40.71044921875
2093790,40.10009765625
2093827,58.9599609375
2093840,58.89892578125
2093868,59.326171875
2093893,79.40673828125
2093903,101.07421875
2093927,58.59375
2093954,50.96435546875
2093968,39.97802734375
2094009,42.66357421875
2094034,38.57421875
2094136,40.83251953125
2094657,40.34423828125
2094916,39.73388671875
2288419,50.84228515625
2288440,66.0400390625
2288458,91.24755859375
2288483,51.57470703125
2288497,45.83740234375
2288508,49.8046875
2288544,50.78125
2288607,41.44287109375
2288650,39.1845703125
2288766,39.24560546875
2288797,38.9404296875
2288822,39.24560546875
2288898,42.17529296875
2289024,41.259765625
2289539,40.6494140625
2488487,40.95458984375
2488514,68.4814453125
2488538,71.35009765625
2488551,98.6328125
2488586,96.0693359375
2488612,57.06787109375
2488626,45.166015625
2488644,45.7763671875
2488666,41.3818359375
2488795,48.9501953125
2488871,45.83740234375
2488912,44.921875
2488970,43.8232421875
2489820,41.748046875
2490136,40.4052734375
3029201,42.236328125
3029214,91.9189453125
3029241,173.095703125
3029257,40.1611328125
3029278,76.416015625
3029289,38.4521484375
3029311,46.630859375
3029324,60.791015625
3029491,43.51806640625
3029571,44.189453125
3029682,43.39599609375
3201533,52.6123046875
3201543,64.14794921875
3201572,87.40234375
3201597,81.6650390625
3201607,69.76318359375
3201643,62.5
3201694,46.32568359375
3201862,41.56494140625
3201897,38.39111328125
3203151,41.44287109375
3620847,38.51318359375
3620873,47.18017578125
3620890,83.67919921875
3620915,104.736328125
3620928,47.119140625
3620949,99.79248046875
3620989,64.02587890625
3621142,40.8935546875
3621211,40.6494140625
3621310,39.0625
3621421,41.44287109375
3696039,39.0625
3696066,46.20361328125
3696095,80.01708984375
3696117,126.15966796875
3696136,60.24169921875
3696153,92.71240234375
3696165,65.91796875
3696195,64.208984375
3696221,41.3818359375
3696235,51.45263671875
3696359,43.15185546875
3696387,50.29296875
3696445,42.8466796875
3696462,39.6728515625
3696500,43.88427734375
3697261,39.0625
3697315,43.76220703125
3777428,56.5185546875
3978441,83.49609375
3978456,71.83837890625
3978466,60.1806640625
3978480,92.041015625
3978510,56.45751953125
3978522,63.29345703125
3978542,51.1474609375
3978698,41.3818359375
3978827,41.07666015625
3979592,41.259765625
3980182,38.87939453125
4510429,40.95458984375
4510446,43.88427734375
4510458,47.66845703125
4510475,61.34033203125
4510497,39.12353515625
4510516,68.359375
4510544,40.71044921875
4510555,39.1845703125
4510677,39.794921875
4510857,39.1845703125
