4798401,0
224158,103.82080078125
343592,50.048828125
560129,61.09619140625
567002,52.30712890625
567244,51.94091796875
597298,50.4150390625
628441,54.74853515625
628961,47.54638671875
877218,98.57177734375
887821,54.3212890625
888454,59.14306640625
888477,53.8330078125
888965,56.94580078125
929860,50.72021484375
943286,49.072265625
948968,48.2177734375
957078,60.85205078125
959578,49.49951171875
959619,54.50439453125
959961,67.2607421875
960893,47.66845703125
962323,53.22265625
985552,48.76708984375
1080869,51.26953125
1121122,48.76708984375
1778552,47.7294921875
1779241,96.3134765625
1862161,48.33984375
1901640,64.8193359375
1902121,84.3505859375
1902557,77.69775390625
1903302,86.97509765625
2046465,53.64990234375
2081712,90.087890625
2105145,90.27099609375
2105467,92.28515625
2105773,83.8623046875
2106142,73.05908203125
2280384,47.54638671875
2453595,92.46826171875
2453970,80.87158203125
2578909,48.2177734375
2601428,84.28955078125
2601779,92.4072265625
2602279,81.48193359375
2602897,64.51416015625
2672719,75.68359375
2672992,100.64697265625
2673396,76.0498046875
2674020,83.8623046875
2683859,84.47265625
2695475,69.51904296875
2708716,94.66552734375
2724513,78.7353515625
2724784,76.72119140625
2725234,81.9091796875
2725694,73.30322265625
2727335,72.998046875
2748000,83.740234375
2758488,81.54296875
2799279,81.0546875
2799807,77.0263671875
2884691,47.54638671875
2952498,78.30810546875
2961351,76.0498046875
2961692,80.01708984375
2971522,85.693359375
2971804,91.97998046875
2972164,72.6318359375
2972621,69.2138671875
3062031,75.68359375
3063197,73.73046875
3104106,79.52880859375
3104594,87.09716796875
3105065,89.29443359375
3190643,49.072265625
3191396,94.90966796875
3191798,88.37890625
3259507,80.26123046875
3260027,82.82470703125
3260918,88.0126953125
3509779,86.669921875
3618426,97.47314453125
3850022,91.796875
3850237,77.81982421875
3850568,82.51953125
3947600,93.505859375
3948128,83.92333984375
4165432,47.9736328125
4370706,94.05517578125
4370922,97.71728515625
4389706,80.99365234375
4391291,79.9560546875
4392283,88.134765625
4392830,87.09716796875
