4799201,0
39616,35.5224609375
312170,32.8369140625
544621,35.64453125
561766,33.447265625
583380,36.19384765625
706453,32.1044921875
738796,33.02001953125
738826,31.92138671875
771727,34.48486328125
771817,32.3486328125
789187,32.1044921875
789276,31.92138671875
840150,40.771484375
871490,32.3486328125
871617,32.89794921875
950473,34.7900390625
967306,32.5927734375
983149,36.19384765625
998631,33.38623046875
998731,33.935546875
998824,35.21728515625
1015919,33.26416015625
1016050,32.04345703125
1032619,34.7900390625
1047472,33.203125
1060424,31.982421875
1071202,34.97314453125
1080023,34.1796875
1080038,34.60693359375
1080198,34.60693359375
1096347,31.92138671875
1111817,35.09521484375
1127365,35.82763671875
1127574,33.38623046875
1143040,34.11865234375
1160678,34.66796875
1169777,36.43798828125
1169853,35.09521484375
1178827,32.65380859375
1188081,34.3017578125
1197855,37.04833984375
1208678,32.16552734375
1208724,32.470703125
1219571,34.0576171875
1219680,32.71484375
1231418,33.87451171875
1231526,39.73388671875
1231579,34.48486328125
1244194,39.1845703125
1244225,35.7666015625
1257642,33.447265625
1271832,36.31591796875
1271914,34.0576171875
1272067,32.28759765625
1285097,33.3251953125
1302655,38.51318359375
1302696,33.50830078125
1302777,35.400390625
1318445,32.65380859375
1318522,34.3017578125
1334368,35.2783203125
1334524,32.16552734375
1355556,34.7900390625
1356360,33.0810546875
1375336,33.0810546875
1375468,33.447265625
1420062,34.11865234375
1490223,35.15625
1490268,39.24560546875
1530359,39.0625
1530468,34.1796875
1583414,34.36279296875
1583537,32.71484375
1583572,37.841796875
1931626,32.89794921875
2163159,37.41455078125
2291514,37.841796875
2291620,32.3486328125
2316800,36.7431640625
2405109,44.0673828125
2431524,33.87451171875
2517122,35.0341796875
2606106,37.04833984375
2699142,38.330078125
2742695,33.5693359375
2765760,32.89794921875
2765818,33.26416015625
2791032,38.818359375
2846729,33.0810546875
2846761,32.71484375
2846932,32.8369140625
2846970,32.2265625
2865804,34.11865234375
2883743,32.71484375
2883847,31.92138671875
2883921,34.11865234375
2896138,31.8603515625
2896187,32.2265625
2896216,33.203125
2896233,35.5224609375
2896271,33.14208984375
2896321,37.4755859375
2907233,32.28759765625
2907312,32.53173828125
2907343,32.28759765625
2917418,41.56494140625
2926810,33.63037109375
2926828,35.33935546875
2945785,33.0810546875
2945941,36.2548828125
2955834,32.65380859375
2955862,35.58349609375
2966779,33.447265625
2966814,38.2080078125
2966935,35.70556640625
2979939,37.59765625
2979974,34.423828125
2980050,34.3017578125
3017471,38.26904296875
3017500,34.36279296875
3122087,35.5224609375
3122099,35.888671875
3122149,32.28759765625
3122173,34.7900390625
3201788,33.69140625
3201835,35.46142578125
3201858,36.4990234375
3201893,38.6962890625
3201921,32.53173828125
3202059,39.12353515625
3240132,35.33935546875
3308334,32.28759765625
3308463,35.58349609375
3362057,33.203125
3362074,44.43359375
3362131,37.78076171875
3362184,32.71484375
3362252,38.87939453125
3419649,42.66357421875
3419818,33.5693359375
3483443,36.80419921875
3483510,33.99658203125
3483575,34.7900390625
3543277,36.56005859375
3543319,44.49462890625
3543477,35.09521484375
3649444,35.94970703125
3649486,44.61669921875
3649499,34.72900390625
3649545,32.77587890625
3649567,32.04345703125
3649598,33.38623046875
3649631,33.203125
3670437,39.4287109375
3670460,33.5693359375
3670564,33.75244140625
3670589,36.80419921875
3731551,38.51318359375
3731640,35.400390625
3786626,34.97314453125
3786673,33.3251953125
3786737,32.77587890625
3847859,32.40966796875
3847895,33.447265625
3847941,33.26416015625
3904597,34.0576171875
3904618,35.82763671875
3904642,42.3583984375
3904699,40.10009765625
3968389,34.3017578125
3968442,32.5927734375
3968476,35.2783203125
3968569,35.46142578125
3969653,32.470703125
4033790,33.69140625
4033819,37.4755859375
4033888,35.64453125
4096247,34.1796875
4096329,39.85595703125
4162562,33.63037109375
4162597,37.841796875
4162612,33.38623046875
4162671,34.423828125
4162745,32.65380859375
4234472,39.12353515625
4234492,32.958984375
4308907,32.77587890625
4308972,32.65380859375
4309065,34.66796875
4377750,32.16552734375
4377784,34.24072265625
4377806,32.65380859375
4377826,36.0107421875
4453690,34.48486328125
4453728,32.470703125
4453758,32.77587890625
4453795,47.91259765625
4453870,31.8603515625
4536821,42.78564453125
4536873,38.39111328125
4536958,33.8134765625
4609211,33.14208984375
4609336,33.935546875
4687035,34.36279296875
4687081,34.912109375
4687147,40.46630859375
4687189,31.8603515625
4758332,40.46630859375
4758359,33.935546875
4758403,37.59765625
4758442,35.0341796875
4758516,32.2265625
4759640,37.04833984375
