4799001,0
16024,36.92626953125
105134,36.1328125
133196,36.19384765625
133472,38.02490234375
134269,39.97802734375
165885,45.166015625
166112,38.14697265625
166176,37.04833984375
166316,40.283203125
204020,38.57421875
245588,37.29248046875
279764,37.9638671875
280226,37.353515625
319081,42.54150390625
319237,36.31591796875
319438,35.58349609375
353279,37.29248046875
354087,35.70556640625
354568,36.7431640625
410340,35.7666015625
410544,35.58349609375
410702,36.0107421875
412020,39.306640625
449802,35.888671875
449981,38.87939453125
450340,36.7431640625
536919,39.9169921875
537172,35.94970703125
594037,36.68212890625
634144,37.29248046875
634346,37.90283203125
684074,37.29248046875
684338,40.10009765625
717624,43.02978515625
756430,41.07666015625
756767,38.4521484375
797587,35.888671875
798100,39.24560546875
798692,37.7197265625
843119,37.53662109375
880250,37.59765625
881019,45.95947265625
953045,35.94970703125
953307,39.4287109375
953827,42.05322265625
988617,36.0107421875
988815,41.8701171875
988937,39.6728515625
1037710,40.10009765625
1037966,39.48974609375
1038068,36.56005859375
1038213,38.26904296875
1038366,35.82763671875
1074104,38.9404296875
1074295,37.04833984375
1074486,36.19384765625
1074838,35.82763671875
1115045,36.62109375
1164819,42.05322265625
1165449,36.19384765625
1165593,36.56005859375
1166765,36.43798828125
1203439,37.41455078125
1204288,52.79541015625
1250102,38.75732421875
1250329,38.75732421875
1250547,46.5087890625
1250962,47.607421875
1252088,38.75732421875
1285407,38.0859375
1329275,40.22216796875
1329858,36.865234375
1330062,36.62109375
1399759,37.59765625
1451898,44.12841796875
1452082,41.68701171875
1452292,38.0859375
1452423,37.53662109375
1489311,37.9638671875
1489574,35.58349609375
1531913,44.43359375
1532095,37.353515625
1532928,35.64453125
1584821,42.90771484375
1623338,42.41943359375
1624812,35.64453125
1695888,37.29248046875
1696529,36.31591796875
1735065,39.306640625
1735645,36.0107421875
1735815,35.58349609375
1736248,37.841796875
1736327,36.68212890625
1793351,40.4052734375
1793807,42.54150390625
1836718,36.07177734375
1836895,37.841796875
1837703,39.24560546875
1877140,37.9638671875
1878027,40.771484375
2005675,35.7666015625
2005841,37.17041015625
2006235,44.0673828125
2006510,43.3349609375
2050353,38.2080078125
2050749,44.12841796875
2092830,38.14697265625
2092883,38.51318359375
2094068,39.73388671875
2094331,36.865234375
2253661,47.2412109375
2254742,38.51318359375
2294089,38.818359375
2294384,35.82763671875
2294627,35.5224609375
2294759,38.51318359375
2295334,40.1611328125
2353008,42.54150390625
2354000,35.888671875
2392586,35.58349609375
2392680,46.875
2393053,39.97802734375
2393394,35.58349609375
2437388,36.1328125
2437724,35.58349609375
2437874,35.70556640625
2437991,35.58349609375
2478716,37.9638671875
2479124,40.10009765625
2479412,38.14697265625
2535901,36.7431640625
2536053,36.62109375
2536332,39.00146484375
2536958,39.794921875
2576378,37.841796875
2576537,35.70556640625
2576820,37.7197265625
2576902,37.17041015625
2637014,42.48046875
2638758,38.63525390625
2680467,36.865234375
2680812,40.771484375
2682138,36.43798828125
2740760,36.7431640625
2741277,46.32568359375
2742156,35.888671875
2782440,36.43798828125
2782604,52.79541015625
2782745,35.7666015625
2856873,36.31591796875
2857261,35.70556640625
2905996,38.330078125
2906165,36.68212890625
2906700,36.2548828125
2983998,36.2548828125
2984154,40.46630859375
2984425,44.73876953125
2984527,38.87939453125
3027234,35.70556640625
3070083,36.07177734375
3071639,36.1328125
3071833,38.2080078125
3072084,36.4990234375
3072294,35.70556640625
3149114,43.9453125
3150771,36.92626953125
3209966,40.4052734375
3211463,37.4755859375
3250594,36.07177734375
3250739,35.888671875
3251362,35.888671875
3252214,36.92626953125
3295225,36.7431640625
3295382,40.22216796875
3295594,35.70556640625
3348049,37.841796875
3409023,50.9033203125
3409659,37.78076171875
3409835,36.56005859375
3410137,46.81396484375
3410393,37.353515625
3452478,40.10009765625
3452590,37.2314453125
3453437,37.29248046875
3533930,43.51806640625
3534209,37.65869140625
3534585,52.1240234375
3535800,35.58349609375
3606854,37.29248046875
3607023,38.87939453125
3607565,35.58349609375
3607924,39.9169921875
3667650,38.4521484375
3668440,39.24560546875
3668723,35.7666015625
3712218,35.7666015625
3713081,36.9873046875
3756908,36.80419921875
3757399,37.4755859375
3836765,37.90283203125
3837010,38.6962890625
3904673,37.7197265625
3905218,37.9638671875
3905340,35.94970703125
3949711,39.55078125
3989965,36.376953125
3990140,50.84228515625
3990601,37.78076171875
4048752,38.6962890625
4131763,44.25048828125
4132306,40.22216796875
4132771,39.12353515625
4133390,37.4755859375
4193872,45.0439453125
4194016,39.00146484375
4235344,36.56005859375
4236649,37.7197265625
4237079,35.70556640625
4277692,37.59765625
4344809,37.2314453125
4345180,37.2314453125
4390145,39.4287109375
4429653,36.2548828125
4430122,35.64453125
4430979,36.62109375
4431029,35.7666015625
4597163,36.62109375
4597518,36.4990234375
4597687,35.5224609375
4597771,38.0859375
4598139,37.109375
4598258,36.92626953125
4641324,37.841796875
4641871,35.5224609375
4642100,36.31591796875
4797154,37.59765625
4797500,37.9638671875
4797610,36.92626953125
