4799201,0
48384,39.1845703125
48407,111.26708984375
48424,99.18212890625
48436,56.884765625
48450,151.55029296875
48484,139.09912109375
48496,133.85009765625
48534,151.3671875
48550,80.4443359375
48576,74.8291015625
48597,59.02099609375
48619,59.4482421875
48629,49.86572265625
48649,56.45751953125
48669,46.2646484375
48688,39.73388671875
48701,38.57421875
48732,35.15625
48754,35.5224609375
49169,34.0576171875
49357,35.46142578125
49420,41.44287109375
49432,39.6728515625
49572,43.212890625
49623,42.1142578125
49701,33.0810546875
49814,35.2783203125
49825,36.376953125
50003,44.12841796875
50027,34.5458984375
50075,33.935546875
50090,37.53662109375
50302,36.7431640625
50480,34.72900390625
50539,38.2080078125
50810,37.65869140625
50839,46.0205078125
50926,36.92626953125
50956,33.50830078125
50973,34.24072265625
51037,36.4990234375
51108,52.67333984375
51144,53.64990234375
51275,32.5927734375
51350,39.97802734375
51400,34.912109375
51655,39.794921875
51812,42.1142578125
51977,49.1943359375
52172,56.0302734375
121331,34.36279296875
127634,38.02490234375
137104,33.99658203125
142503,34.0576171875
143789,39.0625
144834,32.5927734375
145144,67.93212890625
145175,76.84326171875
145192,67.44384765625
145225,35.09521484375
145252,116.02783203125
145263,95.15380859375
145293,98.5107421875
145314,124.51171875
145341,97.0458984375
145370,141.78466796875
145384,115.66162109375
145397,104.67529296875
145436,109.31396484375
145466,71.044921875
145484,60.72998046875
145508,77.63671875
145530,57.12890625
145541,44.86083984375
145562,37.78076171875
145580,39.794921875
145598,39.24560546875
145676,34.11865234375
145709,33.8134765625
146312,40.95458984375
146336,35.46142578125
146367,32.89794921875
146421,35.33935546875
146496,36.2548828125
146539,32.8369140625
146581,43.9453125
146739,33.8134765625
146932,44.189453125
147033,35.15625
147107,35.09521484375
147304,39.306640625
147337,34.60693359375
147524,42.1142578125
147757,34.11865234375
147825,35.400390625
147933,34.423828125
148107,32.5927734375
148299,51.20849609375
148356,33.87451171875
148410,33.63037109375
148475,51.6357421875
148513,36.19384765625
148602,34.36279296875
148693,35.46142578125
148769,35.70556640625
206655,35.70556640625
206808,38.02490234375
209341,35.888671875
212276,84.716796875
212315,86.181640625
212332,45.95947265625
212367,143.06640625
212378,68.90869140625
212399,58.2275390625
212422,111.572265625
212447,100.64697265625
212469,109.43603515625
212484,80.2001953125
212504,108.94775390625
212529,96.8017578125
212541,76.23291015625
212555,60.72998046875
212576,86.48681640625
212596,49.37744140625
212620,74.64599609375
212633,45.95947265625
212655,54.99267578125
212680,72.509765625
212692,54.99267578125
212709,39.6728515625
212765,32.89794921875
212834,34.36279296875
213200,37.17041015625
213258,38.02490234375
213340,34.7900390625
213356,34.24072265625
213393,35.70556640625
213606,34.423828125
213713,33.3251953125
213978,39.24560546875
214039,41.44287109375
214066,40.71044921875
214224,33.8134765625
214457,33.02001953125
214500,33.38623046875
214542,33.50830078125
214734,34.0576171875
214788,33.26416015625
214835,32.71484375
214857,33.02001953125
214893,39.1845703125
214936,36.56005859375
214997,33.3251953125
215071,33.02001953125
215131,33.447265625
215339,33.38623046875
215587,43.64013671875
215622,33.50830078125
215668,41.56494140625
215752,44.00634765625
215763,34.423828125
215795,40.10009765625
215920,40.22216796875
215949,39.00146484375
215986,37.7197265625
216029,34.3017578125
216123,40.52734375
276490,35.2783203125
276537,35.70556640625
276561,151.9775390625
276571,41.68701171875
276597,142.39501953125
276611,123.291015625
276624,143.85986328125
276647,150.634765625
276661,53.52783203125
276678,128.35693359375
276706,89.05029296875
276720,93.07861328125
276766,99.18212890625
276778,54.8095703125
276814,50.72021484375
276847,32.77587890625
277235,38.6962890625
277287,34.5458984375
277346,37.109375
277389,33.02001953125
277434,36.62109375
277481,34.3017578125
277547,36.80419921875
277601,36.9873046875
277660,37.53662109375
277714,32.89794921875
277780,35.46142578125
277901,37.59765625
278067,37.7197265625
278296,32.958984375
278393,34.1796875
278421,41.68701171875
278451,38.51318359375
278495,36.31591796875
278578,37.2314453125
278620,40.0390625
278744,38.2080078125
278955,33.02001953125
279142,35.21728515625
279266,32.470703125
279332,44.37255859375
279448,40.52734375
279574,40.6494140625
279615,39.55078125
279698,41.9921875
279859,32.53173828125
280048,34.48486328125
280210,43.9453125
280508,34.24072265625
280677,53.1005859375
304449,87.0361328125
341961,32.53173828125
350948,36.19384765625
350987,101.318359375
351024,92.6513671875
351048,92.4072265625
351069,125.79345703125
351086,143.798828125
351110,76.5380859375
351130,84.716796875
351142,36.68212890625
351154,72.8759765625
351181,65.49072265625
351201,57.6171875
351220,38.57421875
351243,39.48974609375
351703,35.21728515625
351739,36.43798828125
351754,34.11865234375
352216,34.72900390625
352279,33.203125
352300,38.57421875
352336,37.29248046875
352398,32.65380859375
352457,32.77587890625
352517,36.31591796875
352584,38.39111328125
352774,34.24072265625
352840,38.0859375
352863,35.21728515625
353198,33.69140625
353275,32.89794921875
353359,33.203125
353430,34.36279296875
353532,37.04833984375
353610,35.15625
353707,33.75244140625
353732,34.0576171875
353753,32.89794921875
353792,34.36279296875
353840,35.0341796875
353969,40.8935546875
354032,38.63525390625
354072,32.470703125
354416,33.14208984375
354447,35.82763671875
354647,42.78564453125
354729,34.7900390625
354840,33.3251953125
354917,33.69140625
354933,36.2548828125
355040,33.5693359375
355144,46.08154296875
414372,83.1298828125
414390,35.21728515625
414405,68.05419921875
414427,117.0654296875
414443,109.375
414460,93.81103515625
414476,108.7646484375
414493,112.79296875
414525,136.53564453125
414545,139.16015625
414584,51.3916015625
414599,49.49951171875
414619,39.306640625
414643,32.65380859375
414677,33.0810546875
415127,35.58349609375
415163,34.3017578125
415212,38.26904296875
415359,33.447265625
415518,35.400390625
415578,36.0107421875
415673,32.958984375
415770,37.04833984375
415876,35.400390625
415898,36.7431640625
415939,36.4990234375
416058,33.8134765625
416210,34.3017578125
416380,34.97314453125
416475,35.64453125
416523,34.5458984375
416898,38.9404296875
416940,32.89794921875
416978,32.65380859375
417068,39.36767578125
417213,32.65380859375
417229,42.6025390625
417332,36.1328125
417426,44.86083984375
417501,32.958984375
417569,33.26416015625
417874,39.4287109375
417926,39.9169921875
417950,32.5927734375
417988,36.9873046875
418045,38.87939453125
418071,40.52734375
418111,36.31591796875
418134,49.86572265625
418175,37.9638671875
418212,37.353515625
418300,46.44775390625
418471,34.48486328125
470972,34.0576171875
476231,34.0576171875
481041,32.470703125
494315,37.41455078125
497699,88.8671875
497715,69.9462890625
497748,44.73876953125
497764,169.921875
497799,153.74755859375
497822,83.06884765625
497833,66.83349609375
497858,63.1103515625
497879,81.72607421875
497889,74.3408203125
497908,50.6591796875
497932,61.6455078125
497969,38.63525390625
497982,43.64013671875
497995,36.43798828125
498028,35.82763671875
498517,42.05322265625
498577,39.4287109375
498607,35.94970703125
498631,39.9169921875
498704,33.203125
498788,33.203125
499019,34.66796875
499077,34.11865234375
499137,36.7431640625
499279,33.935546875
499397,39.306640625
499551,42.17529296875
499688,40.0390625
499762,34.3017578125
499834,37.90283203125
499935,35.2783203125
499964,33.0810546875
500134,37.2314453125
500223,32.53173828125
500260,33.8134765625
500404,39.48974609375
500522,46.32568359375
500623,37.353515625
500709,33.99658203125
500864,34.5458984375
501196,35.58349609375
501279,62.68310546875
501336,35.15625
501372,35.94970703125
501411,38.6962890625
501433,40.0390625
501495,54.19921875
501512,38.02490234375
501582,50.9033203125
501602,35.400390625
501697,36.62109375
501735,38.2080078125
501881,39.12353515625
560145,34.72900390625
565038,33.26416015625
570326,87.82958984375
570336,85.3271484375
570346,36.07177734375
570371,59.08203125
570388,149.96337890625
570399,110.2294921875
570424,155.8837890625
570441,70.37353515625
570455,82.763671875
570465,66.2841796875
570478,58.349609375
570509,63.8427734375
570529,68.78662109375
570551,71.71630859375
570566,45.34912109375
570587,47.18017578125
570768,35.0341796875
570990,33.75244140625
571069,33.75244140625
571126,38.2080078125
571172,37.59765625
571319,34.0576171875
571427,34.72900390625
571485,34.5458984375
571551,35.15625
571637,35.400390625
571885,38.26904296875
572058,33.935546875
572093,35.09521484375
572113,34.72900390625
572169,34.1796875
572450,33.14208984375
572567,33.14208984375
572603,34.72900390625
572885,34.48486328125
573041,35.58349609375
573134,41.3818359375
573224,32.77587890625
573564,38.6962890625
573602,35.09521484375
573628,34.912109375
573765,32.958984375
573894,33.447265625
573966,36.9873046875
574183,33.69140625
574203,33.203125
574291,33.935546875
574534,34.66796875
574554,34.36279296875
574588,44.3115234375
574669,33.02001953125
574760,35.15625
574783,35.33935546875
575002,34.66796875
575075,33.50830078125
575101,33.8134765625
575230,50.96435546875
630201,32.71484375
633241,36.43798828125
635797,34.423828125
638605,33.38623046875
638671,33.02001953125
638698,86.5478515625
638711,35.64453125
638747,67.626953125
638762,50.47607421875
638791,171.93603515625
638808,70.37353515625
638831,67.3828125
638845,87.21923828125
638861,40.83251953125
638874,68.66455078125
638902,47.54638671875
638913,66.0400390625
638943,37.4755859375
638967,39.306640625
639005,55.2978515625
639367,38.9404296875
639522,32.77587890625
640320,34.0576171875
640444,36.2548828125
640580,39.12353515625
640788,35.64453125
641026,32.89794921875
641088,37.17041015625
641570,32.65380859375
641638,33.8134765625
641725,33.203125
641828,35.33935546875
641987,37.29248046875
642058,32.8369140625
642074,34.912109375
642197,32.8369140625
642355,34.72900390625
642507,41.93115234375
642920,34.36279296875
642985,43.5791015625
643105,45.34912109375
643121,35.70556640625
643289,45.166015625
643379,36.43798828125
643441,33.69140625
643488,52.18505859375
643611,42.66357421875
643950,32.53173828125
702559,33.63037109375
707581,34.36279296875
717371,32.89794921875
719434,34.66796875
719449,82.763671875
719486,100.76904296875
719496,156.92138671875
719510,53.466796875
719536,125.244140625
719559,78.67431640625
719579,91.1865234375
719591,34.912109375
719603,67.19970703125
719634,47.91259765625
719652,54.5654296875
719670,49.37744140625
719696,44.73876953125
719905,36.31591796875
720166,36.07177734375
720371,32.89794921875
720473,48.64501953125
720866,34.97314453125
720901,35.33935546875
720989,34.48486328125
721246,34.423828125
721262,33.14208984375
721396,32.77587890625
722335,35.33935546875
722357,38.26904296875
722541,37.4755859375
722640,32.5927734375
722831,32.89794921875
722865,34.85107421875
723068,32.77587890625
723412,38.4521484375
723515,33.203125
723586,34.11865234375
723641,36.7431640625
723776,39.48974609375
723883,34.97314453125
723912,33.02001953125
724121,42.48046875
766776,34.11865234375
772111,32.77587890625
789120,33.38623046875
792794,32.5927734375
794316,34.1796875
808426,32.71484375
808460,82.94677734375
808474,39.6728515625
808513,257.38525390625
808537,124.93896484375
808547,134.3994140625
808572,106.3232421875
808596,43.701171875
808617,45.34912109375
808630,71.77734375
808653,50.10986328125
808687,37.53662109375
808707,35.46142578125
809434,33.3251953125
809535,32.65380859375
809562,43.27392578125
810091,39.12353515625
810170,39.73388671875
810422,32.65380859375
810619,36.43798828125
810721,33.203125
811117,38.4521484375
811756,35.0341796875
812487,34.5458984375
812710,35.21728515625
812827,34.5458984375
813460,43.0908203125
813783,32.65380859375
813835,39.85595703125
813916,52.06298828125
813933,57.9833984375
813951,32.71484375
813979,51.20849609375
814035,34.60693359375
814060,36.865234375
814132,58.16650390625
814158,33.203125
814209,65.4296875
814272,38.39111328125
814359,44.677734375
814377,32.65380859375
814408,36.92626953125
874025,32.470703125
880925,32.53173828125
882026,80.13916015625
882040,88.92822265625
882065,60.97412109375
882086,112.97607421875
882098,113.6474609375
882119,123.59619140625
882131,152.7099609375
882154,139.7705078125
882175,85.3271484375
882185,64.3310546875
882197,101.98974609375
882236,41.44287109375
882268,36.68212890625
882278,64.75830078125
882780,36.43798828125
882828,35.5224609375
882868,34.24072265625
883322,34.3017578125
883529,33.447265625
884125,33.50830078125
884804,34.60693359375
884910,32.65380859375
885156,33.99658203125
885638,34.423828125
885893,34.24072265625
885958,32.958984375
886022,32.53173828125
886140,37.841796875
886250,37.65869140625
886314,35.400390625
886457,32.89794921875
887358,50.78125
887390,35.400390625
887423,47.607421875
887512,36.2548828125
887556,47.42431640625
887636,33.935546875
887733,35.33935546875
887840,42.8466796875
931981,34.1796875
948180,36.19384765625
951657,35.7666015625
958688,34.0576171875
967536,33.14208984375
968731,34.24072265625
968795,88.8671875
968820,71.4111328125
968844,38.6962890625
968855,114.68505859375
968872,111.572265625
968884,128.35693359375
968905,157.2265625
968928,74.8291015625
968943,68.66455078125
968955,52.42919921875
968971,32.8369140625
968988,80.62744140625
969009,56.94580078125
969026,35.888671875
969042,42.8466796875
969067,46.56982421875
969303,32.65380859375
969759,32.958984375
969820,37.59765625
969987,34.24072265625
970388,33.8134765625
970453,34.5458984375
971190,39.4287109375
971346,33.75244140625
971826,41.19873046875
971900,34.5458984375
972286,35.5224609375
972428,34.24072265625
972511,38.57421875
972652,34.24072265625
972722,43.701171875
973048,32.65380859375
973145,35.888671875
973259,34.11865234375
973329,37.7197265625
973594,35.94970703125
973671,35.58349609375
974261,35.58349609375
974276,47.54638671875
974289,36.07177734375
974463,36.0107421875
974586,34.5458984375
974669,38.9404296875
974756,35.33935546875
974818,35.21728515625
1016903,33.02001953125
1026214,33.0810546875
1031686,33.87451171875
1033572,34.24072265625
1044346,36.43798828125
1047047,33.99658203125
1061826,34.36279296875
1065048,61.279296875
1065061,106.201171875
1065094,77.81982421875
1065106,95.947265625
1065118,131.103515625
1065135,229.4921875
1065152,114.31884765625
1065166,64.88037109375
1065198,54.13818359375
1065212,72.32666015625
1065227,41.259765625
1065239,67.56591796875
1065275,45.10498046875
1065334,40.52734375
1065536,33.38623046875
1065793,32.470703125
1065826,33.02001953125
1066135,32.5927734375
1066923,33.447265625
1067127,33.3251953125
1068133,33.3251953125
1068446,32.8369140625
1068487,38.51318359375
1068522,32.65380859375
1069221,42.41943359375
1069363,34.72900390625
1069472,35.82763671875
1069499,34.11865234375
1069543,33.87451171875
1069659,34.97314453125
1069934,36.62109375
1110453,35.15625
1116287,35.15625
1139093,35.0341796875
1156680,78.4912109375
1156713,95.64208984375
1156746,148.62060546875
1156759,152.587890625
1156769,117.73681640625
1156789,162.2314453125
1156829,122.6806640625
1156845,87.40234375
1156857,48.4619140625
1156869,98.69384765625
1156905,47.54638671875
1156919,54.74853515625
1156942,33.203125
1156966,43.64013671875
1157003,35.0341796875
1157561,35.2783203125
1157633,41.68701171875
1157784,34.24072265625
1157876,44.73876953125
1157928,36.43798828125
1158288,32.53173828125
1158334,33.02001953125
1158590,32.8369140625
1158890,34.24072265625
1158960,34.912109375
1159021,32.71484375
1159116,37.90283203125
1159176,35.2783203125
1159322,33.5693359375
1159388,32.5927734375
1159598,33.50830078125
1159699,36.4990234375
1159889,32.5927734375
1160312,36.92626953125
1160875,34.36279296875
1161035,34.60693359375
1161794,74.21875
1161812,33.8134765625
1161966,36.07177734375
1162066,35.21728515625
1162179,34.1796875
1209077,109.0087890625
1209107,95.8251953125
1209135,215.88134765625
1209150,93.93310546875
1209168,94.23828125
1209190,105.16357421875
1209214,88.43994140625
1209248,71.8994140625
1209265,58.28857421875
1209282,58.10546875
1209301,52.6123046875
1209350,34.85107421875
1209399,35.888671875
1209779,35.2783203125
1210223,33.50830078125
1210256,36.68212890625
1210639,36.7431640625
1211794,34.0576171875
1212168,32.470703125
1212252,34.36279296875
1212427,35.70556640625
1212734,33.14208984375
1212963,38.818359375
1213433,35.46142578125
1214307,34.7900390625
1214580,40.283203125
1214679,37.53662109375
1214734,34.423828125
1214853,37.9638671875
1214883,38.2080078125
1214906,50.9033203125
1215023,32.77587890625
1215070,53.5888671875
1215083,60.302734375
1215130,36.1328125
1215207,36.865234375
1271508,35.33935546875
1277441,33.935546875
1277894,36.07177734375
1332230,32.470703125
1333132,34.48486328125
1333203,99.54833984375
1333231,73.30322265625
1333246,95.0927734375
1333278,157.16552734375
1333298,58.4716796875
1333312,48.52294921875
1333323,99.06005859375
1333345,94.17724609375
1333361,53.28369140625
1333380,41.9921875
1333411,43.0908203125
1333424,34.85107421875
1333452,41.9921875
1333942,35.400390625
1334311,37.9638671875
1334454,33.3251953125
1334511,33.02001953125
1334539,36.376953125
1334597,38.87939453125
1335574,36.56005859375
1335704,34.0576171875
1335784,34.97314453125
1335876,34.36279296875
1335971,39.6728515625
1336565,39.6728515625
1336882,34.36279296875
1336892,37.4755859375
1337017,32.53173828125
1337228,36.07177734375
1337510,32.958984375
1337917,39.9169921875
1337935,36.92626953125
1337986,42.66357421875
1338021,32.71484375
1338036,33.75244140625
1338068,33.87451171875
1338112,32.71484375
1338132,32.958984375
1338154,33.5693359375
1338182,55.419921875
1338286,34.36279296875
1338423,35.46142578125
1396583,32.77587890625
1399209,33.0810546875
1401734,33.38623046875
1402968,34.0576171875
1415000,35.15625
1415050,125.732421875
1415082,123.9013671875
1415098,88.37890625
1415118,148.62060546875
1415145,160.64453125
1415156,71.4111328125
1415169,41.07666015625
1415202,68.9697265625
1415222,45.2880859375
1415239,61.34033203125
1415262,37.841796875
1415273,38.6962890625
1415310,37.65869140625
1416123,38.51318359375
1416214,32.958984375
1416451,33.5693359375
1416959,34.1796875
1417023,32.8369140625
1417184,33.50830078125
1417809,34.3017578125
1417886,33.0810546875
1418330,34.3017578125
1418432,38.2080078125
1418526,33.69140625
1419000,36.1328125
1419362,34.66796875
1419461,32.470703125
1419522,34.423828125
1419580,33.447265625
1479208,32.65380859375
1483043,33.02001953125
1490201,36.0107421875
1490221,100.09765625
1490255,96.8017578125
1490286,132.4462890625
1490297,98.14453125
1490317,40.283203125
1490329,58.53271484375
1490342,66.650390625
1490356,68.66455078125
1490380,38.26904296875
1490395,42.05322265625
1490431,44.43359375
1490994,35.58349609375
1491038,37.17041015625
1491294,37.65869140625
1491799,35.400390625
1492385,34.60693359375
1492922,39.794921875
1493218,34.24072265625
1493376,32.470703125
1493617,40.0390625
1493748,34.3017578125
1493986,35.70556640625
1494413,37.9638671875
1494526,35.70556640625
1494634,35.58349609375
1494664,33.69140625
1494860,33.50830078125
1494891,36.865234375
1494927,35.2783203125
1495018,37.29248046875
1536806,35.888671875
1542014,33.935546875
1570974,33.14208984375
1573786,33.26416015625
1578813,33.87451171875
1578828,67.93212890625
1578852,99.2431640625
1578871,94.29931640625
1578891,190.49072265625
1578918,167.48046875
1578938,94.23828125
1578968,78.55224609375
1578980,43.02978515625
1579005,44.25048828125
1579024,34.97314453125
1579043,33.38623046875
1579558,34.72900390625
1579899,42.8466796875
1579951,33.935546875
1580672,40.34423828125
1580723,37.17041015625
1580939,40.46630859375
1581011,34.7900390625
1581309,38.818359375
1581407,32.470703125
1581500,34.48486328125
1581940,36.1328125
1582264,33.63037109375
1582321,36.68212890625
1582489,32.5927734375
1582514,35.58349609375
1582691,35.58349609375
1582894,33.26416015625
1583213,37.17041015625
1583273,35.09521484375
1583433,34.912109375
1583505,33.50830078125
1583613,38.2080078125
1622830,32.470703125
1633164,32.958984375
1655358,32.89794921875
1660566,39.6728515625
1661506,33.69140625
1664338,33.02001953125
1669821,89.53857421875
1669900,83.984375
1669965,72.021484375
1670014,74.64599609375
1670028,66.89453125
1670068,37.7197265625
1670084,46.08154296875
1670107,40.58837890625
1670132,121.76513671875
1670142,69.3359375
1670169,155.029296875
1670185,89.05029296875
1670210,55.7861328125
1670229,135.009765625
1670257,83.3740234375
1670295,110.16845703125
1670313,42.29736328125
1670341,42.17529296875
1670386,33.87451171875
1671329,32.65380859375
1671498,36.376953125
1671584,33.99658203125
1672542,37.2314453125
1672612,33.26416015625
1672682,41.015625
1673391,33.3251953125
1673500,36.7431640625
1673611,34.5458984375
1673889,33.8134765625
1673956,40.46630859375
1674048,42.6025390625
1674356,32.77587890625
1674398,35.21728515625
1674699,34.3017578125
1674717,35.33935546875
1674826,35.7666015625
1674850,36.1328125
1675008,43.39599609375
1675079,40.1611328125
1675090,40.4052734375
1675158,35.09521484375
1675237,36.19384765625
1758869,78.55224609375
1758894,63.4765625
1758914,133.30078125
1758940,134.46044921875
1758962,76.66015625
1758983,93.3837890625
1758996,78.125
1759014,72.3876953125
1759034,65.85693359375
1759045,47.18017578125
1759081,33.5693359375
1759097,32.53173828125
1759169,33.02001953125
1759181,33.447265625
1759747,36.19384765625
1760286,33.87451171875
1760623,35.33935546875
1760759,37.9638671875
1760858,32.5927734375
1760944,32.89794921875
1760984,33.26416015625
1761060,34.48486328125
1761275,32.65380859375
1761429,33.50830078125
1761573,37.841796875
1761999,33.99658203125
1762102,38.02490234375
1762125,35.46142578125
1762325,38.0859375
1762422,32.5927734375
1762671,42.724609375
1762822,39.55078125
1763015,51.81884765625
1763232,47.119140625
1763333,33.87451171875
1823752,33.99658203125
1837816,36.43798828125
1839080,34.24072265625
1839179,33.0810546875
1839202,102.47802734375
1839235,144.22607421875
1839247,70.73974609375
1839279,145.99609375
1839299,104.30908203125
1839320,78.61328125
1839333,98.388671875
1839347,49.6826171875
1839367,59.63134765625
1839405,40.0390625
1839416,41.1376953125
1840102,33.3251953125
1840226,36.19384765625
1840286,42.54150390625
1840582,34.912109375
1840636,37.2314453125
1840693,33.02001953125
1841141,39.306640625
1841311,37.9638671875
1841344,38.0859375
1841504,40.22216796875
1841564,35.58349609375
1841843,34.11865234375
1841985,37.59765625
1842046,40.34423828125
1842089,32.89794921875
1842145,36.376953125
1842539,48.828125
1842631,34.3017578125
1842707,43.212890625
1842825,35.09521484375
1843393,48.52294921875
1843488,33.447265625
1843566,34.912109375
1843625,34.60693359375
1843636,36.56005859375
1843660,62.80517578125
1843675,38.14697265625
1843700,36.31591796875
1843715,49.072265625
1843733,35.09521484375
1843750,61.46240234375
1843792,45.5322265625
1843817,32.958984375
1843843,39.24560546875
1843889,40.46630859375
1843917,57.373046875
1843948,37.04833984375
1843970,37.59765625
1843996,41.44287109375
1844012,36.9873046875
1844034,35.82763671875
1917480,113.95263671875
1917493,157.89794921875
1917518,132.8125
1917538,45.83740234375
1917550,169.49462890625
1917580,151.30615234375
1917597,101.6845703125
1917613,49.6826171875
1917628,35.70556640625
1917645,49.13330078125
1917655,43.76220703125
1917678,62.43896484375
1917729,33.935546875
1918535,32.8369140625
1918581,45.41015625
1918707,35.400390625
1919097,42.3583984375
1919167,32.71484375
1919244,36.19384765625
1919587,34.85107421875
1919643,35.94970703125
1919718,33.50830078125
1919781,36.1328125
1919862,37.59765625
1920141,34.72900390625
1920251,33.50830078125
1920351,35.888671875
1920553,33.8134765625
1920574,35.82763671875
1920831,34.97314453125
1920860,34.24072265625
1920990,33.3251953125
1921235,33.203125
1921282,32.8369140625
1921345,36.43798828125
1921482,37.17041015625
1921514,48.4619140625
1921608,47.2412109375
1921659,34.912109375
1921696,36.62109375
1921739,32.8369140625
1980570,33.26416015625
1984401,32.65380859375
1990107,89.66064453125
1990253,88.43994140625
1990272,37.59765625
1990287,94.3603515625
1990298,52.55126953125
1990311,128.84521484375
1990345,186.03515625
1990373,132.62939453125
1990390,51.025390625
1990400,69.4580078125
1990421,78.4912109375
1990456,57.0068359375
1990473,44.12841796875
1990509,50.23193359375
1990531,33.5693359375
1990879,37.109375
1990934,47.54638671875
1991034,32.5927734375
1991167,32.470703125
1991213,35.46142578125
1991524,32.65380859375
1991593,33.14208984375
1991653,33.75244140625
1991808,34.912109375
1992111,36.1328125
1992343,33.203125
1992426,38.87939453125
1992511,36.07177734375
1992604,38.63525390625
1992743,36.19384765625
1992845,41.19873046875
1993065,33.26416015625
1993159,34.1796875
1993226,37.9638671875
1993249,36.4990234375
1993344,36.376953125
1993361,33.69140625
1993432,32.53173828125
1993468,47.42431640625
1993570,37.04833984375
1993689,34.85107421875
1993917,34.11865234375
1994141,58.77685546875
1994254,39.73388671875
1994269,44.3115234375
1994298,32.5927734375
1994324,40.71044921875
1994396,47.42431640625
1994410,35.09521484375
1994483,33.8134765625
1994526,39.55078125
1994545,55.84716796875
1994584,33.3251953125
1994602,35.94970703125
1994625,35.94970703125
1994677,60.36376953125
1994734,35.0341796875
1994859,56.82373046875
2057331,87.82958984375
2057400,86.36474609375
2057438,46.7529296875
2057458,138.671875
2057469,86.97509765625
2057504,85.205078125
2057527,145.01953125
2057539,128.23486328125
2057575,148.62060546875
2057607,132.9345703125
2057620,43.76220703125
2057638,115.8447265625
2057659,57.67822265625
2057671,41.8701171875
2057693,66.650390625
2057730,41.07666015625
2057758,40.6494140625
2057770,35.46142578125
2058044,32.470703125
2058317,34.72900390625
2058344,36.07177734375
2058377,37.53662109375
2058467,32.89794921875
2058510,34.11865234375
2058834,33.87451171875
2058940,41.259765625
2058990,33.38623046875
2059204,33.87451171875
2059286,39.6728515625
2059350,40.0390625
2059460,35.7666015625
2059478,32.8369140625
2059543,36.1328125
2059710,41.44287109375
2059896,32.65380859375
2059959,33.87451171875
2060013,34.60693359375
2060115,34.72900390625
2060131,36.376953125
2060357,33.75244140625
2060400,33.0810546875
2060468,32.958984375
2060673,33.87451171875
2060736,33.203125
2060764,32.958984375
2060802,37.04833984375
2060873,35.82763671875
2060906,36.7431640625
2061029,35.7666015625
2061040,49.560546875
2061141,35.21728515625
2061390,36.80419921875
2061756,67.3828125
2117635,34.3017578125
2125602,32.77587890625
2125622,108.7646484375
2125650,127.44140625
2125667,111.572265625
2125685,143.73779296875
2125715,142.76123046875
2125727,83.1298828125
2125755,87.7685546875
2125767,41.50390625
2125780,72.57080078125
2125813,38.0859375
2125837,45.41015625
2125867,34.66796875
2126203,33.87451171875
2126295,34.11865234375
2126308,33.935546875
2126346,36.56005859375
2126397,36.2548828125
2126566,42.96875
2126629,35.33935546875
2126681,41.44287109375
2126730,33.26416015625
2126862,34.36279296875
2126987,37.9638671875
2127068,33.02001953125
2127138,49.072265625
2127204,35.15625
2127295,40.771484375
2127380,32.470703125
2127521,36.62109375
2127588,38.6962890625
2127676,32.53173828125
2127704,33.935546875
2127776,38.0859375
2127852,51.69677734375
2127928,37.04833984375
2128043,34.912109375
2128146,33.203125
2128317,38.87939453125
2128352,37.59765625
2128385,33.50830078125
2128504,35.7666015625
2128624,37.04833984375
2128652,35.82763671875
2128694,35.82763671875
2128739,33.8134765625
2128828,33.5693359375
2128882,35.70556640625
2129138,38.39111328125
2129188,36.1328125
2129328,48.76708984375
2129355,32.5927734375
2129478,32.8369140625
2129493,32.77587890625
2129559,34.11865234375
2129600,54.3212890625
2129758,52.24609375
2129768,35.0341796875
2129795,46.7529296875
2191056,35.7666015625
2191082,101.806640625
2191104,83.984375
2191124,116.14990234375
2191139,111.6943359375
2191154,107.7880859375
2191192,131.89697265625
2191205,87.70751953125
2191227,35.2783203125
2191242,59.02099609375
2191279,68.78662109375
2191292,40.58837890625
2191344,43.15185546875
2191661,34.0576171875
2191714,32.958984375
2191806,33.87451171875
2191829,37.78076171875
2191857,34.912109375
2191920,32.958984375
2191997,33.14208984375
2192247,34.11865234375
2192346,40.0390625
2192463,37.4755859375
2192494,32.470703125
2192527,34.11865234375
2192642,34.3017578125
2192705,44.86083984375
2192956,38.818359375
2193038,34.0576171875
2193298,33.87451171875
2193319,34.97314453125
2193382,40.8935546875
2193392,33.87451171875
2193579,34.0576171875
2193606,45.41015625
2193736,36.07177734375
2193866,34.66796875
2193904,33.69140625
2194001,34.97314453125
2194063,34.72900390625
2194265,35.5224609375
2194339,36.1328125
2194367,33.69140625
2194476,32.5927734375
2194847,35.82763671875
2244842,32.958984375
2244852,104.736328125
2244875,50.72021484375
2244891,183.04443359375
2244909,116.455078125
2244926,181.640625
2244954,95.52001953125
2244972,128.7841796875
2245013,110.04638671875
2245026,48.095703125
2245042,41.748046875
2245052,36.62109375
2245127,33.935546875
2245152,36.80419921875
2245545,35.46142578125
2245571,34.36279296875
2245599,38.14697265625
2245653,42.8466796875
2245816,36.43798828125
2245950,35.70556640625
2245970,34.1796875
2245995,32.53173828125
2246079,33.69140625
2246144,41.07666015625
2246213,41.8701171875
2246271,38.87939453125
2246347,35.64453125
2246409,32.5927734375
2246437,34.3017578125
2246498,38.6962890625
2246598,36.43798828125
2246636,33.02001953125
2246648,37.17041015625
2246740,35.400390625
2246770,38.14697265625
2246830,34.72900390625
2246974,33.02001953125
2246992,33.3251953125
2247014,49.62158203125
2247136,45.59326171875
2247211,32.5927734375
2247288,38.26904296875
2247419,44.61669921875
2247478,35.21728515625
2247533,34.5458984375
2247709,37.841796875
2247883,33.38623046875
2247994,33.02001953125
2248040,34.423828125
2248051,36.9873046875
2248089,39.794921875
2248134,63.90380859375
2248205,41.015625
2248215,50.29296875
2248268,44.921875
2248340,51.20849609375
2248380,39.55078125
2248446,41.32080078125
2248507,36.865234375
2248567,34.48486328125
2248748,55.23681640625
2300613,99.91455078125
2300623,82.51953125
2300653,119.07958984375
2300668,71.71630859375
2300683,156.25
2300708,99.609375
2300720,173.7060546875
2300740,79.65087890625
2300778,109.130859375
2300788,49.6826171875
2300807,51.3916015625
2300823,61.8896484375
2300846,32.71484375
2300893,33.8134765625
2301275,36.92626953125
2301338,34.24072265625
2301414,32.5927734375
2301442,43.51806640625
2301491,35.33935546875
2301518,37.109375
2301669,32.89794921875
2301810,34.5458984375
2301881,40.83251953125
2301937,33.935546875
2302012,33.8134765625
2302030,36.07177734375
2302070,32.77587890625
2302153,37.78076171875
2302175,33.50830078125
2302251,34.97314453125
2302331,34.66796875
2302354,37.109375
2302511,37.109375
2302577,34.5458984375
2302600,32.5927734375
2302821,35.09521484375
2302945,41.259765625
2303061,35.21728515625
2303141,37.9638671875
2303180,39.12353515625
2303200,38.0859375
2303271,46.7529296875
2303295,36.9873046875
2303355,41.259765625
2303960,34.7900390625
2303989,45.10498046875
2304001,62.80517578125
2304086,46.32568359375
2304191,33.63037109375
2304211,41.07666015625
2304261,49.01123046875
2304335,48.03466796875
2370073,40.46630859375
2370100,92.28515625
2370113,72.8759765625
2370126,111.63330078125
2370144,125.06103515625
2370163,161.2548828125
2370181,82.763671875
2370195,122.86376953125
2370225,62.07275390625
2370242,103.8818359375
2370254,73.2421875
2370280,48.828125
2370302,40.22216796875
2370324,33.63037109375
2370377,33.5693359375
2370415,37.109375
2370737,40.71044921875
2370827,33.935546875
2370857,34.48486328125
2370895,34.48486328125
2371015,37.9638671875
2371076,37.841796875
2371195,36.4990234375
2371207,36.376953125
2371290,35.94970703125
2371362,32.65380859375
2371460,35.64453125
2371506,39.00146484375
2371621,36.9873046875
2371634,35.15625
2371683,36.31591796875
2371764,40.6494140625
2371810,40.83251953125
2371929,39.36767578125
2371971,35.64453125
2372146,38.26904296875
2372317,42.90771484375
2372371,33.3251953125
2372388,45.47119140625
2372452,34.0576171875
2372535,49.49951171875
2372672,32.958984375
2372719,33.75244140625
2372781,36.07177734375
2372801,41.44287109375
2372836,39.12353515625
2372909,33.447265625
2373171,42.3583984375
2373546,77.08740234375
2373593,37.841796875
2373653,54.6875
2373776,59.814453125
2373926,56.82373046875
2431214,32.470703125
2431412,34.97314453125
2435298,35.70556640625
2442973,34.24072265625
2444305,33.69140625
2445946,35.7666015625
2455108,33.26416015625
2462373,90.39306640625
2462396,58.89892578125
2462436,42.1142578125
2462474,149.5361328125
2462495,79.4677734375
2462507,118.34716796875
2462522,136.29150390625
2462539,116.39404296875
2462563,121.88720703125
2462582,46.5087890625
2462599,116.76025390625
2462612,69.82421875
2462655,84.04541015625
2462671,62.01171875
2462693,72.57080078125
2462724,65.36865234375
2462802,35.64453125
2463144,32.89794921875
2463188,33.87451171875
2463295,34.72900390625
2463343,42.41943359375
2463405,42.236328125
2463415,36.68212890625
2463468,37.41455078125
2463528,42.6025390625
2463598,44.12841796875
2463746,35.2783203125
2463797,35.58349609375
2463862,32.71484375
2463893,38.330078125
2463920,37.78076171875
2463974,33.02001953125
2464007,32.53173828125
2464075,40.8935546875
2464103,33.87451171875
2464171,32.8369140625
2464263,36.2548828125
2464309,32.470703125
2464388,44.86083984375
2464419,37.29248046875
2464487,41.80908203125
2464590,54.99267578125
2464982,37.41455078125
2465127,44.98291015625
2465139,60.11962890625
2465208,36.68212890625
2465236,54.0771484375
2465267,43.701171875
2465313,40.4052734375
2465351,40.283203125
2465362,56.2744140625
2465379,38.9404296875
2465423,35.7666015625
2465449,44.677734375
2465471,37.17041015625
2465506,39.9169921875
2465548,36.31591796875
2465579,43.9453125
2465903,52.734375
2516710,33.3251953125
2517161,35.21728515625
2519243,35.58349609375
2524907,42.41943359375
2524928,55.2978515625
2524951,83.92333984375
2524969,140.56396484375
2524997,97.59521484375
2525016,145.81298828125
2525039,121.4599609375
2525069,204.833984375
2525090,122.37548828125
2525107,82.03125
2525119,49.86572265625
2525133,73.73046875
2525153,36.80419921875
2525165,35.33935546875
2525180,50.72021484375
2525195,46.93603515625
2525212,36.19384765625
2525238,42.78564453125
2525263,35.70556640625
2525770,32.89794921875
2525831,39.00146484375
2525842,36.0107421875
2525924,33.69140625
2525948,37.353515625
2526117,33.935546875
2526189,33.8134765625
2526250,34.97314453125
2526307,43.701171875
2526340,33.447265625
2526384,44.12841796875
2526436,41.68701171875
2526547,35.46142578125
2526847,43.39599609375
2527129,33.99658203125
2527228,38.63525390625
2527346,34.48486328125
2527358,35.15625
2527585,33.0810546875
2527688,40.8935546875
2527734,54.5654296875
2527755,39.0625
2527777,44.0673828125
2527803,39.55078125
2527836,44.73876953125
2527881,36.2548828125
2527896,46.630859375
2527934,35.33935546875
2528040,44.921875
2528683,37.2314453125
2575761,95.0927734375
2575775,55.72509765625
2575796,137.02392578125
2575814,83.3740234375
2575830,187.19482421875
2575857,77.81982421875
2575884,88.9892578125
2575908,72.1435546875
2575920,65.61279296875
2575934,33.69140625
2575968,47.119140625
2575997,44.73876953125
2576029,32.77587890625
2576303,40.83251953125
2576395,33.87451171875
2576453,41.1376953125
2576565,38.26904296875
2576742,35.15625
2577105,42.48046875
2577242,35.94970703125
2577280,38.4521484375
2577357,34.912109375
2577373,33.935546875
2577426,32.5927734375
2577693,34.1796875
2577779,40.10009765625
2577802,34.48486328125
2577860,44.43359375
2577896,35.21728515625
2577970,34.85107421875
2578206,51.6357421875
2578361,33.3251953125
2578451,46.142578125
2578470,41.07666015625
2578486,38.330078125
2578531,32.53173828125
2578576,33.203125
2578893,36.56005859375
2579066,45.59326171875
2579106,34.0576171875
2579283,59.4482421875
2579408,44.12841796875
2579559,59.814453125
2579642,40.6494140625
2579721,57.31201171875
2579923,63.65966796875
2641396,34.0576171875
2641518,93.56689453125
2641545,89.66064453125
2641574,87.2802734375
2641601,109.92431640625
2641622,88.56201171875
2641638,131.16455078125
2641661,60.60791015625
2641675,134.82666015625
2641698,127.44140625
2641728,91.61376953125
2641741,61.34033203125
2641753,91.61376953125
2641771,60.1806640625
2641792,86.73095703125
2641808,53.77197265625
2641851,43.701171875
2641874,45.5322265625
2641893,39.12353515625
2642191,33.3251953125
2642414,40.83251953125
2642471,34.912109375
2642563,33.3251953125
2642649,34.72900390625
2642755,35.21728515625
2642875,48.88916015625
2642917,32.53173828125
2642927,37.4755859375
2642965,32.65380859375
2642991,36.2548828125
2643007,41.259765625
2643071,46.630859375
2643206,39.24560546875
2643275,38.0859375
2643548,39.0625
2643653,34.97314453125
2643716,33.5693359375
2643901,36.9873046875
2644296,44.43359375
2644311,33.69140625
2644341,40.22216796875
2644396,35.33935546875
2644496,60.85205078125
2644550,38.0859375
2644593,32.77587890625
2645198,37.29248046875
2645330,56.94580078125
2645469,57.80029296875
2692475,38.26904296875
2692510,75.98876953125
2692557,130.06591796875
2692577,54.13818359375
2692604,140.56396484375
2692638,223.9990234375
2692649,85.693359375
2692673,85.02197265625
2692694,127.44140625
2692708,50.23193359375
2692726,52.91748046875
2692739,151.79443359375
2692757,64.63623046875
2692778,40.8935546875
2692796,72.44873046875
2692826,59.4482421875
2692840,56.09130859375
2692862,40.22216796875
2692946,39.48974609375
2693414,37.17041015625
2693473,39.1845703125
2693724,38.14697265625
2693844,41.015625
2693934,36.56005859375
2694037,37.65869140625
2694055,33.0810546875
2694179,32.77587890625
2694200,35.58349609375
2694321,33.3251953125
2694355,33.69140625
2694383,32.5927734375
2694564,32.65380859375
2694581,37.841796875
2694608,36.1328125
2694632,32.8369140625
2694674,39.24560546875
2694856,32.8369140625
2694942,33.02001953125
2695064,41.19873046875
2695175,38.39111328125
2695263,33.69140625
2695280,36.9873046875
2695353,33.3251953125
2695367,37.04833984375
2695411,38.75732421875
2695462,32.470703125
2695560,36.56005859375
2696040,50.048828125
2696072,44.37255859375
2734287,33.5693359375
2734302,93.8720703125
2734316,74.951171875
2734345,140.44189453125
2734359,177.91748046875
2734392,171.142578125
2734405,42.29736328125
2734419,61.09619140625
2734443,45.0439453125
2734465,64.3310546875
2734478,61.767578125
2734503,38.39111328125
2734527,39.36767578125
2734990,39.73388671875
2735049,38.51318359375
2735130,35.400390625
2735296,37.78076171875
2735318,33.87451171875
2735392,36.56005859375
2735717,38.26904296875
2735826,36.80419921875
2735992,36.865234375
2736175,35.15625
2736437,33.50830078125
2736589,36.1328125
2736707,33.50830078125
2736782,36.62109375
2736909,34.11865234375
2736927,33.99658203125
2737011,35.70556640625
2737222,34.97314453125
2737497,42.54150390625
2737527,34.3017578125
2737654,33.38623046875
2737676,44.49462890625
2737692,36.68212890625
2737728,45.34912109375
2737751,35.64453125
2737817,42.41943359375
2737861,70.73974609375
2737878,52.91748046875
2737905,32.65380859375
2737924,36.0107421875
2737985,33.99658203125
2738050,43.64013671875
2738180,33.447265625
2738391,40.34423828125
2807783,37.29248046875
2811399,36.68212890625
2819173,37.04833984375
2822801,33.26416015625
2838854,32.53173828125
2843563,32.89794921875
2846276,32.89794921875
2850721,35.7666015625
2851026,95.3369140625
2851072,94.23828125
2851087,105.5908203125
2851120,56.396484375
2851134,45.0439453125
2851158,162.4755859375
2851174,119.44580078125
2851206,102.11181640625
2851231,104.43115234375
2851246,102.47802734375
2851270,73.54736328125
2851298,77.7587890625
2851312,78.857421875
2851334,47.2412109375
2851352,39.12353515625
2851386,32.65380859375
2851422,39.1845703125
2851456,41.8701171875
2851979,35.58349609375
2852020,47.119140625
2852101,34.24072265625
2852183,47.30224609375
2852292,33.203125
2852550,33.14208984375
2852641,37.65869140625
2852655,36.4990234375
2852703,32.53173828125
2852720,37.78076171875
2852964,35.33935546875
2852993,37.29248046875
2853092,35.7666015625
2853154,40.771484375
2853237,34.0576171875
2853275,35.2783203125
2853644,33.0810546875
2853766,34.423828125
2853882,47.30224609375
2853983,39.24560546875
2854016,33.447265625
2854130,41.44287109375
2854163,44.86083984375
2854258,35.2783203125
2854296,35.21728515625
2854313,51.6357421875
2854329,36.9873046875
2854422,35.33935546875
2854484,32.5927734375
2854520,45.47119140625
2854571,48.03466796875
2854780,42.6025390625
2891267,32.89794921875
2895032,32.5927734375
2906516,43.64013671875
2906533,78.125
2906543,87.158203125
2906558,127.38037109375
2906580,191.22314453125
2906595,151.7333984375
2906616,74.27978515625
2906629,112.79296875
2906656,54.5654296875
2906669,66.71142578125
2906709,63.65966796875
2906720,42.29736328125
2907221,34.97314453125
2907310,35.21728515625
2907373,36.2548828125
2907457,36.80419921875
2907572,32.65380859375
2907826,45.34912109375
2907892,37.2314453125
2907923,37.7197265625
2908033,33.203125
2908104,40.52734375
2908187,38.0859375
2908315,40.10009765625
2908391,43.701171875
2908428,33.14208984375
2908470,36.68212890625
2908503,32.89794921875
2908637,36.56005859375
2908652,32.470703125
2908734,35.21728515625
2908752,36.31591796875
2908837,32.77587890625
2908938,34.24072265625
2909032,51.3916015625
2909097,34.3017578125
2909129,46.56982421875
2909191,33.02001953125
2909599,32.71484375
2909647,32.77587890625
2909659,34.97314453125
2909757,33.14208984375
2909782,36.865234375
2909808,39.00146484375
2909858,54.62646484375
2909879,52.79541015625
2909918,37.29248046875
2910004,48.52294921875
2910048,49.9267578125
2910073,56.82373046875
2910092,47.7294921875
2910117,32.65380859375
2910326,52.55126953125
2968162,41.44287109375
2989320,32.5927734375
2989340,119.384765625
2989362,134.033203125
2989393,146.8505859375
2989415,74.8291015625
2989430,126.708984375
2989450,71.35009765625
2989481,74.27978515625
2989511,43.5791015625
2989761,39.61181640625
2990086,51.45263671875
2990135,40.22216796875
2990190,32.65380859375
2990246,32.8369140625
2990310,37.90283203125
2990475,34.7900390625
2990492,33.447265625
2990540,40.46630859375
2990565,33.69140625
2990605,33.63037109375
2990656,34.423828125
2990721,35.70556640625
2990965,41.50390625
2991039,34.24072265625
2991109,35.0341796875
2991145,32.470703125
2991280,33.14208984375
2991481,38.4521484375
2991543,37.4755859375
2991574,33.99658203125
2991684,36.4990234375
2991779,35.15625
2991912,42.29736328125
2992123,32.8369140625
2992497,66.7724609375
2992621,33.75244140625
2992635,36.2548828125
2992675,32.53173828125
2992704,45.166015625
2992726,59.6923828125
2992793,33.14208984375
2992808,36.376953125
2992841,39.73388671875
2992902,38.4521484375
2992926,56.57958984375
2993041,61.34033203125
2993055,32.53173828125
2993107,34.24072265625
2993224,49.4384765625
3037365,32.53173828125
3045825,32.77587890625
3046745,36.376953125
3055667,34.423828125
3059085,32.470703125
3062816,33.3251953125
3062831,112.060546875
3062855,110.2294921875
3062867,101.4404296875
3062890,183.65478515625
3062923,81.35986328125
3062947,56.7626953125
3062974,89.66064453125
3062987,42.48046875
3062999,37.9638671875
3063012,44.12841796875
3063030,40.283203125
3063049,43.45703125
3063092,37.29248046875
3063492,45.47119140625
3063545,34.36279296875
3063597,34.24072265625
3063652,49.01123046875
3063744,37.9638671875
3063875,34.1796875
3063999,34.48486328125
3064034,33.5693359375
3064295,32.958984375
3064418,37.2314453125
3064571,33.3251953125
3064602,32.65380859375
3064659,38.4521484375
3064917,40.1611328125
3065039,35.70556640625
3065109,36.31591796875
3065181,36.43798828125
3065235,35.888671875
3065250,36.865234375
3065289,34.97314453125
3065388,32.8369140625
3065475,39.36767578125
3065673,38.57421875
3066049,61.1572265625
3066120,35.2783203125
3066183,34.36279296875
3066319,61.46240234375
3066336,50.29296875
3066463,36.43798828125
3066483,40.95458984375
3066568,49.98779296875
3066699,38.39111328125
3066827,50.1708984375
3118534,32.958984375
3125096,32.71484375
3126517,92.34619140625
3126673,84.5947265625
3126740,73.54736328125
3126782,76.66015625
3126804,66.71142578125
3126821,100.7080078125
3126846,71.2890625
3126856,60.72998046875
3126867,78.91845703125
3126894,100.5859375
3126921,92.59033203125
3126933,111.87744140625
3126961,42.48046875
3126985,100.341796875
3127018,76.904296875
3127057,52.734375
3127081,35.2783203125
3127101,48.7060546875
3127514,36.56005859375
3127680,35.33935546875
3127817,33.69140625
3128089,33.3251953125
3128229,36.07177734375
3128356,42.1142578125
3129017,32.71484375
3129185,36.92626953125
3129202,34.1796875
3129510,32.958984375
3129565,35.21728515625
3129697,34.24072265625
3129724,37.59765625
3129805,33.63037109375
3129830,33.26416015625
3130157,36.62109375
3130343,35.0341796875
3130419,38.57421875
3130548,45.7763671875
3130569,33.14208984375
3130689,42.66357421875
3130828,51.81884765625
3130935,32.8369140625
3130982,55.11474609375
3131054,44.00634765625
3179428,33.0810546875
3194742,34.7900390625
3201492,78.369140625
3201574,79.833984375
3201648,61.82861328125
3201727,71.10595703125
3201740,89.05029296875
3201756,38.39111328125
3201782,69.3359375
3201799,59.87548828125
3201834,125.18310546875
3201852,43.27392578125
3201875,156.79931640625
3201905,98.0224609375
3201920,82.21435546875
3201951,88.7451171875
3201984,59.4482421875
3201997,63.720703125
3202021,60.72998046875
3202046,76.96533203125
3202059,42.05322265625
3202083,32.77587890625
3202125,37.65869140625
3202634,33.26416015625
3202688,32.8369140625
3202798,34.423828125
3202902,39.4287109375
3203128,34.66796875
3203188,33.26416015625
3203255,32.5927734375
3203452,36.7431640625
3203489,36.07177734375
3203553,43.39599609375
3203644,33.87451171875
3203711,32.53173828125
3203877,40.58837890625
3203961,41.44287109375
3204061,34.7900390625
3204387,34.97314453125
3204511,46.69189453125
3204628,42.236328125
3204737,33.02001953125
3204851,42.41943359375
3205086,38.6962890625
3205301,40.83251953125
3205386,48.095703125
3205411,42.6025390625
3205476,47.4853515625
3205539,35.7666015625
3205596,33.63037109375
3205668,53.3447265625
3205775,33.02001953125
3205932,40.34423828125
3253184,34.11865234375
3258266,87.58544921875
3258325,90.75927734375
3258349,85.44921875
3258402,60.48583984375
3258419,90.8203125
3258438,113.22021484375
3258469,72.6318359375
3258482,175.35400390625
3258509,178.5888671875
3258520,50.048828125
3258542,44.12841796875
3258560,87.21923828125
3258588,53.3447265625
3258600,50.048828125
3258619,65.7958984375
3258640,55.48095703125
3258666,45.0439453125
3258773,36.31591796875
3259081,34.36279296875
3259227,34.7900390625
3259273,34.72900390625
3259380,35.82763671875
3259435,33.50830078125
3259617,35.94970703125
3259703,32.65380859375
3259859,34.97314453125
3259902,38.818359375
3259944,34.3017578125
3260106,35.400390625
3260263,36.31591796875
3260409,35.46142578125
3260434,33.3251953125
3260717,33.0810546875
3261013,39.85595703125
3261093,34.24072265625
3261201,38.57421875
3261225,32.470703125
3261369,33.50830078125
3261534,32.8369140625
3261643,33.5693359375
3261779,37.59765625
3261839,32.5927734375
3261866,35.7666015625
3261929,32.5927734375
3261940,41.44287109375
3262010,42.96875
3262130,43.39599609375
3262212,33.3251953125
3312213,32.958984375
3316838,80.50537109375
3316863,93.44482421875
3316937,79.9560546875
3316981,54.26025390625
3317000,71.59423828125
3317018,86.12060546875
3317031,105.04150390625
3317061,158.02001953125
3317077,71.71630859375
3317095,103.33251953125
3317124,88.92822265625
3317142,85.205078125
3317171,65.12451171875
3317186,101.13525390625
3317201,54.74853515625
3317225,48.095703125
3317241,47.607421875
3317254,32.470703125
3317767,33.87451171875
3317814,36.2548828125
3317868,34.85107421875
3317979,33.5693359375
3318227,36.4990234375
3318280,37.17041015625
3318348,34.5458984375
3318666,32.958984375
3318810,33.50830078125
3318899,32.958984375
3319691,38.14697265625
3319755,47.66845703125
3320040,33.3251953125
3320063,35.64453125
3320355,34.912109375
3320570,35.33935546875
3320659,34.85107421875
3320688,42.724609375
3320716,46.0205078125
3320811,33.447265625
3320886,33.99658203125
3362341,33.3251953125
3376218,32.65380859375
3388283,35.7666015625
3389428,88.37890625
3389500,84.28955078125
3389572,69.03076171875
3389624,54.87060546875
3389638,129.33349609375
3389657,59.5703125
3389684,135.92529296875
3389699,57.861328125
3389727,183.16650390625
3389760,90.02685546875
3389775,41.748046875
3389786,113.95263671875
3389821,41.44287109375
3389840,40.95458984375
3389888,44.00634765625
3389904,44.5556640625
3389931,37.29248046875
3390319,34.66796875
3390366,34.48486328125
3390416,42.17529296875
3390620,34.36279296875
3390683,43.3349609375
3390800,35.888671875
3391291,34.36279296875
3392309,34.60693359375
3392403,41.8701171875
3392429,35.09521484375
3393030,32.77587890625
3393229,38.39111328125
3393289,37.78076171875
3393322,32.470703125
3393344,40.6494140625
3393468,43.64013671875
3393583,35.33935546875
3393665,37.353515625
3393722,32.5927734375
3394466,47.91259765625
3444718,34.912109375
3445856,32.470703125
3454858,33.203125
3465293,33.203125
3469327,33.3251953125
3471586,97.35107421875
3471604,76.47705078125
3471636,180.17578125
3471648,85.3271484375
3471670,110.77880859375
3471688,64.208984375
3471715,104.06494140625
3471734,67.44384765625
3471745,47.4853515625
3471764,35.0341796875
3471786,56.2744140625
3471824,43.5791015625
3472072,36.9873046875
3472237,37.65869140625
3472742,35.0341796875
3472802,34.7900390625
3472897,47.9736328125
3473022,33.5693359375
3473142,36.7431640625
3473625,32.8369140625
3473932,33.447265625
3473973,33.14208984375
3474438,33.8134765625
3474501,34.0576171875
3474858,34.97314453125
3474877,33.203125
3474892,35.21728515625
3474956,33.935546875
3474996,39.73388671875
3475027,39.00146484375
3475070,44.5556640625
3475099,35.33935546875
3475144,32.958984375
3475206,39.61181640625
3475264,34.66796875
3475571,35.33935546875
3476098,40.10009765625
3476116,34.5458984375
3476282,54.87060546875
3476437,34.0576171875
3510787,33.87451171875
3515225,32.53173828125
3523270,32.8369140625
3525543,34.66796875
3529085,33.935546875
3538177,35.21728515625
3538978,32.8369140625
3545759,32.958984375
3554103,34.423828125
3557148,40.10009765625
3557187,101.74560546875
3557209,102.72216796875
3557239,208.0078125
3557254,73.73046875
3557270,169.189453125
3557281,85.02197265625
3557306,105.95703125
3557322,85.0830078125
3557352,80.2001953125
3557369,45.41015625
3557389,41.19873046875
3557426,35.64453125
3557631,34.97314453125
3558245,33.3251953125
3558405,36.0107421875
3558598,32.8369140625
3558661,36.31591796875
3558780,35.400390625
3558836,33.38623046875
3559087,39.306640625
3559517,37.53662109375
3559610,33.75244140625
3559809,38.26904296875
3560851,43.701171875
3560982,33.14208984375
3561032,36.31591796875
3561086,33.69140625
3561119,34.1796875
3561230,33.0810546875
3561327,36.7431640625
3593616,34.1796875
3598061,32.71484375
3615576,33.75244140625
3621563,32.71484375
3622142,35.7666015625
3631457,84.716796875
3631605,74.21875
3631677,90.4541015625
3631742,99.609375
3631809,56.0302734375
3631831,48.40087890625
3631848,99.06005859375
3631863,197.20458984375
3631884,74.70703125
3631903,112.060546875
3631918,80.01708984375
3631931,111.51123046875
3631959,88.80615234375
3631985,93.68896484375
3632005,40.52734375
3632031,73.8525390625
3632045,53.16162109375
3632060,37.109375
3632076,39.0625
3632101,49.13330078125
3632117,33.3251953125
3632908,33.99658203125
3632960,34.66796875
3633052,33.3251953125
3633283,33.75244140625
3633582,33.14208984375
3633961,35.888671875
3634308,35.46142578125
3634668,33.99658203125
3635155,37.4755859375
3635517,35.64453125
3635544,32.5927734375
3635655,34.24072265625
3635668,35.0341796875
3635857,38.51318359375
3671672,33.02001953125
3705862,32.53173828125
3707899,33.26416015625
3709111,39.61181640625
3709356,43.45703125
3709520,40.1611328125
3709669,34.7900390625
3709804,37.90283203125
3709892,86.24267578125
3709954,73.18115234375
3709973,37.90283203125
3710007,68.84765625
3710021,33.3251953125
3710032,135.19287109375
3710049,72.81494140625
3710078,155.57861328125
3710092,119.62890625
3710110,72.6318359375
3710128,122.37548828125
3710146,69.15283203125
3710166,114.2578125
3710178,88.07373046875
3710195,57.06787109375
3710207,99.06005859375
3710222,32.65380859375
3710239,46.93603515625
3710258,61.58447265625
3710279,52.1240234375
3710870,36.43798828125
3711090,32.89794921875
3711393,33.69140625
3711514,36.07177734375
3711601,33.38623046875
3711685,33.14208984375
3712238,38.6962890625
3712304,34.912109375
3712377,34.1796875
3712404,33.87451171875
3712453,32.53173828125
3712486,35.2783203125
3712554,34.5458984375
3712592,35.94970703125
3712684,33.203125
3712738,33.38623046875
3712993,34.60693359375
3713121,39.36767578125
3713243,35.5224609375
3713655,37.353515625
3713846,38.818359375
3713878,33.50830078125
3713926,32.470703125
3713987,35.82763671875
3714020,44.5556640625
3714312,32.71484375
3714323,39.73388671875
3714882,47.8515625
3750088,33.63037109375
3766054,34.0576171875
3767865,35.0341796875
3782737,80.9326171875
3782791,87.82958984375
3782809,103.57666015625
3782839,34.423828125
3782865,63.29345703125
3782887,89.41650390625
3782918,86.73095703125
3782956,96.13037109375
3782967,155.76171875
3782995,130.43212890625
3783018,72.20458984375
3783033,54.62646484375
3783050,103.02734375
3783072,58.28857421875
3783092,94.6044921875
3783107,53.1005859375
3783134,59.326171875
3783166,36.19384765625
3783177,47.79052734375
3783239,39.36767578125
3783873,36.07177734375
3783989,38.4521484375
3784372,35.0341796875
3784382,33.0810546875
3784415,33.26416015625
3784975,38.26904296875
3785056,33.75244140625
3785146,32.958984375
3785755,33.8134765625
3786114,40.4052734375
3786457,33.447265625
3786577,32.5927734375
3786612,33.63037109375
3786698,33.447265625
3786890,37.65869140625
3786949,33.8134765625
3787066,34.912109375
3787082,58.28857421875
3787194,40.22216796875
3787294,33.38623046875
3840192,74.52392578125
3840637,33.50830078125
3842067,32.77587890625
3856663,33.8134765625
3860283,97.412109375
3860359,79.2236328125
3860426,76.66015625
3860443,80.322265625
3860486,72.509765625
3860515,51.69677734375
3860546,156.1279296875
3860557,72.93701171875
3860569,41.19873046875
3860588,106.26220703125
3860606,76.5380859375
3860622,136.04736328125
3860654,122.00927734375
3860678,65.7958984375
3860701,81.0546875
3860718,66.95556640625
3860740,36.43798828125
3860756,50.1708984375
3860774,54.87060546875
3860812,32.89794921875
3860837,34.97314453125
3862205,35.33935546875
3862258,32.89794921875
3862403,32.65380859375
3862457,33.69140625
3862526,35.15625
3862808,33.02001953125
3862936,36.865234375
3863010,42.236328125
3863111,43.02978515625
3863198,34.97314453125
3863486,35.94970703125
3863619,39.36767578125
3863962,33.3251953125
3863998,33.87451171875
3864042,33.69140625
3864191,35.5224609375
3864547,34.85107421875
3864683,34.912109375
3864749,33.447265625
3864801,32.8369140625
3864826,33.0810546875
3909050,34.7900390625
3929211,36.62109375
3931473,81.48193359375
3931543,78.7353515625
3931566,90.6982421875
3931584,97.47314453125
3931603,70.068359375
3931656,64.02587890625
3931683,107.48291015625
3931698,66.89453125
3931710,66.7724609375
3931741,126.8310546875
3931762,58.59375
3931775,70.00732421875
3931810,68.66455078125
3931828,55.72509765625
3931855,99.91455078125
3931866,39.6728515625
3931881,58.16650390625
3931914,42.1142578125
3931943,41.748046875
3932003,37.65869140625
3932663,36.43798828125
3932773,39.4287109375
3932895,34.66796875
3933153,42.6025390625
3933203,37.2314453125
3933269,39.61181640625
3933337,38.14697265625
3933414,36.865234375
3933622,33.75244140625
3933831,34.0576171875
3933993,35.64453125
3934065,32.53173828125
3934157,35.15625
3934246,37.7197265625
3934330,34.11865234375
3934646,39.00146484375
3934756,40.34423828125
3935017,32.8369140625
3935159,33.447265625
3935369,41.56494140625
3935401,37.41455078125
3935423,35.58349609375
3935450,37.4755859375
3935478,39.73388671875
3935642,33.8134765625
3935658,36.865234375
3936411,47.54638671875
3979268,32.65380859375
3984263,35.21728515625
3987976,35.64453125
3997872,87.646484375
3997920,38.39111328125
3997939,61.46240234375
3997954,163.39111328125
3997979,71.71630859375
3997997,78.4912109375
3998013,152.03857421875
3998036,85.87646484375
3998061,71.4111328125
3998073,90.4541015625
3998098,112.060546875
3998116,85.44921875
3998137,109.06982421875
3998169,57.55615234375
3998199,51.025390625
3998214,45.71533203125
3998958,35.33935546875
3999487,35.09521484375
3999512,32.5927734375
3999725,33.38623046875
3999749,32.65380859375
3999923,41.9921875
4000048,34.3017578125
4000450,34.3017578125
4000737,35.2783203125
4001269,33.8134765625
4001298,32.77587890625
4001402,33.75244140625
4001756,33.14208984375
4001871,33.3251953125
4001886,46.5087890625
4002002,37.65869140625
4002048,42.66357421875
4002221,36.9873046875
4051424,36.7431640625
4072395,38.4521484375
4075479,88.07373046875
4075541,97.35107421875
4075576,33.8134765625
4075623,73.18115234375
4075647,74.0966796875
4075659,117.49267578125
4075674,146.91162109375
4075704,126.64794921875
4075717,151.0009765625
4075749,127.9296875
4075760,108.21533203125
4075785,88.68408203125
4075796,61.4013671875
4075820,42.66357421875
4075833,34.423828125
4075845,52.42919921875
4075858,74.5849609375
4075883,58.53271484375
4075897,40.6494140625
4075928,36.43798828125
4075966,33.203125
4076599,33.0810546875
4076666,37.90283203125
4076716,46.5087890625
4076772,32.5927734375
4076941,38.75732421875
4077060,33.99658203125
4077305,34.7900390625
4077726,33.3251953125
4078245,32.77587890625
4078421,42.3583984375
4078757,37.41455078125
4078879,39.306640625
4078993,36.19384765625
4079548,36.865234375
4079652,36.56005859375
4079679,36.1328125
4079726,51.81884765625
4079757,36.43798828125
4079881,34.36279296875
4079918,35.15625
4079963,36.31591796875
4129797,35.0341796875
4133422,32.5927734375
4143041,35.82763671875
4155887,41.93115234375
4158155,86.48681640625
4158166,83.43505859375
4158200,138.18359375
4158231,151.611328125
4158241,73.3642578125
4158274,134.21630859375
4158300,83.740234375
4158327,56.0302734375
4158338,38.6962890625
4158356,33.69140625
4158415,37.109375
4158710,32.8369140625
4158761,32.53173828125
4158807,34.7900390625
4158852,38.6962890625
4158964,36.80419921875
4159270,33.38623046875
4159750,33.99658203125
4159963,38.26904296875
4160185,33.75244140625
4160369,33.203125
4160427,34.0576171875
4160510,36.07177734375
4161091,33.99658203125
4161144,40.34423828125
4161248,32.77587890625
4161402,37.9638671875
4161480,34.1796875
4161547,51.7578125
4161674,35.94970703125
4162256,43.64013671875
4162506,36.43798828125
4162694,57.12890625
4236322,33.50830078125
4238185,35.7666015625
4238220,72.6318359375
4238238,95.947265625
4238248,71.533203125
4238270,174.25537109375
4238284,109.4970703125
4238298,102.35595703125
4238314,106.689453125
4238328,113.58642578125
4238346,107.72705078125
4238370,79.65087890625
4238380,55.35888671875
4238406,35.58349609375
4238446,57.67822265625
4238486,36.92626953125
4238934,35.09521484375
4238973,35.888671875
4238987,36.68212890625
4239363,34.48486328125
4239416,32.958984375
4239443,36.1328125
4239493,35.58349609375
4239538,41.50390625
4239682,34.85107421875
4240471,33.99658203125
4240821,36.4990234375
4241007,32.53173828125
4241036,34.24072265625
4241241,32.470703125
4241437,35.33935546875
4241884,47.9736328125
4241982,33.14208984375
4241996,33.75244140625
4242047,32.958984375
4242108,35.0341796875
4242168,40.22216796875
4242299,32.71484375
4288490,32.77587890625
4292295,32.65380859375
4308757,32.5927734375
4308974,65.97900390625
4309021,71.10595703125
4309049,136.41357421875
4309076,113.1591796875
4309103,51.94091796875
4309119,65.73486328125
4309133,38.9404296875
4309158,78.91845703125
4309177,38.6962890625
4309194,48.40087890625
4309238,47.36328125
4309264,35.7666015625
4309756,32.958984375
4310148,34.36279296875
4310176,33.02001953125
4310464,39.12353515625
4310506,45.5322265625
4310573,34.97314453125
4310637,34.72900390625
4311423,42.29736328125
4311598,36.9873046875
4311676,38.818359375
4311858,32.71484375
4311962,34.423828125
4312119,36.19384765625
4312243,34.66796875
4312345,34.24072265625
4312503,45.95947265625
4312635,43.701171875
4313113,45.166015625
4313206,32.53173828125
4367014,32.5927734375
4372830,36.865234375
4378284,35.7666015625
4378300,101.1962890625
4378328,125.18310546875
4378338,142.76123046875
4378360,164.85595703125
4378388,116.5771484375
4378409,82.09228515625
4378427,79.04052734375
4378444,34.3017578125
4378457,36.68212890625
4378477,42.17529296875
4378488,39.55078125
4378507,49.98779296875
4378537,43.3349609375
4378720,34.24072265625
4378940,32.53173828125
4379040,34.5458984375
4379246,33.26416015625
4379327,34.5458984375
4379408,36.865234375
4379484,33.38623046875
4379532,33.3251953125
4379584,33.3251953125
4379933,35.09521484375
4380261,36.1328125
4380301,32.470703125
4380432,40.10009765625
4380623,34.66796875
4380835,32.71484375
4381037,35.5224609375
4381247,34.1796875
4381491,33.63037109375
4381629,35.888671875
4381675,34.60693359375
4381732,41.19873046875
4381905,34.48486328125
4382262,33.3251953125
4382569,39.85595703125
4382579,41.748046875
4382686,36.376953125
4382787,61.03515625
4424185,33.203125
4424281,33.26416015625
4439847,33.87451171875
4445800,33.5693359375
4450196,32.53173828125
4464382,67.68798828125
4464409,130.55419921875
4464419,107.60498046875
4464429,83.0078125
4464442,138.61083984375
4464465,70.4345703125
4464489,88.37890625
4464508,110.04638671875
4464523,53.7109375
4464553,53.22265625
4464603,51.8798828125
4464626,35.64453125
4465011,35.7666015625
4465144,32.89794921875
4465202,36.43798828125
4465342,34.66796875
4465389,34.72900390625
4465478,34.72900390625
4465632,33.5693359375
4466013,39.97802734375
4466052,35.70556640625
4466357,41.93115234375
4466520,37.109375
4466780,32.65380859375
4466867,34.60693359375
4466964,35.70556640625
4467147,45.95947265625
4467320,38.02490234375
4467411,33.0810546875
4467447,37.04833984375
4467627,33.0810546875
4467685,35.64453125
4467876,35.70556640625
4467926,34.85107421875
4468414,37.59765625
4468637,66.7724609375
4511505,32.8369140625
4520861,33.5693359375
4534756,32.53173828125
4543699,102.9052734375
4543715,94.8486328125
4543736,54.87060546875
4543749,153.4423828125
4543771,116.943359375
4543803,101.74560546875
4543820,124.0234375
4543845,52.734375
4543857,43.9453125
4543883,67.626953125
4543899,39.306640625
4543923,48.9501953125
4543960,32.958984375
4544317,34.7900390625
4544466,42.6025390625
4544494,35.64453125
4544526,39.97802734375
4544576,34.5458984375
4544624,40.52734375
4544677,39.73388671875
4544736,36.865234375
4545152,35.33935546875
4545180,33.75244140625
4545553,45.166015625
4545697,41.44287109375
4545834,33.87451171875
4546161,33.203125
4546256,34.1796875
4546392,32.470703125
4546635,41.56494140625
4546668,33.02001953125
4546735,33.99658203125
4546774,33.0810546875
4546864,33.935546875
4547187,32.5927734375
4547313,33.26416015625
4547392,35.33935546875
4547434,37.78076171875
4547484,33.0810546875
4547512,34.5458984375
4547573,33.75244140625
4547607,47.7294921875
4547644,44.61669921875
4547660,39.73388671875
4547682,76.0498046875
4547701,64.14794921875
4547730,53.1005859375
4547742,45.7763671875
4547790,35.94970703125
4547835,46.81396484375
4547854,34.1796875
4547895,41.9921875
4547928,34.1796875
4548009,42.236328125
4578146,68.115234375
4578171,37.59765625
4578195,134.82666015625
4578215,32.470703125
4578225,100.830078125
4578241,113.70849609375
4578268,106.38427734375
4578281,105.16357421875
4578293,97.0458984375
4578313,89.05029296875
4578330,51.45263671875
4578344,54.8095703125
4578366,48.52294921875
4578390,69.76318359375
4578415,53.64990234375
4578428,84.65576171875
4578470,45.5322265625
4578509,36.1328125
4579017,33.0810546875
4579064,38.4521484375
4579104,33.87451171875
4579166,34.11865234375
4579222,35.21728515625
4579380,44.5556640625
4579423,33.69140625
4579524,39.73388671875
4579563,45.7763671875
4579620,33.447265625
4579754,41.3818359375
4579822,32.89794921875
4580036,37.4755859375
4580084,33.14208984375
4580182,36.7431640625
4580224,33.63037109375
4580588,36.1328125
4580681,33.203125
4580884,33.0810546875
4580985,39.12353515625
4581308,40.22216796875
4581526,33.50830078125
4581638,34.66796875
4581693,35.09521484375
4581742,46.9970703125
4581796,33.50830078125
4581816,36.19384765625
4581895,41.748046875
4581918,37.59765625
4582037,42.48046875
4681682,43.76220703125
4681702,88.37890625
4681730,147.88818359375
4681756,84.16748046875
4681773,66.89453125
4681794,123.291015625
4681810,80.87158203125
4681839,45.166015625
4681852,38.02490234375
4681876,48.15673828125
4681886,40.46630859375
4681903,39.85595703125
4681915,40.0390625
4682002,32.77587890625
4682344,37.2314453125
4682447,36.1328125
4682497,33.38623046875
4682547,34.5458984375
4682615,33.14208984375
4682649,38.26904296875
4682680,34.7900390625
4682813,34.7900390625
4683294,34.0576171875
4683400,36.376953125
4683688,33.87451171875
4683933,34.1796875
4684083,37.59765625
4684172,34.3017578125
4684199,38.75732421875
4684303,44.921875
4684798,53.22265625
4684870,33.3251953125
4684902,33.14208984375
4684921,56.7626953125
4684962,34.423828125
4684978,33.63037109375
4685050,36.92626953125
4685061,50.35400390625
4685077,33.69140625
4685103,34.0576171875
4685667,52.1240234375
4726611,35.2783203125
4739910,33.5693359375
4740237,33.69140625
4742194,33.203125
4780220,34.3017578125
4794916,32.470703125
4795244,56.09130859375
4795275,107.23876953125
4795292,106.5673828125
4795307,120.30029296875
4795326,104.736328125
4795353,86.3037109375
4795387,100.89111328125
4795408,61.279296875
4795429,43.15185546875
4795446,34.24072265625
4795471,33.14208984375
4795489,36.4990234375
4795876,33.8134765625
4796061,42.05322265625
4796492,37.78076171875
4796551,33.87451171875
4796641,37.29248046875
4796754,32.8369140625
4796772,33.26416015625
4796799,37.29248046875
4797043,33.3251953125
4797084,33.02001953125
4797167,32.5927734375
4797209,35.15625
4797486,42.17529296875
4797630,35.70556640625
4797662,40.283203125
4797703,37.17041015625
4797715,32.53173828125
4797759,35.7666015625
4797785,35.70556640625
4797935,39.4287109375
4798076,39.61181640625
4798347,36.376953125
4798432,36.7431640625
4798467,46.44775390625
4798509,40.95458984375
4798534,72.75390625
4798576,39.794921875
4798597,80.13916015625
4798662,34.36279296875
4798679,67.9931640625
4798711,33.87451171875
4798744,38.26904296875
4798801,40.283203125
