4798001,0
46856,49.74365234375
46871,43.64013671875
46913,55.17578125
46962,43.15185546875
46991,149.10888671875
47009,65.185546875
47039,99.853515625
47057,54.50439453125
47093,92.6513671875
47129,65.00244140625
47144,52.978515625
47155,63.90380859375
47177,47.2412109375
47209,65.36865234375
47246,48.40087890625
47260,68.9697265625
47285,43.76220703125
47309,50.048828125
47345,50.537109375
47369,54.8095703125
47410,49.8046875
47445,47.607421875
47474,46.5087890625
47493,67.626953125
47521,53.77197265625
47541,44.12841796875
47554,45.8984375
47571,52.79541015625
47637,44.677734375
47729,44.37255859375
47762,56.70166015625
47843,46.93603515625
47963,50.9033203125
48115,64.8193359375
48306,105.3466796875
108203,49.13330078125
108294,54.443359375
108493,47.4853515625
108760,44.12841796875
118513,44.3115234375
118549,45.166015625
118578,46.2646484375
118601,54.8095703125
118628,47.05810546875
118640,161.2548828125
118654,55.908203125
118694,74.27978515625
118751,80.13916015625
118784,45.47119140625
118815,97.10693359375
118835,72.8759765625
118854,58.41064453125
118900,44.677734375
118913,43.39599609375
118941,53.955078125
118963,43.39599609375
119007,50.9033203125
119085,57.18994140625
119099,51.8798828125
119137,56.94580078125
119198,42.90771484375
119236,48.33984375
119300,43.5791015625
119382,42.96875
119415,61.70654296875
119560,73.486328125
119799,61.95068359375
172950,56.7626953125
172988,45.34912109375
173020,45.7763671875
173041,89.7216796875
173082,61.1572265625
173099,125.6103515625
173112,65.00244140625
173149,56.884765625
173161,81.787109375
173186,46.630859375
173213,124.8779296875
173230,47.18017578125
173269,69.88525390625
173282,59.87548828125
173311,48.64501953125
173340,89.9658203125
173359,67.9931640625
173382,42.8466796875
173407,47.79052734375
173439,64.94140625
173457,58.7158203125
173482,70.3125
173527,54.8095703125
173562,51.7578125
173587,44.189453125
173616,57.7392578125
173642,53.8330078125
173697,52.8564453125
173724,50.6591796875
173764,42.96875
173779,67.3828125
173821,48.76708984375
173880,56.21337890625
174016,48.828125
174030,45.47119140625
174099,42.96875
174117,47.36328125
174200,52.79541015625
174456,42.78564453125
174469,45.8984375
174532,50.59814453125
174654,55.35888671875
174666,49.49951171875
174796,76.0498046875
174942,78.67431640625
175109,43.02978515625
177066,45.654296875
238061,44.12841796875
238198,178.03955078125
238211,50.9033203125
238260,49.4384765625
238283,110.595703125
238304,52.490234375
238359,46.2646484375
238380,104.4921875
238396,44.189453125
238439,44.189453125
238480,78.91845703125
238504,46.20361328125
238536,43.3349609375
238564,84.53369140625
238605,47.42431640625
238654,46.7529296875
238696,48.828125
238782,58.53271484375
238800,46.38671875
238949,57.43408203125
239030,50.048828125
239085,61.58447265625
239095,46.08154296875
277796,47.30224609375
277862,138.85498046875
277943,50.84228515625
277976,104.98046875
278004,90.8203125
278022,43.27392578125
278063,80.87158203125
278086,67.07763671875
278109,49.8046875
278141,45.47119140625
278165,90.51513671875
278205,45.2880859375
278237,69.39697265625
278265,73.6083984375
278297,47.119140625
278322,64.63623046875
278345,47.42431640625
278408,50.6591796875
278429,43.701171875
278447,43.3349609375
278472,53.7109375
278599,73.3642578125
278650,44.49462890625
278723,57.0068359375
278867,46.7529296875
311124,64.88037109375
311142,52.79541015625
311152,50.10986328125
311179,53.40576171875
311212,160.09521484375
311239,45.47119140625
311277,82.82470703125
311291,44.61669921875
311321,58.65478515625
311336,98.44970703125
311351,47.7294921875
311395,55.84716796875
311445,59.63134765625
311466,60.24169921875
311500,69.3359375
311532,61.95068359375
311557,47.42431640625
311584,60.791015625
311618,47.7294921875
311650,45.41015625
311704,65.61279296875
311737,59.08203125
311773,47.8515625
311798,45.0439453125
311811,46.56982421875
311886,56.15234375
312071,60.85205078125
312182,46.08154296875
312211,59.14306640625
312402,47.05810546875
377767,46.20361328125
377796,60.11962890625
377806,44.5556640625
377826,48.64501953125
377847,69.9462890625
377879,58.10546875
377895,166.07666015625
377910,46.630859375
377928,49.62158203125
377954,81.787109375
377971,77.20947265625
377988,47.66845703125
378007,54.443359375
378019,44.98291015625
378044,84.5947265625
378068,66.89453125
378095,61.8896484375
378126,58.837890625
378139,60.72998046875
378158,45.41015625
378175,48.2177734375
378217,60.72998046875
378258,45.83740234375
378281,47.42431640625
378299,45.47119140625
378327,53.3447265625
378359,52.55126953125
378380,49.6826171875
378407,64.3310546875
378434,45.2880859375
378453,43.88427734375
378497,68.603515625
378547,45.2880859375
378562,53.52783203125
378581,49.6826171875
378600,52.734375
378626,43.8232421875
378658,44.0673828125
378676,47.119140625
378710,48.2177734375
378750,44.43359375
378781,44.73876953125
378907,49.49951171875
378981,52.3681640625
379030,45.0439453125
379211,44.43359375
379229,44.12841796875
379348,53.955078125
379573,81.48193359375
379734,71.8994140625
383168,53.7109375
446146,47.42431640625
446621,146.17919921875
446635,44.49462890625
446715,45.2880859375
446744,107.36083984375
446781,53.8330078125
446824,54.26025390625
446841,62.68310546875
446852,44.0673828125
446927,61.8896484375
446966,52.67333984375
447037,88.43994140625
447071,45.10498046875
447133,53.52783203125
447144,52.6123046875
447185,47.7294921875
447195,57.9833984375
447251,45.5322265625
447264,49.072265625
447355,74.5849609375
447475,72.69287109375
447566,44.37255859375
447624,44.37255859375
447642,44.7998046875
447725,93.75
470647,50.9033203125
471600,48.2177734375
471649,57.31201171875
471673,46.875
471697,154.11376953125
471716,64.8193359375
471759,81.4208984375
471786,47.05810546875
471828,73.30322265625
471866,76.904296875
471891,60.48583984375
471956,45.71533203125
471980,96.37451171875
472008,56.0302734375
472045,54.13818359375
472059,54.50439453125
472084,44.12841796875
472122,43.39599609375
472175,82.1533203125
472195,55.908203125
472313,87.58544921875
472517,75.8056640625
517755,48.15673828125
517816,46.0205078125
517920,46.69189453125
517982,48.88916015625
518014,45.34912109375
518025,56.0302734375
518108,44.25048828125
518168,112.3046875
518180,66.5283203125
518214,57.43408203125
518234,122.25341796875
518245,47.8515625
518278,48.4619140625
518297,91.61376953125
518316,54.26025390625
518343,53.955078125
518362,73.05908203125
518379,54.26025390625
518425,70.6787109375
518455,63.4765625
518477,74.52392578125
518491,46.93603515625
518506,46.93603515625
518526,49.25537109375
518545,78.06396484375
518579,59.99755859375
518626,66.10107421875
518641,56.33544921875
518690,43.76220703125
518702,57.373046875
518780,46.56982421875
518809,53.28369140625
518855,50.72021484375
518876,74.3408203125
518901,46.0205078125
518925,53.8330078125
518964,48.76708984375
519031,43.5791015625
519110,50.29296875
519229,50.29296875
519268,47.42431640625
519282,50.048828125
519356,48.828125
519371,48.4619140625
519548,45.5322265625
519674,73.18115234375
519728,43.3349609375
519823,93.44482421875
519846,49.74365234375
520120,42.90771484375
582958,47.9736328125
583004,48.33984375
583057,60.60791015625
583104,42.96875
583141,57.861328125
583161,177.55126953125
583187,50.048828125
583209,150.81787109375
583225,54.99267578125
583257,93.32275390625
583268,53.40576171875
583300,70.6787109375
583330,93.1396484375
583352,46.5087890625
583383,47.2412109375
583399,60.36376953125
583446,47.36328125
583494,53.89404296875
583508,59.50927734375
583545,46.630859375
583566,61.767578125
583581,45.654296875
583602,61.46240234375
583634,55.5419921875
583686,44.677734375
583729,52.18505859375
583791,71.47216796875
583801,45.654296875
583828,45.95947265625
583849,50.84228515625
583874,63.5986328125
583990,47.36328125
584006,44.921875
584075,51.08642578125
584109,42.8466796875
584183,45.0439453125
584227,43.02978515625
584301,53.28369140625
584519,54.62646484375
584568,44.86083984375
584714,60.36376953125
584740,48.7060546875
584831,56.94580078125
584844,48.9501953125
585104,44.0673828125
641769,44.37255859375
641822,45.71533203125
641858,48.52294921875
641874,141.9677734375
641888,70.61767578125
641906,46.9970703125
641923,104.43115234375
641949,63.04931640625
641969,64.75830078125
641999,51.513671875
642026,72.93701171875
642039,48.40087890625
642067,53.03955078125
642098,50.537109375
642148,46.5087890625
642172,59.63134765625
642184,61.21826171875
642210,54.99267578125
642242,56.2744140625
642265,49.49951171875
642275,55.2978515625
642417,63.96484375
642449,52.734375
642520,52.67333984375
642590,44.61669921875
642666,66.0400390625
642759,52.6123046875
643010,51.08642578125
643069,56.57958984375
643181,46.81396484375
643198,73.79150390625
701706,45.83740234375
701727,56.09130859375
701766,141.90673828125
701779,67.3828125
701810,78.18603515625
701837,80.62744140625
701858,92.8955078125
701879,98.6328125
701904,92.95654296875
701918,50.72021484375
701939,44.61669921875
701963,68.4814453125
701984,46.142578125
702008,55.419921875
702020,51.33056640625
702055,58.10546875
702076,67.87109375
702086,56.94580078125
702114,49.98779296875
702127,62.3779296875
702151,63.90380859375
702179,44.98291015625
702204,54.50439453125
702222,52.001953125
702234,45.34912109375
702289,57.55615234375
702326,47.2412109375
702350,47.05810546875
702406,64.63623046875
702447,43.27392578125
702529,51.69677734375
702604,47.119140625
702644,43.5791015625
702709,55.419921875
702882,45.8984375
702975,43.3349609375
703069,49.86572265625
703203,45.654296875
703303,50.6591796875
703431,67.68798828125
703444,47.8515625
703592,89.7216796875
703611,51.513671875
703679,49.49951171875
764680,50.96435546875
764837,130.2490234375
764929,134.6435546875
764986,47.54638671875
764996,54.74853515625
765037,53.7109375
765064,75.25634765625
765095,53.52783203125
765112,42.96875
765144,60.4248046875
765155,57.7392578125
765178,54.3212890625
765205,50.84228515625
765225,46.875
765255,54.74853515625
765292,50.23193359375
765316,54.5654296875
765335,67.56591796875
765406,58.59375
765417,44.00634765625
765449,45.654296875
765482,47.607421875
765511,62.19482421875
765532,44.73876953125
765575,45.5322265625
765618,61.767578125
765712,52.30712890625
765778,50.78125
765878,46.38671875
765956,47.05810546875
765981,45.34912109375
766099,59.75341796875
766335,73.2421875
819086,50.59814453125
819174,57.861328125
819203,42.96875
819215,46.32568359375
819232,48.7060546875
819273,83.1298828125
819285,63.1103515625
819319,86.97509765625
819350,57.2509765625
819361,74.40185546875
819413,61.95068359375
819469,74.40185546875
819480,73.3642578125
819531,47.66845703125
819554,46.7529296875
819577,55.72509765625
819607,47.9736328125
819657,44.00634765625
819675,61.46240234375
819698,87.58544921875
819774,44.86083984375
819833,46.93603515625
819867,50.10986328125
819904,52.978515625
819940,49.072265625
819992,46.56982421875
820142,56.396484375
820176,62.68310546875
820275,47.119140625
820478,47.4853515625
820533,46.9970703125
820629,54.5654296875
820888,49.1943359375
820899,49.4384765625
820977,46.9970703125
821049,78.91845703125
886425,45.22705078125
886484,48.2177734375
886511,46.7529296875
886550,58.4716796875
886564,60.36376953125
886577,165.283203125
886589,72.57080078125
886623,92.529296875
886634,47.4853515625
886676,50.23193359375
886700,76.416015625
886720,74.89013671875
886754,65.91796875
886777,52.3681640625
886848,64.453125
886869,51.1474609375
886898,46.56982421875
886947,45.2880859375
886972,56.09130859375
887005,46.7529296875
887049,56.640625
887082,65.5517578125
887136,50.9033203125
887180,44.189453125
887220,66.46728515625
887244,42.78564453125
887383,47.2412109375
887764,65.36865234375
887800,43.51806640625
887924,72.1435546875
912949,47.91259765625
918636,48.27880859375
918691,127.38037109375
918704,67.56591796875
918761,84.228515625
918782,52.001953125
918806,47.8515625
918838,75.98876953125
918856,45.59326171875
918883,61.279296875
918893,79.16259765625
918922,46.44775390625
918973,45.41015625
918997,44.677734375
919009,57.80029296875
919043,46.2646484375
919098,61.279296875
919151,44.677734375
919194,50.72021484375
919275,46.20361328125
919348,71.1669921875
919510,58.77685546875
919708,63.3544921875
919785,42.96875
937789,45.10498046875
969812,42.8466796875
969914,54.443359375
970613,116.63818359375
971341,53.1005859375
971355,46.142578125
971388,44.189453125
971407,165.0390625
971435,45.8984375
971466,84.53369140625
971484,74.27978515625
971515,99.67041015625
971531,72.69287109375
971547,54.3212890625
971597,53.28369140625
971615,48.64501953125
971646,74.76806640625
971697,45.7763671875
971722,70.3125
971738,45.8984375
971765,52.734375
971783,47.9736328125
971816,54.19921875
971826,45.5322265625
971865,44.12841796875
971891,48.40087890625
971903,54.38232421875
971915,46.81396484375
971951,53.52783203125
971973,52.30712890625
972000,51.6357421875
972037,46.875
972082,65.673828125
972094,45.5322265625
972162,43.51806640625
972468,66.10107421875
972679,106.01806640625
995862,44.86083984375
996016,46.44775390625
996123,46.630859375
996171,47.30224609375
996928,44.00634765625
1022688,51.025390625
1022744,51.025390625
1022834,53.22265625
1022861,44.73876953125
1022898,54.26025390625
1022919,57.31201171875
1022966,152.34375
1022983,57.80029296875
1023020,65.85693359375
1023039,45.22705078125
1023067,49.49951171875
1023081,82.21435546875
1023141,49.86572265625
1023151,85.26611328125
1023183,62.5
1023194,46.5087890625
1023215,78.55224609375
1023245,54.3212890625
1023277,59.75341796875
1023296,50.47607421875
1023328,49.560546875
1023370,66.0400390625
1023386,46.875
1023429,49.49951171875
1023448,48.828125
1023469,48.64501953125
1023543,47.91259765625
1023564,51.57470703125
1023638,43.9453125
1023691,48.33984375
1023751,60.6689453125
1023936,47.36328125
1024052,45.71533203125
1068801,51.33056640625
1068822,46.2646484375
1068836,49.9267578125
1068863,56.2744140625
1068878,47.9736328125
1068897,135.009765625
1068918,47.36328125
1068932,42.8466796875
1068952,122.49755859375
1068973,45.654296875
1069002,63.53759765625
1069024,76.2939453125
1069040,44.3115234375
1069060,62.1337890625
1069087,65.7958984375
1069098,54.931640625
1069129,48.40087890625
1069143,100.28076171875
1069155,65.4296875
1069190,66.650390625
1069224,53.1005859375
1069281,44.25048828125
1069294,44.5556640625
1069330,54.74853515625
1069361,46.5087890625
1069393,67.44384765625
1069415,51.513671875
1069438,63.96484375
1069450,44.73876953125
1069473,43.701171875
1069529,45.59326171875
1069542,49.62158203125
1069571,64.697265625
1069605,60.05859375
1069647,50.72021484375
1069665,59.6923828125
1069742,49.560546875
1069862,45.41015625
1069896,46.7529296875
1069997,64.697265625
1070108,43.0908203125
1070224,49.98779296875
1070451,49.31640625
1070463,51.81884765625
1070563,49.86572265625
1070661,58.7158203125
1136991,58.2275390625
1137032,44.49462890625
1137061,182.67822265625
1137081,67.44384765625
1137111,101.4404296875
1137131,81.0546875
1137164,79.16259765625
1137177,53.22265625
1137218,103.1494140625
1137247,99.42626953125
1137294,58.16650390625
1137304,50.84228515625
1137338,49.25537109375
1137371,64.208984375
1137387,46.38671875
1137411,55.419921875
1137451,55.17578125
1137464,45.47119140625
1137508,56.09130859375
1137534,47.05810546875
1137570,49.25537109375
1137620,62.5
1137642,45.34912109375
1137685,44.921875
1137705,48.27880859375
1137738,47.4853515625
1137770,44.921875
1137903,44.43359375
1138033,45.7763671875
1138065,46.142578125
1138118,45.7763671875
1138189,44.12841796875
1138252,45.0439453125
1138367,57.92236328125
1138504,77.1484375
1138696,55.2978515625
1174612,52.978515625
1177616,47.4853515625
1178124,135.498046875
1178456,191.46728515625
1178510,46.142578125
1178564,76.11083984375
1178755,77.57568359375
1178953,72.3876953125
1191502,46.93603515625
1191603,45.83740234375
1211380,55.23681640625
1211434,54.74853515625
1211519,71.8994140625
1211548,51.33056640625
1211577,60.546875
1211602,43.15185546875
1211633,47.05810546875
1211647,104.00390625
1211670,55.7861328125
1211698,76.171875
1211715,48.583984375
1211733,48.7060546875
1211747,54.99267578125
1211781,92.4072265625
1211798,42.96875
1211824,47.79052734375
1211848,55.7861328125
1211866,43.39599609375
1211909,45.41015625
1211926,60.9130859375
1211951,45.71533203125
1211983,49.01123046875
1212017,43.701171875
1212071,44.5556640625
1212083,55.419921875
1212131,43.39599609375
1212160,44.189453125
1212174,57.373046875
1212205,43.76220703125
1212252,51.69677734375
1212279,48.27880859375
1212289,46.0205078125
1212392,45.10498046875
1212426,45.34912109375
1212464,47.8515625
1212532,43.8232421875
1212577,49.1943359375
1212605,58.7158203125
1212704,43.64013671875
1212774,48.27880859375
1212989,43.02978515625
1213076,45.654296875
1213118,55.0537109375
1213212,66.10107421875
1213295,44.49462890625
1213335,73.18115234375
1258031,49.31640625
1258616,44.3115234375
1258718,128.35693359375
1258738,62.6220703125
1258805,133.1787109375
1258873,61.09619140625
1258892,44.98291015625
1258954,96.74072265625
1259099,55.419921875
1259211,45.7763671875
1259283,82.6416015625
1259326,47.119140625
1259356,45.2880859375
1259478,77.81982421875
1259519,60.72998046875
1259804,46.81396484375
1294436,54.931640625
1294487,50.59814453125
1294531,49.74365234375
1294593,51.45263671875
1294618,48.095703125
1294632,117.00439453125
1294643,63.8427734375
1294677,140.31982421875
1294691,50.4150390625
1294727,87.46337890625
1294737,50.9033203125
1294752,50.47607421875
1294786,46.08154296875
1294805,61.767578125
1294829,58.41064453125
1294852,48.2177734375
1294898,47.607421875
1294908,82.70263671875
1294940,57.9833984375
1294967,53.5888671875
1295026,43.88427734375
1295049,56.09130859375
1295065,86.97509765625
1295142,44.73876953125
1295158,43.701171875
1295183,49.1943359375
1295210,42.96875
1295222,44.37255859375
1295249,55.17578125
1295315,51.7578125
1295332,60.6689453125
1295352,57.12890625
1295380,46.5087890625
1295432,53.22265625
1295454,46.9970703125
1295470,43.9453125
1295528,49.072265625
1295563,46.81396484375
1295683,51.08642578125
1295784,45.41015625
1295835,44.86083984375
1295937,47.9736328125
1296039,48.9501953125
1296123,57.67822265625
1296286,82.58056640625
1296718,46.20361328125
1297116,45.0439453125
1355237,52.24609375
1355521,44.5556640625
1355670,51.81884765625
1355727,44.43359375
1355758,52.734375
1355779,161.2548828125
1355803,49.37744140625
1355837,92.6513671875
1355855,69.7021484375
1355897,75.74462890625
1355911,67.19970703125
1355958,64.94140625
1356003,51.08642578125
1356019,49.1943359375
1356080,52.490234375
1356093,44.73876953125
1356141,48.27880859375
1356239,55.6640625
1356279,43.76220703125
1356325,44.7998046875
1356339,44.12841796875
1356357,45.41015625
1356428,42.8466796875
1356464,50.96435546875
1356581,43.88427734375
1356752,99.9755859375
1373935,42.78564453125
1384758,43.39599609375
1384806,50.84228515625
1384884,43.9453125
1384930,43.9453125
1384958,44.49462890625
1385023,50.4150390625
1385042,50.35400390625
1385055,43.45703125
1385086,141.66259765625
1385098,58.2275390625
1385120,60.48583984375
1385151,144.1650390625
1385162,72.1435546875
1385209,80.322265625
1385235,54.19921875
1385271,92.529296875
1385283,71.044921875
1385305,43.0908203125
1385336,66.89453125
1385367,69.2138671875
1385398,64.27001953125
1385409,50.78125
1385440,53.64990234375
1385462,44.00634765625
1385499,52.67333984375
1385554,46.0205078125
1385611,48.828125
1385641,43.0908203125
1385673,59.9365234375
1385733,47.18017578125
1385785,45.34912109375
1385817,43.212890625
1385879,55.11474609375
1386083,42.90771484375
1386189,43.5791015625
1386317,48.15673828125
1386335,60.97412109375
1386345,43.88427734375
1420977,75.62255859375
1420991,45.41015625
1421031,55.48095703125
1421056,157.1044921875
1421067,45.10498046875
1421090,45.59326171875
1421106,103.33251953125
1421122,58.41064453125
1421142,61.46240234375
1421159,79.833984375
1421211,73.18115234375
1421226,49.560546875
1421266,53.03955078125
1421285,83.43505859375
1421301,66.58935546875
1421338,52.24609375
1421377,48.4619140625
1421387,45.2880859375
1421416,50.9033203125
1421437,43.3349609375
1421483,46.9970703125
1421571,47.8515625
1421682,81.9091796875
1421799,64.0869140625
1421951,86.669921875
1453281,44.43359375
1472044,43.212890625
1472090,46.93603515625
1472102,45.95947265625
1472144,51.57470703125
1472159,136.23046875
1472169,50.84228515625
1472190,46.32568359375
1472212,183.04443359375
1472240,66.650390625
1472263,66.34521484375
1472278,69.4580078125
1472309,82.275390625
1472324,80.50537109375
1472343,69.4580078125
1472353,54.3212890625
1472383,69.51904296875
1472408,48.2177734375
1472454,50.84228515625
1472471,46.630859375
1472491,52.91748046875
1472534,59.99755859375
1472549,54.8095703125
1472575,45.34912109375
1472602,66.95556640625
1472630,54.26025390625
1472650,64.27001953125
1472689,48.88916015625
1472720,62.744140625
1472767,49.74365234375
1472812,46.69189453125
1472870,57.67822265625
1472903,42.78564453125
1472979,44.7998046875
1473005,43.51806640625
1473048,51.1474609375
1473106,43.27392578125
1473137,43.701171875
1473172,46.2646484375
1473226,44.49462890625
1473318,49.560546875
1473360,44.00634765625
1473394,61.58447265625
1473433,53.77197265625
1473488,44.25048828125
1473747,46.0205078125
1473833,43.15185546875
1473844,53.3447265625
1473961,62.98828125
1474179,81.9091796875
1474398,45.34912109375
1474955,45.8984375
1552611,54.19921875
1552622,47.607421875
1552650,48.2177734375
1552672,51.20849609375
1552713,161.9873046875
1552747,72.20458984375
1552762,92.22412109375
1552780,49.25537109375
1552808,68.42041015625
1552822,54.13818359375
1552843,44.98291015625
1552866,86.48681640625
1552894,62.98828125
1552920,45.34912109375
1552946,52.001953125
1552963,44.189453125
1552978,43.27392578125
1552994,42.96875
1553022,54.01611328125
1553050,62.43896484375
1553064,65.4296875
1553093,49.25537109375
1553127,51.81884765625
1553152,47.30224609375
1553195,44.49462890625
1553261,49.9267578125
1553288,50.6591796875
1553320,48.15673828125
1553352,46.7529296875
1553441,48.52294921875
1553461,42.8466796875
1553549,44.189453125
1553559,46.81396484375
1553687,54.87060546875
1553875,54.26025390625
1554003,58.837890625
1554232,95.88623046875
1584636,53.1005859375
1584695,47.2412109375
1584735,128.0517578125
1584757,59.326171875
1584787,124.45068359375
1584799,59.08203125
1584818,49.49951171875
1584837,47.05810546875
1584865,73.79150390625
1584896,60.1806640625
1584919,59.38720703125
1584941,43.701171875
1584951,45.7763671875
1584975,63.96484375
1585007,66.58935546875
1585025,65.91796875
1585077,49.4384765625
1585115,44.61669921875
1585145,45.41015625
1585178,52.24609375
1585208,67.3828125
1585238,45.2880859375
1585251,62.01171875
1585313,45.2880859375
1585342,46.93603515625
1585377,43.15185546875
1585404,51.57470703125
1585431,60.302734375
1585464,47.79052734375
1585488,46.2646484375
1585533,44.86083984375
1585559,70.00732421875
1585656,45.2880859375
1585812,46.2646484375
1585883,45.41015625
1585917,42.96875
1586126,45.0439453125
1586269,80.38330078125
1586469,81.787109375
1586586,50.4150390625
1623813,45.41015625
1650900,164.306640625
1650914,47.42431640625
1650976,50.59814453125
1650995,134.765625
1651013,43.39599609375
1651041,42.90771484375
1651108,67.07763671875
1651147,53.8330078125
1651241,86.5478515625
1651259,62.3779296875
1651282,66.22314453125
1651331,50.59814453125
1651349,121.52099609375
1651385,45.2880859375
1651416,52.1240234375
1651434,58.2275390625
1651448,63.78173828125
1651473,73.73046875
1651494,69.9462890625
1651504,47.91259765625
1651539,113.4033203125
1651567,45.7763671875
1651590,54.8095703125
1651608,52.06298828125
1651620,85.87646484375
1651647,55.908203125
1651677,43.27392578125
1651701,59.6923828125
1651730,51.33056640625
1651748,52.8564453125
1651779,48.828125
1651807,55.48095703125
1651825,43.15185546875
1651842,52.490234375
1651853,56.15234375
1651872,53.03955078125
1651907,50.96435546875
1651995,54.99267578125
1652027,49.9267578125
1652069,43.15185546875
1652105,54.19921875
1652125,55.17578125
1652137,56.2744140625
1652168,45.7763671875
1652203,43.8232421875
1652423,43.45703125
1652436,49.31640625
1652503,46.08154296875
1652577,43.02978515625
1652690,50.6591796875
1652748,49.01123046875
1652797,58.65478515625
1652830,49.01123046875
1652894,77.1484375
1744578,46.20361328125
1744599,58.16650390625
1744630,66.2841796875
1744652,61.5234375
1744668,45.654296875
1744678,54.8095703125
1744699,59.75341796875
1744724,120.91064453125
1744742,44.86083984375
1744760,51.45263671875
1744785,68.9697265625
1744798,65.00244140625
1744826,80.13916015625
1744860,64.63623046875
1744872,44.98291015625
1744886,47.42431640625
1744914,56.640625
1744948,68.05419921875
1744975,52.001953125
1745015,55.35888671875
1745025,55.17578125
1745045,63.90380859375
1745092,67.0166015625
1745117,54.87060546875
1745136,45.7763671875
1745178,43.3349609375
1745229,61.4013671875
1745257,62.98828125
1745276,48.88916015625
1745341,54.26025390625
1745358,44.677734375
1745376,56.57958984375
1745448,70.1904296875
1745528,49.6826171875
1745548,48.4619140625
1745566,50.35400390625
1745619,51.6357421875
1745645,63.1103515625
1745660,56.7626953125
1745776,46.38671875
1745888,45.41015625
1745915,46.20361328125
1745953,44.3115234375
1746088,43.8232421875
1746210,52.06298828125
1746348,80.01708984375
1807040,45.7763671875
1807083,45.2880859375
1807099,47.91259765625
1807147,90.14892578125
1807159,83.740234375
1807189,61.8896484375
1807202,150.57373046875
1807218,44.37255859375
1807244,58.349609375
1807258,98.6328125
1807299,54.443359375
1807316,67.2607421875
1807332,52.06298828125
1807361,58.4716796875
1807398,58.4716796875
1807427,61.1572265625
1807446,57.861328125
1807476,65.673828125
1807503,45.34912109375
1807514,57.861328125
1807552,61.70654296875
1807569,49.1943359375
1807596,61.09619140625
1807623,73.8525390625
1807652,43.212890625
1807678,46.44775390625
1807777,43.701171875
1807797,70.068359375
1807811,44.5556640625
1807856,49.74365234375
1807929,46.20361328125
1807954,48.52294921875
1807991,49.62158203125
1808148,56.640625
1808166,54.931640625
1808207,45.166015625
1808366,45.71533203125
1808542,64.94140625
1808694,92.10205078125
1887436,46.32568359375
1887452,44.61669921875
1887481,54.38232421875
1887500,98.57177734375
1887520,51.26953125
1887548,183.349609375
1887558,42.90771484375
1887586,53.52783203125
1887613,60.6689453125
1887639,68.115234375
1887651,70.9228515625
1887689,47.9736328125
1887702,53.77197265625
1887727,60.791015625
1887747,68.9697265625
1887768,54.38232421875
1887813,51.7578125
1887836,60.36376953125
1887871,61.95068359375
1887901,61.58447265625
1887916,54.62646484375
1887943,57.7392578125
1887971,55.2978515625
1888021,47.54638671875
1888038,69.7021484375
1888080,64.63623046875
1888114,66.58935546875
1888142,51.7578125
1888158,42.90771484375
1888185,63.1103515625
1888228,43.02978515625
1888263,47.66845703125
1888328,50.537109375
1888394,44.7998046875
1888543,49.49951171875
1888590,44.73876953125
1888676,45.47119140625
1888754,46.08154296875
1888785,48.15673828125
1888828,48.9501953125
1888861,48.095703125
1888910,43.3349609375
1888994,54.5654296875
1889116,66.162109375
1889187,44.49462890625
1889254,70.6787109375
1889416,49.86572265625
1952764,47.9736328125
1952865,140.31982421875
1952964,114.80712890625
1953012,49.560546875
1953043,69.4580078125
1953063,51.025390625
1953126,53.89404296875
1953146,43.5791015625
1953208,88.31787109375
1953273,53.466796875
1953305,58.28857421875
1953325,46.7529296875
1953414,54.13818359375
1953440,58.837890625
1953576,71.83837890625
1953640,67.81005859375
1953691,60.302734375
1953702,68.9697265625
1953728,62.19482421875
1953749,46.32568359375
1953827,86.42578125
1953850,43.3349609375
1953866,44.3115234375
1953966,45.0439453125
1954159,84.228515625
1982247,52.8564453125
1982361,46.5087890625
1983009,43.76220703125
1983151,159.97314453125
1983268,105.5908203125
1983610,101.07421875
1983687,51.513671875
2006585,67.32177734375
2006619,46.32568359375
2006631,51.94091796875
2006654,43.51806640625
2006679,53.89404296875
2006695,144.83642578125
2006705,51.1474609375
2006743,62.744140625
2006768,73.79150390625
2006799,68.603515625
2006834,49.072265625
2006878,62.56103515625
2006896,51.57470703125
2006910,54.26025390625
2006943,48.2177734375
2006974,77.0263671875
2006987,55.419921875
2007014,53.16162109375
2007071,43.9453125
2007088,51.57470703125
2007104,55.7861328125
2007128,48.828125
2007172,55.72509765625
2007213,44.5556640625
2007235,43.5791015625
2007277,58.04443359375
2007299,56.0302734375
2007353,46.38671875
2007411,42.724609375
2007484,55.5419921875
2007504,48.9501953125
2007590,44.00634765625
2007659,44.3115234375
2007738,58.837890625
2007849,45.22705078125
2007878,47.42431640625
2007917,44.0673828125
2008035,53.3447265625
2008118,44.73876953125
2008253,55.23681640625
2008390,69.82421875
2008524,44.86083984375
2008604,84.16748046875
2008645,51.1474609375
2010464,42.90771484375
2076349,42.78564453125
2076384,44.0673828125
2076403,172.607421875
2076452,139.58740234375
2076475,77.33154296875
2076505,105.28564453125
2076537,54.38232421875
2076566,98.57177734375
2076596,64.14794921875
2076616,51.513671875
2076645,59.99755859375
2076666,52.24609375
2076695,64.27001953125
2076710,51.8798828125
2076726,65.0634765625
2076739,48.52294921875
2076757,54.19921875
2076777,63.41552734375
2076791,47.8515625
2076803,53.52783203125
2076830,48.7060546875
2076845,49.560546875
2076862,45.47119140625
2076953,57.18994140625
2076983,56.5185546875
2077042,49.98779296875
2077062,44.12841796875
2077096,57.12890625
2077107,44.61669921875
2077139,53.40576171875
2077446,43.39599609375
2077597,53.466796875
2077744,64.5751953125
2077929,88.8671875
2117100,66.95556640625
2117115,51.025390625
2117163,52.24609375
2117189,197.44873046875
2117202,50.96435546875
2117219,52.3681640625
2117238,125.6103515625
2117248,75.0732421875
2117272,61.95068359375
2117283,72.8759765625
2117307,55.5419921875
2117321,45.71533203125
2117346,47.7294921875
2117384,54.931640625
2117404,58.89892578125
2117415,51.1474609375
2117430,73.6083984375
2117446,43.212890625
2117484,45.7763671875
2117508,51.20849609375
2117538,69.88525390625
2117548,80.9326171875
2117569,63.232421875
2117607,52.67333984375
2117647,45.95947265625
2117674,53.16162109375
2117745,51.8798828125
2117786,54.13818359375
2117809,44.677734375
2117945,46.7529296875
2117990,60.24169921875
2118064,43.8232421875
2118096,72.75390625
2118221,52.6123046875
2118469,49.9267578125
2118567,49.8046875
2118686,51.94091796875
2118827,59.9365234375
2172650,43.02978515625
2172782,47.8515625
2172876,49.1943359375
2172917,56.57958984375
2172947,85.38818359375
2172959,48.7060546875
2172970,43.212890625
2172997,130.18798828125
2173024,43.15185546875
2173041,92.46826171875
2173055,61.95068359375
2173092,53.8330078125
2173107,61.70654296875
2173132,63.53759765625
2173159,72.69287109375
2173179,52.91748046875
2173211,58.16650390625
2173244,72.021484375
2173264,58.349609375
2173289,47.9736328125
2173306,63.4765625
2173337,50.4150390625
2173350,45.8984375
2173371,69.091796875
2173398,53.52783203125
2173422,44.73876953125
2173448,54.6875
2173477,62.31689453125
2173494,45.34912109375
2173507,61.279296875
2173538,47.30224609375
2173558,53.89404296875
2173592,58.41064453125
2173615,65.4296875
2173644,44.12841796875
2173674,49.560546875
2173687,45.34912109375
2173715,45.10498046875
2173750,44.12841796875
2173765,45.95947265625
2173785,45.41015625
2173795,42.96875
2173836,47.42431640625
2173855,56.5185546875
2173940,47.119140625
2173971,48.52294921875
2174002,54.931640625
2174040,52.8564453125
2174072,43.45703125
2174172,48.03466796875
2174210,53.40576171875
2174281,53.03955078125
2174501,54.99267578125
2174659,64.51416015625
2174795,43.02978515625
2174821,92.83447265625
2211145,45.47119140625
2226664,42.8466796875
2240638,42.724609375
2240821,43.51806640625
2240885,140.0146484375
2240898,55.0537109375
2240938,52.734375
2240967,43.3349609375
2240977,146.8505859375
2241009,47.8515625
2241040,86.42578125
2241115,57.861328125
2241141,46.142578125
2241220,119.384765625
2241232,72.08251953125
2241266,49.25537109375
2241284,53.1005859375
2241310,111.26708984375
2241320,69.9462890625
2241373,44.37255859375
2241394,59.38720703125
2241406,59.87548828125
2241448,50.59814453125
2241472,49.560546875
2241498,45.2880859375
2241528,47.36328125
2241547,73.05908203125
2241625,47.7294921875
2241659,47.18017578125
2241681,43.45703125
2241810,49.31640625
2241831,43.76220703125
2241862,52.18505859375
2241913,44.7998046875
2241936,44.7998046875
2241948,46.32568359375
2242094,71.35009765625
2242271,57.373046875
2264495,49.86572265625
2264699,46.08154296875
2264746,42.96875
2264807,42.96875
2265235,115.53955078125
2265455,43.27392578125
2265508,44.189453125
2265534,46.81396484375
2265593,99.365234375
2265650,43.5791015625
2265784,97.900390625
2265805,60.97412109375
2265954,54.01611328125
2265973,46.142578125
2266398,135.55908203125
2308477,49.13330078125
2308533,54.62646484375
2308608,46.142578125
2308704,50.59814453125
2308718,52.18505859375
2308734,46.7529296875
2308750,172.79052734375
2308762,71.96044921875
2308788,45.71533203125
2308810,103.69873046875
2308853,49.4384765625
2308885,120.361328125
2308905,52.79541015625
2308942,50.47607421875
2308967,51.45263671875
2308987,48.40087890625
2309003,43.15185546875
2309028,54.13818359375
2309052,49.49951171875
2309064,71.59423828125
2309118,46.44775390625
2309170,69.4580078125
2309208,48.40087890625
2309224,54.38232421875
2309278,55.17578125
2309311,44.5556640625
2309329,47.36328125
2309356,43.88427734375
2309391,46.9970703125
2309408,42.8466796875
2309433,46.0205078125
2309471,45.47119140625
2309491,49.25537109375
2309529,53.28369140625
2309540,47.607421875
2309567,44.61669921875
2309732,47.42431640625
2309765,45.83740234375
2309804,49.74365234375
2309902,43.8232421875
2309984,45.71533203125
2310194,42.724609375
2310340,60.85205078125
2310514,68.54248046875
2400137,44.921875
2406475,50.78125
2406532,52.42919921875
2406573,43.8232421875
2406601,125
2406620,55.6640625
2406646,92.4072265625
2406665,50.10986328125
2406677,48.2177734375
2406700,90.14892578125
2406720,51.94091796875
2406760,59.326171875
2406782,61.21826171875
2406796,57.43408203125
2406807,67.5048828125
2406829,44.677734375
2406869,53.64990234375
2406890,62.744140625
2406926,97.71728515625
2406963,63.5986328125
2406985,64.5751953125
2407015,42.724609375
2407034,52.978515625
2407077,65.0634765625
2407087,51.3916015625
2407098,48.40087890625
2407134,48.76708984375
2407146,45.34912109375
2407170,43.212890625
2407216,46.56982421875
2407248,56.33544921875
2407267,72.021484375
2407298,45.7763671875
2407327,52.6123046875
2407394,59.814453125
2407537,45.59326171875
2408038,80.13916015625
2451609,44.0673828125
2451708,42.8466796875
2451806,52.8564453125
2451861,46.32568359375
2451971,53.22265625
2452073,75.13427734375
2452262,163.57421875
2452318,43.9453125
2452333,109.86328125
2452370,44.98291015625
2452403,66.83349609375
2452458,52.91748046875
2452483,82.6416015625
2452495,48.03466796875
2452558,48.88916015625
2452595,47.607421875
2452617,44.5556640625
2452634,70.73974609375
2452682,58.59375
2452711,46.32568359375
2452731,60.24169921875
2452748,49.072265625
2452824,47.607421875
2452834,99.91455078125
2452917,54.87060546875
2452973,47.30224609375
2453038,63.1103515625
2453086,49.98779296875
2453099,55.7861328125
2453187,78.55224609375
2453299,45.47119140625
2453402,60.05859375
2475965,46.56982421875
2476029,54.26025390625
2476327,45.654296875
2504837,47.42431640625
2504884,55.7861328125
2504901,60.9130859375
2504951,46.9970703125
2504971,148.74267578125
2505021,108.3984375
2505049,63.29345703125
2505076,107.2998046875
2505106,54.19921875
2505132,104.67529296875
2505154,51.7578125
2505195,57.12890625
2505224,59.38720703125
2505252,54.50439453125
2505304,45.34912109375
2505389,56.70166015625
2505400,61.4013671875
2505422,57.55615234375
2505441,47.36328125
2505466,49.49951171875
2505493,71.71630859375
2505545,42.90771484375
2505555,52.18505859375
2505567,49.62158203125
2505629,44.0673828125
2505647,49.9267578125
2505672,50.84228515625
2505759,48.64501953125
2506011,45.83740234375
2506141,46.5087890625
2506218,50.4150390625
2506294,42.724609375
2506385,48.15673828125
2506480,44.0673828125
2506497,43.3349609375
2506616,64.3310546875
2506690,49.49951171875
2506766,56.7626953125
2508474,47.54638671875
2571006,46.81396484375
2571062,45.95947265625
2571094,183.7158203125
2571122,55.84716796875
2571152,92.83447265625
2571192,58.2275390625
2571215,73.30322265625
2571230,52.67333984375
2571263,80.6884765625
2571280,58.9599609375
2571320,46.93603515625
2571331,46.08154296875
2571357,50.96435546875
2571398,46.93603515625
2571431,43.0908203125
2571456,49.01123046875
2571528,44.49462890625
2571539,46.69189453125
2571579,52.490234375
2571678,47.119140625
2571749,44.677734375
2571803,47.54638671875
2572052,88.2568359375
2616120,45.83740234375
2620509,43.45703125
2620552,106.0791015625
2620794,124.08447265625
2621527,47.4853515625
2621541,54.26025390625
2621572,53.89404296875
2621641,49.37744140625
2621667,64.02587890625
2621686,149.35302734375
2621699,44.73876953125
2621741,47.42431640625
2621765,85.693359375
2621788,87.34130859375
2621821,61.8896484375
2621847,49.98779296875
2621867,56.70166015625
2621897,98.81591796875
2621908,53.22265625
2621964,71.2890625
2621986,59.326171875
2622012,56.21337890625
2622022,45.22705078125
2622043,69.03076171875
2622069,43.51806640625
2622091,68.17626953125
2622123,44.98291015625
2622160,48.27880859375
2622176,43.8232421875
2622206,68.2373046875
2622234,62.56103515625
2622269,51.69677734375
2622295,46.142578125
2622321,49.8046875
2622348,49.62158203125
2622395,49.62158203125
2622476,48.76708984375
2622490,55.35888671875
2622743,47.36328125
2622942,54.62646484375
2623139,88.134765625
2648231,45.10498046875
2648356,48.52294921875
2669650,59.08203125
2669706,44.00634765625
2669780,47.30224609375
2669852,45.95947265625
2669951,43.27392578125
2669991,43.701171875
2670047,44.98291015625
2670065,45.2880859375
2670103,158.87451171875
2670117,56.45751953125
2670158,44.37255859375
2670181,56.82373046875
2670220,56.21337890625
2670237,57.2509765625
2670249,51.69677734375
2670260,56.57958984375
2670290,73.66943359375
2670307,43.51806640625
2670323,43.51806640625
2670354,66.95556640625
2670364,44.49462890625
2670387,45.95947265625
2670400,55.72509765625
2670422,57.6171875
2670432,63.90380859375
2670460,53.64990234375
2670513,58.89892578125
2670545,64.63623046875
2670582,48.33984375
2670598,66.95556640625
2670624,52.24609375
2670671,57.43408203125
2670695,52.42919921875
2670709,43.45703125
2670733,47.119140625
2670791,45.95947265625
2670838,44.25048828125
2671021,48.583984375
2671165,45.95947265625
2690647,61.46240234375
2690721,49.9267578125
2692272,66.22314453125
2722619,51.57470703125
2722666,43.0908203125
2722816,46.875
2722828,47.18017578125
2722880,48.4619140625
2722914,136.53564453125
2722927,46.08154296875
2722952,62.255859375
2722978,127.01416015625
2722993,54.13818359375
2723013,45.47119140625
2723038,90.63720703125
2723084,60.11962890625
2723106,90.02685546875
2723119,56.82373046875
2723153,48.828125
2723167,69.7021484375
2723195,80.078125
2723225,50.1708984375
2723259,49.86572265625
2723296,45.34912109375
2723319,46.142578125
2723343,60.9130859375
2723360,55.23681640625
2723383,49.560546875
2723400,56.94580078125
2723424,42.8466796875
2723450,70.00732421875
2723482,61.58447265625
2723516,43.8232421875
2723535,49.01123046875
2723606,53.466796875
2723627,53.03955078125
2723651,57.2509765625
2723665,49.37744140625
2723736,60.48583984375
2723778,47.05810546875
2723967,44.37255859375
2724015,54.01611328125
2724046,44.0673828125
2724098,44.00634765625
2724133,58.4716796875
2724377,45.22705078125
2724553,47.30224609375
2724673,55.17578125
2807182,58.10546875
2807233,52.490234375
2807277,52.79541015625
2807292,48.4619140625
2807353,51.26953125
2807401,56.57958984375
2807417,144.83642578125
2807428,59.326171875
2807447,89.111328125
2807465,99.06005859375
2807476,83.1298828125
2807517,54.5654296875
2807536,89.53857421875
2807566,48.9501953125
2807588,54.3212890625
2807601,60.9130859375
2807630,66.95556640625
2807660,83.984375
2807671,54.38232421875
2807697,45.2880859375
2807711,49.01123046875
2807757,42.724609375
2807778,46.08154296875
2807800,46.08154296875
2807815,54.13818359375
2807850,42.78564453125
2807873,46.44775390625
2807894,56.94580078125
2807920,45.2880859375
2807946,55.60302734375
2807972,59.5703125
2808048,43.8232421875
2808071,46.38671875
2808081,54.0771484375
2808103,58.65478515625
2808139,44.5556640625
2808161,48.03466796875
2808230,44.12841796875
2808387,57.2509765625
2808463,45.5322265625
2808509,46.93603515625
2808531,42.90771484375
2808668,46.38671875
2808785,55.84716796875
2808884,52.3681640625
2808991,63.17138671875
2809005,51.513671875
2809140,85.02197265625
2878564,47.4853515625
2878596,43.5791015625
2878608,64.208984375
2878642,56.57958984375
2878667,183.89892578125
2878684,59.326171875
2878699,76.59912109375
2878717,129.7607421875
2878735,56.5185546875
2878765,57.06787109375
2878788,68.9697265625
2878823,104.6142578125
2878841,50.048828125
2878856,59.326171875
2878873,61.34033203125
2878897,57.80029296875
2878923,52.1240234375
2878933,50.6591796875
2878962,46.56982421875
2879006,59.14306640625
2879036,44.921875
2879075,46.5087890625
2879109,51.94091796875
2879137,72.1435546875
2879162,58.41064453125
2879173,42.96875
2879211,48.03466796875
2879261,47.66845703125
2879279,51.7578125
2879308,43.45703125
2879330,42.8466796875
2879396,45.59326171875
2879445,46.142578125
2879519,45.5322265625
2879531,51.6357421875
2879614,45.71533203125
2879654,54.26025390625
2879698,48.2177734375
2879760,42.90771484375
2879864,42.724609375
2879985,45.166015625
2880059,51.81884765625
2880125,43.51806640625
2880197,56.5185546875
2880374,90.8203125
2933256,47.42431640625
2933314,43.212890625
2933431,45.5322265625
2933477,69.64111328125
2933536,56.45751953125
2933564,57.80029296875
2933575,142.88330078125
2933587,85.63232421875
2933611,50.72021484375
2933623,119.384765625
2933633,89.90478515625
2933658,85.02197265625
2933674,96.6796875
2933692,44.37255859375
2933723,87.70751953125
2933742,51.1474609375
2933764,53.77197265625
2933782,51.33056640625
2933800,44.189453125
2933816,43.39599609375
2933856,69.82421875
2933880,45.10498046875
2933895,51.57470703125
2933923,48.7060546875
2933945,49.1943359375
2933960,51.57470703125
2933989,69.3359375
2934014,49.6826171875
2934066,48.828125
2934078,64.453125
2934127,48.2177734375
2934146,43.5791015625
2934165,43.27392578125
2934198,60.6689453125
2934240,43.3349609375
2934272,54.50439453125
2934347,42.724609375
2934379,45.5322265625
2934547,47.79052734375
2934610,43.39599609375
2934634,46.630859375
2934711,49.560546875
2934779,45.8984375
2934799,44.37255859375
2934829,43.8232421875
2934919,44.7998046875
2935026,47.30224609375
2935136,67.7490234375
2935273,50.537109375
2949861,44.5556640625
2960255,45.2880859375
2960646,42.96875
2961106,118.83544921875
2961236,99.609375
2961262,46.7529296875
2961435,47.30224609375
2961463,50.59814453125
2961500,118.10302734375
2961622,46.9970703125
2961709,146.17919921875
2961754,48.095703125
2961804,52.978515625
2961869,44.921875
2995914,45.47119140625
2995945,159.423828125
2995959,44.7998046875
2996056,102.84423828125
2996071,47.05810546875
2996094,45.10498046875
2996124,54.3212890625
2996148,114.6240234375
2996199,47.66845703125
2996226,48.40087890625
2996249,88.68408203125
2996264,45.34912109375
2996290,43.9453125
2996345,62.255859375
2996356,60.48583984375
2996407,44.98291015625
2996428,73.42529296875
2996446,42.96875
2996530,69.88525390625
2996569,44.3115234375
2996587,43.64013671875
2996598,77.33154296875
2996624,70.37353515625
2996668,47.7294921875
2996705,44.677734375
2996725,43.45703125
2996768,46.81396484375
2996809,47.7294921875
2996891,43.88427734375
2996904,52.001953125
2996914,42.96875
2997012,69.091796875
2997141,81.4208984375
2997152,43.88427734375
2997280,47.54638671875
3020404,44.37255859375
3031138,53.77197265625
3031204,54.3212890625
3031277,56.5185546875
3031338,44.43359375
3031404,56.0302734375
3031436,49.25537109375
3031475,162.109375
3031490,82.09228515625
3031503,46.5087890625
3031529,112.85400390625
3031550,46.44775390625
3031582,78.55224609375
3031609,47.2412109375
3031635,45.7763671875
3031650,57.6171875
3031689,85.38818359375
3031720,67.44384765625
3031742,52.06298828125
3031764,44.5556640625
3031789,50.72021484375
3031819,56.2744140625
3031854,46.20361328125
3031890,43.45703125
3031921,45.2880859375
3031988,62.92724609375
3032001,50.23193359375
3032020,49.8046875
3032075,50.35400390625
3032087,48.095703125
3032106,49.86572265625
3032146,48.40087890625
3032304,48.27880859375
3032681,59.08203125
3032839,88.43994140625
3046672,43.9453125
3061607,53.40576171875
3061841,44.25048828125
3062166,44.43359375
3062185,44.12841796875
3062223,130.79833984375
3062325,49.86572265625
3062420,73.486328125
3062546,43.9453125
3062605,99.79248046875
3062726,44.00634765625
3062737,45.7763671875
3062772,42.96875
3062856,108.88671875
3063085,73.974609375
3074593,46.2646484375
3074684,44.73876953125
3074760,59.2041015625
3074799,47.66845703125
3074819,52.1240234375
3074838,43.45703125
3074850,171.44775390625
3074867,49.6826171875
3074896,70.068359375
3074913,96.98486328125
3074966,56.7626953125
3074993,64.208984375
3075017,43.3349609375
3075052,69.76318359375
3075112,43.8232421875
3075155,65.3076171875
3075169,42.90771484375
3075199,51.33056640625
3075227,60.48583984375
3075279,55.23681640625
3075292,52.30712890625
3075405,60.36376953125
3075596,70.49560546875
3124640,51.45263671875
3124721,47.79052734375
3124762,55.0537109375
3124818,59.2041015625
3124875,48.15673828125
3124930,46.32568359375
3124959,49.560546875
3125000,50.23193359375
3125019,149.71923828125
3125056,58.4716796875
3125066,58.89892578125
3125092,95.5810546875
3125123,46.5087890625
3125155,44.61669921875
3125169,79.16259765625
3125193,51.6357421875
3125243,70.068359375
3125254,67.9931640625
3125308,45.47119140625
3125329,90.33203125
3125347,56.45751953125
3125372,58.4716796875
3125396,70.3125
3125414,53.3447265625
3125432,48.88916015625
3125468,42.96875
3125485,49.4384765625
3125510,59.02099609375
3125578,56.45751953125
3125623,45.7763671875
3125655,68.84765625
3125687,49.49951171875
3125776,53.03955078125
3125849,61.279296875
3126193,43.0908203125
3126207,48.64501953125
3126333,54.87060546875
3126536,91.6748046875
3126555,43.51806640625
3156729,46.9970703125
3156795,43.02978515625
3156849,56.57958984375
3156976,144.04296875
3157016,45.71533203125
3157034,78.125
3157101,80.322265625
3157138,56.15234375
3157158,60.05859375
3157191,104.4921875
3157296,51.3916015625
3157318,44.37255859375
3157449,44.0673828125
3157484,49.1943359375
3182703,50.59814453125
3182893,43.76220703125
3182916,48.64501953125
3182953,58.28857421875
3182972,149.47509765625
3182984,49.98779296875
3183018,45.166015625
3183047,107.177734375
3183072,49.62158203125
3183106,59.4482421875
3183140,46.875
3183182,72.81494140625
3183197,50.35400390625
3183230,67.5048828125
3183280,44.189453125
3183293,56.396484375
3183314,45.83740234375
3183393,96.6796875
3183411,46.44775390625
3183462,44.3115234375
3183514,65.61279296875
3183525,42.724609375
3183623,63.78173828125
3183644,80.50537109375
3183877,67.0166015625
3200736,48.828125
3200790,45.22705078125
3200890,61.82861328125
3200919,55.60302734375
3200948,52.79541015625
3200985,47.607421875
3201001,45.34912109375
3201021,151.30615234375
3201037,65.91796875
3201049,44.5556640625
3201128,108.33740234375
3201158,72.81494140625
3201171,81.72607421875
3201270,101.07421875
3201292,57.12890625
3201450,66.58935546875
3201495,51.3916015625
3201525,44.12841796875
3224546,51.26953125
3224591,45.8984375
3224613,48.095703125
3224660,44.12841796875
3224725,58.837890625
3224738,137.3291015625
3224749,45.8984375
3224787,43.76220703125
3224797,146.30126953125
3224841,64.208984375
3224861,70.86181640625
3224885,45.22705078125
3224919,54.931640625
3224936,93.505859375
3224956,44.37255859375
3224981,42.96875
3225008,99.30419921875
3225036,51.20849609375
3225076,44.86083984375
3225087,57.43408203125
3225105,44.189453125
3225130,50.96435546875
3225150,68.42041015625
3225172,46.44775390625
3225200,48.15673828125
3225218,46.32568359375
3225263,53.8330078125
3225275,55.84716796875
3225313,64.39208984375
3225340,68.4814453125
3225366,45.5322265625
3225387,50.78125
3225413,53.28369140625
3225444,57.12890625
3225505,47.18017578125
3225523,49.98779296875
3225547,56.70166015625
3225588,61.5234375
3225598,49.13330078125
3225681,44.12841796875
3225784,47.05810546875
3225838,44.49462890625
3225868,48.095703125
3225984,48.583984375
3226036,48.33984375
3226180,45.2880859375
3226434,45.71533203125
3226551,78.30810546875
3226803,49.560546875
3227839,44.189453125
3228762,46.2646484375
3268639,43.76220703125
3281425,59.5703125
3281463,43.45703125
3281520,68.9697265625
3281540,49.98779296875
3281561,47.18017578125
3281576,71.96044921875
3281591,51.025390625
3281624,90.02685546875
3281637,77.08740234375
3281656,43.0908203125
3281689,70.49560546875
3281701,58.10546875
3281712,49.4384765625
3281766,51.94091796875
3281781,46.32568359375
3281826,50.6591796875
3281855,45.5322265625
3281893,46.20361328125
3281923,48.583984375
3281959,68.603515625
3282031,60.11962890625
3282071,44.25048828125
3282102,43.27392578125
3282485,57.92236328125
3360318,44.25048828125
3360411,45.47119140625
3360537,54.50439453125
3360562,44.73876953125
3360572,46.142578125
3360650,130.0048828125
3360661,69.88525390625
3360671,57.2509765625
3360698,93.07861328125
3360725,55.17578125
3360751,72.08251953125
3360770,58.837890625
3360804,83.06884765625
3360818,57.55615234375
3360854,55.72509765625
3360879,72.8759765625
3360915,50.72021484375
3360940,45.95947265625
3360970,83.43505859375
3360998,51.81884765625
3361008,49.62158203125
3361059,57.92236328125
3361091,49.98779296875
3361119,45.7763671875
3361151,48.4619140625
3361212,52.490234375
3361279,43.27392578125
3361427,46.44775390625
3361461,45.8984375
3361520,59.02099609375
3361586,43.88427734375
3361599,56.57958984375
3361629,45.10498046875
3361695,48.7060546875
3361871,46.2646484375
3361902,45.59326171875
3361925,46.2646484375
3361948,43.701171875
3362052,50.96435546875
3362156,46.44775390625
3362288,45.5322265625
3362376,45.34912109375
3362423,83.31298828125
3362538,60.72998046875
3362582,70.80078125
3362832,88.134765625
3429366,53.5888671875
3429465,48.64501953125
3429506,92.59033203125
3429559,56.33544921875
3429594,124.20654296875
3429611,48.33984375
3429673,82.03125
3429694,45.47119140625
3429725,49.560546875
3429746,43.9453125
3429779,51.20849609375
3429790,44.86083984375
3429811,44.921875
3429858,43.8232421875
3429871,51.513671875
3429973,61.5234375
3429996,61.6455078125
3430025,50.29296875
3430068,48.4619140625
3430119,52.3681640625
3430145,50.048828125
3430214,69.15283203125
3430327,68.603515625
3430411,45.2880859375
3430508,88.623046875
3479401,47.79052734375
3479555,43.8232421875
3479623,43.701171875
3479638,52.55126953125
3479705,58.349609375
3479726,43.51806640625
3479746,201.0498046875
3479757,66.5283203125
3479796,54.931640625
3479808,64.0869140625
3479830,54.443359375
3479860,97.412109375
3479870,55.60302734375
3479904,79.7119140625
3479931,76.59912109375
3479941,62.744140625
3479963,57.12890625
3479991,47.7294921875
3480014,61.09619140625
3480040,64.208984375
3480063,60.9130859375
3480080,65.97900390625
3480104,58.837890625
3480148,55.35888671875
3480170,45.83740234375
3480202,55.2978515625
3480247,59.26513671875
3480258,53.5888671875
3480320,64.39208984375
3480352,44.86083984375
3480440,43.76220703125
3480481,45.34912109375
3480501,58.2275390625
3480661,44.86083984375
3480715,43.39599609375
3480784,44.677734375
3480871,45.166015625
3480911,52.18505859375
3481091,49.13330078125
3481297,44.98291015625
3481358,43.5791015625
3481409,77.20947265625
3481596,66.58935546875
3481652,43.51806640625
3574607,45.47119140625
3574657,52.6123046875
3574708,58.65478515625
3574737,50.78125
3574757,49.9267578125
3574793,49.072265625
3574815,42.724609375
3574848,47.05810546875
3574881,134.27734375
3574894,65.7958984375
3574910,54.13818359375
3574928,114.1357421875
3574941,60.9130859375
3574976,90.2099609375
3574987,54.443359375
3575006,44.61669921875
3575021,69.39697265625
3575038,58.65478515625
3575063,54.8095703125
3575097,88.37890625
3575109,84.89990234375
3575187,48.33984375
3575199,44.677734375
3575225,56.884765625
3575263,48.64501953125
3575339,47.2412109375
3575364,60.97412109375
3575395,46.56982421875
3575461,43.88427734375
3575483,46.7529296875
3575557,50.537109375
3575616,45.2880859375
3575654,43.39599609375
3575664,45.10498046875
3575689,43.45703125
3575826,42.90771484375
3575885,44.86083984375
3575898,52.734375
3576053,43.15185546875
3576085,54.0771484375
3576120,42.96875
3576214,48.15673828125
3576235,48.64501953125
3576332,53.16162109375
3576424,42.724609375
3576538,63.65966796875
3576620,44.25048828125
3576656,73.1201171875
3635914,43.5791015625
3636101,44.12841796875
3636115,57.67822265625
3636156,64.208984375
3636188,42.8466796875
3636215,168.76220703125
3636239,66.71142578125
3636270,113.6474609375
3636322,103.02734375
3636342,45.59326171875
3636375,44.00634765625
3636386,95.3369140625
3636427,78.30810546875
3636445,53.3447265625
3636465,52.24609375
3636494,49.74365234375
3636549,44.00634765625
3636573,51.1474609375
3636604,50.84228515625
3636640,43.3349609375
3636690,55.48095703125
3636799,44.0673828125
3636850,49.1943359375
3637040,43.88427734375
3637178,44.677734375
3637188,44.61669921875
3658643,42.96875
3698931,54.26025390625
3698948,51.6357421875
3698985,53.5888671875
3698997,64.63623046875
3699034,63.53759765625
3699048,152.587890625
3699064,60.6689453125
3699094,97.5341796875
3699108,67.81005859375
3699138,95.27587890625
3699168,56.45751953125
3699184,45.59326171875
3699195,102.6611328125
3699230,44.189453125
3699246,43.45703125
3699266,48.095703125
3699298,46.142578125
3699313,49.37744140625
3699378,47.79052734375
3699405,43.212890625
3699430,65.91796875
3699446,44.189453125
3699457,55.6640625
3699487,44.0673828125
3699508,50.29296875
3699529,76.416015625
3699548,54.74853515625
3699600,55.908203125
3699611,56.2744140625
3699633,44.86083984375
3699667,43.27392578125
3699729,45.166015625
3699794,43.02978515625
3699879,48.33984375
3699902,47.8515625
3700049,43.02978515625
3700095,42.90771484375
3700173,54.01611328125
3700462,43.27392578125
3700486,55.2978515625
3700589,44.00634765625
3700603,43.64013671875
3700712,62.19482421875
3700858,93.93310546875
3701493,44.73876953125
3767727,42.96875
3777565,44.12841796875
3777644,72.20458984375
3777668,192.19970703125
3777682,64.208984375
3777709,66.162109375
3777734,134.58251953125
3777763,70.80078125
3777773,85.0830078125
3777787,59.2041015625
3777819,44.86083984375
3777834,71.4111328125
3777872,51.69677734375
3777905,46.08154296875
3777925,52.6123046875
3777938,49.37744140625
3777954,46.38671875
3777978,49.6826171875
3777995,63.53759765625
3778016,52.490234375
3778055,44.7998046875
3778084,76.59912109375
3778115,44.3115234375
3778150,49.13330078125
3778164,66.58935546875
3778193,49.13330078125
3778224,65.5517578125
3778254,45.7763671875
3778271,51.513671875
3778304,44.43359375
3778330,47.607421875
3778367,58.04443359375
3778383,48.4619140625
3778398,48.64501953125
3778466,43.15185546875
3778533,50.10986328125
3778589,52.6123046875
3778649,42.78564453125
3778860,45.0439453125
3779083,44.189453125
3779186,49.13330078125
3779216,43.15185546875
3779305,54.99267578125
3779434,77.45361328125
3779604,64.63623046875
3861234,56.70166015625
3861281,49.74365234375
3861360,43.76220703125
3861416,126.46484375
3861430,43.9453125
3861452,48.52294921875
3861473,112.36572265625
3861503,55.35888671875
3861528,83.19091796875
3861538,64.88037109375
3861574,88.56201171875
3861586,48.03466796875
3861598,45.71533203125
3861641,46.81396484375
3861671,42.90771484375
3861683,54.931640625
3861720,63.90380859375
3861731,65.85693359375
3861751,59.38720703125
3861769,77.5146484375
3861788,51.45263671875
3861824,45.71533203125
3861842,46.142578125
3861858,70.00732421875
3861890,46.81396484375
3861903,51.3916015625
3861925,44.12841796875
3861956,47.66845703125
3861986,54.5654296875
3861999,44.12841796875
3862040,45.166015625
3862083,50.048828125
3862106,47.05810546875
3862122,43.8232421875
3862237,49.1943359375
3862332,53.7109375
3862394,42.78564453125
3862437,45.83740234375
3862491,43.45703125
3862619,44.61669921875
3862666,48.64501953125
3862821,48.15673828125
3862989,48.33984375
3863036,49.37744140625
3863189,62.19482421875
3863357,85.63232421875
3917491,52.24609375
3917588,52.734375
3917664,47.05810546875
3917753,47.79052734375
3917901,50.35400390625
3917990,42.96875
3918015,42.724609375
3918063,102.05078125
3918080,56.15234375
3918116,107.421875
3918144,86.97509765625
3918166,84.16748046875
3918182,54.13818359375
3918218,55.84716796875
3918260,50.9033203125
3918290,76.35498046875
3918307,45.654296875
3918356,45.654296875
3918382,49.37744140625
3918400,67.68798828125
3918423,43.88427734375
3918461,49.62158203125
3918479,50.1708984375
3918515,54.0771484375
3918559,55.84716796875
3918575,46.38671875
3918587,52.8564453125
3918628,49.6826171875
3918644,48.15673828125
3918677,54.01611328125
3918705,48.15673828125
3918774,44.98291015625
3918839,65.7958984375
3918880,45.95947265625
3919026,42.90771484375
3919120,48.7060546875
3919246,51.08642578125
3919447,54.6875
3919627,89.2333984375
3945424,53.955078125
3945485,50.6591796875
3945555,43.212890625
3945693,49.37744140625
3945735,47.66845703125
3945756,141.6015625
3945770,52.55126953125
3945808,80.99365234375
3945824,62.8662109375
3945863,86.669921875
3945882,45.654296875
3945906,52.79541015625
3945918,51.08642578125
3945931,44.25048828125
3945962,59.9365234375
3945976,44.00634765625
3945998,57.06787109375
3946029,64.75830078125
3946044,62.01171875
3946077,43.8232421875
3946108,49.4384765625
3946125,49.31640625
3946142,44.86083984375
3946160,44.37255859375
3946178,46.0205078125
3946282,51.69677734375
3946294,46.142578125
3946316,44.3115234375
3946352,46.0205078125
3946378,50.10986328125
3946471,51.8798828125
3946510,79.4677734375
3946632,48.583984375
3946652,60.546875
3946681,44.3115234375
3946749,48.88916015625
3946941,42.8466796875
3946967,45.166015625
3946992,43.88427734375
3947072,43.701171875
3947111,62.3779296875
3947240,45.71533203125
3947391,83.3740234375
3948522,42.90771484375
3990379,48.2177734375
3990434,50.35400390625
3990471,49.01123046875
3990558,67.7490234375
3990586,65.12451171875
3990609,219.23828125
3990622,44.49462890625
3990650,100.03662109375
3990682,48.4619140625
3990705,56.21337890625
3990719,45.47119140625
3990743,63.17138671875
3990756,51.7578125
3990781,43.39599609375
3990829,42.90771484375
3990840,46.2646484375
3990854,55.60302734375
3990884,50.23193359375
3990919,67.2607421875
3990964,60.85205078125
3990993,52.18505859375
3991025,54.01611328125
3991060,47.8515625
3991081,56.2744140625
3991103,48.15673828125
3991127,60.05859375
3991156,65.49072265625
3991241,48.33984375
3991275,47.18017578125
3991310,44.49462890625
3991322,44.7998046875
3991410,43.88427734375
3991522,43.51806640625
3991557,43.45703125
3991627,61.95068359375
3991683,43.27392578125
3991754,47.18017578125
3991896,43.15185546875
3991945,44.25048828125
3992046,61.4013671875
3992119,43.64013671875
3992165,50.1708984375
3992273,63.5986328125
3992336,43.02978515625
3992391,45.95947265625
3992423,43.39599609375
3992552,81.97021484375
3992729,90.087890625
3992894,47.607421875
4044509,43.3349609375
4044532,116.02783203125
4044542,55.419921875
4044557,65.673828125
4044579,97.16796875
4044613,67.81005859375
4044627,51.025390625
4044638,82.6416015625
4044648,52.18505859375
4044687,70.98388671875
4044704,50.4150390625
4044728,50.537109375
4044779,63.96484375
4044807,45.71533203125
4044828,59.26513671875
4044856,44.61669921875
4044874,48.828125
4044895,54.38232421875
4044938,46.5087890625
4044974,55.5419921875
4044990,58.41064453125
4045023,47.36328125
4045134,46.7529296875
4045409,43.02978515625
4045560,64.02587890625
4045701,84.28955078125
4078748,43.88427734375
4078956,51.8798828125
4079088,42.724609375
4079158,127.01416015625
4079197,54.62646484375
4079218,86.5478515625
4079246,84.65576171875
4079280,111.2060546875
4079292,49.62158203125
4079337,78.125
4079358,42.96875
4079371,50.537109375
4079407,96.37451171875
4079437,44.921875
4079453,46.38671875
4079479,55.84716796875
4079526,46.142578125
4079553,44.00634765625
4079601,75.50048828125
4079614,68.7255859375
4079640,57.7392578125
4079672,56.82373046875
4079703,49.37744140625
4079714,55.60302734375
4079735,45.59326171875
4079765,78.369140625
4079801,43.0908203125
4079891,46.44775390625
4079926,44.677734375
4079957,75.5615234375
4079984,43.27392578125
4079999,54.443359375
4080084,46.7529296875
4080138,48.583984375
4080149,46.2646484375
4080297,58.10546875
4080583,44.189453125
4080665,76.2939453125
4080836,60.97412109375
4114683,44.25048828125
4114812,49.86572265625
4114854,47.9736328125
4114911,47.42431640625
4114947,48.828125
4114965,53.5888671875
4114979,132.87353515625
4114996,68.603515625
4115035,85.205078125
4115056,76.47705078125
4115086,96.435546875
4115129,63.3544921875
4115142,66.5283203125
4115156,61.4013671875
4115186,51.6357421875
4115199,72.81494140625
4115225,50.35400390625
4115255,62.43896484375
4115288,63.65966796875
4115318,83.06884765625
4115346,52.79541015625
4115358,65.7958984375
4115390,45.47119140625
4115405,56.57958984375
4115418,55.2978515625
4115451,55.0537109375
4115506,44.49462890625
4115521,57.06787109375
4115542,59.08203125
4115571,51.26953125
4115595,50.9033203125
4115623,42.96875
4115664,47.9736328125
4115726,50.4150390625
4115736,49.560546875
4115771,43.88427734375
4115906,43.39599609375
4115971,45.34912109375
4116043,55.7861328125
4116153,43.39599609375
4116223,43.88427734375
4116255,55.84716796875
4116455,55.17578125
4116585,70.00732421875
4116623,45.8984375
4116755,85.8154296875
4169061,47.05810546875
4169171,49.86572265625
4169250,53.16162109375
4169310,47.91259765625
4169339,64.453125
4169367,77.0263671875
4169383,54.19921875
4169397,138.36669921875
4169415,44.677734375
4169442,78.0029296875
4169460,88.68408203125
4169487,61.95068359375
4169497,54.13818359375
4169550,56.82373046875
4169572,70.49560546875
4169594,45.22705078125
4169621,65.185546875
4169648,52.24609375
4169662,49.6826171875
4169699,53.16162109375
4169746,46.32568359375
4169775,46.7529296875
4169796,44.43359375
4169829,52.55126953125
4169858,57.12890625
4169884,46.875
4169899,44.49462890625
4169967,47.79052734375
4169995,49.9267578125
4170038,44.7998046875
4170111,44.677734375
4170163,52.91748046875
4170178,44.189453125
4170250,44.49462890625
4170379,63.96484375
4170619,45.34912109375
4170820,55.96923828125
4170878,50.72021484375
4170929,58.65478515625
4170939,65.12451171875
4171038,43.76220703125
4171101,50.78125
4171173,64.51416015625
4231370,46.0205078125
4231433,47.54638671875
4231538,72.1435546875
4231610,43.39599609375
4231632,58.28857421875
4231694,51.513671875
4231721,145.6298828125
4231735,56.2744140625
4231758,58.4716796875
4231771,113.34228515625
4231822,100.03662109375
4231839,51.6357421875
4231887,63.8427734375
4231903,62.1337890625
4231949,50.6591796875
4231976,45.5322265625
4232006,67.3828125
4232046,54.50439453125
4232065,48.03466796875
4232103,45.7763671875
4232128,49.1943359375
4232149,52.67333984375
4232177,44.0673828125
4232238,61.8896484375
4232272,85.3271484375
4232333,43.76220703125
4232372,57.4951171875
4232417,49.4384765625
4232450,44.49462890625
4232509,46.69189453125
4232616,48.7060546875
4232918,50.47607421875
4233060,77.63671875
4233306,91.12548828125
4284786,44.43359375
4284856,57.373046875
4284981,47.9736328125
4285158,51.1474609375
4285614,42.96875
4285828,51.26953125
4285889,55.72509765625
4285939,119.44580078125
4285950,50.23193359375
4285978,45.59326171875
4286050,147.3388671875
4286136,80.6884765625
4286153,44.86083984375
4286223,58.2275390625
4286233,63.1103515625
4286351,43.76220703125
4286366,84.228515625
4286510,56.57958984375
4286797,88.134765625
4286814,45.47119140625
4286862,62.98828125
4286882,43.02978515625
4286910,53.8330078125
4286980,46.20361328125
4286999,90.8203125
4287041,48.828125
4287061,52.91748046875
4287110,45.59326171875
4287205,71.83837890625
4287222,44.00634765625
4347935,53.7109375
4347972,56.70166015625
4347997,54.5654296875
4348014,49.01123046875
4348042,54.5654296875
4348074,74.8291015625
4348088,137.8173828125
4348098,58.04443359375
4348123,55.2978515625
4348143,54.13818359375
4348157,80.74951171875
4348203,67.5048828125
4348213,74.70703125
4348232,45.83740234375
4348247,46.20361328125
4348278,63.17138671875
4348291,61.95068359375
4348339,62.56103515625
4348367,49.98779296875
4348400,57.06787109375
4348419,60.24169921875
4348438,49.98779296875
4348476,61.4013671875
4348507,67.3828125
4348531,43.88427734375
4348566,43.15185546875
4348583,59.75341796875
4348619,46.630859375
4348664,53.28369140625
4348679,55.419921875
4348702,64.02587890625
4348714,45.654296875
4348731,61.03515625
4348762,45.10498046875
4348782,53.466796875
4348795,51.7578125
4348856,42.724609375
4348932,42.78564453125
4348956,43.88427734375
4348997,49.37744140625
4349024,49.74365234375
4349078,50.6591796875
4349095,47.2412109375
4349161,46.32568359375
4349245,53.16162109375
4349310,54.99267578125
4349401,50.4150390625
4349484,43.212890625
4349511,45.59326171875
4349572,43.5791015625
4349620,50.4150390625
4349860,60.9130859375
4350019,84.1064453125
4379233,45.0439453125
4411914,44.43359375
4412037,49.6826171875
4412071,46.32568359375
4412094,57.67822265625
4412149,126.89208984375
4412163,46.56982421875
4412203,47.54638671875
4412216,59.4482421875
4412266,60.9130859375
4412288,46.2646484375
4412317,58.77685546875
4412335,57.43408203125
4412351,62.56103515625
4412378,48.828125
4412410,63.720703125
4412436,48.7060546875
4412467,51.08642578125
4412494,51.69677734375
4412527,43.02978515625
4412556,61.03515625
4412571,49.8046875
4412584,65.12451171875
4412613,61.46240234375
4412725,44.12841796875
4412878,51.81884765625
4412912,47.119140625
4413163,45.2880859375
4413317,80.6884765625
4471280,51.33056640625
4471302,51.94091796875
4471330,54.50439453125
4471372,47.54638671875
4471411,150.20751953125
4471436,58.9599609375
4471460,47.7294921875
4471471,83.67919921875
4471499,43.51806640625
4471516,61.8896484375
4471530,49.6826171875
4471543,60.48583984375
4471576,83.0078125
4471609,61.82861328125
4471633,50.35400390625
4471647,48.64501953125
4471667,54.26025390625
4471700,58.89892578125
4471714,52.734375
4471728,52.8564453125
4471764,44.98291015625
4471780,52.24609375
4471792,64.3310546875
4471824,50.78125
4471858,48.2177734375
4471874,49.98779296875
4471890,44.86083984375
4471916,49.13330078125
4471950,45.0439453125
4472025,46.5087890625
4472059,47.79052734375
4472077,51.45263671875
4472116,45.10498046875
4472254,55.908203125
4472383,46.9970703125
4472425,46.142578125
4472452,43.02978515625
4472488,51.69677734375
4472532,45.2880859375
4472550,43.76220703125
4472722,43.27392578125
4472786,45.654296875
4472919,42.78564453125
4473010,54.19921875
4473144,59.50927734375
4473175,49.6826171875
4473339,74.89013671875
4473390,46.93603515625
4521358,52.490234375
4521422,48.64501953125
4521434,44.43359375
4521519,53.22265625
4521575,42.724609375
4521602,43.9453125
4521630,46.20361328125
4521648,122.25341796875
4521660,52.24609375
4521679,45.34912109375
4521702,118.7744140625
4521728,46.38671875
4521758,77.63671875
4521774,44.00634765625
4521793,54.26025390625
4521818,70.9228515625
4521866,43.45703125
4521878,63.78173828125
4521895,45.59326171875
4521923,53.89404296875
4521943,68.17626953125
4522010,69.3359375
4522037,49.4384765625
4522079,59.14306640625
4522111,54.8095703125
4522207,44.25048828125
4522283,46.93603515625
4522370,44.921875
4522496,50.72021484375
4522700,54.62646484375
4578211,53.7109375
4578249,47.119140625
4578268,43.39599609375
4578295,75.62255859375
4578326,50.10986328125
4578338,65.5517578125
4578365,190.97900390625
4578377,55.60302734375
4578397,66.162109375
4578414,83.67919921875
4578440,46.38671875
4578465,89.17236328125
4578487,48.583984375
4578518,98.14453125
4578528,57.373046875
4578564,42.8466796875
4578584,52.91748046875
4578627,52.490234375
4578689,64.51416015625
4578719,73.8525390625
4578739,50.1708984375
4578757,51.69677734375
4578793,57.861328125
4578834,46.630859375
4578864,43.45703125
4578884,50.59814453125
4578894,50.048828125
4578934,55.5419921875
4578952,57.373046875
4578990,50.23193359375
4579009,49.31640625
4579046,53.7109375
4579094,47.4853515625
4579164,51.57470703125
4579261,43.0908203125
4579363,43.88427734375
4579402,42.8466796875
4579563,50.4150390625
4579699,52.490234375
4579772,42.8466796875
4579894,45.654296875
4579961,42.724609375
4580002,58.65478515625
4580159,68.42041015625
4580176,57.80029296875
4654262,42.90771484375
4654372,46.875
4654389,46.08154296875
4654419,146.728515625
4654469,125.1220703125
4654479,56.70166015625
4654493,78.4912109375
4654522,105.5908203125
4654542,92.041015625
4654566,60.85205078125
4654592,50.78125
4654607,59.4482421875
4654648,97.22900390625
4654673,53.1005859375
4654712,51.45263671875
4654758,45.10498046875
4654768,45.95947265625
4654782,44.189453125
4654816,64.94140625
4654837,74.0966796875
4654905,55.6640625
4654940,57.06787109375
4654985,61.82861328125
4655008,45.5322265625
4655038,61.1572265625
4655054,45.59326171875
4655140,47.66845703125
4655209,48.2177734375
4655252,49.74365234375
4655308,47.7294921875
4655383,45.47119140625
4655525,52.978515625
4655609,46.20361328125
4655821,50.1708984375
4655860,44.921875
4655953,71.22802734375
4656109,81.11572265625
4697943,45.5322265625
4698048,63.65966796875
4698093,58.28857421875
4698111,53.52783203125
4698132,47.607421875
4698148,73.2421875
4698178,71.2890625
4698194,109.7412109375
4698232,69.03076171875
4698247,47.8515625
4698265,58.7158203125
4698294,46.7529296875
4698304,52.67333984375
4698338,59.63134765625
4698352,52.8564453125
4698385,53.64990234375
4698396,54.443359375
4698423,57.55615234375
4698453,44.3115234375
4698481,53.77197265625
4698511,62.255859375
4698536,47.607421875
4698568,48.27880859375
4698590,42.78564453125
4698617,46.875
4698643,54.01611328125
4698662,46.9970703125
4698679,57.373046875
4698710,50.537109375
4698745,48.4619140625
4698852,46.875
4698869,80.26123046875
4698909,44.43359375
4698922,52.42919921875
4698956,63.53759765625
4699021,43.02978515625
4699078,47.18017578125
4699146,49.37744140625
4699395,47.54638671875
4699530,54.74853515625
4699673,76.171875
4715352,45.34912109375
4715420,46.56982421875
4715479,43.39599609375
4715593,43.8232421875
4716124,119.68994140625
4716140,46.81396484375
4716181,48.40087890625
4716250,89.4775390625
4716390,47.9736328125
4716457,93.3837890625
4716604,48.64501953125
4716717,42.90771484375
4716901,122.49755859375
4743189,50.23193359375
4743253,44.73876953125
4743364,69.4580078125
4743469,56.57958984375
4743496,54.0771484375
4743530,72.69287109375
4743563,46.44775390625
4743585,61.95068359375
4743600,50.9033203125
4743643,89.41650390625
4743668,47.91259765625
4743687,65.7958984375
4743701,60.546875
4743733,42.90771484375
4743759,45.41015625
4743776,55.84716796875
4743791,71.8994140625
4743834,70.80078125
4743858,48.2177734375
4743887,49.37744140625
4743898,48.33984375
4743929,77.392578125
4743942,54.74853515625
4743970,53.955078125
4743992,66.95556640625
4744026,47.7294921875
4744089,46.5087890625
4744142,59.326171875
4744158,43.45703125
4744197,45.7763671875
4744248,47.66845703125
4744263,44.7998046875
4744332,45.22705078125
4744449,48.583984375
4744582,43.64013671875
4744759,43.8232421875
4744796,43.76220703125
4744989,59.02099609375
4745031,46.0205078125
4745103,47.18017578125
4745243,70.12939453125
4771203,54.01611328125
4771258,43.5791015625
4771307,52.6123046875
4771357,52.3681640625
4771425,49.62158203125
4771445,54.01611328125
4771515,124.3896484375
4771532,44.7998046875
4771542,43.88427734375
4771570,64.63623046875
4771586,137.3291015625
4771599,46.2646484375
4771618,59.26513671875
4771643,60.791015625
4771663,66.7724609375
4771702,60.24169921875
4771725,52.978515625
4771788,101.5625
4771890,67.7490234375
4772014,60.11962890625
4772094,50.6591796875
4772225,65.673828125
4772241,43.9453125
