4799201,0
7757,127.8076171875
7813,79.52880859375
7838,38.51318359375
126731,119.20166015625
126790,65.85693359375
239908,137.14599609375
240030,90.9423828125
240091,42.724609375
240105,39.55078125
299955,144.6533203125
300009,77.880859375
403480,128.11279296875
403540,65.85693359375
501729,139.5263671875
501782,95.458984375
626802,130.859375
626855,59.08203125
626897,41.68701171875
736965,129.33349609375
737025,89.90478515625
737035,39.36767578125
737056,44.3115234375
841918,122.00927734375
841971,82.09228515625
842003,40.771484375
842066,38.6962890625
948511,135.31494140625
948567,87.646484375
1106521,114.3798828125
1106537,36.31591796875
1106582,78.18603515625
1143566,151.18408203125
1143616,89.05029296875
1143640,37.65869140625
1143653,38.6962890625
1241185,116.14990234375
1241239,73.42529296875
1407764,124.3896484375
1407821,89.9658203125
1407854,38.14697265625
1539912,144.83642578125
1540046,137.75634765625
1540109,38.4521484375
1540120,38.51318359375
1668484,114.74609375
1668535,73.30322265625
1668554,38.57421875
1668625,37.2314453125
1794077,117.49267578125
1833038,135.986328125
1833090,69.64111328125
1833143,45.2880859375
1834113,36.68212890625
1943480,143.798828125
1943526,74.15771484375
2100548,137.75634765625
2100602,75.25634765625
2100612,38.02490234375
2100659,36.9873046875
2197834,139.0380859375
2197856,36.43798828125
2197901,104.248046875
2197962,45.5322265625
2345347,130.31005859375
2345401,75.0732421875
2345429,38.57421875
2345468,36.43798828125
2510313,132.14111328125
2510371,76.84326171875
2654058,138.97705078125
2654113,80.2001953125
2654126,37.53662109375
2654164,36.19384765625
2703763,140.44189453125
2703822,81.48193359375
2703872,43.5791015625
2746706,109.375
2746758,76.72119140625
2857415,103.21044921875
2857477,79.52880859375
2857569,36.2548828125
2978819,136.90185546875
2978879,83.80126953125
2978935,37.59765625
3126180,107.91015625
3127026,101.806640625
3127817,104.736328125
3128393,95.15380859375
3129169,94.90966796875
3136284,119.32373046875
3136346,81.6650390625
3136356,37.7197265625
3136391,36.4990234375
3247466,124.8779296875
3247519,63.04931640625
3247572,37.353515625
3432167,137.14599609375
3432223,96.3134765625
3432280,38.75732421875
3550320,109.0087890625
3550380,76.84326171875
3704994,123.59619140625
3705008,38.330078125
3705045,69.580078125
3860694,132.8125
3860746,75.74462890625
3964658,117.37060546875
3964674,38.63525390625
3964706,70.556640625
4112276,130.126953125
4112350,85.205078125
4171063,117.7978515625
4171133,100.4638671875
4171191,42.236328125
4171230,39.4287109375
4208648,120.4833984375
4209425,111.6943359375
4337705,146.728515625
4337758,84.53369140625
4337816,36.4990234375
4395643,118.59130859375
4396213,113.58642578125
4461687,124.8779296875
4461743,88.56201171875
4461766,38.26904296875
4539981,130.55419921875
4540041,91.49169921875
4683603,132.080078125
4683673,85.87646484375
