4799201,0
7777,41.80908203125
7801,44.49462890625
7811,72.021484375
7825,58.2275390625
7843,54.5654296875
7862,69.3359375
7882,45.166015625
7893,34.5458984375
7919,35.21728515625
7946,33.203125
8063,44.677734375
8151,32.53173828125
8161,36.4990234375
8233,38.26904296875
8324,37.17041015625
8431,32.71484375
8495,33.0810546875
8628,33.3251953125
8675,32.71484375
8749,37.17041015625
8799,34.36279296875
8845,36.07177734375
8900,45.8984375
8910,38.330078125
8951,37.65869140625
9045,40.4052734375
9125,36.2548828125
9184,33.203125
9256,35.888671875
9327,35.7666015625
9422,35.2783203125
9443,45.22705078125
9453,35.400390625
9505,35.400390625
9531,45.71533203125
9581,33.38623046875
9605,37.53662109375
9644,46.38671875
9659,37.53662109375
9717,34.423828125
126749,46.875
126766,39.1845703125
126792,33.69140625
126819,85.0830078125
126832,51.94091796875
126849,57.12890625
126862,85.693359375
126895,40.1611328125
126913,40.4052734375
126933,36.68212890625
126960,35.15625
127035,36.31591796875
127181,36.0107421875
127219,46.69189453125
127253,33.0810546875
127316,34.72900390625
127448,32.5927734375
127458,33.69140625
127472,37.7197265625
127627,36.2548828125
127691,32.5927734375
127874,40.10009765625
128335,33.8134765625
128370,35.58349609375
128407,36.19384765625
128446,36.07177734375
128494,38.6962890625
128514,48.27880859375
128573,37.90283203125
128602,42.3583984375
128642,38.51318359375
128685,36.07177734375
128710,39.55078125
240170,43.51806640625
240183,50.35400390625
240194,65.5517578125
240212,52.6123046875
240225,68.66455078125
240238,35.82763671875
240250,69.51904296875
240286,33.447265625
240302,60.60791015625
240337,45.41015625
240365,44.3115234375
240421,36.56005859375
240454,39.48974609375
240559,33.50830078125
240781,35.5224609375
240817,35.58349609375
240945,34.85107421875
241031,32.77587890625
241109,44.25048828125
241156,35.94970703125
241188,33.5693359375
241229,32.8369140625
241322,36.92626953125
241433,33.26416015625
241519,41.015625
241661,32.77587890625
241722,34.5458984375
241757,35.2783203125
241836,36.376953125
241867,34.60693359375
241915,33.8134765625
242027,33.50830078125
242111,56.82373046875
242137,33.0810546875
242178,38.2080078125
242418,32.89794921875
299956,38.818359375
299981,52.734375
299996,47.7294921875
300023,65.00244140625
300040,50.29296875
300051,56.396484375
300074,85.0830078125
300094,56.09130859375
300125,62.744140625
300138,39.9169921875
300161,37.90283203125
300239,33.75244140625
300265,35.15625
300378,33.935546875
300442,34.66796875
300596,32.8369140625
300669,32.8369140625
300758,34.7900390625
300815,33.87451171875
300833,35.70556640625
300875,45.95947265625
300981,34.5458984375
301020,34.72900390625
301039,38.57421875
301081,49.01123046875
301160,34.11865234375
301224,32.71484375
301261,45.47119140625
301351,35.888671875
301532,35.46142578125
301556,43.45703125
301601,36.92626953125
301612,40.46630859375
301641,35.70556640625
301651,41.50390625
301737,35.0341796875
301750,40.34423828125
301936,34.72900390625
301998,35.7666015625
403518,32.89794921875
403553,46.81396484375
403563,64.453125
403576,78.18603515625
403599,65.7958984375
403613,53.40576171875
403635,65.36865234375
403648,57.06787109375
403659,45.22705078125
403693,61.46240234375
403712,41.19873046875
403740,41.6259765625
403754,34.0576171875
403864,35.09521484375
403929,37.841796875
404049,38.2080078125
404119,38.87939453125
404182,32.71484375
404228,37.59765625
404271,37.90283203125
404300,33.203125
404364,32.5927734375
404438,32.71484375
404619,33.50830078125
404668,35.888671875
404720,33.02001953125
404772,35.94970703125
404841,36.68212890625
404888,33.447265625
404938,38.2080078125
405044,34.48486328125
405080,35.46142578125
405099,38.26904296875
405142,35.58349609375
405177,41.8701171875
405188,33.935546875
405233,44.189453125
405248,37.90283203125
405332,37.04833984375
405355,37.109375
405387,33.203125
405511,33.38623046875
501717,33.203125
501736,34.912109375
501761,48.88916015625
501787,65.36865234375
501815,65.00244140625
501841,64.8193359375
501853,75.1953125
501868,53.466796875
501881,57.06787109375
501901,53.22265625
501915,35.2783203125
501947,34.66796875
501987,34.1796875
502005,38.87939453125
502158,38.2080078125
502176,37.59765625
502223,35.21728515625
502658,36.80419921875
502687,33.69140625
502755,33.26416015625
502903,42.96875
503018,36.56005859375
503034,39.794921875
503066,37.17041015625
503088,33.87451171875
503249,35.82763671875
503311,38.0859375
503401,39.6728515625
503495,32.958984375
503587,37.53662109375
503639,33.38623046875
503662,36.7431640625
503696,32.89794921875
503746,34.24072265625
626800,37.841796875
626821,44.0673828125
626834,43.9453125
626857,53.1005859375
626874,48.03466796875
626890,39.55078125
626911,80.13916015625
626928,81.48193359375
626945,67.87109375
626981,75.8056640625
627019,50.048828125
627038,39.1845703125
627130,34.423828125
627161,35.7666015625
627263,34.48486328125
627279,37.17041015625
627305,35.888671875
627406,33.99658203125
627470,37.04833984375
627541,37.109375
627658,43.88427734375
627808,37.04833984375
627886,33.99658203125
627972,33.38623046875
628022,38.2080078125
628032,36.865234375
628046,40.771484375
628076,35.09521484375
628160,40.771484375
628195,32.5927734375
628344,38.75732421875
628367,37.04833984375
628422,34.60693359375
628463,47.66845703125
628481,35.33935546875
628497,38.39111328125
628571,35.2783203125
628676,37.59765625
628751,38.75732421875
628955,32.77587890625
737065,36.07177734375
737075,51.26953125
737102,58.89892578125
737126,70.37353515625
737139,46.93603515625
737154,88.5009765625
737168,39.61181640625
737196,35.58349609375
737218,38.818359375
737237,35.33935546875
737265,37.78076171875
737308,43.9453125
737339,33.69140625
737368,32.89794921875
737401,46.630859375
737504,40.771484375
737549,33.38623046875
738048,33.50830078125
738136,32.958984375
738148,38.818359375
738267,43.212890625
738414,41.748046875
738437,37.41455078125
738497,34.912109375
738670,42.90771484375
738745,48.88916015625
738813,32.71484375
738832,36.7431640625
738986,34.11865234375
739005,33.447265625
841940,47.9736328125
841967,70.1904296875
841990,49.9267578125
842004,66.71142578125
842031,47.42431640625
842041,63.90380859375
842064,48.9501953125
842090,40.10009765625
842111,42.54150390625
842136,38.87939453125
842151,39.73388671875
842258,38.57421875
842443,37.29248046875
842494,34.24072265625
842518,46.93603515625
842663,34.24072265625
842734,36.0107421875
842783,34.3017578125
842877,45.95947265625
843089,37.41455078125
843119,32.65380859375
843191,35.400390625
843255,33.50830078125
843435,44.3115234375
843573,34.72900390625
843626,33.38623046875
843661,32.5927734375
843689,39.9169921875
843761,41.19873046875
843771,41.1376953125
843802,36.19384765625
843826,35.7666015625
843878,34.0576171875
843902,34.24072265625
843944,39.55078125
843972,34.1796875
844008,39.9169921875
897735,32.5927734375
948510,33.26416015625
948550,51.20849609375
948574,89.84375
948600,80.2001953125
948623,72.3876953125
948654,75.50048828125
948675,53.40576171875
948704,60.6689453125
948728,44.189453125
948793,36.56005859375
948931,33.69140625
949047,34.11865234375
949093,32.89794921875
949109,39.85595703125
949157,39.306640625
949174,34.5458984375
949243,35.58349609375
949290,36.1328125
949408,39.55078125
949437,37.109375
949496,39.85595703125
949529,33.38623046875
949559,37.53662109375
949673,37.353515625
949918,33.5693359375
949947,41.748046875
949976,40.52734375
950014,35.0341796875
950058,33.0810546875
950109,34.48486328125
950231,34.85107421875
950281,37.29248046875
950395,37.53662109375
950420,42.6025390625
950449,34.72900390625
950727,34.97314453125
1106550,32.77587890625
1106566,61.767578125
1106602,63.4765625
1106612,43.8232421875
1106637,47.2412109375
1106653,85.51025390625
1106676,54.931640625
1106687,63.3544921875
1106703,56.396484375
1106723,39.36767578125
1106753,47.54638671875
1106802,35.09521484375
1106846,35.7666015625
1106969,41.68701171875
1107101,34.912109375
1107200,33.8134765625
1107413,39.00146484375
1107487,34.48486328125
1107509,36.4990234375
1107551,37.7197265625
1107632,33.69140625
1107718,34.5458984375
1107801,34.60693359375
1107849,52.18505859375
1107919,44.73876953125
1107974,36.68212890625
1108127,39.6728515625
1108183,37.7197265625
1108239,39.24560546875
1108331,34.48486328125
1108418,47.2412109375
1108527,32.77587890625
1108565,33.99658203125
1108575,33.203125
1108611,43.15185546875
1108623,35.82763671875
1108648,51.025390625
1108698,38.57421875
1108718,32.5927734375
1108742,37.53662109375
1108815,34.24072265625
1143237,41.9921875
1143317,33.63037109375
1143334,48.15673828125
1143349,65.7958984375
1143377,73.73046875
1143396,41.1376953125
1143408,77.63671875
1143418,71.1669921875
1143433,34.11865234375
1143458,57.7392578125
1143482,51.81884765625
1143503,49.01123046875
1143515,51.025390625
1143548,42.96875
1143574,41.9921875
1143587,45.34912109375
1143601,36.376953125
1143617,43.27392578125
1143634,34.97314453125
1143664,34.1796875
1143737,34.3017578125
1143764,36.07177734375
1143831,35.15625
1143939,32.958984375
1143986,33.26416015625
1144035,32.958984375
1144118,36.62109375
1144383,32.5927734375
1144478,35.2783203125
1144504,44.61669921875
1144538,34.48486328125
1144590,35.0341796875
1144617,39.97802734375
1144633,34.36279296875
1144767,36.9873046875
1144963,38.51318359375
1145081,33.87451171875
1145110,35.64453125
1145148,34.97314453125
1145196,41.259765625
1145214,33.99658203125
1145242,32.65380859375
1145280,41.32080078125
1145315,33.99658203125
1145330,33.447265625
1145362,35.70556640625
1145430,44.25048828125
1145547,35.64453125
1145611,40.1611328125
1241178,39.1845703125
1241204,51.025390625
1241225,68.42041015625
1241263,97.10693359375
1241288,85.26611328125
1241310,35.7666015625
1241321,60.1806640625
1241336,61.4013671875
1241365,51.6357421875
1241390,45.8984375
1241407,38.51318359375
1241466,34.1796875
1241529,32.77587890625
1241562,33.3251953125
1241630,38.63525390625
1241686,34.11865234375
1241732,34.72900390625
1241931,32.71484375
1242007,36.1328125
1242047,35.64453125
1242179,35.33935546875
1242271,36.31591796875
1242298,33.02001953125
1242355,39.306640625
1242472,37.78076171875
1242640,32.71484375
1242713,33.447265625
1242769,38.39111328125
1242808,42.41943359375
1242845,32.71484375
1242886,39.794921875
1242957,47.54638671875
1243012,38.87939453125
1243034,37.53662109375
1243068,34.1796875
1243092,50.048828125
1243107,32.65380859375
1243189,35.33935546875
1407761,37.04833984375
1407779,66.34521484375
1407794,69.27490234375
1407822,77.392578125
1407839,45.83740234375
1407855,55.2978515625
1407886,58.349609375
1407898,60.9130859375
1407921,39.00146484375
1407947,54.931640625
1407957,36.9873046875
1407982,39.00146484375
1408059,39.1845703125
1408155,34.11865234375
1408259,38.63525390625
1408300,34.423828125
1408347,35.09521484375
1408433,34.0576171875
1408546,33.8134765625
1408635,35.400390625
1408683,43.39599609375
1408741,36.9873046875
1408804,34.1796875
1408901,33.14208984375
1409005,36.2548828125
1409040,39.0625
1409078,41.1376953125
1409473,46.2646484375
1409487,34.912109375
1409525,39.36767578125
1409577,34.85107421875
1409663,38.0859375
1409686,51.08642578125
1409708,44.43359375
1409731,34.97314453125
1409793,43.27392578125
1409818,37.53662109375
1409846,33.14208984375
1409875,36.68212890625
1409899,34.66796875
1409926,36.07177734375
1540148,58.9599609375
1540168,45.95947265625
1540180,36.865234375
1540197,54.99267578125
1540210,86.181640625
1540227,37.90283203125
1540237,51.94091796875
1540256,36.376953125
1540275,40.4052734375
1540290,51.81884765625
1540307,44.25048828125
1540340,46.5087890625
1540378,33.75244140625
1540562,37.17041015625
1540677,34.5458984375
1540737,34.912109375
1540772,32.77587890625
1540801,33.02001953125
1540843,36.43798828125
1540954,37.59765625
1540979,37.9638671875
1541095,33.8134765625
1541224,32.71484375
1541259,33.447265625
1541285,33.63037109375
1541354,33.38623046875
1541418,34.24072265625
1541473,37.41455078125
1541516,35.70556640625
1541547,32.53173828125
1541613,36.62109375
1541650,35.82763671875
1541835,33.26416015625
1541855,32.77587890625
1541901,37.841796875
1541928,36.07177734375
1541975,34.60693359375
1541998,40.95458984375
1542040,39.9169921875
1542065,39.1845703125
1542089,33.0810546875
1542122,36.2548828125
1542248,38.57421875
1542364,33.14208984375
1668489,33.14208984375
1668506,64.51416015625
1668537,51.7578125
1668553,59.326171875
1668568,76.47705078125
1668602,92.1630859375
1668616,53.64990234375
1668628,36.07177734375
1668650,48.4619140625
1668672,47.36328125
1668709,46.56982421875
1668720,37.41455078125
1668765,47.30224609375
1668793,34.3017578125
1668889,32.89794921875
1668925,33.69140625
1668963,32.53173828125
1669047,34.60693359375
1669060,33.38623046875
1669167,34.3017578125
1669212,34.66796875
1669349,35.70556640625
1669362,37.59765625
1669444,45.0439453125
1669658,38.26904296875
1669722,33.203125
1669740,40.83251953125
1669768,33.0810546875
1669866,36.07177734375
1669877,34.60693359375
1669901,42.29736328125
1669992,39.12353515625
1670154,37.29248046875
1670198,37.7197265625
1670226,42.78564453125
1670256,45.59326171875
1670408,33.0810546875
1670422,39.9169921875
1670467,36.43798828125
1670574,32.89794921875
1670627,33.14208984375
1670657,39.306640625
1670830,34.97314453125
1833004,40.58837890625
1833034,35.7666015625
1833056,58.77685546875
1833087,70.1904296875
1833101,60.9130859375
1833121,64.51416015625
1833142,47.05810546875
1833154,85.02197265625
1833182,62.3779296875
1833216,53.8330078125
1833248,36.865234375
1833271,42.8466796875
1833415,34.3017578125
1833456,37.353515625
1833482,39.0625
1833519,35.0341796875
1833560,40.52734375
1833622,33.935546875
1833702,40.58837890625
1833783,32.77587890625
1833921,38.6962890625
1833966,38.0859375
1834110,43.9453125
1834235,33.5693359375
1834258,44.43359375
1834318,39.85595703125
1834341,36.80419921875
1834480,33.935546875
1834555,45.8984375
1834660,33.87451171875
1834812,39.24560546875
1834978,38.63525390625
1835011,33.99658203125
1835069,41.56494140625
1835082,52.67333984375
1835093,33.447265625
1835156,58.77685546875
1835177,36.1328125
1835202,34.24072265625
1835258,36.376953125
1835277,35.400390625
1835312,32.5927734375
1835411,35.09521484375
1835441,33.99658203125
1943287,33.14208984375
1943300,36.376953125
1943355,32.77587890625
1943373,54.19921875
1943411,85.75439453125
1943427,64.453125
1943446,56.09130859375
1943467,53.64990234375
1943483,39.12353515625
1943508,40.10009765625
1943535,39.794921875
1943557,33.3251953125
1943599,32.53173828125
1943669,35.70556640625
1943719,34.36279296875
1943751,36.4990234375
1943785,34.60693359375
1943811,33.5693359375
1943903,33.69140625
1943938,36.56005859375
1944115,34.1796875
1944292,33.8134765625
1944384,32.958984375
1944511,34.72900390625
1944614,34.912109375
1944700,39.6728515625
1944754,36.31591796875
1944810,35.09521484375
1944823,39.85595703125
1944932,35.33935546875
1944953,34.5458984375
1944997,39.97802734375
1945184,32.5927734375
1945240,44.0673828125
1945372,32.89794921875
1945399,33.38623046875
1945445,33.02001953125
1945497,36.2548828125
1945562,33.63037109375
1945625,34.24072265625
1945681,34.7900390625
1945717,33.75244140625
1945744,45.83740234375
1945760,34.7900390625
2100552,43.212890625
2100564,45.8984375
2100590,75.8056640625
2100624,75.927734375
2100642,59.63134765625
2100670,64.14794921875
2100700,58.16650390625
2100724,47.66845703125
2100740,43.8232421875
2100769,32.958984375
2100822,33.50830078125
2100845,36.92626953125
2100908,45.59326171875
2100940,34.85107421875
2100966,39.97802734375
2101009,35.21728515625
2101044,34.85107421875
2101137,32.8369140625
2101183,38.75732421875
2101347,33.203125
2101369,37.353515625
2101536,34.912109375
2101693,39.306640625
2101708,36.0107421875
2101728,33.447265625
2101783,45.8984375
2101799,48.2177734375
2101823,33.50830078125
2101838,37.90283203125
2101932,34.1796875
2101948,34.60693359375
2102073,32.65380859375
2102176,36.31591796875
2102309,39.306640625
2102581,41.3818359375
2102621,36.0107421875
2102653,39.97802734375
2102677,33.447265625
2102730,38.6962890625
2102746,52.3681640625
2102764,39.61181640625
2102818,43.51806640625
2102864,36.376953125
2102877,32.89794921875
2102935,33.0810546875
2102967,38.330078125
2197992,35.82763671875
2198022,55.17578125
2198043,73.05908203125
2198072,58.53271484375
2198084,39.12353515625
2198110,85.44921875
2198128,49.072265625
2198144,49.01123046875
2198164,37.9638671875
2198183,34.423828125
2198194,34.66796875
2198215,35.70556640625
2198234,36.07177734375
2198244,34.7900390625
2198298,36.865234375
2198331,33.99658203125
2198363,32.958984375
2198430,38.9404296875
2198748,34.48486328125
2198843,42.41943359375
2199040,39.4287109375
2199091,35.0341796875
2199130,43.39599609375
2199208,33.26416015625
2199319,32.89794921875
2199354,43.64013671875
2199378,35.64453125
2199528,34.912109375
2199686,32.5927734375
2199731,37.109375
2199746,44.921875
2199817,52.79541015625
2199858,40.1611328125
2199937,33.26416015625
2199950,34.24072265625
2200069,47.05810546875
2200295,32.5927734375
2345351,54.99267578125
2345368,35.888671875
2345391,40.95458984375
2345407,36.1328125
2345424,56.640625
2345452,86.85302734375
2345465,55.6640625
2345477,60.546875
2345506,36.92626953125
2345521,54.8095703125
2345544,41.259765625
2345588,41.6259765625
2345697,35.888671875
2345737,34.24072265625
2345771,41.56494140625
2345881,36.2548828125
2345894,32.89794921875
2345943,34.7900390625
2346108,33.26416015625
2346288,40.6494140625
2346312,34.11865234375
2346425,34.85107421875
2346489,33.02001953125
2346531,45.34912109375
2346554,36.43798828125
2346571,34.0576171875
2346647,44.25048828125
2346724,38.26904296875
2346805,34.24072265625
2346831,32.53173828125
2346896,33.99658203125
2346984,35.400390625
2347033,36.376953125
2347083,34.24072265625
2347156,37.29248046875
2347333,39.1845703125
2347383,37.29248046875
2347530,33.99658203125
2347674,39.48974609375
2347687,38.63525390625
2347748,43.76220703125
2347822,32.53173828125
2347839,32.5927734375
2347935,33.69140625
2510334,46.38671875
2510351,39.24560546875
2510367,82.8857421875
2510382,51.1474609375
2510402,60.97412109375
2510430,76.66015625
2510443,77.392578125
2510476,63.8427734375
2510497,36.31591796875
2510535,49.31640625
2510604,34.97314453125
2510661,33.26416015625
2510701,46.2646484375
2510732,43.45703125
2510764,37.109375
2510829,39.12353515625
2511088,33.50830078125
2511106,33.50830078125
2511170,37.29248046875
2511227,39.00146484375
2511293,38.39111328125
2511340,34.3017578125
2511481,36.1328125
2511504,36.4990234375
2511562,41.259765625
2511615,33.50830078125
2511687,39.85595703125
2511733,40.22216796875
2511766,36.865234375
2511806,38.2080078125
2511899,35.888671875
2512087,33.935546875
2512342,35.21728515625
2512406,39.73388671875
2512457,35.400390625
2512537,32.77587890625
2512600,33.26416015625
2512638,52.67333984375
2512685,35.0341796875
2512715,51.7578125
2512746,51.513671875
2512764,38.39111328125
2512785,34.1796875
2512809,42.236328125
2512848,48.4619140625
2512875,54.87060546875
2512886,32.5927734375
2512929,33.8134765625
2512940,59.9365234375
2512969,41.07666015625
2654063,36.376953125
2654093,66.83349609375
2654115,44.0673828125
2654127,72.3876953125
2654145,45.166015625
2654181,85.26611328125
2654208,60.11962890625
2654230,68.359375
2654241,37.53662109375
2654259,39.306640625
2654281,34.7900390625
2654471,35.09521484375
2654537,36.56005859375
2654594,34.66796875
2654687,33.02001953125
2654750,34.72900390625
2654786,33.5693359375
2654874,36.7431640625
2655001,34.7900390625
2655054,36.43798828125
2655102,40.10009765625
2655128,34.60693359375
2655144,44.0673828125
2655232,35.15625
2655283,33.0810546875
2655387,32.8369140625
2655428,40.58837890625
2655476,44.00634765625
2655505,41.19873046875
2655672,32.8369140625
2655860,41.8701171875
2655914,32.77587890625
2655940,42.90771484375
2655953,35.400390625
2655995,39.6728515625
2656047,34.72900390625
2656110,35.2783203125
2656158,49.62158203125
2656215,39.24560546875
2656256,32.53173828125
2656274,32.89794921875
2656295,39.00146484375
2656371,35.82763671875
2656409,33.75244140625
2703781,36.9873046875
2703811,49.49951171875
2703832,50.048828125
2703859,74.462890625
2703878,48.4619140625
2703890,61.767578125
2703912,66.5283203125
2703922,94.90966796875
2703944,54.3212890625
2703963,48.9501953125
2703979,40.22216796875
2704002,40.0390625
2704021,39.6728515625
2704058,33.14208984375
2704093,43.5791015625
2704156,40.22216796875
2704177,36.7431640625
2704223,45.34912109375
2704258,35.5224609375
2704304,32.8369140625
2704350,39.4287109375
2704403,39.55078125
2704433,38.818359375
2704556,44.12841796875
2704691,34.36279296875
2704759,32.5927734375
2704851,36.7431640625
2704897,32.5927734375
2705103,35.33935546875
2705153,40.771484375
2705177,34.423828125
2705240,34.3017578125
2705308,34.85107421875
2705442,37.2314453125
2705472,34.97314453125
2705488,34.5458984375
2705664,37.59765625
2705729,34.24072265625
2705772,40.71044921875
2705788,42.78564453125
2705908,37.59765625
2705965,36.19384765625
2706002,35.46142578125
2706037,35.2783203125
2706048,38.75732421875
2706064,35.33935546875
2746080,36.1328125
2746335,44.12841796875
2746401,38.0859375
2746411,37.4755859375
2746472,55.908203125
2746491,34.72900390625
2746504,66.83349609375
2746528,51.1474609375
2746539,45.2880859375
2746557,45.83740234375
2746571,57.12890625
2746587,46.9970703125
2746597,34.72900390625
2746624,46.7529296875
2746654,44.12841796875
2746681,81.11572265625
2746694,49.4384765625
2746717,43.51806640625
2746748,50.6591796875
2746803,32.5927734375
2746856,39.9169921875
2747002,33.203125
2747107,32.89794921875
2747212,36.07177734375
2747393,36.07177734375
2747446,34.11865234375
2747472,45.654296875
2747524,34.11865234375
2747535,44.43359375
2747626,34.3017578125
2747697,33.02001953125
2747753,52.1240234375
2747765,32.958984375
2747793,32.958984375
2747910,32.65380859375
2747966,36.62109375
2747987,36.56005859375
2748070,33.02001953125
2748379,35.09521484375
2748575,49.01123046875
2748606,37.17041015625
2748667,43.27392578125
2748690,42.05322265625
2748712,34.1796875
2748753,33.14208984375
2748788,34.1796875
2748816,36.865234375
2748855,32.8369140625
2748883,43.212890625
2748896,48.33984375
2748925,45.8984375
2748939,35.33935546875
2748966,36.865234375
2748985,34.912109375
2749105,36.1328125
2857475,45.95947265625
2857513,32.71484375
2857534,53.03955078125
2857546,74.0966796875
2857572,39.48974609375
2857585,38.9404296875
2857612,47.7294921875
2857628,77.880859375
2857657,58.28857421875
2857672,47.54638671875
2857683,49.01123046875
2857716,37.90283203125
2857729,47.9736328125
2857739,36.43798828125
2857810,34.7900390625
2857884,38.2080078125
2857949,46.7529296875
2857971,33.63037109375
2857985,36.865234375
2858018,33.75244140625
2858205,38.63525390625
2858225,32.53173828125
2858272,44.86083984375
2858284,36.80419921875
2858492,37.41455078125
2858567,35.7666015625
2858579,42.78564453125
2858693,35.64453125
2858711,54.6875
2858790,41.19873046875
2858817,39.48974609375
2858845,37.90283203125
2858869,36.865234375
2858938,42.724609375
2858951,43.45703125
2859019,36.7431640625
2859077,33.3251953125
2859159,45.654296875
2859180,33.14208984375
2978789,40.34423828125
2978828,33.50830078125
2978842,33.69140625
2978881,58.16650390625
2978914,54.26025390625
2978940,46.56982421875
2978964,56.15234375
2978979,86.12060546875
2979000,55.2978515625
2979028,46.5087890625
2979048,56.5185546875
2979075,46.5087890625
2979098,41.1376953125
2979113,33.87451171875
2979172,38.0859375
2979183,34.24072265625
2979226,35.888671875
2979326,35.400390625
2979340,37.29248046875
2979413,36.80419921875
2979821,37.65869140625
2979849,34.912109375
2979885,33.26416015625
2979952,36.9873046875
2979993,36.31591796875
2980007,41.9921875
2980063,38.26904296875
2980098,48.52294921875
2980156,46.56982421875
2980197,34.1796875
2980272,36.07177734375
2980289,34.1796875
2980305,33.447265625
2980408,34.3017578125
2980451,34.11865234375
2980570,35.888671875
2981040,33.26416015625
2981242,33.5693359375
2981351,37.841796875
2981368,37.59765625
2981391,43.51806640625
2981426,34.3017578125
2981479,48.64501953125
2981494,42.78564453125
2981522,54.26025390625
2981540,41.015625
2981557,39.97802734375
2981587,65.49072265625
2981600,37.29248046875
2981649,38.26904296875
2981676,34.0576171875
2981733,39.85595703125
3136310,38.57421875
3136322,37.7197265625
3136337,36.376953125
3136355,88.56201171875
3136368,56.2744140625
3136388,53.77197265625
3136406,70.49560546875
3136427,83.49609375
3136442,67.56591796875
3136454,49.9267578125
3136464,42.54150390625
3136488,39.0625
3136498,59.87548828125
3136520,43.27392578125
3136665,35.0341796875
3136696,34.60693359375
3136747,33.99658203125
3136759,38.4521484375
3136795,32.958984375
3136828,34.97314453125
3136872,47.91259765625
3136982,40.71044921875
3137023,32.958984375
3137339,34.3017578125
3137407,33.5693359375
3137472,48.27880859375
3137551,35.2783203125
3137564,33.3251953125
3137632,35.0341796875
3137644,43.3349609375
3137676,35.58349609375
3137823,35.33935546875
3137947,34.85107421875
3138633,40.0390625
3138667,35.58349609375
3138677,37.353515625
3138771,33.0810546875
3138808,46.56982421875
3138838,40.1611328125
3138852,34.48486328125
3138910,32.65380859375
3138924,33.447265625
3138938,37.04833984375
3138973,40.83251953125
3139034,36.31591796875
3139105,32.89794921875
3222104,33.02001953125
3222790,40.8935546875
3247499,42.6025390625
3247515,59.2041015625
3247547,49.4384765625
3247574,59.38720703125
3247593,82.6416015625
3247603,68.17626953125
3247618,63.96484375
3247640,39.0625
3247668,68.2373046875
3247706,40.34423828125
3247808,36.19384765625
3247909,41.80908203125
3247944,33.0810546875
3248155,33.38623046875
3248205,35.400390625
3248240,32.958984375
3248261,35.21728515625
3248312,33.02001953125
3248457,34.48486328125
3248594,36.7431640625
3248668,33.87451171875
3248689,38.26904296875
3248736,33.0810546875
3248780,43.64013671875
3249025,32.5927734375
3249249,33.935546875
3249611,33.63037109375
3249843,32.958984375
3249888,34.11865234375
3249913,41.50390625
3249930,33.447265625
3250010,42.96875
3250035,38.57421875
3250061,45.166015625
3250091,35.46142578125
3250111,33.26416015625
3250129,36.865234375
3250196,35.888671875
3250243,32.958984375
3432159,48.095703125
3432178,43.27392578125
3432218,34.97314453125
3432245,49.74365234375
3432261,50.048828125
3432279,34.36279296875
3432291,37.7197265625
3432310,64.14794921875
3432328,37.4755859375
3432357,56.15234375
3432370,40.8935546875
3432443,34.48486328125
3432553,35.7666015625
3432585,43.8232421875
3432693,42.48046875
3432738,37.90283203125
3432787,32.71484375
3432864,35.09521484375
3433119,38.87939453125
3433164,34.60693359375
3433283,42.78564453125
3433298,34.36279296875
3433433,32.958984375
3433445,32.77587890625
3433487,44.61669921875
3433525,39.97802734375
3433551,46.9970703125
3433626,41.80908203125
3433679,44.677734375
3433707,40.4052734375
3433955,37.7197265625
3434550,33.69140625
3434602,33.14208984375
3434620,39.55078125
3434648,57.373046875
3434665,34.0576171875
3434684,40.46630859375
3434707,48.03466796875
3434728,50.23193359375
3434751,53.77197265625
3434766,53.22265625
3434825,43.51806640625
3434865,38.818359375
3434919,42.29736328125
3434959,32.65380859375
3435014,38.4521484375
3550321,35.21728515625
3550356,64.5751953125
3550375,40.4052734375
3550386,59.814453125
3550405,46.81396484375
3550425,47.36328125
3550437,38.57421875
3550458,62.43896484375
3550472,79.58984375
3550488,47.54638671875
3550521,33.935546875
3550582,39.48974609375
3550682,34.85107421875
3550761,46.875
3550874,34.97314453125
3551042,43.701171875
3551072,34.97314453125
3551121,37.65869140625
3551378,35.58349609375
3551521,33.935546875
3551557,33.8134765625
3551605,38.57421875
3551620,34.912109375
3551704,35.09521484375
3551766,35.5224609375
3551788,35.400390625
3551859,33.203125
3551929,40.58837890625
3552013,35.2783203125
3552026,40.0390625
3552426,32.5927734375
3552584,37.53662109375
3552688,35.7666015625
3552821,34.72900390625
3552839,36.43798828125
3552875,35.15625
3552897,34.85107421875
3552940,32.53173828125
3552972,56.2744140625
3553001,36.865234375
3553013,38.4521484375
3553034,37.04833984375
3553072,33.87451171875
3553110,36.19384765625
3553141,44.25048828125
3553176,36.2548828125
3704995,43.15185546875
3705029,77.20947265625
3705063,80.01708984375
3705079,61.1572265625
3705109,37.353515625
3705130,70.98388671875
3705153,66.40625
3705211,40.6494140625
3705317,34.11865234375
3705346,38.0859375
3705366,37.9638671875
3705449,33.447265625
3705673,34.66796875
3705818,37.9638671875
3705970,34.66796875
3706034,37.90283203125
3706135,40.34423828125
3706213,36.2548828125
3706229,34.66796875
3706266,36.4990234375
3706402,35.400390625
3706420,45.95947265625
3706497,37.53662109375
3706535,33.14208984375
3706576,33.38623046875
3706644,33.38623046875
3706667,35.46142578125
3706768,34.97314453125
3706913,37.53662109375
3707286,36.0107421875
3707375,32.71484375
3707411,49.13330078125
3707522,36.9873046875
3707561,46.56982421875
3707574,34.48486328125
3707609,38.9404296875
3707685,42.6025390625
3707729,43.0908203125
3707744,35.09521484375
3860691,51.3916015625
3860704,39.794921875
3860729,47.18017578125
3860747,52.8564453125
3860772,69.82421875
3860784,39.36767578125
3860803,45.83740234375
3860821,82.3974609375
3860838,61.8896484375
3860857,46.9970703125
3860879,41.8701171875
3860912,50.72021484375
3860957,44.921875
3860998,37.53662109375
3861053,36.07177734375
3861064,54.62646484375
3861168,33.99658203125
3861413,44.189453125
3861559,33.50830078125
3861801,37.841796875
3861881,43.39599609375
3861958,33.50830078125
3862020,36.1328125
3862080,36.376953125
3862164,38.4521484375
3862348,36.56005859375
3862914,38.51318359375
3863073,35.46142578125
3863096,32.71484375
3863121,40.95458984375
3863151,44.921875
3863186,50.84228515625
3863297,34.5458984375
3863333,41.32080078125
3863358,61.95068359375
3863374,36.865234375
3863424,34.11865234375
3863463,38.6962890625
3863480,39.24560546875
3918717,35.888671875
3964713,34.11865234375
3964740,79.04052734375
3964750,75.25634765625
3964773,66.89453125
3964795,39.00146484375
3964810,72.1435546875
3964820,43.15185546875
3964870,36.4990234375
3964882,35.46142578125
3964968,40.52734375
3964999,48.095703125
3965031,34.97314453125
3965061,53.28369140625
3965169,34.1796875
3965253,35.09521484375
3965296,36.865234375
3965404,47.30224609375
3965433,39.55078125
3965510,33.935546875
3965609,33.63037109375
3965638,34.48486328125
3965689,44.61669921875
3965745,36.92626953125
3965774,35.0341796875
3965901,32.65380859375
3965915,35.15625
3965997,33.0810546875
3966010,35.82763671875
3966048,34.0576171875
3966220,34.912109375
3966261,38.6962890625
3966321,34.36279296875
3966487,38.02490234375
3966696,34.1796875
3966781,41.80908203125
3966806,35.21728515625
3966949,41.1376953125
3966973,35.0341796875
3966997,37.90283203125
3967014,34.66796875
3967052,34.24072265625
3967069,36.9873046875
3967082,43.212890625
3967092,40.283203125
3967120,55.35888671875
3967172,34.48486328125
3967198,32.53173828125
4112227,32.77587890625
4112305,49.98779296875
4112332,40.8935546875
4112345,62.56103515625
4112357,47.2412109375
4112384,91.552734375
4112398,38.02490234375
4112419,49.37744140625
4112433,48.52294921875
4112458,77.2705078125
4112468,44.677734375
4112486,42.54150390625
4112515,41.9921875
4112539,33.63037109375
4112597,36.62109375
4112662,33.3251953125
4112796,33.50830078125
4112883,33.02001953125
4112906,34.72900390625
4112933,33.3251953125
4112989,35.888671875
4113042,34.3017578125
4113230,37.41455078125
4113308,35.09521484375
4113371,32.65380859375
4113466,36.865234375
4113535,33.0810546875
4113604,40.95458984375
4113688,42.3583984375
4113766,33.99658203125
4114091,34.7900390625
4114460,34.24072265625
4114487,44.5556640625
4114520,33.447265625
4114562,36.865234375
4114602,33.3251953125
4114614,33.203125
4114671,39.0625
4114696,35.400390625
4114717,37.2314453125
4114769,34.1796875
4114804,41.19873046875
4171196,48.64501953125
4171220,34.11865234375
4171238,67.56591796875
4171249,38.57421875
4171259,33.14208984375
4171273,56.640625
4171290,69.15283203125
4171304,52.18505859375
4171320,41.07666015625
4171344,51.33056640625
4171371,41.80908203125
4171391,40.0390625
4171426,38.87939453125
4171437,41.56494140625
4171467,37.4755859375
4171496,33.99658203125
4171711,33.447265625
4171962,37.53662109375
4172025,33.5693359375
4172084,35.15625
4172126,39.9169921875
4172186,33.75244140625
4172208,36.19384765625
4172222,32.53173828125
4172275,35.400390625
4172435,33.87451171875
4172487,39.73388671875
4172516,36.56005859375
4172578,35.21728515625
4172645,36.9873046875
4172786,36.80419921875
4172880,39.85595703125
4172947,34.3017578125
4173030,36.376953125
4173059,36.376953125
4173208,40.95458984375
4173247,34.423828125
4173280,33.26416015625
4173308,33.38623046875
4173386,38.87939453125
4173417,36.31591796875
4173466,32.5927734375
4173476,37.90283203125
4173523,39.73388671875
4173557,38.63525390625
4337722,34.0576171875
4337741,56.7626953125
4337758,33.5693359375
4337785,49.86572265625
4337814,75.98876953125
4337826,52.24609375
4337844,79.89501953125
4337858,34.48486328125
4337883,67.93212890625
4337896,49.74365234375
4337935,33.02001953125
4337972,37.841796875
4338069,34.36279296875
4338089,43.27392578125
4338136,34.912109375
4338170,34.85107421875
4338213,40.10009765625
4338315,33.50830078125
4338413,33.935546875
4338533,43.76220703125
4338878,40.46630859375
4338919,38.0859375
4338979,38.2080078125
4339019,34.36279296875
4339054,48.7060546875
4339199,36.1328125
4339283,37.65869140625
4339318,33.3251953125
4339365,37.78076171875
4339927,33.38623046875
4340059,39.00146484375
4340113,33.0810546875
4340185,40.58837890625
4340200,48.2177734375
4340230,37.29248046875
4340241,34.3017578125
4340254,43.27392578125
4340309,40.771484375
4340341,33.50830078125
4340373,35.0341796875
4340430,46.2646484375
4461674,39.00146484375
4461703,39.73388671875
4461726,47.66845703125
4461749,66.22314453125
4461764,51.94091796875
4461788,74.3408203125
4461807,64.51416015625
4461830,57.31201171875
4461848,36.80419921875
4461861,57.06787109375
4461879,51.6357421875
4461900,36.9873046875
4461918,39.48974609375
4461954,41.1376953125
4461987,41.8701171875
4462080,42.29736328125
4462115,35.2783203125
4462148,34.5458984375
4462186,33.26416015625
4462205,34.48486328125
4462385,39.12353515625
4462554,34.48486328125
4462737,32.71484375
4462785,32.77587890625
4462808,43.64013671875
4462861,37.41455078125
4462879,35.5224609375
4462936,32.8369140625
4463008,40.4052734375
4463019,44.921875
4463047,33.75244140625
4463088,33.935546875
4463179,34.11865234375
4463268,33.02001953125
4463304,33.447265625
4463349,32.53173828125
4463423,38.87939453125
4463618,36.9873046875
4463722,41.44287109375
4463858,32.71484375
4463895,32.71484375
4463917,33.50830078125
4463961,48.52294921875
4463986,35.400390625
4464022,34.60693359375
4464113,46.20361328125
4539986,33.0810546875
4540013,45.2880859375
4540032,64.14794921875
4540065,73.91357421875
4540079,77.45361328125
4540102,81.4208984375
4540120,67.56591796875
4540133,93.32275390625
4540153,39.9169921875
4540181,64.8193359375
4540207,39.61181640625
4540271,40.34423828125
4540284,40.10009765625
4540322,33.14208984375
4540354,40.1611328125
4540386,33.5693359375
4540437,37.29248046875
4540522,33.447265625
4540580,34.0576171875
4540633,50.537109375
4540685,32.65380859375
4540738,39.4287109375
4540805,36.19384765625
4540854,43.8232421875
4540918,37.53662109375
4541105,34.5458984375
4541161,35.33935546875
4541220,43.76220703125
4541240,36.43798828125
4541286,41.259765625
4541353,35.09521484375
4541391,44.73876953125
4541829,33.935546875
4542032,34.912109375
4542125,36.9873046875
4542207,43.701171875
4542276,35.15625
4542287,40.71044921875
4542345,44.0673828125
4542385,39.6728515625
4542412,37.29248046875
4542466,37.59765625
4542568,34.72900390625
4683581,36.19384765625
4683630,40.58837890625
4683654,39.97802734375
4683681,79.28466796875
4683710,56.09130859375
4683723,64.5751953125
4683749,64.14794921875
4683779,68.54248046875
4683808,40.6494140625
4683825,33.38623046875
4683864,51.08642578125
4683891,37.65869140625
4684014,33.99658203125
4684062,46.56982421875
4684188,33.02001953125
4684221,33.69140625
4684275,37.41455078125
4684376,37.17041015625
4684412,36.9873046875
4684550,33.87451171875
4684578,41.015625
4684637,39.00146484375
4684748,40.46630859375
4684772,33.63037109375
4684830,41.50390625
4684909,34.11865234375
4685002,36.43798828125
4685027,39.97802734375
4685055,35.400390625
4685108,37.2314453125
4685199,33.203125
4685243,34.11865234375
4685497,36.9873046875
4685773,37.17041015625
4685873,33.203125
4685987,55.48095703125
4686029,44.677734375
4686065,36.0107421875
4686076,33.75244140625
4686156,45.34912109375
4686174,37.04833984375
4686203,37.2314453125
4686230,42.41943359375
4686277,38.02490234375
4686301,34.66796875
4686350,45.8984375
4686371,36.31591796875
4686431,40.1611328125
