4798001,0
3037,49.1943359375
43502,41.56494140625
44640,112.060546875
91663,42.54150390625
116162,42.17529296875
118972,42.90771484375
130376,41.56494140625
130492,44.49462890625
145689,45.5322265625
145900,41.93115234375
145983,53.5888671875
146051,44.43359375
146064,59.326171875
146237,53.8330078125
146386,45.7763671875
146814,43.15185546875
147010,44.25048828125
147458,52.001953125
162188,46.2646484375
162938,44.86083984375
187249,41.50390625
187396,54.3212890625
187746,42.1142578125
187925,44.0673828125
187962,46.2646484375
188129,44.189453125
188538,43.0908203125
188684,41.44287109375
193434,42.48046875
193465,56.94580078125
193489,46.2646484375
193587,62.01171875
193640,51.3916015625
193720,43.27392578125
193802,57.12890625
193856,45.47119140625
193930,45.8984375
193972,86.42578125
193992,42.6025390625
194099,53.955078125
194192,44.49462890625
194519,48.33984375
195436,48.52294921875
195680,46.20361328125
195925,44.3115234375
196369,46.0205078125
196603,41.32080078125
196864,42.05322265625
225553,41.6259765625
227137,42.41943359375
239047,100.341796875
239066,46.69189453125
241956,42.96875
243465,43.64013671875
274331,48.76708984375
274346,52.91748046875
290853,115.29541015625
290887,53.64990234375
294866,45.34912109375
296223,42.96875
318898,41.93115234375
319841,43.64013671875
330629,45.10498046875
344480,43.39599609375
361404,41.44287109375
382332,50.29296875
382420,42.54150390625
382447,42.66357421875
395802,41.3818359375
395906,46.20361328125
396005,45.654296875
396254,43.9453125
396269,47.4853515625
396371,41.44287109375
396417,42.29736328125
413757,47.91259765625
413862,41.80908203125
413879,58.04443359375
413924,46.142578125
413936,46.32568359375
413980,55.908203125
414015,54.443359375
414027,91.73583984375
414061,65.7958984375
414075,57.0068359375
414106,44.98291015625
414224,45.59326171875
414238,75.439453125
414272,47.30224609375
414290,42.05322265625
414337,48.33984375
414365,45.47119140625
414384,48.03466796875
414443,46.20361328125
414485,51.69677734375
414548,47.8515625
414561,42.236328125
414822,55.419921875
414933,45.83740234375
415124,46.9970703125
416290,41.3818359375
417024,46.93603515625
418268,42.96875
419756,42.3583984375
443015,42.05322265625
455082,41.80908203125
461193,44.00634765625
461283,110.53466796875
462027,46.69189453125
463025,44.5556640625
464595,45.59326171875
465214,51.08642578125
482885,41.8701171875
488407,56.7626953125
488418,45.47119140625
490404,44.00634765625
492131,49.37744140625
494615,44.25048828125
494635,42.1142578125
499898,45.47119140625
501596,48.828125
502814,44.921875
505683,41.9921875
510505,43.5791015625
534805,43.88427734375
534840,131.8359375
534901,54.99267578125
534935,97.10693359375
534945,57.55615234375
535388,45.0439453125
535907,44.12841796875
536138,44.25048828125
552032,102.84423828125
552196,42.236328125
561528,46.69189453125
561795,42.3583984375
561971,41.3818359375
562037,42.78564453125
563065,42.66357421875
579115,44.12841796875
589709,46.44775390625
589823,47.91259765625
589838,47.9736328125
596289,41.32080078125
618814,107.23876953125
618830,95.5810546875
619692,124.93896484375
624324,49.560546875
624350,81.48193359375
624374,44.3115234375
624403,68.17626953125
624423,71.83837890625
624456,44.12841796875
624467,122.61962890625
624503,49.4384765625
624536,63.4765625
624581,51.3916015625
624608,51.7578125
624620,48.7060546875
624695,47.05810546875
624713,46.2646484375
624838,69.3359375
624994,44.37255859375
625075,44.37255859375
625356,41.80908203125
625431,43.15185546875
625591,58.53271484375
648408,44.37255859375
667176,118.408203125
667261,87.7685546875
667290,50.23193359375
678383,44.3115234375
678451,56.0302734375
681246,42.17529296875
682655,47.18017578125
683341,52.18505859375
683997,42.1142578125
688958,111.81640625
706380,43.51806640625
719945,46.93603515625
720004,44.921875
742236,52.06298828125
742251,45.8984375
742286,60.24169921875
742316,44.98291015625
742347,102.4169921875
742360,99.12109375
742384,59.5703125
742394,76.96533203125
742426,49.01123046875
742458,76.23291015625
742469,85.5712890625
742492,56.15234375
742516,44.5556640625
742562,46.5087890625
742582,52.79541015625
742613,108.58154296875
742623,126.3427734375
742644,45.41015625
742679,50.29296875
742720,59.38720703125
742744,76.904296875
742789,49.01123046875
742800,41.8701171875
742827,42.96875
742840,57.6171875
742853,44.921875
742873,44.73876953125
742939,53.77197265625
742954,58.77685546875
743072,41.6259765625
743184,47.66845703125
743196,51.3916015625
743351,64.27001953125
743667,45.8984375
747561,41.93115234375
764031,41.80908203125
768181,101.25732421875
768379,48.583984375
768596,96.923828125
768755,47.42431640625
768865,42.1142578125
768931,45.10498046875
769333,47.54638671875
770308,44.3115234375
771050,50.048828125
771368,42.724609375
771393,53.77197265625
771421,43.0908203125
771436,42.48046875
780604,45.5322265625
780631,55.908203125
780652,133.30078125
780667,127.0751953125
780784,78.91845703125
780893,94.23828125
780991,98.9990234375
781017,43.88427734375
781090,100.4638671875
781132,42.29736328125
781263,41.9921875
781342,55.96923828125
781352,101.4404296875
781386,53.3447265625
781619,42.8466796875
781653,42.48046875
781668,44.677734375
781695,111.38916015625
781938,41.8701171875
781970,53.8330078125
782053,42.8466796875
782073,46.69189453125
782519,41.80908203125
783039,44.98291015625
793276,41.32080078125
793293,134.33837890625
793400,113.46435546875
793419,133.7890625
793430,55.17578125
793798,45.654296875
794252,42.66357421875
794937,43.212890625
800830,49.072265625
804639,52.30712890625
804660,104.55322265625
804674,108.3984375
804744,41.3818359375
804843,96.86279296875
804875,98.32763671875
804916,106.14013671875
804939,55.72509765625
804995,50.78125
805177,45.34912109375
805374,113.1591796875
805573,85.63232421875
805583,54.19921875
805698,43.64013671875
805926,60.791015625
817854,42.48046875
817892,45.166015625
817997,113.6474609375
818035,100.5859375
818091,43.51806640625
818163,102.11181640625
818182,44.43359375
818269,74.462890625
818439,46.5087890625
818460,126.52587890625
818528,61.8896484375
818539,60.60791015625
818695,53.28369140625
831479,122.25341796875
831500,51.69677734375
831550,50.23193359375
831601,112.1826171875
831620,93.017578125
831680,42.41943359375
831844,48.88916015625
831864,106.3232421875
831989,101.9287109375
832215,47.05810546875
833090,42.90771484375
843468,48.33984375
843643,66.22314453125
843743,111.81640625
843755,52.42919921875
843873,88.2568359375
843887,126.3427734375
843945,59.814453125
844146,88.134765625
844304,45.654296875
844338,86.7919921875
844351,54.0771484375
844389,118.7744140625
844546,49.86572265625
856328,50.9033203125
856581,41.748046875
856604,90.63720703125
856685,93.3837890625
856714,43.51806640625
856749,100.4638671875
856763,47.54638671875
856799,106.75048828125
856813,42.8466796875
857038,83.1298828125
857396,59.814453125
857481,45.0439453125
857568,49.6826171875
857710,47.4853515625
857849,47.91259765625
858267,48.33984375
859040,42.724609375
868767,101.1962890625
868779,70.556640625
868932,141.7236328125
869289,44.98291015625
869318,45.0439453125
869662,43.0908203125
881149,106.26220703125
881171,110.29052734375
881343,128.41796875
881411,52.06298828125
881425,96.86279296875
881484,103.1494140625
881512,47.7294921875
881673,117.5537109375
881724,48.03466796875
881752,53.7109375
881848,45.59326171875
881904,43.27392578125
882120,62.07275390625
882469,44.3115234375
895386,129.08935546875
895544,49.01123046875
895593,51.69677734375
895622,106.62841796875
895634,60.97412109375
895750,98.9990234375
895782,56.2744140625
895993,115.05126953125
896026,50.23193359375
896044,51.26953125
896065,44.12841796875
896165,42.48046875
896198,67.87109375
896372,107.177734375
896565,45.41015625
896585,43.0908203125
909119,44.49462890625
909182,47.36328125
909209,41.3818359375
909361,46.2646484375
909548,103.57666015625
909615,55.11474609375
909628,116.02783203125
909722,53.89404296875
909886,111.87744140625
909917,44.12841796875
910136,44.3115234375
910561,103.45458984375
923639,51.3916015625
923679,95.5810546875
923818,42.48046875
923874,63.65966796875
923889,174.62158203125
923907,85.693359375
923948,41.50390625
924041,58.2275390625
924051,44.61669921875
924104,45.7763671875
924156,106.3232421875
924181,61.279296875
924191,61.70654296875
924234,42.1142578125
924260,52.67333984375
924276,51.513671875
924310,75.37841796875
924337,143.85986328125
924389,108.21533203125
924404,71.22802734375
924414,134.33837890625
924438,72.021484375
924477,43.64013671875
924526,62.43896484375
924546,114.07470703125
924572,108.94775390625
924785,43.212890625
937948,45.71533203125
938242,42.54150390625
938527,98.0224609375
938747,105.65185546875
938761,49.31640625
938784,44.12841796875
938805,119.62890625
938944,60.24169921875
939177,41.748046875
939513,45.654296875
940133,42.54150390625
952553,117.67578125
952564,49.8046875
952590,116.5771484375
952649,53.77197265625
952678,41.50390625
952769,80.62744140625
952780,117.12646484375
952803,46.20361328125
952815,54.5654296875
952851,41.50390625
952867,47.607421875
952927,45.7763671875
952987,42.96875
953045,45.71533203125
953062,68.05419921875
953086,119.2626953125
953321,108.45947265625
953332,80.2001953125
953362,69.88525390625
953827,46.630859375
966108,44.98291015625
966199,42.66357421875
966384,42.05322265625
966456,41.50390625
966745,46.7529296875
966844,42.54150390625
966956,92.46826171875
966967,154.60205078125
967014,55.5419921875
967251,44.61669921875
967786,46.5087890625
979954,54.5654296875
980053,41.8701171875
980071,42.05322265625
980124,97.2900390625
980154,99.79248046875
980282,119.5068359375
980312,90.02685546875
980325,118.5302734375
980348,48.583984375
980367,47.54638671875
980410,61.767578125
980427,56.33544921875
980437,51.45263671875
980462,106.99462890625
980472,68.603515625
980504,93.1396484375
980542,46.93603515625
980566,49.86572265625
980593,51.7578125
980603,101.4404296875
980678,48.2177734375
980700,84.28955078125
993863,55.5419921875
993936,43.5791015625
993959,114.2578125
993978,45.34912109375
994158,125.42724609375
994177,112.9150390625
994329,41.3818359375
994520,110.90087890625
994552,52.91748046875
994750,95.88623046875
994824,46.44775390625
994843,83.6181640625
994879,43.9453125
995499,56.0302734375
1006901,43.5791015625
1007012,41.56494140625
1007593,65.00244140625
1007729,49.62158203125
1007875,41.44287109375
1007965,91.552734375
1008005,63.232421875
1008038,133.1787109375
1008089,43.27392578125
1008129,53.52783203125
1008203,104.00390625
1008215,138.5498046875
1008323,43.76220703125
1008581,43.39599609375
1008654,46.2646484375
1009123,52.734375
1021623,117.7978515625
1021905,109.55810546875
1021967,148.74267578125
1022246,42.236328125
1022866,47.36328125
1022882,44.7998046875
1022919,41.8701171875
1023729,47.05810546875
1032527,111.4501953125
1033116,44.25048828125
1033137,41.9921875
1033427,43.212890625
1033637,44.12841796875
1033816,47.91259765625
1033855,54.26025390625
1034099,43.02978515625
1034425,67.93212890625
1035938,41.80908203125
1044310,88.43994140625
1044484,52.06298828125
1044643,100.7080078125
1044655,41.8701171875
1044692,109.4970703125
1044742,44.61669921875
1045245,43.27392578125
1045598,57.2509765625
1045655,43.8232421875
1046112,44.37255859375
1047458,44.3115234375
1057857,43.45703125
1058009,42.48046875
1058100,95.458984375
1058110,61.1572265625
1058333,116.14990234375
1058411,103.94287109375
1058701,42.66357421875
1058743,45.0439453125
1058826,55.419921875
1059137,43.3349609375
1059260,52.24609375
1059306,42.66357421875
1069915,47.607421875
1069938,101.5625
1069957,101.806640625
1070071,47.119140625
1070138,48.64501953125
1070158,44.37255859375
1070551,78.55224609375
1070587,96.00830078125
1071010,44.98291015625
1071065,46.32568359375
1071372,45.41015625
1081708,45.83740234375
1081960,44.25048828125
1082304,81.0546875
1082618,46.142578125
1082630,141.357421875
1082676,99.42626953125
1096318,42.17529296875
1096671,47.42431640625
1096804,109.619140625
1096833,49.01123046875
1096915,88.2568359375
1097140,41.80908203125
1097600,54.87060546875
1097687,58.2275390625
1098095,42.17529296875
1113740,49.4384765625
1113957,88.623046875
1113983,47.05810546875
1114031,110.595703125
1114767,43.39599609375
1114865,41.748046875
1114898,47.05810546875
1114921,108.70361328125
1115061,57.4951171875
1115375,43.3349609375
1115395,57.9833984375
1116408,49.86572265625
1116679,46.56982421875
1130461,46.20361328125
1130871,49.31640625
1132159,45.47119140625
1132304,99.365234375
1132325,53.466796875
1132388,44.677734375
1133501,42.236328125
1146083,46.56982421875
1146503,44.73876953125
1146558,54.8095703125
1146693,131.591796875
1146733,42.90771484375
1147083,48.88916015625
1147241,42.41943359375
1147263,119.384765625
1147295,46.875
1147513,96.49658203125
1163029,41.32080078125
1164033,44.3115234375
1174430,50.78125
1174630,48.88916015625
1174660,52.24609375
1174677,43.0908203125
1174691,49.8046875
1175028,106.50634765625
1175312,44.0673828125
1183330,42.724609375
1183679,43.45703125
1183699,164.36767578125
1183738,53.52783203125
1183772,46.38671875
1183826,101.37939453125
1183860,106.87255859375
1183876,42.1142578125
1183893,48.9501953125
1183927,56.2744140625
1183999,124.93896484375
1184009,43.27392578125
1184032,49.01123046875
1184073,44.49462890625
1184096,42.17529296875
1184158,43.27392578125
1184322,43.0908203125
1184446,55.419921875
1184487,44.73876953125
1184507,112.24365234375
1184610,47.30224609375
1184630,55.419921875
1200537,46.56982421875
1201515,43.64013671875
1201731,44.12841796875
1201821,47.42431640625
1219356,42.41943359375
1219823,43.64013671875
1221371,48.2177734375
1223200,47.18017578125
1223267,46.08154296875
1223328,110.83984375
1223392,52.001953125
1223471,45.2880859375
1223538,41.68701171875
1223572,103.33251953125
1224002,99.79248046875
1253782,46.38671875
1256266,43.15185546875
1258105,47.4853515625
1271236,42.236328125
1272876,52.001953125
1275056,44.5556640625
1276384,47.8515625
1279089,46.56982421875
1279138,42.48046875
1292226,44.25048828125
1292991,59.4482421875
1293058,54.0771484375
1293070,51.6357421875
1293118,92.041015625
1293167,45.83740234375
1293181,56.0302734375
1293299,47.54638671875
1293314,41.6259765625
1293388,49.01123046875
1293516,79.04052734375
1293598,51.7578125
1294310,41.9921875
1294376,44.12841796875
1315047,50.78125
1315747,94.3603515625
1330421,44.5556640625
1331054,43.88427734375
1331784,44.61669921875
1331916,43.51806640625
1331948,44.86083984375
1331977,44.98291015625
1331988,74.76806640625
1332023,43.15185546875
1332172,49.072265625
1332192,48.583984375
1332277,54.62646484375
1332299,52.18505859375
1332316,64.8193359375
1332349,99.853515625
1332385,48.9501953125
1332397,45.59326171875
1332420,43.701171875
1332459,52.79541015625
1332483,43.88427734375
1332502,51.025390625
1332577,45.47119140625
1332616,56.57958984375
1332627,53.5888671875
1332643,62.6220703125
1332664,42.90771484375
1332680,46.69189453125
1332723,45.10498046875
1332769,42.236328125
1332787,43.9453125
1332923,68.29833984375
1333075,41.9921875
1333193,45.83740234375
1343084,42.78564453125
1344599,41.32080078125
1350452,43.0908203125
1355245,42.96875
1359570,49.37744140625
1360765,42.48046875
1360799,44.189453125
1361644,45.0439453125
1368589,44.37255859375
1371676,46.81396484375
1380153,42.05322265625
1381310,41.748046875
1382255,41.8701171875
1382302,52.67333984375
1382404,47.8515625
1384166,47.42431640625
1397462,42.29736328125
1403174,41.50390625
1405136,41.748046875
1405691,44.61669921875
1420300,43.64013671875
1421605,41.3818359375
1421630,47.119140625
1421655,46.08154296875
1421665,51.6357421875
1421701,47.18017578125
1421718,106.62841796875
1421752,84.9609375
1421811,65.673828125
1421835,78.125
1421856,42.78564453125
1421893,47.30224609375
1421924,41.748046875
1421968,55.7861328125
1421981,50.6591796875
1421998,55.48095703125
1422027,48.4619140625
1422039,41.9921875
1422100,46.38671875
1422127,43.8232421875
1458180,42.724609375
1458751,42.78564453125
1472801,109.619140625
1473012,46.875
1477493,42.724609375
1490771,47.79052734375
1505338,42.90771484375
1507552,45.34912109375
1509042,43.15185546875
1511145,62.6220703125
1511280,41.50390625
1511492,49.25537109375
1511630,102.35595703125
1512116,45.22705078125
1513028,47.54638671875
1522590,43.5791015625
1544113,46.875
1544841,43.02978515625
1545162,41.56494140625
1546054,44.49462890625
1565622,48.33984375
1565651,41.56494140625
1566151,47.18017578125
1585088,41.80908203125
1585221,97.900390625
1585252,148.74267578125
1585410,83.67919921875
1585473,47.119140625
1595096,45.34912109375
1602878,44.677734375
1604285,44.3115234375
1622395,41.68701171875
1622625,48.40087890625
1622812,42.05322265625
1622953,41.80908203125
1623451,41.6259765625
1623687,42.90771484375
1643229,47.7294921875
1646941,60.11962890625
1647188,41.748046875
1648957,50.9033203125
1655311,45.71533203125
1655661,42.17529296875
1656032,45.2880859375
1656119,41.68701171875
1656836,44.61669921875
1656864,54.8095703125
1656925,45.166015625
1656935,51.1474609375
1656959,59.75341796875
1656993,54.6875
1657023,45.71533203125
1657076,44.73876953125
1657087,69.15283203125
1657106,133.23974609375
1657198,52.24609375
1657226,57.06787109375
1657253,45.2880859375
1657290,58.28857421875
1657306,61.46240234375
1657319,47.119140625
1657346,43.9453125
1657445,47.30224609375
1657583,48.095703125
1657614,55.419921875
1657834,59.87548828125
1657935,44.37255859375
1677069,43.88427734375
1683445,45.8984375
1694548,51.025390625
1694574,46.7529296875
1694847,43.64013671875
1696401,46.38671875
1712752,103.45458984375
1712872,86.60888671875
1712943,70.556640625
1713950,46.5087890625
1713987,41.3818359375
1715160,48.40087890625
1716265,44.677734375
1732199,42.96875
1734843,47.79052734375
1735021,46.93603515625
1736440,50.84228515625
1736836,43.9453125
1737130,41.44287109375
1749166,47.119140625
1749742,118.5302734375
1756312,50.537109375
1756493,41.93115234375
1761664,46.5087890625
1761765,46.81396484375
1761821,113.22021484375
1761903,96.86279296875
1775357,44.3115234375
1775512,43.39599609375
1775698,46.9970703125
1775730,45.95947265625
1775740,61.4013671875
1775759,95.88623046875
1775799,49.49951171875
1775824,51.81884765625
1775858,54.443359375
1775879,67.07763671875
1775905,43.212890625
1775947,52.06298828125
1775973,62.92724609375
1776035,41.32080078125
1776072,80.6884765625
1776098,138.5498046875
1776118,78.857421875
1776166,47.42431640625
1776190,111.14501953125
1776200,106.01806640625
1776238,76.904296875
1776279,49.37744140625
1776302,44.7998046875
1776314,48.828125
1776347,64.27001953125
1776360,51.7578125
1776427,60.9130859375
1776455,58.10546875
1776472,64.39208984375
1776491,47.30224609375
1776538,81.60400390625
1776556,133.11767578125
1776571,50.29296875
1776620,46.81396484375
1776714,42.48046875
1776758,50.6591796875
1776800,44.3115234375
1776834,47.66845703125
1776895,42.54150390625
1777140,61.1572265625
1777428,49.01123046875
1778012,48.15673828125
1781052,43.02978515625
1786425,44.49462890625
1789887,42.1142578125
1791342,43.9453125
1793020,41.3818359375
1804459,41.80908203125
1808052,51.94091796875
1816549,41.6259765625
1822195,47.2412109375
1822339,41.8701171875
1822429,42.1142578125
1822458,67.7490234375
1822470,115.05126953125
1822505,71.47216796875
1822529,49.98779296875
1822549,42.8466796875
1822577,49.1943359375
1822599,52.734375
1822613,47.4853515625
1822680,56.09130859375
1822694,53.5888671875
1822735,48.9501953125
1822872,46.9970703125
1823062,44.0673828125
1823319,46.5087890625
1823633,45.5322265625
1839555,47.7294921875
1839813,45.0439453125
1840144,50.537109375
1840277,44.00634765625
1852241,43.64013671875
1854217,41.32080078125
1855084,53.1005859375
1855362,42.90771484375
1855756,45.95947265625
1855827,43.76220703125
1856019,46.08154296875
1856088,45.8984375
1856260,50.96435546875
1856483,44.43359375
1856655,56.2744140625
1856797,56.70166015625
1873091,47.05810546875
1873181,46.630859375
1873227,45.22705078125
1873289,42.96875
1873334,54.50439453125
1873370,53.03955078125
1873384,144.22607421875
1873408,79.52880859375
1873443,44.0673828125
1873485,43.8232421875
1873526,41.6259765625
1873546,43.45703125
1874246,45.47119140625
1891578,46.08154296875
1894359,50.47607421875
1894388,43.3349609375
1894424,44.43359375
1894473,45.654296875
1894559,48.52294921875
1894579,44.12841796875
1894609,55.5419921875
1894619,157.53173828125
1894693,62.68310546875
1894708,47.05810546875
1894753,52.30712890625
1910604,42.54150390625
1912258,51.3916015625
1912462,48.52294921875
1912570,58.837890625
1912598,43.64013671875
1912628,45.59326171875
1912997,42.1142578125
1913158,43.212890625
1935208,46.81396484375
1935503,51.26953125
1935522,51.08642578125
1935593,56.5185546875
1935709,52.06298828125
1935755,48.40087890625
1935779,44.37255859375
1935817,149.10888671875
1935835,142.27294921875
1935852,93.68896484375
1935868,61.1572265625
1935942,53.1005859375
1935977,56.57958984375
1936015,41.32080078125
1936047,51.94091796875
1936080,43.45703125
1936140,41.748046875
1936155,117.61474609375
1936195,42.17529296875
1936236,43.27392578125
1936645,43.88427734375
1954055,42.6025390625
1956106,55.35888671875
1956155,44.86083984375
1956495,42.3583984375
1956758,45.59326171875
1956962,48.33984375
1956974,48.40087890625
1970258,43.701171875
1970557,100.76904296875
1970667,99.365234375
1970727,49.31640625
1976039,41.6259765625
1976102,46.56982421875
1976241,46.142578125
1976677,43.27392578125
1976895,51.513671875
1977176,53.16162109375
1977193,138.48876953125
1977286,46.81396484375
1977774,44.5556640625
1996628,55.908203125
1996730,44.0673828125
1996760,45.41015625
1996785,54.87060546875
1996799,74.40185546875
1996834,205.87158203125
1996862,59.63134765625
1996879,70.98388671875
1996933,56.7626953125
1996949,67.87109375
1996959,146.8505859375
1996981,55.7861328125
1996991,41.748046875
1997026,42.8466796875
1997056,53.7109375
1997076,47.119140625
1997090,63.04931640625
1997127,42.96875
1997155,80.74951171875
1997166,109.92431640625
1997201,54.87060546875
1997216,81.298828125
1997256,45.654296875
1997292,48.095703125
1997340,45.654296875
1997491,46.142578125
1997714,45.654296875
1997826,42.6025390625
1997957,45.83740234375
2000948,45.10498046875
2013916,42.29736328125
2014580,43.15185546875
2017549,46.38671875
2019851,46.875
2021123,95.21484375
2021194,41.80908203125
2021366,53.16162109375
2022425,47.30224609375
2032925,44.921875
2032984,62.92724609375
2033007,41.32080078125
2033063,48.4619140625
2033080,113.83056640625
2033100,92.041015625
2033112,58.41064453125
2033156,111.572265625
2033185,67.81005859375
2033195,50.35400390625
2033233,70.00732421875
2033247,82.1533203125
2033264,70.25146484375
2033294,67.32177734375
2033304,138.00048828125
2033322,123.22998046875
2033341,53.5888671875
2033365,96.74072265625
2033388,67.32177734375
2033416,94.66552734375
2033440,132.2021484375
2033458,79.77294921875
2033491,102.35595703125
2033520,74.52392578125
2033550,111.2060546875
2033560,165.52734375
2033576,63.232421875
2033597,75.1953125
2033612,83.80126953125
2033626,85.3271484375
2033659,52.18505859375
2033674,72.44873046875
2033684,69.27490234375
2033699,84.716796875
2033716,77.33154296875
2033732,60.72998046875
2033742,78.43017578125
2033757,57.80029296875
2033783,66.162109375
2033802,57.92236328125
2033835,45.34912109375
2033870,65.24658203125
2033899,53.5888671875
2033955,47.18017578125
2033991,42.05322265625
2034019,61.767578125
2034038,42.6025390625
2034051,52.3681640625
2034074,48.64501953125
2034162,48.33984375
2034209,43.88427734375
2034223,73.3642578125
2034301,72.32666015625
2034321,52.3681640625
2034390,60.24169921875
2034413,45.83740234375
2034426,42.17529296875
2034469,50.96435546875
2034510,64.0869140625
2034536,45.71533203125
2034606,102.60009765625
2034616,42.3583984375
2034690,66.650390625
2034713,62.43896484375
2034739,57.7392578125
2034792,81.11572265625
2034906,45.8984375
2034928,73.66943359375
2035093,55.6640625
2035123,49.13330078125
2035224,44.12841796875
2035457,56.2744140625
2035656,46.142578125
2035764,46.630859375
2035780,45.83740234375
2036063,41.748046875
2036305,53.16162109375
2036976,45.8984375
2038729,44.37255859375
2038808,86.42578125
2038830,43.0908203125
2039520,43.51806640625
2041290,43.15185546875
2041658,41.93115234375
2043029,44.3115234375
2043470,44.37255859375
2043679,48.15673828125
2046662,44.00634765625
2046940,42.05322265625
2056222,50.84228515625
2056613,98.81591796875
2056753,50.47607421875
2056779,50.6591796875
2056900,73.8525390625
2056982,52.30712890625
2057027,53.466796875
2057070,41.32080078125
2057200,123.53515625
2057222,59.814453125
2057749,45.41015625
2064315,45.34912109375
2064887,93.994140625
2064975,84.716796875
2065119,42.96875
2065156,110.29052734375
2065195,47.91259765625
2065240,85.14404296875
2065254,53.5888671875
2065584,54.74853515625
2065605,47.42431640625
2065641,51.025390625
2065670,131.591796875
2065709,41.6259765625
2065807,84.5947265625
2065844,72.3876953125
2065864,49.98779296875
2065875,50.35400390625
2065925,51.69677734375
2074842,58.04443359375
2075198,42.8466796875
2075303,60.24169921875
2075387,51.08642578125
2075470,92.46826171875
2075561,78.4912109375
2075576,79.9560546875
2075660,43.27392578125
2075808,41.9921875
2075875,45.2880859375
2075891,125.244140625
2075905,107.5439453125
2076185,52.67333984375
2077092,41.32080078125
2084173,56.15234375
2084502,47.18017578125
2084587,47.54638671875
2084662,113.34228515625
2084682,76.59912109375
2084730,66.7724609375
2084822,124.51171875
2084885,48.9501953125
2084926,54.931640625
2084950,107.48291015625
2085003,41.6259765625
2085055,52.06298828125
2085204,52.06298828125
2085295,99.2431640625
2085386,90.14892578125
2085973,41.80908203125
2086119,44.7998046875
2086251,41.6259765625
2094031,49.86572265625
2094096,41.9921875
2094107,43.3349609375
2094300,94.1162109375
2094341,70.1904296875
2094371,78.06396484375
2094407,42.41943359375
2094501,104.1259765625
2094621,101.50146484375
2094640,43.15185546875
2094738,43.51806640625
2095012,41.93115234375
2095352,42.96875
2095366,127.44140625
2095419,45.654296875
2103725,44.61669921875
2103936,41.9921875
2104431,41.8701171875
2104522,44.00634765625
2104569,90.14892578125
2104601,120.7275390625
2104623,135.3759765625
2104660,41.56494140625
2104686,70.556640625
2104728,47.30224609375
2104766,57.06787109375
2104821,42.41943359375
2104842,104.98046875
2104858,41.9921875
2104879,114.013671875
2104892,45.47119140625
2104961,82.94677734375
2105046,42.05322265625
2105107,49.98779296875
2115476,43.02978515625
2115544,41.9921875
2115653,41.748046875
2115711,45.83740234375
2115795,97.59521484375
2115833,100.2197265625
2115899,53.3447265625
2115915,44.0673828125
2115947,63.4765625
2115962,46.7529296875
2115986,52.24609375
2116009,42.78564453125
2116023,181.94580078125
2116054,46.875
2116081,81.6650390625
2116112,47.79052734375
2116123,50.1708984375
2116153,91.49169921875
2116173,68.2373046875
2116196,43.212890625
2116214,43.9453125
2116252,136.962890625
2116272,41.32080078125
2116459,45.71533203125
2127345,42.41943359375
2127534,92.46826171875
2127549,54.99267578125
2127620,86.24267578125
2127646,43.701171875
2127666,88.9892578125
2127698,112.060546875
2127732,43.9453125
2127751,90.63720703125
2127763,48.7060546875
2127795,242.919921875
2127816,47.66845703125
2127843,130.4931640625
2127872,84.1064453125
2127885,46.44775390625
2127895,74.40185546875
2127922,99.2431640625
2127937,60.24169921875
2127953,159.60693359375
2127970,97.7783203125
2127989,66.71142578125
2128033,66.10107421875
2128051,113.70849609375
2128080,81.9091796875
2128109,92.95654296875
2128135,108.21533203125
2128154,58.349609375
2128192,90.6982421875
2128203,110.3515625
2128231,71.47216796875
2128249,46.0205078125
2128274,67.9931640625
2128292,80.62744140625
2128324,85.38818359375
2128370,76.7822265625
2128384,86.73095703125
2128408,74.15771484375
2128447,50.048828125
2128465,72.57080078125
2128484,44.37255859375
2128556,72.32666015625
2128572,85.75439453125
2128591,56.09130859375
2128644,55.11474609375
2128666,57.9833984375
2128682,57.06787109375
2128737,77.2705078125
2128774,41.9921875
2129062,52.490234375
2129798,54.13818359375
2130963,47.2412109375
2131376,41.9921875
2132370,41.32080078125
2132977,43.02978515625
2141870,47.119140625
2142279,105.40771484375
2142358,43.76220703125
2142415,128.5400390625
2142448,41.9921875
2142463,95.39794921875
2142477,78.857421875
2142492,41.56494140625
2142570,51.7578125
2142721,46.08154296875
2142752,47.30224609375
2142784,48.40087890625
2142997,50.23193359375
2143051,51.6357421875
2143586,47.42431640625
2156830,43.8232421875
2156906,43.76220703125
2156923,110.595703125
2156980,48.828125
2156995,42.05322265625
2157012,42.8466796875
2157047,150.390625
2157062,120.7275390625
2157112,83.8623046875
2157130,72.44873046875
2157153,41.9921875
2157176,95.703125
2157198,112.3046875
2157215,51.7578125
2157231,49.1943359375
2157279,79.58984375
2157289,42.05322265625
2157354,52.42919921875
2157371,44.0673828125
2157500,47.91259765625
2157571,99.4873046875
2157588,95.703125
2157617,48.4619140625
2170101,42.236328125
2170166,42.41943359375
2170210,109.19189453125
2170229,41.80908203125
2170272,45.71533203125
2170304,96.8017578125
2170314,65.0634765625
2170355,93.81103515625
2170367,43.0908203125
2170394,42.29736328125
2170414,102.72216796875
2170432,65.61279296875
2170459,112.24365234375
2170482,239.3798828125
2170508,68.359375
2170542,90.88134765625
2170563,100.341796875
2170575,80.99365234375
2170613,52.001953125
2170645,53.8330078125
2170660,51.81884765625
2170694,44.5556640625
2170713,140.56396484375
2170727,49.13330078125
2170769,75.0732421875
2170785,45.0439453125
2170809,84.28955078125
2170826,43.76220703125
2171386,42.48046875
2183566,43.9453125
2183634,100.89111328125
2183648,67.3828125
2183669,48.7060546875
2183684,54.99267578125
2183695,120.1171875
2183738,104.4921875
2183757,89.53857421875
2183784,74.462890625
2183801,149.71923828125
2183830,182.0068359375
2183856,103.33251953125
2183888,136.1083984375
2183907,75.25634765625
2183929,86.42578125
2183940,161.7431640625
2183978,131.40869140625
2183988,54.5654296875
2184006,71.6552734375
2184016,58.9599609375
2184034,58.10546875
2184057,101.9287109375
2184082,71.4111328125
2184096,125.6103515625
2184114,56.640625
2184137,69.15283203125
2184148,74.03564453125
2184173,106.62841796875
2184199,84.9609375
2184225,97.412109375
2184235,56.2744140625
2184265,94.482421875
2184280,59.75341796875
2184310,55.48095703125
2184323,59.26513671875
2184343,64.51416015625
2184383,67.626953125
2184399,79.58984375
2184439,54.443359375
2184464,57.06787109375
2184482,79.04052734375
2184521,47.30224609375
2184533,46.93603515625
2184567,57.18994140625
2184618,49.9267578125
2184638,49.4384765625
2184652,46.630859375
2184665,43.15185546875
2184693,48.9501953125
2184711,41.56494140625
2184733,44.677734375
2184747,92.22412109375
2184774,82.70263671875
2184791,46.81396484375
2184848,49.62158203125
2184867,48.64501953125
2184922,48.27880859375
2184955,83.55712890625
2184986,41.748046875
2185075,44.98291015625
2185089,84.9609375
2185201,55.23681640625
2185219,49.13330078125
2185293,62.255859375
2185315,58.65478515625
2185509,64.14794921875
2185578,52.30712890625
2185833,62.8662109375
2186781,44.921875
2187187,44.921875
2189222,43.9453125
2198200,46.0205078125
2198285,43.88427734375
2198305,43.701171875
2198369,110.7177734375
2198419,41.93115234375
2198438,104.79736328125
2198480,48.76708984375
2198515,85.02197265625
2198541,45.166015625
2198552,48.2177734375
2198573,45.22705078125
2198588,42.29736328125
2198628,42.90771484375
2198698,109.619140625
2198717,83.6181640625
2198746,42.90771484375
2198858,43.3349609375
2198926,44.5556640625
2199213,42.236328125
2208165,42.96875
2208312,46.5087890625
2208391,43.27392578125
2208419,124.0234375
2208432,41.9921875
2208453,63.04931640625
2208492,45.95947265625
2208583,92.041015625
2208603,112.6708984375
2208632,46.5087890625
2208679,43.02978515625
2208700,67.93212890625
2208746,52.978515625
2208767,121.9482421875
2208867,95.64208984375
2208907,47.4853515625
2208987,65.0634765625
2209057,44.61669921875
2219313,46.20361328125
2219338,54.443359375
2219352,48.64501953125
2219411,43.64013671875
2219424,45.71533203125
2219434,43.9453125
2219489,89.7216796875
2219500,80.38330078125
2219528,58.28857421875
2219538,104.1259765625
2219562,92.4072265625
2219591,81.787109375
2219601,52.8564453125
2219663,46.93603515625
2219710,44.5556640625
2219741,48.64501953125
2219773,41.6259765625
2219948,99.853515625
2219965,64.39208984375
2219994,66.83349609375
2220020,48.40087890625
2220098,42.17529296875
2220323,41.56494140625
2220337,76.72119140625
2220562,52.30712890625
2221293,44.98291015625
2233515,75.5615234375
2233566,51.20849609375
2233586,102.84423828125
2233611,128.23486328125
2233636,41.748046875
2233654,109.55810546875
2233665,100.76904296875
2233691,55.72509765625
2233706,48.9501953125
2233724,47.119140625
2233746,125.9765625
2233764,113.34228515625
2233774,73.54736328125
2233799,44.7998046875
2233823,43.02978515625
2233895,42.3583984375
2233930,80.74951171875
2233948,42.1142578125
2233995,64.02587890625
2234015,42.54150390625
2234056,46.5087890625
2234095,73.54736328125
2234143,43.8232421875
2234163,95.15380859375
2234194,45.22705078125
2234228,53.28369140625
2234297,46.81396484375
2234311,60.1806640625
2234335,89.05029296875
2234422,45.22705078125
2234445,48.76708984375
2234575,101.74560546875
2234794,81.54296875
2235296,46.2646484375
2249212,43.701171875
2249235,42.6025390625
2249307,97.83935546875
2249318,60.1806640625
2249339,52.6123046875
2249354,76.5380859375
2249366,72.021484375
2249383,41.93115234375
2249398,70.1904296875
2249413,65.0634765625
2249424,125.42724609375
2249444,50.23193359375
2249470,52.79541015625
2249483,71.4111328125
2249503,87.58544921875
2249517,173.27880859375
2249542,124.20654296875
2249560,56.70166015625
2249716,47.119140625
2249850,50.78125
2250208,46.38671875
2250378,45.41015625
2262808,65.673828125
2262843,119.81201171875
2262863,156.06689453125
2262876,46.7529296875
2262901,81.1767578125
2262925,169.5556640625
2262938,55.72509765625
2262948,52.18505859375
2262958,57.43408203125
2262997,119.5068359375
2263012,58.2275390625
2263041,182.373046875
2263058,122.314453125
2263081,116.39404296875
2263113,143.310546875
2263135,100.9521484375
2263147,88.2568359375
2263164,63.8427734375
2263184,137.39013671875
2263207,126.0986328125
2263232,56.2744140625
2263249,54.8095703125
2263284,126.953125
2263303,50.96435546875
2263327,116.2109375
2263346,80.26123046875
2263359,65.185546875
2263376,115.6005859375
2263410,54.19921875
2263420,45.59326171875
2263447,54.443359375
2263478,94.970703125
2263490,55.2978515625
2263508,62.92724609375
2263526,79.1015625
2263544,50.23193359375
2263581,77.08740234375
2263593,56.0302734375
2263636,62.19482421875
2263665,41.80908203125
2263682,78.30810546875
2263718,61.82861328125
2263775,80.50537109375
2263789,49.25537109375
2263824,72.69287109375
2263885,41.9921875
2263901,51.6357421875
2263922,54.99267578125
2264038,70.6787109375
2264110,97.0458984375
2264217,41.80908203125
2264344,61.09619140625
2264409,52.67333984375
2264559,43.8232421875
2265007,74.951171875
2265885,43.701171875
2267046,43.64013671875
2268029,42.724609375
2268437,43.76220703125
2268683,44.5556640625
2275691,43.64013671875
2275716,49.01123046875
2275735,100.64697265625
2275756,41.748046875
2275814,62.68310546875
2275842,119.5068359375
2275902,46.32568359375
2275964,48.52294921875
2276016,56.33544921875
2276088,121.09375
2276099,88.5009765625
2276123,43.45703125
2276266,109.31396484375
2276386,62.744140625
2276682,45.8984375
2289747,44.73876953125
2289784,46.630859375
2289818,43.8232421875
2289840,120.7275390625
2289863,184.26513671875
2289886,69.4580078125
2289917,61.95068359375
2289928,61.5234375
2289941,99.79248046875
2289951,112.548828125
2289970,49.072265625
2290018,133.85009765625
2290038,52.18505859375
2290067,44.98291015625
2290084,54.443359375
2290196,115.1123046875
2290218,50.59814453125
2290456,87.21923828125
2303013,41.44287109375
2303043,45.47119140625
2303092,45.47119140625
2303105,44.86083984375
2303135,42.96875
2303153,104.3701171875
2303194,50.84228515625
2303249,81.84814453125
2303279,90.9423828125
2303308,43.5791015625
2303347,45.59326171875
2303358,78.4912109375
2303394,46.38671875
2303425,90.2099609375
2303455,50.72021484375
2303501,42.236328125
2303521,42.724609375
2303551,42.96875
2303571,92.59033203125
2303599,84.8388671875
2303611,54.26025390625
2303626,46.0205078125
2303650,41.68701171875
2303730,45.95947265625
2303755,82.763671875
2303778,42.236328125
2303801,46.08154296875
2317625,46.32568359375
2317660,91.4306640625
2317672,47.91259765625
2317710,133.48388671875
2317739,94.78759765625
2317749,179.443359375
2317767,117.5537109375
2317797,132.01904296875
2317807,72.08251953125
2317829,64.75830078125
2317843,111.4501953125
2317870,147.705078125
2317882,125.42724609375
2317908,77.69775390625
2317932,92.529296875
2317945,176.8798828125
2317972,60.60791015625
2317998,54.13818359375
2318010,85.75439453125
2318032,167.05322265625
2318057,97.7783203125
2318088,104.30908203125
2318117,121.64306640625
2318131,105.5908203125
2318156,78.55224609375
2318170,48.76708984375
2318183,62.98828125
2318205,41.8701171875
2318234,86.60888671875
2318259,83.19091796875
2318279,49.74365234375
2318307,49.01123046875
2318330,53.1005859375
2318346,57.80029296875
2318356,108.09326171875
2318375,42.29736328125
2318406,76.11083984375
2318417,48.15673828125
2318456,72.265625
2318495,54.19921875
2318513,47.607421875
2318544,66.89453125
2318565,42.41943359375
2318594,59.9365234375
2318613,42.8466796875
2318635,41.68701171875
2318677,43.02978515625
2318701,52.3681640625
2318742,41.56494140625
2318773,50.23193359375
2318881,61.279296875
2318902,62.1337890625
2318920,50.78125
2319020,42.54150390625
2319030,68.78662109375
2319056,43.9453125
2319122,75.13427734375
2319147,62.98828125
2319248,48.828125
2319265,80.56640625
2319479,84.89990234375
2319668,66.22314453125
2319866,45.83740234375
2320071,53.22265625
2320591,43.51806640625
2320935,41.9921875
2334285,41.68701171875
2334310,41.6259765625
2334394,94.23828125
2334406,50.6591796875
2334512,42.236328125
2334624,43.02978515625
2334717,108.09326171875
2334769,91.73583984375
2334781,52.001953125
2334815,46.44775390625
2334839,53.28369140625
2334968,44.921875
2335020,41.93115234375
2335309,42.724609375
2346734,43.9453125
2346778,52.490234375
2346864,47.607421875
2346887,42.236328125
2346943,116.2109375
2347078,46.0205078125
2347108,107.91015625
2347123,45.59326171875
2347265,56.82373046875
2347289,95.15380859375
2347311,47.42431640625
2347334,44.12841796875
2347357,104.6142578125
2347381,50.78125
2347707,53.5888671875
2348022,46.81396484375
2359612,43.51806640625
2359729,123.59619140625
2359766,63.17138671875
2359785,46.2646484375
2359831,45.22705078125
2359889,42.8466796875
2359935,41.748046875
2359948,114.56298828125
2359973,52.6123046875
2360023,117.24853515625
2360093,111.87744140625
2360122,52.001953125
2360176,176.08642578125
2360188,53.40576171875
2360263,45.47119140625
2360363,43.9453125
2373656,43.5791015625
2373786,44.61669921875
2373850,96.19140625
2373875,103.69873046875
2373897,56.884765625
2373917,99.365234375
2373928,51.8798828125
2373941,42.90771484375
2373951,45.166015625
2373975,48.2177734375
2373998,43.3349609375
2374032,115.05126953125
2374043,106.26220703125
2374078,42.05322265625
2374097,63.04931640625
2374107,53.89404296875
2374139,122.86376953125
2374157,53.955078125
2374169,59.38720703125
2374184,134.70458984375
2374221,48.33984375
2374254,143.49365234375
2374272,63.720703125
2374284,48.095703125
2374330,88.19580078125
2374346,51.3916015625
2374396,47.66845703125
2374592,45.34912109375
2387225,43.701171875
2387247,42.05322265625
2387280,90.88134765625
2387296,82.82470703125
2387308,41.748046875
2387320,84.8388671875
2387343,89.599609375
2387353,45.2880859375
2387383,59.4482421875
2387410,46.875
2387424,163.2080078125
2387449,50.59814453125
2387468,61.21826171875
2387494,56.15234375
2387504,186.03515625
2387534,60.1806640625
2387547,114.07470703125
2387602,44.49462890625
2387640,57.92236328125
2387686,45.83740234375
2388623,41.44287109375
2403089,57.43408203125
2403131,41.68701171875
2403145,47.607421875
2403191,121.39892578125
2403208,50.29296875
2403224,45.22705078125
2403234,58.7158203125
2403265,75.62255859375
2403299,130.37109375
2403313,141.90673828125
2403325,110.9619140625
2403356,98.44970703125
2403387,117.5537109375
2403407,67.56591796875
2403420,52.24609375
2403455,94.54345703125
2403475,252.01416015625
2403486,68.603515625
2403510,49.86572265625
2403540,80.078125
2403552,103.21044921875
2403567,86.669921875
2403592,61.6455078125
2403605,62.19482421875
2403631,77.1484375
2403658,88.92822265625
2403675,52.8564453125
2403686,84.5947265625
2403702,74.64599609375
2403725,57.9833984375
2403746,57.6171875
2403760,46.7529296875
2403778,50.72021484375
2403811,90.14892578125
2403822,51.8798828125
2403834,42.78564453125
2403856,58.4716796875
2403881,42.66357421875
2403892,74.462890625
2403903,78.55224609375
2403975,49.86572265625
2403995,66.71142578125
2404023,42.8466796875
2404102,83.1298828125
2404135,85.8154296875
2404265,47.79052734375
2406299,41.32080078125
2406559,41.3818359375
2419763,47.36328125
2419796,46.630859375
2419812,106.26220703125
2419887,43.02978515625
2419900,118.10302734375
2419934,43.02978515625
2419962,111.572265625
2419997,49.98779296875
2420356,52.91748046875
2420383,95.03173828125
2420420,42.41943359375
2420463,55.17578125
2438084,42.1142578125
2438180,50.6591796875
2438281,113.8916015625
2438302,191.34521484375
2438319,54.01611328125
2438335,79.04052734375
2438349,44.73876953125
2438379,106.689453125
2438391,190.00244140625
2438417,66.10107421875
2438430,68.78662109375
2438451,72.93701171875
2438470,70.86181640625
2438493,87.0361328125
2438505,151.55029296875
2438537,96.923828125
2438559,59.5703125
2438581,78.06396484375
2438602,234.619140625
2438624,94.482421875
2438652,99.853515625
2438662,53.22265625
2438689,91.30859375
2438755,84.04541015625
2438903,45.59326171875
2438922,70.61767578125
2438934,67.19970703125
2439070,85.0830078125
2439214,52.79541015625
2456239,42.29736328125
2456456,86.73095703125
2456501,94.29931640625
2456538,92.59033203125
2456588,58.2275390625
2456603,56.0302734375
2456636,46.630859375
2456705,97.2900390625
2456716,67.81005859375
2457022,111.2060546875
2457102,41.9921875
2457147,45.2880859375
2457264,45.0439453125
2476823,45.7763671875
2476865,111.9384765625
2476903,41.6259765625
2476990,62.92724609375
2477003,116.5771484375
2477038,96.13037109375
2477065,196.4111328125
2477087,74.5849609375
2477105,52.3681640625
2477127,159.97314453125
2477150,53.1005859375
2477170,71.71630859375
2477187,43.64013671875
2477219,180.6640625
2477232,162.90283203125
2477273,77.45361328125
2477289,186.8896484375
2477313,81.1767578125
2477330,69.39697265625
2477346,53.1005859375
2477378,53.3447265625
2477395,53.03955078125
2477428,113.28125
2477444,114.07470703125
2477470,62.19482421875
2477522,58.9599609375
2477532,50.1708984375
2477576,45.654296875
2477671,91.12548828125
2478004,42.05322265625
2478043,52.30712890625
2478216,41.93115234375
2478265,42.236328125
2496348,42.6025390625
2496498,42.90771484375
2496693,57.31201171875
2496720,96.86279296875
2496804,123.71826171875
2496836,83.80126953125
2497045,43.5791015625
2497074,46.38671875
2497386,41.6259765625
2497495,42.3583984375
2513336,50.1708984375
2513427,45.71533203125
2513558,44.49462890625
2513577,42.1142578125
2513630,106.99462890625
2513843,47.119140625
2513969,93.505859375
2513981,102.35595703125
2513994,102.5390625
2514271,50.23193359375
2532927,44.00634765625
2533295,97.0458984375
2533313,45.2880859375
2533462,80.2001953125
2533549,78.43017578125
2533670,44.61669921875
2646853,47.91259765625
2647768,43.15185546875
2754091,47.05810546875
2768699,61.34033203125
2768759,98.2666015625
2768776,111.083984375
2768800,88.43994140625
2768813,81.787109375
2768855,92.28515625
2768874,54.87060546875
2768900,52.734375
2768929,191.46728515625
2768947,44.25048828125
2768958,111.14501953125
2768976,56.640625
2769002,68.359375
2769019,81.4208984375
2769044,134.82666015625
2769068,52.91748046875
2769081,51.26953125
2769115,127.38037109375
2769141,47.36328125
2769160,47.7294921875
2769189,45.0439453125
2769218,55.23681640625
2769237,89.78271484375
2769264,47.36328125
2769300,44.49462890625
2769321,55.7861328125
2769343,88.43994140625
2769353,76.904296875
2769399,47.9736328125
2769432,45.2880859375
2769444,61.767578125
2769516,50.35400390625
2769531,64.94140625
2769549,78.61328125
2769560,82.3974609375
2769600,60.85205078125
2769632,46.32568359375
2769655,60.05859375
2769666,51.8798828125
2769759,51.69677734375
2769779,56.2744140625
2769794,45.5322265625
2769880,44.43359375
2769890,55.72509765625
2769903,58.65478515625
2769979,47.05810546875
2770064,42.41943359375
2770099,53.466796875
2770187,49.4384765625
2770218,44.86083984375
2770360,52.1240234375
2770390,43.02978515625
2770525,41.8701171875
2770615,57.4951171875
2770628,54.5654296875
2770733,46.44775390625
2770762,49.072265625
2770939,43.9453125
2771085,41.44287109375
2771431,55.23681640625
2771569,42.236328125
2772579,48.52294921875
2773882,42.8466796875
2776451,41.32080078125
2776882,41.3818359375
2888218,43.3349609375
2957247,50.84228515625
2957315,54.38232421875
2957340,121.64306640625
2957366,60.9130859375
2957395,105.5908203125
2957411,41.32080078125
2957440,95.21484375
2957461,75.50048828125
2957483,127.8076171875
2957504,88.134765625
2957520,45.166015625
2957530,43.5791015625
2957551,45.0439453125
2957573,84.89990234375
2957585,78.67431640625
2957609,142.7001953125
2957619,64.697265625
2957630,61.8896484375
2957649,47.79052734375
2957666,53.466796875
2957695,95.5810546875
2957722,72.265625
2957756,55.11474609375
2957770,43.212890625
2957807,59.14306640625
2957817,117.00439453125
2957850,93.32275390625
2957883,43.3349609375
2957922,47.9736328125
2957936,74.8291015625
2957972,41.68701171875
2957992,54.01611328125
2958015,47.2412109375
2958044,48.76708984375
2958057,67.56591796875
2958067,70.9228515625
2958084,75.62255859375
2958102,42.8466796875
2958144,46.56982421875
2958160,69.64111328125
2958170,54.5654296875
2958202,89.78271484375
2958231,65.185546875
2958255,44.73876953125
2958273,49.560546875
2958311,48.4619140625
2958322,100.03662109375
2958428,54.931640625
2958467,59.38720703125
2958544,42.29736328125
2958591,45.0439453125
2958673,70.3125
2958712,41.3818359375
2958736,41.6259765625
2958826,52.42919921875
2958933,46.38671875
2958945,59.814453125
2959066,49.1943359375
2959111,44.12841796875
2959130,53.7109375
2959155,45.2880859375
2959266,47.8515625
2959325,47.2412109375
2959350,41.68701171875
2959707,43.88427734375
2959784,44.25048828125
2959802,41.3818359375
2959854,51.57470703125
2959950,47.119140625
2960018,50.9033203125
2960030,44.7998046875
2960614,43.76220703125
2960656,48.03466796875
2961542,51.7578125
2975081,42.17529296875
2979080,42.96875
2989462,44.73876953125
3015177,63.04931640625
3029578,44.61669921875
3030715,129.5166015625
3030735,51.1474609375
3032226,41.80908203125
3110188,51.1474609375
3110210,54.26025390625
3110248,44.43359375
3110270,41.56494140625
3110298,185.791015625
3110312,48.88916015625
3110323,46.7529296875
3110334,42.17529296875
3110353,121.88720703125
3110371,111.083984375
3110381,61.46240234375
3110403,68.29833984375
3110419,71.96044921875
3110436,59.26513671875
3110460,79.2236328125
3110472,59.9365234375
3110482,42.29736328125
3110518,208.06884765625
3110544,66.7724609375
3110556,95.947265625
3110581,67.07763671875
3110607,64.14794921875
3110629,55.17578125
3110641,69.03076171875
3110669,79.58984375
3110698,65.7958984375
3110711,59.14306640625
3110742,65.12451171875
3110760,50.4150390625
3110778,75.37841796875
3110795,82.94677734375
3110823,54.5654296875
3110851,51.20849609375
3110865,83.740234375
3110885,57.0068359375
3110917,60.85205078125
3110952,80.87158203125
3110974,56.21337890625
3111033,49.1943359375
3111052,74.3408203125
3111064,84.9609375
3111091,57.4951171875
3111123,50.47607421875
3111150,43.51806640625
3111169,59.99755859375
3111187,47.91259765625
3111238,49.072265625
3111257,77.880859375
3111273,60.9130859375
3111309,46.38671875
3111390,48.15673828125
3111431,74.0966796875
3111454,57.80029296875
3111554,47.79052734375
3111632,43.5791015625
3111656,51.6357421875
3111667,58.837890625
3111821,41.9921875
3111923,42.6025390625
3112034,43.5791015625
3112054,65.36865234375
3112180,55.11474609375
3112400,47.30224609375
3112551,44.3115234375
3112650,46.93603515625
3112766,43.0908203125
3112902,45.7763671875
3112919,43.9453125
3113004,49.31640625
3113101,43.701171875
3113149,96.74072265625
3117813,41.93115234375
3118297,44.7998046875
3119527,44.677734375
3121065,44.921875
3132289,42.48046875
3134608,44.73876953125
3180950,41.68701171875
3181307,41.68701171875
3181402,47.54638671875
3181414,41.56494140625
3181693,45.59326171875
3181719,41.50390625
3181816,106.201171875
3181916,96.37451171875
3181941,55.11474609375
3182351,57.43408203125
3184632,42.724609375
3184675,51.45263671875
3199020,46.32568359375
3212897,48.4619140625
3214870,42.54150390625
3214994,41.50390625
3218802,42.78564453125
3238216,45.166015625
3248840,48.03466796875
3248852,168.64013671875
3248873,68.84765625
3248893,130.7373046875
3248916,51.69677734375
3248935,83.6181640625
3248952,66.83349609375
3248975,100.03662109375
3248990,82.3974609375
3249000,81.787109375
3249027,60.9130859375
3249046,201.0498046875
3249056,58.10546875
3249078,51.8798828125
3249114,85.205078125
3249125,44.49462890625
3249152,93.68896484375
3249172,94.6044921875
3249184,70.98388671875
3249214,52.79541015625
3249240,56.33544921875
3249273,106.5673828125
3249295,57.67822265625
3249311,60.05859375
3249353,48.52294921875
3249378,65.36865234375
3249405,46.81396484375
3249434,114.74609375
3249469,103.69873046875
3249480,67.07763671875
3249505,48.40087890625
3249548,73.73046875
3249566,46.44775390625
3249579,94.66552734375
3249608,42.96875
3249655,45.8984375
3249670,76.66015625
3249713,52.24609375
3249736,83.80126953125
3249758,75.50048828125
3249797,41.748046875
3249818,61.1572265625
3249843,49.01123046875
3249878,58.349609375
3249900,53.52783203125
3249922,45.95947265625
3249941,66.83349609375
3249956,76.59912109375
3250016,45.59326171875
3250034,50.29296875
3250114,43.64013671875
3250138,49.8046875
3250180,53.8330078125
3250225,51.6357421875
3250235,83.740234375
3250342,50.23193359375
3250353,41.3818359375
3250435,51.45263671875
3250525,59.50927734375
3250618,73.1201171875
3250639,49.01123046875
3250747,44.7998046875
3250887,53.28369140625
3251002,58.65478515625
3251112,45.34912109375
3251136,42.48046875
3251461,41.748046875
3251625,46.20361328125
3251881,43.3349609375
3254693,42.29736328125
3258938,44.677734375
3260755,41.3818359375
3260948,44.61669921875
3280142,44.3115234375
3296720,43.02978515625
3299516,44.43359375
3299799,46.7529296875
3300210,115.29541015625
3300573,45.654296875
3300843,43.39599609375
3300875,45.0439453125
3303183,46.38671875
3303211,41.9921875
3304434,43.02978515625
3317542,49.49951171875
3318223,49.6826171875
3320770,43.88427734375
3320798,85.693359375
3320880,92.46826171875
3320947,84.228515625
3321185,41.56494140625
3321208,95.39794921875
3321585,101.98974609375
3321650,106.26220703125
3322461,42.17529296875
3338071,50.47607421875
3338326,46.9970703125
3339856,48.4619140625
3340026,44.98291015625
3350328,42.05322265625
3351426,48.828125
3352418,41.93115234375
3363183,58.77685546875
3378337,47.30224609375
3378407,54.99267578125
3378417,127.8076171875
3378447,46.0205078125
3378467,100.64697265625
3378482,64.208984375
3378501,52.06298828125
3378522,65.12451171875
3378546,93.75
3378565,81.1767578125
3378592,147.3388671875
3378619,48.40087890625
3378643,66.46728515625
3378665,200.0732421875
3378689,148.8037109375
3378722,54.19921875
3378744,65.5517578125
3378763,53.40576171875
3378799,190.97900390625
3378826,86.5478515625
3378864,154.6630859375
3378879,85.38818359375
3378903,51.8798828125
3378938,88.43994140625
3378973,84.53369140625
3378987,69.03076171875
3379006,58.65478515625
3379018,44.61669921875
3379044,47.42431640625
3379065,142.88330078125
3379093,47.2412109375
3379119,42.724609375
3379139,75.01220703125
3379173,70.73974609375
3379184,59.9365234375
3379223,123.47412109375
3379236,78.9794921875
3379251,42.6025390625
3379278,47.607421875
3379299,43.8232421875
3379327,78.55224609375
3379344,117.1875
3379387,41.3818359375
3379399,51.81884765625
3379444,47.8515625
3379498,52.978515625
3379526,57.4951171875
3379577,45.47119140625
3379609,68.42041015625
3379625,51.26953125
3379681,72.6318359375
3379692,67.0166015625
3379768,46.5087890625
3379787,44.5556640625
3379810,46.81396484375
3379916,48.33984375
3380111,54.62646484375
3380159,60.48583984375
3380181,58.53271484375
3380192,43.45703125
3381759,46.5087890625
3383110,43.51806640625
3383566,51.69677734375
3384088,42.41943359375
3387061,45.83740234375
3406912,46.81396484375
3407480,44.43359375
3407704,83.92333984375
3407860,94.29931640625
3408140,50.4150390625
3408673,46.08154296875
3420778,42.48046875
3421525,46.44775390625
3421722,90.27099609375
3421745,68.359375
3421900,52.3681640625
3421914,83.92333984375
3422162,45.95947265625
3422435,47.05810546875
3422449,57.31201171875
3422737,108.3984375
3422967,79.7119140625
3422985,91.85791015625
3423039,54.5654296875
3423226,43.64013671875
3423342,47.4853515625
3424219,52.24609375
3435699,102.1728515625
3435778,103.759765625
3435897,47.30224609375
3435915,76.416015625
3435930,88.43994140625
3435946,49.37744140625
3436019,42.29736328125
3436134,47.607421875
3436146,101.86767578125
3436332,45.5322265625
3436349,134.3994140625
3436608,96.5576171875
3436716,105.77392578125
3436763,42.724609375
3437333,47.119140625
3450077,104.55322265625
3450120,42.29736328125
3450155,106.8115234375
3450167,104.98046875
3450209,124.755859375
3450256,45.7763671875
3450308,46.08154296875
3450320,143.12744140625
3450464,45.95947265625
3450500,43.0908203125
3450584,120.849609375
3450824,54.19921875
3461449,41.3818359375
3464043,47.18017578125
3464148,45.654296875
3464158,91.73583984375
3464184,55.7861328125
3464241,206.60400390625
3464276,71.044921875
3464287,48.40087890625
3464310,151.0009765625
3464322,82.82470703125
3464347,86.181640625
3464365,48.583984375
3464377,79.4677734375
3464412,50.35400390625
3464442,228.515625
3464458,71.35009765625
3464477,42.6025390625
3464514,43.3349609375
3464552,111.26708984375
3464612,116.14990234375
3464623,52.001953125
3464764,109.86328125
3464859,44.86083984375
3464965,44.921875
3477337,179.443359375
3477396,48.33984375
3477413,88.07373046875
3477436,61.03515625
3477473,156.31103515625
3477484,52.001953125
3477512,46.630859375
3477531,59.14306640625
3477547,179.26025390625
3477560,66.83349609375
3477571,60.1806640625
3477592,68.2373046875
3477613,53.955078125
3477623,72.57080078125
3477652,43.0908203125
3477685,62.1337890625
3477695,54.74853515625
3477705,44.00634765625
3477735,61.8896484375
3477749,42.78564453125
3477841,43.0908203125
3477851,101.5625
3477954,44.7998046875
3478151,42.78564453125
3493089,124.0234375
3493234,56.884765625
3493262,127.86865234375
3493281,72.3876953125
3493296,77.45361328125
3493312,76.0498046875
3493340,41.3818359375
3493354,54.0771484375
3493377,57.06787109375
3493394,48.40087890625
3493405,46.2646484375
3493432,43.02978515625
3493448,91.49169921875
3493484,58.9599609375
3493512,46.38671875
3493530,65.12451171875
3493549,44.61669921875
3493568,64.697265625
3493585,47.79052734375
3493601,46.0205078125
3493624,47.54638671875
3493646,41.8701171875
3493665,65.85693359375
3493681,105.28564453125
3493697,41.9921875
3493724,51.3916015625
3493835,45.95947265625
3493965,104.18701171875
3494112,49.13330078125
3494425,46.69189453125
3510589,43.27392578125
3510740,83.55712890625
3510785,46.20361328125
3510869,41.80908203125
3510969,42.6025390625
3510993,42.48046875
3511009,112.73193359375
3511044,109.86328125
3511057,44.12841796875
3511132,84.77783203125
3511148,53.955078125
3511166,59.26513671875
3511295,45.83740234375
3511314,47.91259765625
3511552,43.02978515625
3511859,65.73486328125
3512245,44.98291015625
3524730,42.3583984375
3524791,105.224609375
3524816,150.634765625
3524830,45.2880859375
3524850,85.02197265625
3524871,112.73193359375
3524904,93.07861328125
3524939,59.38720703125
3524953,42.90771484375
3524972,42.6025390625
3524991,84.65576171875
3525017,62.19482421875
3525028,64.51416015625
3525041,192.93212890625
3525060,117.73681640625
3525084,65.4296875
3525117,46.9970703125
3525141,105.224609375
3525169,51.3916015625
3525184,46.630859375
3525229,46.44775390625
3525265,57.2509765625
3525279,48.64501953125
3525311,51.26953125
3525323,95.76416015625
3525346,42.8466796875
3525377,42.48046875
3525469,85.63232421875
3526842,43.0908203125
3527259,42.96875
3540185,41.6259765625
3540308,163.39111328125
3540335,55.23681640625
3540465,80.01708984375
3540498,76.23291015625
3540521,49.74365234375
3540543,144.34814453125
3540553,44.73876953125
3540567,58.7158203125
3540592,62.6220703125
3540632,64.51416015625
3540670,115.966796875
3540688,61.58447265625
3540701,45.41015625
3540750,46.38671875
3540780,48.33984375
3540806,41.44287109375
3541018,94.66552734375
3541100,47.42431640625
3541608,44.0673828125
3556578,47.18017578125
3556592,114.68505859375
3556742,117.37060546875
3556758,96.5576171875
3556779,119.20166015625
3556792,43.64013671875
3556811,42.724609375
3556838,123.22998046875
3556859,98.20556640625
3556871,66.58935546875
3556889,87.890625
3556918,99.365234375
3556928,91.6748046875
3556950,54.5654296875
3556971,45.8984375
3557001,89.78271484375
3557015,42.8466796875
3557029,71.96044921875
3557046,47.42431640625
3557074,49.86572265625
3557096,75.3173828125
3557113,108.82568359375
3557128,57.2509765625
3557163,42.05322265625
3557187,49.8046875
3557217,51.1474609375
3557314,83.984375
3557334,44.189453125
3557426,89.05029296875
3557569,99.67041015625
3557896,84.3505859375
3575577,44.00634765625
3577102,42.96875
3577120,119.7509765625
3577293,96.13037109375
3577326,84.53369140625
3577336,42.236328125
3577361,44.12841796875
3577401,50.96435546875
3577626,47.36328125
3577733,67.44384765625
3592051,118.83544921875
3592079,41.32080078125
3592204,122.802734375
3592227,47.66845703125
3592241,41.8701171875
3592264,76.0498046875
3592279,45.47119140625
3592294,138.73291015625
3592337,88.623046875
3592373,66.46728515625
3592393,44.37255859375
3592410,58.9599609375
3592421,56.94580078125
3592451,42.90771484375
3592507,47.05810546875
3592525,45.2880859375
3592547,103.45458984375
3592665,45.7763671875
3592759,47.66845703125
3592847,43.27392578125
3592892,44.37255859375
3593049,101.4404296875
3593135,44.00634765625
3605906,95.03173828125
3606116,47.4853515625
3606133,139.2822265625
3606155,43.9453125
3606187,49.13330078125
3606200,53.52783203125
3606226,64.3310546875
3606236,56.82373046875
3606271,97.71728515625
3606292,45.10498046875
3606410,42.48046875
3607044,42.48046875
3607201,96.13037109375
3621029,104.98046875
3621273,123.046875
3621288,44.3115234375
3621322,54.50439453125
3621334,88.134765625
3621358,49.9267578125
3621390,54.50439453125
3621436,58.28857421875
3621472,94.66552734375
3621581,44.0673828125
3621783,45.41015625
3621825,47.4853515625
3622041,51.7578125
3622065,41.8701171875
3622151,56.33544921875
3622377,58.837890625
3622392,52.24609375
3635052,133.6669921875
3635062,123.10791015625
3635085,114.2578125
3635095,77.0263671875
3635112,65.00244140625
3635140,104.4921875
3635173,43.212890625
3635223,54.5654296875
3635240,59.26513671875
3635274,71.10595703125
3635306,49.49951171875
3635317,59.9365234375
3635342,49.9267578125
3635361,47.9736328125
3635382,43.27392578125
3635420,121.2158203125
3635467,46.875
3635486,95.39794921875
3635497,59.08203125
3635540,45.7763671875
3635627,52.06298828125
3635641,184.02099609375
3635773,41.93115234375
3655399,43.701171875
3655480,69.091796875
3655512,114.80712890625
3655537,65.85693359375
3655609,83.251953125
3655681,138.12255859375
3655704,140.44189453125
3655728,76.23291015625
3655739,71.83837890625
3655767,100.9521484375
3655809,74.21875
3655821,79.345703125
3655878,44.3115234375
3655961,42.3583984375
3656097,84.3505859375
3656262,45.41015625
3656446,42.1142578125
3656465,78.61328125
3674644,83.984375
3674682,60.546875
3674711,74.64599609375
3674782,97.0458984375
3674802,43.9453125
3674856,61.279296875
3674884,62.98828125
3674905,101.50146484375
3674929,67.32177734375
3674939,96.49658203125
3674954,43.5791015625
3674994,50.35400390625
3675008,45.41015625
3675210,41.56494140625
3675287,88.68408203125
3675362,101.50146484375
3675565,46.0205078125
3675623,93.68896484375
3675638,42.3583984375
3675883,42.8466796875
3692681,57.4951171875
3692736,94.42138671875
3692884,92.34619140625
3692900,119.68994140625
3693022,53.3447265625
3693033,105.77392578125
3693058,121.52099609375
3693083,44.921875
3693253,42.48046875
3693338,107.177734375
3693435,80.74951171875
3693934,52.67333984375
3709741,42.3583984375
3711077,44.3115234375
3711178,109.31396484375
3711357,52.30712890625
3711367,79.58984375
3711436,119.44580078125
3711462,79.16259765625
3711763,100.341796875
3711869,46.20361328125
3711891,62.8662109375
3712300,49.1943359375
3712343,100.9521484375
3712370,101.9287109375
3727711,103.57666015625
3728067,108.94775390625
3728384,51.33056640625
3728684,110.65673828125
3729251,111.63330078125
3743700,54.62646484375
3743873,45.166015625
3744219,71.4111328125
3744294,45.5322265625
3744460,45.34912109375
3744471,100.76904296875
3744492,42.17529296875
3744522,54.38232421875
3745380,50.59814453125
3761183,45.7763671875
3762035,42.8466796875
3762591,86.669921875
3762738,49.8046875
3779296,44.3115234375
3779615,42.78564453125
3796006,49.1943359375
3797146,45.0439453125
3863836,44.25048828125
3863921,43.15185546875
3863957,64.3310546875
3863976,88.2568359375
3864010,122.61962890625
3864028,51.08642578125
3864039,130.4931640625
3864063,59.63134765625
3864093,46.5087890625
3864109,91.85791015625
3864130,71.59423828125
3864147,55.6640625
3864180,65.73486328125
3864195,53.52783203125
3864222,44.3115234375
3864242,94.482421875
3864263,78.9794921875
3864273,50.35400390625
3864306,64.75830078125
3864317,78.125
3864343,107.23876953125
3864355,61.58447265625
3864377,68.359375
3864409,140.56396484375
3864435,95.64208984375
3864451,75.50048828125
3864469,92.46826171875
3864501,115.234375
3864513,108.45947265625
3864523,58.4716796875
3864548,45.95947265625
3864561,74.89013671875
3864574,58.41064453125
3864610,121.09375
3864627,71.6552734375
3864646,99.609375
3864660,72.81494140625
3864670,49.4384765625
3864688,51.7578125
3864705,45.654296875
3864741,127.685546875
3864763,80.99365234375
3864779,56.15234375
3864825,64.5751953125
3864840,52.55126953125
3864865,71.6552734375
3864884,55.908203125
3864915,44.7998046875
3864929,109.19189453125
3864950,51.94091796875
3864961,41.32080078125
3864991,49.9267578125
3865017,58.4716796875
3865032,62.43896484375
3865047,101.9287109375
3865064,57.0068359375
3865139,53.64990234375
3865157,53.1005859375
3865168,43.27392578125
3865182,50.6591796875
3865228,66.58935546875
3865243,82.275390625
3865337,45.5322265625
3865380,43.88427734375
3865489,42.90771484375
3865546,45.2880859375
3865715,55.60302734375
3865743,47.8515625
3865882,41.93115234375
3866853,47.66845703125
3866994,43.76220703125
3867151,42.05322265625
3868547,43.9453125
3868680,43.64013671875
3869943,45.22705078125
3870139,45.22705078125
3870178,49.9267578125
3870345,47.30224609375
3873897,42.236328125
3876535,43.51806640625
3877822,45.0439453125
3890611,42.78564453125
3909682,45.7763671875
3910292,46.142578125
3910500,47.30224609375
3910745,44.61669921875
3924253,48.88916015625
3924294,53.64990234375
3924597,122.86376953125
3924766,95.0927734375
3924824,41.9921875
3924960,105.16357421875
3925035,44.98291015625
3925320,57.55615234375
3925631,49.8046875
3939095,47.36328125
3939389,102.05078125
3939626,41.56494140625
3940028,101.6845703125
3940146,78.79638671875
3940188,44.49462890625
3940279,41.9921875
3940437,111.99951171875
3940528,59.326171875
3940616,45.71533203125
3940627,119.93408203125
3940665,47.7294921875
3940890,49.4384765625
3954051,43.3349609375
3954448,42.96875
3954499,92.95654296875
3954654,126.77001953125
3954731,83.31298828125
3955160,102.84423828125
3955183,107.7880859375
3955196,57.06787109375
3955475,43.27392578125
3955821,44.0673828125
3970691,49.25537109375
3970949,58.837890625
3971246,41.44287109375
3971607,44.3115234375
3972110,56.884765625
3972389,83.92333984375
3983045,43.45703125
3989125,51.7578125
3989144,45.22705078125
3989309,123.71826171875
3989336,92.10205078125
3989423,79.65087890625
3989475,49.01123046875
3989566,41.80908203125
3989609,100.52490234375
3989696,93.75
3989708,121.15478515625
3989736,44.189453125
3989748,52.42919921875
3989776,72.32666015625
3989800,105.224609375
3989821,49.9267578125
3989841,57.18994140625
3989858,144.287109375
3989882,72.08251953125
3989902,61.46240234375
3989952,103.515625
3989966,101.318359375
3989992,53.52783203125
3990022,54.74853515625
3990035,49.560546875
3990064,49.74365234375
3990093,64.14794921875
3990118,65.36865234375
3990129,47.05810546875
3990167,74.21875
3990190,48.828125
3990204,73.2421875
3990245,47.42431640625
3990291,100.03662109375
3990302,108.45947265625
3990325,48.40087890625
3990344,45.7763671875
3990472,78.4912109375
3990631,47.79052734375
3992038,41.68701171875
4011450,41.3818359375
4013101,47.54638671875
4031646,51.1474609375
4031730,102.96630859375
4031791,42.48046875
4031804,127.0751953125
4031826,103.08837890625
4031869,144.775390625
4031889,60.72998046875
4031900,51.025390625
4031914,51.81884765625
4031939,122.61962890625
4031953,59.4482421875
4031977,254.21142578125
4031987,78.9794921875
4032013,146.30126953125
4032028,54.19921875
4032047,43.02978515625
4032064,48.2177734375
4032093,108.58154296875
4032119,76.47705078125
4032131,69.39697265625
4032141,69.76318359375
4032177,154.6630859375
4032189,87.0361328125
4032201,66.71142578125
4032231,45.83740234375
4032256,114.501953125
4032266,93.3837890625
4032293,99.42626953125
4032310,44.43359375
4032324,48.4619140625
4032346,69.9462890625
4032375,71.47216796875
4032390,48.88916015625
4032403,56.15234375
4032443,59.50927734375
4032454,63.4765625
4032481,64.75830078125
4032500,68.54248046875
4032517,61.58447265625
4032544,51.08642578125
4032554,45.34912109375
4032587,72.57080078125
4032620,57.373046875
4032633,44.37255859375
4032655,52.978515625
4032670,42.48046875
4032709,80.9326171875
4032742,49.072265625
4032774,48.15673828125
4032816,46.5087890625
4032848,88.0126953125
4032858,73.54736328125
4032949,69.82421875
4032967,60.36376953125
4033079,79.345703125
4033178,59.08203125
4033304,52.79541015625
4033375,47.30224609375
4033401,67.07763671875
4033428,43.15185546875
4033509,60.36376953125
4033538,59.08203125
4033644,61.95068359375
4033676,44.7998046875
4033780,56.09130859375
4033929,52.6123046875
4033962,62.98828125
4033983,45.0439453125
4034128,69.76318359375
4034206,54.8095703125
4034226,49.6826171875
4034337,74.462890625
4034692,46.630859375
4034792,43.45703125
4035813,44.43359375
4035845,48.095703125
4036078,45.71533203125
4036324,80.13916015625
4036695,41.93115234375
4037616,43.9453125
4038073,45.166015625
4039377,42.66357421875
4039919,42.1142578125
4047847,46.2646484375
4052560,44.37255859375
4054907,43.45703125
4055350,43.76220703125
4055579,91.85791015625
4056433,46.20361328125
4066333,42.90771484375
4067584,41.50390625
4067764,47.8515625
4068106,41.93115234375
4070945,47.91259765625
4079289,112.3046875
4079454,45.2880859375
4080040,42.724609375
4080487,45.41015625
4081954,43.64013671875
4099460,42.48046875
4099498,45.71533203125
4099806,45.166015625
4100116,41.8701171875
4100337,41.3818359375
4100371,41.8701171875
4100415,114.31884765625
4100512,46.20361328125
4100659,46.38671875
4101472,45.0439453125
4101735,108.642578125
4101832,107.0556640625
4110625,44.98291015625
4110663,42.90771484375
4110839,47.30224609375
4110972,45.47119140625
4111010,113.1591796875
4111137,111.81640625
4111154,42.96875
4111335,44.73876953125
4111659,41.9921875
4121404,51.20849609375
4121420,145.1416015625
4121838,63.8427734375
4122879,59.38720703125
4132669,41.9921875
4132770,41.9921875
4144470,41.9921875
4144628,41.9921875
4144796,95.5810546875
4145052,50.29296875
4145171,58.04443359375
4145408,41.80908203125
4156848,41.3818359375
4157074,42.41943359375
4157101,50.96435546875
4157114,98.93798828125
4157415,98.20556640625
4168967,41.44287109375
4169333,54.931640625
4169406,51.6357421875
4169583,45.5322265625
4181793,43.701171875
4182033,42.05322265625
4182163,46.93603515625
4182979,43.15185546875
4192534,46.7529296875
4192629,47.36328125
4192639,159.11865234375
4192930,46.5087890625
4192980,43.9453125
4193044,95.76416015625
4193154,112.3046875
4193278,98.81591796875
4194057,42.724609375
4210435,42.8466796875
4210478,50.048828125
4211019,43.5791015625
4224605,43.45703125
4225676,43.02978515625
4225738,50.59814453125
4225802,49.98779296875
4225848,43.8232421875
4226022,42.17529296875
4226160,84.04541015625
4243371,41.80908203125
4245175,48.52294921875
4257041,42.8466796875
4257308,44.73876953125
4257408,42.90771484375
4257641,44.61669921875
4257705,43.0908203125
4257751,42.8466796875
4274081,44.00634765625
4276466,47.91259765625
4299640,61.95068359375
4299702,42.29736328125
4299714,63.53759765625
4299739,46.38671875
4299803,43.76220703125
4299892,73.73046875
4299905,80.13916015625
4299938,155.1513671875
4299986,59.87548828125
4300001,100.2197265625
4300063,54.443359375
4300076,52.6123046875
4300102,41.68701171875
4300121,57.12890625
4300174,54.5654296875
4300184,49.74365234375
4300218,89.05029296875
4300228,65.12451171875
4300259,53.8330078125
4300298,48.64501953125
4300343,94.17724609375
4300386,51.1474609375
4300443,42.96875
4300498,84.3505859375
4300516,41.32080078125
4300605,52.978515625
4300714,41.93115234375
4337437,47.05810546875
4337500,43.76220703125
4337546,52.8564453125
4337580,90.8203125
4337617,51.45263671875
4337633,115.41748046875
4337675,63.17138671875
4337709,107.11669921875
4337749,99.06005859375
4337784,51.57470703125
4338048,41.80908203125
4378078,43.701171875
4411807,46.0205078125
4411873,41.93115234375
4411894,41.32080078125
4411935,137.87841796875
4411954,70.80078125
4411984,81.35986328125
4412010,58.89892578125
4412024,83.55712890625
4412054,76.904296875
4412077,79.16259765625
4412100,76.11083984375
4412118,77.1484375
4412144,161.43798828125
4412181,99.54833984375
4412199,161.9873046875
4412216,61.5234375
4412229,49.01123046875
4412242,98.20556640625
4412267,71.83837890625
4412277,59.26513671875
4412306,61.5234375
4412324,52.24609375
4412345,45.654296875
4412360,181.640625
4412382,45.47119140625
4412413,56.70166015625
4412443,123.71826171875
4412456,56.09130859375
4412497,124.81689453125
4412527,123.47412109375
4412544,144.04296875
4412580,46.875
4412590,43.64013671875
4412601,72.93701171875
4412631,80.810546875
4412664,50.72021484375
4412682,113.8916015625
4412710,55.96923828125
4412747,87.0361328125
4412764,77.45361328125
4412781,57.373046875
4412804,53.77197265625
4412815,68.115234375
4412867,168.39599609375
4412884,50.537109375
4412896,44.43359375
4412917,42.78564453125
4412932,43.64013671875
4412943,44.921875
4413044,93.68896484375
4413055,51.6357421875
4413149,45.83740234375
4413161,44.189453125
4413202,42.724609375
4413278,43.3349609375
4413401,42.236328125
4413566,53.89404296875
4413640,41.9921875
4413778,44.37255859375
4414026,60.05859375
4414266,42.6025390625
4414572,42.05322265625
4414974,42.90771484375
4416165,43.45703125
4417205,45.10498046875
4417921,41.6259765625
4421260,46.81396484375
4421466,42.05322265625
4422868,41.3818359375
4425357,44.86083984375
4437069,53.03955078125
4462850,44.12841796875
4463056,42.66357421875
4463243,43.0908203125
4463642,44.37255859375
4478235,41.44287109375
4479763,43.27392578125
4479803,43.39599609375
4480070,44.5556640625
4480499,94.7265625
4480816,50.1708984375
4494594,48.03466796875
4495008,42.3583984375
4495045,104.43115234375
4495439,44.49462890625
4495738,52.8564453125
4511595,56.21337890625
4511618,58.4716796875
4511693,95.5810546875
4511899,101.98974609375
4511943,49.4384765625
4512004,57.06787109375
4512036,44.12841796875
4512094,60.85205078125
4512105,46.875
4512126,53.7109375
4512152,88.80615234375
4512175,88.0126953125
4512192,51.26953125
4512216,54.8095703125
4512257,64.88037109375
4512283,125.54931640625
4512337,44.0673828125
4512414,142.02880859375
4512424,42.90771484375
4512483,68.359375
4512637,44.00634765625
4512662,74.951171875
4512765,71.8994140625
4512777,45.5322265625
4512802,83.43505859375
4512821,128.173828125
4512840,131.16455078125
4512862,129.69970703125
4512889,98.93798828125
4512921,79.9560546875
4512945,97.35107421875
4512960,75.1953125
4512983,46.7529296875
4513008,186.8896484375
4513038,49.86572265625
4513073,119.20166015625
4513094,79.77294921875
4513113,44.61669921875
4513125,89.7216796875
4513157,113.1591796875
4513181,87.95166015625
4513211,88.31787109375
4513225,43.9453125
4513249,48.64501953125
4513317,80.01708984375
4513333,47.42431640625
4513398,41.9921875
4513412,53.89404296875
4513497,100.64697265625
4513518,110.65673828125
4513687,43.212890625
4513702,53.1005859375
4513896,66.5283203125
4513955,43.8232421875
4514075,46.7529296875
4514328,64.94140625
4536356,43.27392578125
4560457,103.21044921875
4560725,45.34912109375
4560954,48.40087890625
4561327,45.83740234375
4561437,74.0966796875
4561524,109.4970703125
4561546,130.126953125
4561594,44.73876953125
4561618,119.0185546875
4561641,43.76220703125
4561662,42.3583984375
4561705,102.9052734375
4561726,43.27392578125
4561748,46.0205078125
4561782,43.8232421875
4561812,57.373046875
4561842,68.4814453125
4561865,122.98583984375
4561899,47.54638671875
4561909,71.2890625
4561958,61.09619140625
4561974,45.166015625
4562005,85.9375
4562039,64.697265625
4562066,46.5087890625
4587235,41.6259765625
4588723,47.607421875
4588776,47.66845703125
4588832,104.18701171875
4588878,52.79541015625
4588941,95.27587890625
4588973,108.09326171875
4588996,58.2275390625
4589016,139.7705078125
4589039,129.7607421875
4589050,44.7998046875
4589081,93.3837890625
4589097,250.6103515625
4589121,87.09716796875
4589141,64.27001953125
4589152,160.21728515625
4589172,93.994140625
4589192,75.8056640625
4589224,107.91015625
4589242,85.75439453125
4589267,76.35498046875
4589279,62.1337890625
4589307,156.43310546875
4589320,180.0537109375
4589336,69.15283203125
4589375,90.39306640625
4589401,72.32666015625
4589420,94.1162109375
4589433,44.189453125
4589462,66.83349609375
4589486,53.28369140625
4589507,55.48095703125
4589528,148.25439453125
4589543,58.53271484375
4589561,58.10546875
4589575,61.1572265625
4589626,116.8212890625
4589643,51.94091796875
4589677,42.66357421875
4589721,122.00927734375
4589748,50.1708984375
4589840,45.59326171875
4589868,93.68896484375
4589927,41.93115234375
4589972,45.8984375
4590023,42.1142578125
4590089,54.443359375
4590119,77.69775390625
4590164,42.236328125
4590312,50.35400390625
4590324,82.1533203125
4590562,61.6455078125
4590573,43.88427734375
4590756,43.212890625
4602078,41.8701171875
4622527,45.47119140625
4622733,43.02978515625
4627240,42.66357421875
4627659,50.1708984375
4627802,54.8095703125
4627829,43.39599609375
4628606,44.0673828125
4628832,58.9599609375
4628862,53.40576171875
4629049,96.6796875
4629314,44.0673828125
4629338,87.890625
4650403,44.43359375
4653059,43.27392578125
4653177,46.630859375
4653228,121.27685546875
4653282,82.8857421875
4653295,47.66845703125
4653384,133.72802734375
4653406,166.93115234375
4653420,52.79541015625
4653431,212.82958984375
4653457,82.1533203125
4653476,58.53271484375
4653501,212.646484375
4653526,54.62646484375
4653540,55.11474609375
4653550,94.1162109375
4653585,101.07421875
4653598,105.95703125
4653622,81.84814453125
4653644,67.19970703125
4653654,82.51953125
4653671,48.2177734375
4653690,70.068359375
4653707,61.8896484375
4653725,109.375
4653744,54.99267578125
4653762,45.83740234375
4653784,101.6845703125
4653826,262.0849609375
4653839,46.81396484375
4653851,49.4384765625
4653879,49.9267578125
4653910,90.88134765625
4653936,90.51513671875
4653966,45.5322265625
4654001,69.091796875
4654018,100.40283203125
4654054,63.41552734375
4654070,59.99755859375
4654154,72.93701171875
4654178,46.875
4654198,48.76708984375
4654240,42.6025390625
4654261,61.70654296875
4654284,48.2177734375
4654299,45.166015625
4654575,43.8232421875
4654714,41.8701171875
4663216,46.38671875
4686895,55.2978515625
4686905,90.087890625
4686931,43.51806640625
4686952,79.9560546875
4686987,130.67626953125
4687016,118.71337890625
4687026,110.107421875
4687050,59.26513671875
4687064,127.99072265625
4687093,83.67919921875
4687116,172.119140625
4687130,82.763671875
4687165,150.45166015625
4687184,60.546875
4687206,52.24609375
4687240,118.896484375
4687250,160.64453125
4687270,59.08203125
4687315,45.83740234375
4687346,98.388671875
4687358,47.8515625
4687416,73.1201171875
4687496,45.8984375
4687519,85.205078125
4687596,69.82421875
4687705,48.4619140625
4703170,53.16162109375
4703377,43.02978515625
4703777,42.8466796875
4704283,90.75927734375
4704293,44.921875
4717528,43.64013671875
4717913,41.6259765625
4718017,63.8427734375
4718080,58.04443359375
4718341,42.17529296875
4718356,94.23828125
4718532,108.2763671875
4718844,48.15673828125
4738164,41.68701171875
4738235,41.56494140625
4738307,41.32080078125
4738432,86.85302734375
4738450,85.44921875
4738466,51.08642578125
4738478,93.3837890625
4738496,100.76904296875
4738516,48.64501953125
4738533,90.02685546875
4738546,196.22802734375
4738571,102.294921875
4738581,69.82421875
4738604,82.6416015625
4738617,88.2568359375
4738642,117.431640625
4738667,95.5810546875
4738678,69.03076171875
4738698,65.3076171875
4738709,133.97216796875
4738732,96.13037109375
4738760,61.03515625
4738781,138.18359375
4738801,71.8994140625
4738833,97.65625
4738847,63.1103515625
4738871,58.89892578125
4738974,112.79296875
4739038,42.41943359375
4739066,153.3203125
4739169,44.921875
4739184,45.0439453125
4739333,92.8955078125
4764201,57.67822265625
4764809,52.55126953125
4764824,48.27880859375
4765325,109.06982421875
4765365,43.02978515625
4765604,117.5537109375
4765616,45.95947265625
4765697,42.05322265625
4787334,106.689453125
4787356,47.18017578125
4787498,80.26123046875
4787579,45.5322265625
4787705,45.34912109375
4788134,46.20361328125
4788377,43.15185546875
4788414,70.9228515625
4788446,42.90771484375
4788463,102.72216796875
4788584,72.93701171875
