1799001,0
117,37.41455078125
1177,41.6259765625
2590,35.400390625
3222,43.212890625
4318,36.7431640625
4594,39.36767578125
5211,37.17041015625
8390,36.9873046875
8862,35.0341796875
9372,37.9638671875
10086,40.4052734375
11218,39.9169921875
12477,35.2783203125
13545,37.7197265625
13870,43.76220703125
15481,39.24560546875
15934,39.9169921875
16851,36.07177734375
18561,38.75732421875
20193,35.0341796875
22366,35.400390625
22963,35.94970703125
23305,38.0859375
24674,36.19384765625
25165,36.07177734375
25698,37.53662109375
26912,39.6728515625
28260,36.7431640625
28778,39.794921875
29354,40.34423828125
30641,40.283203125
32119,35.09521484375
33000,34.423828125
33512,34.7900390625
34556,35.70556640625
36037,39.97802734375
37265,40.1611328125
38302,36.43798828125
39034,35.46142578125
40095,36.0107421875
42674,35.94970703125
43637,38.14697265625
44282,36.07177734375
44946,35.58349609375
45435,37.65869140625
46682,35.2783203125
47296,42.78564453125
47760,38.51318359375
49530,37.90283203125
49896,38.6962890625
51197,39.306640625
51716,40.8935546875
53912,35.58349609375
54587,40.10009765625
55704,36.31591796875
56236,37.65869140625
57077,40.283203125
62821,41.8701171875
63447,38.51318359375
65236,34.7900390625
65840,43.45703125
66451,42.54150390625
68363,34.85107421875
68992,37.17041015625
70232,40.10009765625
70794,35.46142578125
71946,36.07177734375
72399,36.7431640625
73032,38.51318359375
75100,36.43798828125
75665,37.53662109375
76762,38.818359375
77453,50.4150390625
79430,35.5224609375
79863,46.38671875
81098,37.29248046875
81651,36.92626953125
82167,36.1328125
83554,34.60693359375
83933,37.41455078125
84423,44.86083984375
87756,34.66796875
88725,36.9873046875
91002,38.02490234375
91468,38.330078125
92646,37.29248046875
94554,34.72900390625
96248,39.6728515625
97197,35.33935546875
97577,36.07177734375
98913,39.0625
99379,38.75732421875
100125,42.66357421875
100399,35.15625
103081,37.65869140625
103131,39.00146484375
104801,41.015625
105451,40.34423828125
106070,36.865234375
108554,36.92626953125
109055,39.73388671875
109892,38.14697265625
115838,40.52734375
116487,39.24560546875
117761,41.8701171875
118194,37.90283203125
120072,35.58349609375
120646,34.48486328125
121856,39.4287109375
123289,34.85107421875
124240,37.17041015625
125746,35.94970703125
126458,35.2783203125
127088,40.95458984375
127601,39.24560546875
128966,36.56005859375
130842,39.73388671875
133107,40.8935546875
133485,41.9921875
136278,38.4521484375
136754,41.56494140625
138726,37.65869140625
141168,37.109375
141758,35.21728515625
143881,45.22705078125
144414,41.93115234375
144820,38.63525390625
145228,36.9873046875
146938,45.5322265625
149355,36.31591796875
152539,40.6494140625
152961,35.82763671875
153434,39.0625
153973,36.07177734375
154720,35.888671875
155331,39.24560546875
156367,35.58349609375
157070,36.7431640625
157929,35.21728515625
160386,40.52734375
160944,37.841796875
162750,35.2783203125
164047,39.97802734375
164639,38.39111328125
165054,38.39111328125
165622,37.53662109375
166384,43.51806640625
167668,44.189453125
168128,39.85595703125
170012,39.61181640625
171637,35.33935546875
172067,36.31591796875
173853,37.41455078125
174160,39.794921875
174929,38.0859375
175415,37.65869140625
176796,36.07177734375
177541,40.95458984375
177812,36.4990234375
177854,34.423828125
177913,38.39111328125
178016,44.98291015625
178607,52.6123046875
178862,35.09521484375
179530,43.0908203125
180941,38.330078125
181395,40.22216796875
183570,35.58349609375
183930,36.31591796875
184284,34.36279296875
185928,45.8984375
186364,34.48486328125
187027,37.4755859375
189904,35.888671875
191169,36.19384765625
191715,36.865234375
193581,36.376953125
194716,40.0390625
195623,35.21728515625
196441,39.85595703125
197465,40.34423828125
197936,38.51318359375
198488,39.85595703125
199777,39.6728515625
201204,36.2548828125
202856,46.2646484375
204931,39.0625
205706,36.92626953125
206492,42.8466796875
209468,38.75732421875
210022,38.39111328125
211211,34.5458984375
213514,41.015625
213938,44.0673828125
214496,34.85107421875
215184,36.07177734375
215837,37.90283203125
216269,37.59765625
216800,35.15625
219056,36.376953125
222176,44.12841796875
222662,43.5791015625
223125,41.32080078125
223748,40.4052734375
227289,38.87939453125
227770,40.4052734375
228341,43.212890625
229082,44.49462890625
231575,36.19384765625
232114,50.59814453125
232665,39.0625
233528,38.75732421875
235131,35.7666015625
236262,35.33935546875
236918,42.3583984375
239265,39.4287109375
239936,39.6728515625
241189,34.48486328125
241715,35.888671875
242351,39.48974609375
242872,36.0107421875
243934,36.62109375
244820,34.36279296875
245250,35.21728515625
247438,35.58349609375
249578,40.83251953125
249979,40.46630859375
250094,36.7431640625
250501,36.80419921875
251494,39.12353515625
253031,36.80419921875
254965,34.60693359375
256449,35.15625
258246,38.330078125
259259,35.82763671875
259720,37.90283203125
262073,40.6494140625
262624,44.00634765625
263134,37.353515625
264332,35.0341796875
267612,46.0205078125
268098,43.27392578125
269785,36.68212890625
270257,37.2314453125
270569,34.66796875
271260,38.57421875
271812,36.68212890625
275475,36.1328125
277514,39.00146484375
278099,40.10009765625
278690,38.818359375
279232,39.1845703125
281061,42.17529296875
282138,34.48486328125
282608,39.6728515625
283050,39.9169921875
284746,36.68212890625
285996,37.7197265625
286978,38.2080078125
287590,36.7431640625
289367,49.01123046875
289824,36.4990234375
292006,38.4521484375
292523,35.15625
293934,38.39111328125
295211,38.330078125
295904,38.4521484375
296960,42.236328125
298125,39.00146484375
298433,39.6728515625
298998,37.17041015625
301808,37.109375
304344,41.93115234375
304745,35.46142578125
306041,34.7900390625
307224,40.6494140625
308342,39.1845703125
309367,35.7666015625
309864,39.36767578125
310367,41.748046875
311883,42.66357421875
312365,34.66796875
314079,35.0341796875
314596,40.771484375
315046,41.80908203125
317463,34.5458984375
318984,41.259765625
319482,38.51318359375
320580,37.04833984375
321086,37.41455078125
322035,38.02490234375
322594,34.5458984375
323028,36.07177734375
324372,35.33935546875
324852,38.75732421875
328737,34.85107421875
330004,37.65869140625
332721,35.64453125
334795,35.21728515625
335994,42.724609375
336540,34.85107421875
336903,36.80419921875
338852,37.4755859375
339366,44.7998046875
339787,38.26904296875
341186,41.748046875
341696,36.2548828125
342279,37.04833984375
343572,35.21728515625
345977,37.4755859375
346457,41.748046875
346864,40.58837890625
347324,37.353515625
349050,38.6962890625
349716,38.51318359375
350372,39.12353515625
352268,37.78076171875
354232,37.17041015625
354929,36.376953125
355451,39.4287109375
356635,34.36279296875
357155,34.7900390625
358115,34.7900390625
359304,34.36279296875
359889,44.12841796875
360383,50.6591796875
362069,36.80419921875
362430,35.94970703125
364885,39.4287109375
365415,37.90283203125
367049,39.1845703125
368524,35.09521484375
370759,40.10009765625
372979,36.43798828125
374526,47.7294921875
375210,39.00146484375
376041,35.5224609375
376998,34.423828125
378393,34.48486328125
380153,40.22216796875
381777,40.71044921875
382237,40.95458984375
382655,39.73388671875
385648,36.376953125
386680,39.97802734375
389076,40.10009765625
390220,34.72900390625
391161,43.39599609375
392625,34.912109375
393151,40.0390625
394613,36.62109375
395416,38.51318359375
396601,34.912109375
398794,35.400390625
399838,36.80419921875
400288,39.0625
401224,38.57421875
401763,37.4755859375
403469,35.09521484375
404344,35.888671875
405579,36.62109375
406983,42.724609375
407440,35.64453125
408011,38.63525390625
411237,34.66796875
411768,36.62109375
412339,41.80908203125
414277,37.29248046875
414892,41.68701171875
416784,42.54150390625
418852,43.88427734375
419421,37.2314453125
420484,34.48486328125
420863,37.78076171875
421339,34.5458984375
421458,34.66796875
422504,48.9501953125
424635,38.2080078125
425068,40.4052734375
425500,40.0390625
427700,43.64013671875
429196,42.05322265625
432815,36.0107421875
433145,36.92626953125
433795,35.09521484375
434512,35.09521484375
434903,38.330078125
435526,39.85595703125
437718,36.865234375
441158,38.26904296875
441676,39.4287109375
443384,38.9404296875
445167,39.1845703125
446995,36.07177734375
447490,43.212890625
449689,37.78076171875
450079,40.4052734375
451108,39.36767578125
453139,39.12353515625
454064,35.15625
454638,37.4755859375
455716,44.3115234375
456198,36.92626953125
458466,37.17041015625
460560,35.15625
461035,37.2314453125
462430,38.9404296875
464168,38.02490234375
465181,36.19384765625
467285,37.29248046875
467697,37.53662109375
468244,39.12353515625
468819,34.5458984375
469397,34.7900390625
471826,41.32080078125
472331,40.46630859375
475058,36.9873046875
475614,34.912109375
476532,38.14697265625
476747,35.94970703125
477535,42.3583984375
479729,40.6494140625
480208,41.80908203125
481614,37.9638671875
482018,39.48974609375
483448,36.7431640625
484814,37.29248046875
485439,35.58349609375
485882,38.63525390625
486458,40.0390625
488481,36.92626953125
490435,36.9873046875
491096,43.9453125
491604,38.63525390625
492776,42.05322265625
493301,41.6259765625
494809,47.8515625
495659,37.65869140625
496199,34.912109375
496264,40.52734375
497502,36.376953125
497979,37.59765625
500374,35.5224609375
501605,34.36279296875
502028,42.6025390625
502648,35.09521484375
505253,35.70556640625
507006,37.65869140625
507459,35.33935546875
508317,43.701171875
509786,35.64453125
510288,38.4521484375
510673,37.2314453125
512315,35.0341796875
512803,41.56494140625
513234,39.1845703125
513674,35.2783203125
515211,36.376953125
517765,38.0859375
518220,37.17041015625
520165,37.841796875
522335,35.82763671875
523252,38.9404296875
524834,39.24560546875
526017,35.70556640625
526594,37.9638671875
527706,42.17529296875
529267,38.9404296875
529829,36.4990234375
531056,36.80419921875
531660,39.36767578125
532355,37.17041015625
533649,41.80908203125
535397,39.1845703125
535442,34.36279296875
535938,39.9169921875
537015,34.85107421875
537906,38.4521484375
539471,34.72900390625
541430,35.400390625
542786,34.48486328125
543840,38.51318359375
545207,39.12353515625
545691,39.61181640625
546740,40.0390625
547078,36.9873046875
547500,38.6962890625
549152,44.5556640625
550617,35.09521484375
551028,36.43798828125
551297,43.76220703125
553422,36.865234375
553921,36.62109375
555887,34.7900390625
557535,38.4521484375
558260,40.52734375
558641,34.72900390625
559524,38.02490234375
559986,38.51318359375
560492,48.9501953125
562854,39.36767578125
563287,44.12841796875
563801,34.48486328125
565272,35.15625
567788,34.72900390625
568241,37.53662109375
568896,39.0625
569390,41.68701171875
570735,35.15625
571383,36.31591796875
571837,40.0390625
573107,36.80419921875
573684,36.4990234375
574567,36.80419921875
575628,37.65869140625
577574,35.7666015625
577995,39.794921875
578953,38.2080078125
580047,40.34423828125
580727,43.76220703125
581213,38.818359375
581664,37.841796875
584356,34.5458984375
584933,36.9873046875
585470,35.09521484375
586062,37.53662109375
587530,40.10009765625
587566,35.21728515625
588085,35.64453125
588723,40.46630859375
590894,35.888671875
592459,38.02490234375
593761,41.19873046875
595671,43.64013671875
597474,35.0341796875
597984,39.97802734375
600330,42.41943359375
601508,35.09521484375
602293,41.748046875
602895,34.60693359375
604143,35.5224609375
605932,35.94970703125
606563,37.4755859375
607523,35.21728515625
607952,35.46142578125
609603,37.65869140625
610940,40.83251953125
611339,35.21728515625
611872,40.52734375
613008,37.4755859375
613733,35.70556640625
614485,37.4755859375
615752,36.07177734375
616296,36.1328125
619127,37.17041015625
620589,36.1328125
621531,39.36767578125
623718,38.818359375
625282,39.55078125
627632,35.33935546875
628188,37.90283203125
628698,35.888671875
632569,34.48486328125
633252,37.17041015625
634539,36.80419921875
635146,35.46142578125
636503,42.6025390625
636960,39.00146484375
637562,43.5791015625
639163,36.92626953125
640343,36.9873046875
640901,34.66796875
641341,34.48486328125
641755,40.6494140625
642345,38.818359375
643292,36.56005859375
644073,36.9873046875
644534,34.72900390625
646051,36.43798828125
647252,42.54150390625
648995,37.109375
650531,37.4755859375
651058,37.841796875
651494,39.24560546875
652392,39.85595703125
653434,40.46630859375
653971,36.2548828125
655258,37.2314453125
657413,38.330078125
657912,43.3349609375
659139,39.24560546875
659626,43.64013671875
662257,38.0859375
662698,37.04833984375
664849,36.80419921875
666275,38.57421875
666880,34.48486328125
667504,39.00146484375
668243,38.87939453125
669513,34.85107421875
670663,41.748046875
671985,38.57421875
673261,35.21728515625
674574,41.9921875
675238,38.63525390625
676081,40.1611328125
676991,39.9169921875
678981,38.63525390625
679344,37.109375
680971,39.55078125
681417,35.94970703125
683138,42.05322265625
684965,34.7900390625
685623,35.09521484375
686193,35.0341796875
688205,43.212890625
688792,35.15625
690905,34.423828125
692615,35.82763671875
693121,39.24560546875
693540,35.5224609375
694303,36.68212890625
694733,41.44287109375
696188,36.0107421875
697599,37.65869140625
698193,35.33935546875
698784,37.109375
699302,38.0859375
699739,37.7197265625
700880,41.44287109375
703312,39.4287109375
703755,46.38671875
704158,39.61181640625
704695,38.818359375
706216,39.6728515625
706539,37.4755859375
706927,40.95458984375
710099,37.841796875
711622,36.07177734375
713152,37.65869140625
713847,35.33935546875
714562,35.64453125
715066,34.5458984375
715574,35.64453125
716485,36.80419921875
716786,37.109375
717444,36.19384765625
718873,39.0625
719804,39.00146484375
720674,37.7197265625
722230,34.60693359375
722720,37.29248046875
723188,37.53662109375
725788,34.5458984375
727690,37.59765625
729335,38.2080078125
730152,37.7197265625
731479,39.24560546875
732220,35.2783203125
734226,37.53662109375
735028,39.9169921875
735655,37.4755859375
736717,39.0625
737625,38.63525390625
738373,41.44287109375
740607,38.2080078125
741543,43.0908203125
742039,36.68212890625
744180,35.888671875
744601,38.87939453125
746730,37.29248046875
747962,38.818359375
749064,35.82763671875
751194,43.212890625
752285,37.109375
753267,39.36767578125
755276,38.6962890625
756752,37.9638671875
757122,36.19384765625
757657,37.109375
758354,36.4990234375
758881,34.66796875
760439,35.400390625
760521,34.36279296875
761825,41.19873046875
762360,45.59326171875
762881,35.46142578125
763352,37.53662109375
763930,37.17041015625
765488,34.36279296875
767439,35.64453125
768243,35.46142578125
769048,38.02490234375
770999,37.04833984375
771406,34.97314453125
772276,34.423828125
772814,48.4619140625
773679,42.1142578125
774157,36.9873046875
774972,34.7900390625
776549,35.94970703125
776967,35.46142578125
778887,41.07666015625
779808,42.236328125
779847,35.5224609375
780873,37.2314453125
781350,35.82763671875
781921,37.841796875
782802,35.82763671875
783233,37.2314453125
784958,41.07666015625
785565,35.2783203125
787388,35.58349609375
788534,39.0625
791272,40.34423828125
791864,38.63525390625
793142,37.41455078125
794424,37.59765625
795842,36.19384765625
796368,36.92626953125
796756,35.94970703125
797677,37.90283203125
801546,34.423828125
802217,37.41455078125
802827,36.56005859375
803905,34.7900390625
804394,34.85107421875
805356,36.07177734375
806257,38.63525390625
806974,39.00146484375
810273,40.6494140625
810706,34.72900390625
811912,39.48974609375
812526,43.51806640625
814478,36.9873046875
815071,37.2314453125
816823,35.21728515625
817211,39.1845703125
819392,37.9638671875
822268,34.36279296875
823566,34.5458984375
823986,41.68701171875
824397,35.64453125
825745,36.376953125
826270,36.7431640625
826882,35.888671875
827610,34.66796875
828060,35.09521484375
828892,37.2314453125
829809,43.64013671875
830554,36.31591796875
831044,37.41455078125
831898,34.5458984375
833130,41.50390625
834590,36.9873046875
835776,35.2783203125
836774,35.0341796875
838676,39.9169921875
839685,38.0859375
840096,35.0341796875
841172,40.1611328125
841851,35.21728515625
842954,35.21728515625
844331,34.60693359375
844782,36.0107421875
845226,35.5224609375
846166,42.54150390625
848343,36.9873046875
848938,37.53662109375
852120,42.96875
853054,38.14697265625
853913,35.400390625
854522,35.5224609375
856633,37.7197265625
857823,34.912109375
859045,37.53662109375
859480,38.51318359375
860041,35.888671875
860825,37.04833984375
862344,36.43798828125
862913,37.353515625
863398,39.794921875
864142,38.9404296875
864719,36.68212890625
865831,37.9638671875
867870,36.7431640625
869559,40.95458984375
870084,37.90283203125
870580,35.400390625
873040,43.212890625
873959,37.78076171875
875664,39.1845703125
876223,42.1142578125
878168,36.43798828125
879149,39.61181640625
879730,37.53662109375
881349,35.64453125
882511,37.65869140625
883985,40.34423828125
884624,36.1328125
886694,41.32080078125
890330,35.888671875
892108,38.14697265625
893158,34.97314453125
893843,34.5458984375
895642,37.2314453125
896705,35.15625
897488,38.2080078125
898380,43.3349609375
898924,35.0341796875
899369,42.1142578125
900656,35.400390625
902920,38.2080078125
903380,34.85107421875
903849,36.92626953125
907276,37.353515625
908263,36.80419921875
908688,37.4755859375
910911,37.841796875
911364,42.48046875
913131,35.94970703125
914065,34.912109375
915683,36.56005859375
916572,37.2314453125
916963,35.94970703125
917509,37.53662109375
918061,35.64453125
919466,39.12353515625
919956,38.39111328125
921215,34.72900390625
921748,35.58349609375
922766,37.59765625
923618,36.7431640625
924173,36.0107421875
926371,35.33935546875
926925,35.400390625
930161,40.22216796875
933045,36.7431640625
934331,41.259765625
934772,36.80419921875
935965,36.1328125
937486,37.53662109375
937896,39.48974609375
939828,36.1328125
940246,40.1611328125
942480,39.0625
942507,36.43798828125
944643,36.2548828125
948020,34.85107421875
948393,34.36279296875
949158,35.64453125
950656,35.64453125
952607,41.19873046875
954909,36.68212890625
955447,35.7666015625
956202,41.93115234375
957391,37.90283203125
958007,38.0859375
958811,37.7197265625
959300,39.24560546875
959841,37.29248046875
960284,39.73388671875
962864,38.4521484375
963371,37.17041015625
966649,34.7900390625
967145,34.7900390625
967790,41.748046875
968259,35.0341796875
968846,38.51318359375
969928,42.78564453125
971425,41.80908203125
974554,35.400390625
976019,36.92626953125
976481,34.48486328125
977294,39.55078125
978523,35.70556640625
979514,40.95458984375
980300,37.841796875
980843,39.0625
984443,34.912109375
987465,35.58349609375
988096,34.85107421875
989317,41.3818359375
989404,38.39111328125
989937,34.423828125
992133,41.50390625
993283,37.109375
994424,41.32080078125
996593,36.80419921875
997063,43.212890625
997519,38.75732421875
997966,34.48486328125
998897,37.65869140625
999574,36.43798828125
1000980,35.400390625
1001691,36.43798828125
1002909,39.61181640625
1003411,34.85107421875
1004711,35.70556640625
1005330,49.98779296875
1005995,37.04833984375
1008813,35.21728515625
1010670,36.9873046875
1011113,34.5458984375
1012667,36.7431640625
1014324,37.65869140625
1014941,36.68212890625
1016120,34.48486328125
1019980,35.888671875
1020692,37.90283203125
1021161,34.72900390625
1021490,37.65869140625
1022572,35.46142578125
1023078,36.92626953125
1025982,44.37255859375
1028066,36.31591796875
1028521,35.70556640625
1029590,36.376953125
1031474,34.423828125
1031838,35.2783203125
1032435,38.4521484375
1034662,37.7197265625
1035213,39.73388671875
1035665,38.57421875
1037690,34.423828125
1038213,36.62109375
1039080,34.60693359375
1040122,34.423828125
1040642,37.04833984375
1041664,36.31591796875
1042381,35.33935546875
1043375,38.2080078125
1043992,36.43798828125
1045457,42.41943359375
1045959,34.7900390625
1047599,37.841796875
1048445,35.15625
1049260,37.109375
1050427,37.53662109375
1052049,37.29248046875
1059537,43.701171875
1063336,37.65869140625
1065266,38.26904296875
1065689,37.90283203125
1066236,40.1611328125
1067251,35.64453125
1067699,35.70556640625
1068029,40.95458984375
1068907,36.1328125
1071867,37.78076171875
1072737,38.330078125
1074805,36.92626953125
1077026,36.1328125
1080274,39.36767578125
1081345,36.1328125
1081847,37.29248046875
1082352,35.400390625
1082775,38.2080078125
1084021,35.70556640625
1086242,37.17041015625
1086745,40.58837890625
1087942,40.771484375
1088638,35.09521484375
1089993,39.9169921875
1091678,38.14697265625
1094335,41.32080078125
1094742,36.9873046875
1096003,35.7666015625
1096579,37.59765625
1097138,35.400390625
1097483,35.888671875
1098290,40.1611328125
1100987,36.0107421875
1101896,35.7666015625
1102346,34.85107421875
1102759,37.109375
1104794,35.46142578125
1106219,37.90283203125
1107294,36.1328125
1108441,34.36279296875
1109717,34.36279296875
1110139,36.80419921875
1110786,38.6962890625
1113883,34.48486328125
1115149,40.1611328125
1115659,40.6494140625
1116994,41.3818359375
1119032,40.771484375
1120693,35.58349609375
1121116,36.2548828125
1122198,35.0341796875
1122699,35.15625
1123869,43.5791015625
1124731,38.4521484375
1129289,35.5224609375
1129759,35.5224609375
1130792,36.92626953125
1132963,34.423828125
1132980,37.2314453125
1134136,44.5556640625
1136828,36.56005859375
1137381,34.85107421875
1138654,35.09521484375
1140088,40.95458984375
1140822,36.4990234375
1141912,34.60693359375
1142425,36.865234375
1144949,34.72900390625
1145703,36.4990234375
1146781,41.6259765625
1148754,34.5458984375
1149564,38.39111328125
1152155,42.05322265625
1153055,35.15625
1155203,35.2783203125
1155650,38.818359375
1156671,36.4990234375
1157134,34.72900390625
1160277,35.400390625
1160725,34.36279296875
1161403,35.58349609375
1163043,41.07666015625
1164103,38.51318359375
1166109,36.07177734375
1166750,40.83251953125
1168391,36.68212890625
1170147,36.56005859375
1171191,38.818359375
1173819,35.94970703125
1174154,39.97802734375
1174884,36.9873046875
1176244,35.09521484375
1176911,35.46142578125
1177413,36.2548828125
1179890,35.46142578125
1180270,34.66796875
1182320,37.353515625
1182771,35.15625
1183256,36.9873046875
1185028,36.4990234375
1186810,35.94970703125
1187780,36.31591796875
1189328,38.4521484375
1191051,34.60693359375
1192662,36.31591796875
1193185,34.7900390625
1195835,35.2783203125
1196858,34.66796875
1197370,36.9873046875
1198016,36.1328125
1201542,39.73388671875
1202128,35.5224609375
1204408,42.54150390625
1204701,40.46630859375
1206185,38.75732421875
1206702,48.52294921875
1210447,35.21728515625
1211692,34.36279296875
1212620,36.68212890625
1214753,37.841796875
1215569,36.07177734375
1217911,34.36279296875
1218409,38.57421875
1221299,39.36767578125
1221724,37.04833984375
1222215,35.21728515625
1224910,39.73388671875
1225628,36.376953125
1226946,35.70556640625
1227443,35.09521484375
1227900,38.0859375
1228355,37.90283203125
1230014,36.0107421875
1230389,36.0107421875
1232560,45.83740234375
1234688,36.92626953125
1235863,35.58349609375
1236426,35.400390625
1238621,37.53662109375
1239148,35.33935546875
1239587,36.7431640625
1240063,34.72900390625
1240989,38.26904296875
1241509,36.376953125
1244187,37.109375
1245250,38.39111328125
1250656,34.912109375
1251172,34.66796875
1251660,35.7666015625
1252497,37.17041015625
1253103,39.6728515625
1254326,35.21728515625
1254951,36.56005859375
1255335,35.46142578125
1255706,40.771484375
1259692,37.53662109375
1260686,36.31591796875
1263392,38.330078125
1264734,36.62109375
1266289,38.26904296875
1268404,38.4521484375
1271016,35.400390625
1271629,36.19384765625
1271973,36.43798828125
1273156,34.85107421875
1275343,38.63525390625
1275834,36.80419921875
1276279,38.818359375
1278609,35.0341796875
1279357,39.0625
1281251,34.5458984375
1282759,37.29248046875
1284265,34.85107421875
1286999,34.36279296875
1289748,36.80419921875
1290980,36.376953125
1291617,39.794921875
1294639,35.46142578125
1295388,36.19384765625
1295755,35.09521484375
1296176,38.818359375
1296733,34.36279296875
1297792,38.14697265625
1298537,35.0341796875
1299344,36.07177734375
1300515,40.46630859375
1303916,34.66796875
1304705,35.09521484375
1305547,34.48486328125
1307225,36.56005859375
1307925,36.92626953125
1308497,37.41455078125
1308959,38.2080078125
1311381,37.59765625
1312913,36.43798828125
1313450,37.17041015625
1313896,40.83251953125
1315856,37.841796875
1316261,41.259765625
1316761,35.15625
1318313,34.85107421875
1318868,38.6962890625
1319387,37.59765625
1321494,41.259765625
1322266,35.58349609375
1323079,41.50390625
1324248,37.29248046875
1325936,37.04833984375
1326547,39.85595703125
1328147,35.21728515625
1331057,40.6494140625
1331685,36.19384765625
1332789,41.68701171875
1333316,37.2314453125
1333863,36.43798828125
1334414,36.1328125
1337570,38.39111328125
1339106,38.39111328125
1340066,35.400390625
1342123,35.7666015625
1344263,38.26904296875
1345588,42.29736328125
1346098,39.24560546875
1346607,36.07177734375
1348372,40.8935546875
1349159,36.0107421875
1351786,36.4990234375
1352187,35.15625
1353057,35.58349609375
1353543,36.376953125
1355533,35.21728515625
1356548,35.21728515625
1360067,35.400390625
1360579,36.376953125
1362148,38.63525390625
1363319,35.09521484375
1364095,39.1845703125
1365255,36.62109375
1366763,34.48486328125
1367190,37.41455078125
1370156,36.2548828125
1373126,34.72900390625
1373626,39.73388671875
1374671,34.66796875
1375242,41.015625
1379426,36.43798828125
1383267,35.400390625
1385747,35.46142578125
1386221,34.423828125
1386743,37.109375
1388377,34.36279296875
1391363,37.17041015625
1393916,35.400390625
1395428,38.330078125
1396691,36.9873046875
1398790,34.5458984375
1399254,40.95458984375
1400802,34.72900390625
1403163,38.26904296875
1404925,36.92626953125
1406836,37.04833984375
1407204,35.0341796875
1407819,38.75732421875
1409094,34.5458984375
1411656,34.97314453125
1412580,34.912109375
1413019,38.75732421875
1414154,37.59765625
1415621,36.865234375
1417244,34.60693359375
1417706,36.56005859375
1418177,35.46142578125
1418830,34.85107421875
1421094,37.78076171875
1421605,38.39111328125
1423786,34.72900390625
1424962,35.2783203125
1426415,41.44287109375
1427430,39.55078125
1427500,36.43798828125
1427937,35.58349609375
1428378,38.14697265625
1429307,37.90283203125
1430523,34.97314453125
1431046,35.09521484375
1432386,38.2080078125
1433857,34.48486328125
1434705,36.68212890625
1435977,36.80419921875
1437187,34.97314453125
1443094,38.02490234375
1444117,36.43798828125
1444965,38.2080078125
1447892,36.1328125
1450151,36.07177734375
1450539,38.75732421875
1451576,38.39111328125
1452010,36.07177734375
1452531,35.21728515625
1453658,36.4990234375
1455600,37.29248046875
1459565,34.5458984375
1460755,38.2080078125
1462180,37.78076171875
1464007,38.75732421875
1467527,35.70556640625
1468009,37.29248046875
1468591,36.2548828125
1469112,35.0341796875
1470119,34.36279296875
1470696,36.4990234375
1472325,40.83251953125
1473340,37.841796875
1474989,38.330078125
1475454,35.2783203125
1478348,34.60693359375
1478793,35.94970703125
1479174,36.865234375
1482862,36.865234375
1486357,34.72900390625
1488256,37.17041015625
1489787,38.2080078125
1490352,34.7900390625
1493401,34.66796875
1494070,36.2548828125
1494536,34.60693359375
1495185,35.82763671875
1496349,36.2548828125
1497070,38.87939453125
1499640,35.21728515625
1501664,35.2783203125
1502838,36.92626953125
1504142,36.2548828125
1505308,37.17041015625
1505668,36.80419921875
1506742,35.33935546875
1507189,38.4521484375
1509094,34.66796875
1511152,37.41455078125
1512657,36.19384765625
1513253,36.1328125
1513670,36.31591796875
1514326,35.82763671875
1517409,37.9638671875
1517881,34.48486328125
1520452,35.0341796875
1523329,39.24560546875
1524647,35.15625
1525868,35.7666015625
1526838,36.07177734375
1528118,39.0625
1528581,35.82763671875
1529484,34.7900390625
1533801,35.2783203125
1536033,35.400390625
1536446,38.330078125
1541357,36.92626953125
1541677,40.10009765625
1542486,34.912109375
1545209,38.14697265625
1545667,36.92626953125
1548173,35.0341796875
1550437,35.21728515625
1550939,34.48486328125
1551418,36.07177734375
1551991,38.14697265625
1553463,36.43798828125
1555859,35.64453125
1557355,35.21728515625
1559377,34.423828125
1560479,38.0859375
1561201,39.24560546875
1561714,37.90283203125
1562414,36.07177734375
1564644,34.72900390625
1565846,35.15625
1569640,38.39111328125
1572348,34.66796875
1573443,35.15625
1575391,34.36279296875
1575942,34.912109375
1577567,34.912109375
1579299,35.2783203125
1580696,44.0673828125
1581538,36.376953125
1583142,50.6591796875
1583772,34.66796875
1588802,36.4990234375
1592375,37.53662109375
1593521,34.7900390625
1596233,48.64501953125
1596816,40.95458984375
1597337,36.7431640625
1598171,36.43798828125
1600612,34.97314453125
1603799,35.888671875
1604866,35.5224609375
1605657,37.841796875
1608861,34.48486328125
1609970,34.72900390625
1611460,40.4052734375
1612291,37.2314453125
1613299,38.14697265625
1614236,37.9638671875
1617362,38.2080078125
1617832,36.2548828125
1619721,34.72900390625
1623638,39.48974609375
1624082,38.330078125
1628342,35.7666015625
1628831,34.423828125
1630550,38.02490234375
1632034,40.58837890625
1633741,39.85595703125
1635000,34.5458984375
1637842,43.39599609375
1638350,37.7197265625
1638851,38.87939453125
1639908,37.353515625
1642847,39.306640625
1645520,40.83251953125
1650357,35.82763671875
1652865,34.97314453125
1656353,44.189453125
1656818,34.72900390625
1658236,42.29736328125
1659146,38.818359375
1659704,35.888671875
1662505,36.376953125
1663078,36.07177734375
1663445,39.9169921875
1664550,38.57421875
1666186,34.912109375
1667589,36.4990234375
1670506,41.07666015625
1671573,35.46142578125
1672482,39.48974609375
1673567,41.6259765625
1675699,36.9873046875
1676125,34.5458984375
1676646,37.2314453125
1677806,34.36279296875
1678301,35.94970703125
1679656,43.45703125
1682877,34.66796875
1685268,41.8701171875
1686569,35.70556640625
1687028,39.55078125
1687453,35.09521484375
1687934,44.921875
1689958,35.58349609375
1692201,34.7900390625
1693884,34.423828125
1694800,34.36279296875
1696155,36.4990234375
1697484,35.5224609375
1701046,36.92626953125
1701968,34.48486328125
1705932,36.0107421875
1706571,34.7900390625
1707771,34.912109375
1710272,35.09521484375
1710669,34.5458984375
1716495,34.48486328125
1718514,34.97314453125
1719116,34.97314453125
1721522,35.33935546875
1722167,37.04833984375
1722633,37.78076171875
1724525,37.65869140625
1725396,41.44287109375
1727342,35.2783203125
1727753,43.701171875
1728378,38.75732421875
1731453,36.43798828125
1732263,36.0107421875
1732894,36.9873046875
1735463,35.58349609375
1736478,37.04833984375
1741208,41.80908203125
1741647,34.36279296875
1744075,37.4755859375
1744434,38.9404296875
1747284,34.912109375
1749073,35.400390625
1750176,36.07177734375
1751438,35.09521484375
1753031,36.7431640625
1753488,35.7666015625
1755360,39.55078125
1755616,34.85107421875
1758917,37.29248046875
1762711,36.2548828125
1763579,34.48486328125
1764458,36.2548828125
1764906,41.68701171875
1766790,34.66796875
1768456,35.0341796875
1769294,35.0341796875
1769785,41.015625
1770345,35.400390625
1774219,35.888671875
1774814,39.36767578125
1778059,34.66796875
1778531,37.41455078125
1779468,34.60693359375
1779913,37.4755859375
1786097,35.70556640625
1787930,35.94970703125
1788646,35.09521484375
1790163,35.09521484375
1791518,35.0341796875
1793079,35.58349609375
1796632,34.66796875
1798720,34.72900390625
