4799001,0
25754,32.53173828125
25885,26.7333984375
51985,29.78515625
79032,24.35302734375
106799,30.82275390625
160633,32.5927734375
160755,26.42822265625
188054,29.84619140625
188184,27.89306640625
215532,33.26416015625
242917,29.052734375
243049,26.79443359375
297070,27.7099609375
323608,26.0009765625
350927,28.99169921875
351057,24.84130859375
378568,28.80859375
406452,26.42822265625
434108,30.21240234375
461417,32.958984375
489638,30.33447265625
489776,24.169921875
517512,28.3203125
517647,25.390625
545198,27.2216796875
545334,28.4423828125
573075,37.9638671875
573203,24.7802734375
600964,31.18896484375
601097,24.84130859375
628567,24.71923828125
628696,24.0478515625
684213,26.55029296875
711975,26.85546875
712105,26.7333984375
768563,29.72412109375
796054,28.25927734375
796292,25.81787109375
825218,24.169921875
825341,26.30615234375
854173,26.123046875
854290,32.5927734375
882689,30.76171875
911467,31.55517578125
940004,28.9306640625
969960,26.0009765625
970084,29.296875
997237,23.62060546875
997360,26.123046875
997475,23.62060546875
1024710,31.67724609375
1024831,24.84130859375
1053836,25.57373046875
1053965,33.38623046875
1081488,27.89306640625
1108946,27.7099609375
1109072,25.0244140625
1109167,25.45166015625
1136138,26.06201171875
1136267,24.59716796875
1163349,31.1279296875
1190964,30.1513671875
1191084,24.96337890625
1219504,25.20751953125
1247098,27.40478515625
1247236,26.55029296875
1274322,27.16064453125
1274459,25.93994140625
1301410,33.8134765625
1301547,26.91650390625
1328406,27.7099609375
1328551,25.93994140625
1355641,27.9541015625
1383634,24.71923828125
1411763,24.658203125
1411872,23.8037109375
1440228,32.04345703125
1440344,25.08544921875
1469856,27.89306640625
1469987,25.93994140625
1499388,25.32958984375
1499631,28.50341796875
1542945,29.96826171875
1543069,32.2265625
1571743,26.18408203125
1571872,25.146484375
1599547,24.47509765625
1628468,27.03857421875
1657635,29.72412109375
1657758,25.2685546875
1716032,30.029296875
1716172,25.45166015625
1745050,31.25
1745191,24.23095703125
1788459,27.34375
1788584,24.90234375
1814941,27.64892578125
1815077,25.146484375
1815185,23.74267578125
1843206,27.7099609375
1843340,24.23095703125
1871320,26.67236328125
1871445,25.5126953125
1898827,28.38134765625
1898960,26.123046875
1927127,26.123046875
1927273,26.85546875
1955545,28.99169921875
1983649,24.84130859375
2010854,28.6865234375
2010987,25.69580078125
2039725,33.3251953125
2039839,31.1279296875
2068230,30.2734375
2095635,25.32958984375
2123332,34.0576171875
2123477,30.82275390625
2150252,25.57373046875
2150377,24.84130859375
2177989,29.96826171875
2178115,26.4892578125
2178222,23.86474609375
2204448,27.4658203125
2204584,25.20751953125
2204698,23.92578125
2231772,27.03857421875
2231903,24.5361328125
2258376,27.28271484375
2258516,25.7568359375
2285221,25.2685546875
2285442,24.7802734375
2312007,30.029296875
2312128,25.20751953125
2340367,29.296875
2366964,28.076171875
2367100,26.18408203125
2393043,27.9541015625
2421336,29.35791015625
2421468,24.10888671875
2421580,23.681640625
2449552,29.052734375
2449690,23.86474609375
2476894,29.6630859375
2504633,30.33447265625
2532457,25.5126953125
2532597,31.79931640625
2559674,31.79931640625
2613620,28.6865234375
2613759,25.20751953125
2613868,25.634765625
2641489,23.98681640625
2670844,27.64892578125
2670991,25.08544921875
2728435,30.8837890625
2728585,25.32958984375
2755049,25.87890625
2755210,23.86474609375
2755333,28.13720703125
2783520,24.71923828125
2783664,32.470703125
2783787,24.5361328125
2809890,27.28271484375
2810021,24.4140625
2837058,26.0009765625
2864138,29.78515625
2864282,24.23095703125
2890995,28.4423828125
2891235,23.92578125
2918257,25.2685546875
2918405,29.47998046875
2959254,25.08544921875
3010761,34.912109375
3010893,24.10888671875
3038538,26.18408203125
3065805,28.13720703125
3092064,29.541015625
3117439,24.4140625
3117590,25.146484375
3144338,27.9541015625
3144478,28.1982421875
3170406,24.59716796875
3170672,26.91650390625
3196888,24.59716796875
3224748,27.03857421875
3249934,26.06201171875
3277845,26.611328125
3277980,25.146484375
3330043,24.0478515625
3356333,24.169921875
3356483,26.3671875
3356611,26.7333984375
3382191,27.64892578125
3422239,26.91650390625
3446706,26.123046875
3471904,28.01513671875
3497753,35.0341796875
3497890,23.74267578125
3524329,24.84130859375
3524480,23.86474609375
3550343,27.40478515625
3550515,27.16064453125
3550632,25.20751953125
3587844,33.447265625
3587981,24.4140625
3611792,33.203125
3611936,23.681640625
3636923,24.0478515625
3637047,27.52685546875
3662314,31.8603515625
3662465,26.42822265625
3687083,28.3203125
3711612,28.86962890625
3711749,28.13720703125
3736338,25.69580078125
3761234,28.564453125
3761369,27.16064453125
3761476,23.92578125
3787214,33.5693359375
3787342,32.5927734375
3812509,28.4423828125
3837304,30.33447265625
3837447,25.81787109375
3863461,29.296875
3889496,26.123046875
3916343,32.53173828125
3942600,24.2919921875
3968776,26.0009765625
3968908,25.08544921875
4008138,31.31103515625
4033183,27.4658203125
4058306,27.34375
4058460,27.77099609375
4084842,31.494140625
4084995,26.4892578125
4085119,24.35302734375
4109896,24.2919921875
4135577,27.2216796875
4135715,24.84130859375
4160663,28.99169921875
4185333,28.9306640625
4223402,28.3203125
4272251,26.06201171875
4272376,24.2919921875
4297002,25.390625
4321485,27.2216796875
4372290,28.6865234375
4372423,25.20751953125
4409693,24.7802734375
4433924,25.93994140625
4434078,25.08544921875
4458988,35.33935546875
4485136,27.89306640625
4485313,29.72412109375
4522612,27.16064453125
4547988,32.65380859375
4584990,30.33447265625
4585135,32.1044921875
4609583,25.93994140625
4609730,25.81787109375
4636518,25.390625
4636661,24.71923828125
4674174,31.67724609375
4674305,24.7802734375
4699364,27.9541015625
4726849,31.73828125
4766370,33.5693359375
4792046,23.98681640625
