4798001,0
12877,49.072265625
12922,52.490234375
12938,35.64453125
12951,23.8037109375
12973,55.419921875
13005,43.64013671875
13018,49.25537109375
13030,102.23388671875
13064,35.46142578125
13083,75.37841796875
13110,36.0107421875
13147,37.65869140625
13177,24.96337890625
13210,50.537109375
13221,23.3154296875
13263,31.25
13331,22.3388671875
13341,26.3671875
13377,25.7568359375
13467,23.92578125
13480,30.029296875
13556,22.5830078125
13636,22.5830078125
13667,25.2685546875
13862,21.8505859375
13904,26.42822265625
14147,22.52197265625
14386,23.74267578125
54259,47.18017578125
54283,57.4951171875
54347,64.39208984375
54368,90.63720703125
54389,22.27783203125
54406,41.748046875
54432,50.537109375
54449,96.8017578125
54467,29.6630859375
54500,46.08154296875
54519,37.53662109375
54539,22.52197265625
54566,51.3916015625
54584,31.31103515625
54612,26.2451171875
54635,25.5126953125
54666,22.216796875
54699,28.4423828125
54714,23.4375
54811,21.8505859375
54836,32.8369140625
54887,21.97265625
54937,50.78125
55024,28.3203125
55040,35.400390625
55069,22.5830078125
55144,23.25439453125
55192,47.91259765625
105231,23.62060546875
106077,23.25439453125
106112,22.15576171875
106279,24.35302734375
106380,23.86474609375
167740,28.13720703125
167789,21.66748046875
167898,23.92578125
167944,27.16064453125
168135,23.4375
168337,27.16064453125
168484,23.74267578125
207492,33.99658203125
207505,76.904296875
207527,129.39453125
207546,26.611328125
207584,86.85302734375
207597,30.6396484375
207621,39.55078125
207649,27.4658203125
207662,59.38720703125
207699,33.99658203125
207721,34.36279296875
207747,29.11376953125
207775,35.94970703125
207798,52.18505859375
207831,22.88818359375
207845,38.75732421875
207863,22.27783203125
207927,24.96337890625
207940,35.7666015625
208001,23.13232421875
208040,53.955078125
208053,24.84130859375
208093,25.146484375
208114,25.390625
208127,38.0859375
208207,27.16064453125
208231,26.85546875
208287,23.98681640625
208320,27.40478515625
208388,22.88818359375
208401,23.86474609375
208444,23.25439453125
208650,23.5595703125
208732,22.8271484375
208843,23.86474609375
209110,24.2919921875
288500,25.93994140625
288637,22.39990234375
288872,22.39990234375
289137,22.15576171875
289157,21.66748046875
301580,23.01025390625
301620,22.39990234375
301654,27.77099609375
301839,23.98681640625
301920,24.23095703125
302028,23.01025390625
302167,21.91162109375
454863,50.84228515625
454875,58.16650390625
454900,23.13232421875
454913,57.7392578125
454936,40.34423828125
454962,22.76611328125
454979,112.60986328125
455002,39.73388671875
455031,79.2236328125
455057,36.2548828125
455068,36.43798828125
455089,51.025390625
455127,26.42822265625
455143,21.728515625
455158,44.00634765625
455203,43.27392578125
455222,33.69140625
455247,41.9921875
455267,25.7568359375
455289,31.55517578125
455309,34.66796875
455350,23.25439453125
455367,22.5830078125
455383,37.41455078125
455394,52.18505859375
455425,22.76611328125
455455,25.5126953125
455503,52.42919921875
455516,22.3388671875
455553,23.62060546875
455577,31.982421875
455633,22.216796875
455686,22.3388671875
455702,24.0478515625
455751,37.65869140625
455835,27.83203125
455889,53.5888671875
456092,22.3388671875
456113,37.9638671875
456132,23.98681640625
456228,21.66748046875
456426,48.27880859375
528415,38.0859375
528441,23.86474609375
528531,46.20361328125
528544,55.48095703125
528571,31.92138671875
528610,114.19677734375
528626,45.5322265625
528656,93.68896484375
528683,67.3828125
528711,70.37353515625
528727,26.7333984375
528751,52.24609375
528791,23.86474609375
528808,88.7451171875
528824,25.146484375
528887,25.634765625
528910,50.23193359375
528925,23.98681640625
528941,28.99169921875
528974,26.4892578125
529064,32.89794921875
529087,25.45166015625
529121,25.634765625
529208,23.3154296875
529263,24.10888671875
529279,23.37646484375
529421,22.88818359375
529448,22.64404296875
529489,22.03369140625
529535,25.5126953125
529642,25.81787109375
529763,22.64404296875
578932,44.677734375
578963,40.71044921875
578982,37.53662109375
578998,34.85107421875
579018,62.56103515625
579039,111.02294921875
579050,29.052734375
579078,38.02490234375
579094,31.8603515625
579105,25.93994140625
579141,29.23583984375
579160,83.251953125
579186,28.01513671875
579204,40.10009765625
579224,24.169921875
579254,51.7578125
579277,27.77099609375
579301,31.982421875
579319,23.98681640625
579334,26.42822265625
579344,25.45166015625
579376,24.7802734375
579418,36.43798828125
579448,32.04345703125
579475,36.62109375
579494,31.31103515625
579526,22.39990234375
579537,31.31103515625
579586,23.4375
579722,26.2451171875
579741,26.55029296875
579760,47.18017578125
579916,23.98681640625
580088,48.583984375
638224,28.1982421875
638252,67.19970703125
638370,51.3916015625
638383,41.6259765625
638431,24.7802734375
638441,81.23779296875
638473,48.2177734375
638495,25.146484375
638506,55.0537109375
638531,28.1982421875
638559,80.2001953125
638576,31.1279296875
638589,22.4609375
638625,35.46142578125
638655,25.45166015625
638670,25.20751953125
638719,26.611328125
638767,21.97265625
638780,37.4755859375
638815,23.8037109375
638853,38.9404296875
638874,21.78955078125
638896,24.23095703125
638915,25.81787109375
638935,21.8505859375
638989,25.45166015625
639066,21.91162109375
639103,28.564453125
639157,38.0859375
639231,22.216796875
639292,22.64404296875
639401,22.88818359375
639444,52.24609375
639586,25.5126953125
639767,24.0478515625
661701,44.189453125
680643,21.66748046875
680668,63.96484375
680681,41.44287109375
680711,98.2666015625
680726,71.59423828125
680755,67.5048828125
680767,48.33984375
680777,24.7802734375
680804,57.7392578125
680831,27.4658203125
680868,30.2734375
680894,31.494140625
680919,64.0869140625
680956,24.90234375
680980,29.052734375
680998,30.029296875
681011,24.47509765625
681031,23.8037109375
681056,36.865234375
681076,21.66748046875
681105,23.86474609375
681121,42.29736328125
681159,32.53173828125
681177,24.7802734375
681202,26.4892578125
681225,24.7802734375
681257,35.64453125
681270,26.9775390625
681360,23.25439453125
681402,25.57373046875
681454,24.96337890625
681549,21.6064453125
681560,57.6171875
681678,25.93994140625
681743,22.15576171875
681843,44.98291015625
729392,50.537109375
730494,22.4609375
730550,25.57373046875
730616,21.78955078125
730744,22.8271484375
730863,28.62548828125
730982,24.96337890625
731052,23.37646484375
731174,24.0478515625
759009,27.7099609375
759032,53.40576171875
759044,107.72705078125
759083,106.01806640625
759108,34.72900390625
759130,30.82275390625
759145,32.8369140625
759157,74.462890625
759200,52.3681640625
759225,33.50830078125
759241,24.2919921875
759261,41.68701171875
759274,28.9306640625
759302,24.5361328125
759325,41.748046875
759344,49.37744140625
759355,41.748046875
759388,24.96337890625
759426,40.1611328125
759454,31.18896484375
759474,22.88818359375
759530,22.88818359375
759617,23.193359375
759646,32.1044921875
759699,23.74267578125
759757,23.0712890625
759768,71.47216796875
759901,23.37646484375
759953,49.6826171875
760076,21.91162109375
760097,22.3388671875
760116,25.634765625
788099,24.84130859375
788114,61.58447265625
788133,31.79931640625
788149,52.6123046875
788180,30.45654296875
788204,35.70556640625
788230,41.3818359375
788246,47.9736328125
788275,31.3720703125
788301,44.98291015625
788329,25.45166015625
788345,60.546875
788361,32.40966796875
788386,22.03369140625
788413,32.2265625
788433,24.7802734375
788444,25.69580078125
788509,25.2685546875
788519,48.40087890625
788569,22.0947265625
788589,31.92138671875
788625,42.1142578125
788688,27.89306640625
788706,25.634765625
788759,21.6064453125
788828,54.6875
789066,24.4140625
816325,51.20849609375
816343,48.52294921875
816397,55.60302734375
816418,96.86279296875
816448,46.08154296875
816468,74.70703125
816489,33.02001953125
816505,25.87890625
816541,36.0107421875
816567,30.029296875
816587,32.04345703125
816612,65.85693359375
816631,24.7802734375
816642,22.88818359375
816671,67.81005859375
816692,28.564453125
816713,23.681640625
816747,31.494140625
816777,33.75244140625
816808,24.4140625
816829,48.33984375
816849,38.330078125
816895,23.13232421875
816927,25.81787109375
816974,44.00634765625
817028,25.0244140625
817091,23.92578125
817152,28.3203125
817177,22.216796875
855887,27.587890625
855902,62.19482421875
855927,24.23095703125
855940,121.64306640625
855990,58.53271484375
856032,43.51806640625
856052,32.77587890625
856081,45.59326171875
856104,23.86474609375
856141,66.89453125
856166,38.330078125
856181,21.6064453125
856196,54.8095703125
856230,70.556640625
856270,32.28759765625
856281,22.15576171875
856307,28.50341796875
856336,22.39990234375
856347,32.53173828125
856367,36.7431640625
856419,39.55078125
856440,30.57861328125
856454,24.4140625
856501,44.189453125
856521,41.259765625
856556,31.1279296875
856610,41.3818359375
856621,23.62060546875
856631,39.794921875
856652,25.08544921875
856699,35.82763671875
856751,28.99169921875
856815,39.00146484375
856826,25.634765625
856892,51.1474609375
856922,23.13232421875
857029,31.982421875
857123,44.189453125
857203,32.8369140625
857318,58.65478515625
857415,26.06201171875
857473,29.60205078125
857644,42.78564453125
857727,29.60205078125
858900,22.705078125
862292,22.0947265625
905058,21.728515625
905086,59.02099609375
905098,107.23876953125
905132,46.142578125
905165,39.97802734375
905198,49.31640625
905237,27.7099609375
905257,110.29052734375
905275,34.1796875
905314,38.87939453125
905406,32.3486328125
905442,24.35302734375
905470,21.8505859375
905563,23.13232421875
905992,26.30615234375
906018,24.7802734375
906426,24.2919921875
906626,21.728515625
906714,26.611328125
906748,22.4609375
906849,22.03369140625
931908,21.6064453125
932018,23.74267578125
933629,41.44287109375
933657,23.193359375
933667,30.76171875
933693,40.71044921875
933742,63.41552734375
933774,29.60205078125
933795,109.55810546875
933823,56.21337890625
933856,28.62548828125
933883,63.78173828125
933906,90.27099609375
933941,44.73876953125
933957,25.69580078125
933996,22.88818359375
934063,43.15185546875
934109,21.91162109375
934175,21.66748046875
934296,22.94921875
934444,21.66748046875
934604,26.0009765625
962416,22.216796875
962950,60.4248046875
962986,36.1328125
963004,114.68505859375
963039,51.08642578125
963051,50.96435546875
963074,34.85107421875
963100,33.99658203125
963117,25.57373046875
963137,42.90771484375
963181,25.32958984375
963206,24.84130859375
963222,66.650390625
963235,31.6162109375
963261,37.04833984375
963271,29.296875
963302,21.6064453125
963313,29.296875
963325,25.7568359375
963353,36.2548828125
963373,49.560546875
963404,27.7099609375
963415,23.86474609375
963437,31.3720703125
963463,28.1982421875
963505,24.96337890625
963528,47.79052734375
963775,29.96826171875
963844,55.96923828125
963960,22.76611328125
964105,23.62060546875
964154,43.15185546875
1009995,23.92578125
1010019,50.9033203125
1010034,57.67822265625
1010068,130.18798828125
1010086,32.89794921875
1010104,34.912109375
1010127,101.9287109375
1010140,44.37255859375
1010156,27.34375
1010193,48.15673828125
1010216,28.50341796875
1010246,73.3642578125
1010268,25.634765625
1010285,28.99169921875
1010313,37.04833984375
1010326,24.71923828125
1010351,74.03564453125
1010368,26.55029296875
1010386,33.5693359375
1010415,46.20361328125
1010440,34.7900390625
1010452,24.658203125
1010484,23.13232421875
1010494,41.80908203125
1010525,25.634765625
1010542,28.4423828125
1010570,37.17041015625
1010589,26.123046875
1010734,25.93994140625
1010791,22.4609375
1010978,39.85595703125
1011055,22.39990234375
1011447,23.74267578125
1034806,24.59716796875
1035254,21.97265625
1036456,21.91162109375
1064089,25.390625
1064260,24.2919921875
1064332,27.34375
1064391,23.98681640625
1064445,22.52197265625
1064635,22.52197265625
1064737,23.8037109375
1064797,23.92578125
1088939,23.3154296875
1089443,21.78955078125
1089562,22.5830078125
1112529,23.0712890625
1112626,25.32958984375
1112826,22.4609375
1113560,23.98681640625
1162047,61.6455078125
1162084,93.56689453125
1162096,29.78515625
1162109,55.17578125
1162120,26.85546875
1162154,37.78076171875
1162170,24.0478515625
1162185,23.37646484375
1162223,68.66455078125
1162253,23.98681640625
1162297,38.39111328125
1162334,24.7802734375
1162364,55.23681640625
1162376,59.9365234375
1162387,23.86474609375
1162475,50.78125
1162522,26.9775390625
1162540,21.97265625
1162601,50.23193359375
1162740,22.88818359375
1162785,24.7802734375
1162815,26.123046875
1163136,21.6064453125
1163255,28.01513671875
1164000,24.7802734375
1164299,22.5830078125
1218080,21.8505859375
1218224,23.49853515625
1218302,24.4140625
1218488,23.92578125
1218560,22.5830078125
1240856,22.27783203125
1241326,22.94921875
1268087,24.90234375
1268104,41.259765625
1268127,28.13720703125
1268138,26.0009765625
1268152,150.81787109375
1268183,23.98681640625
1268211,46.875
1268230,81.48193359375
1268267,54.13818359375
1268285,25.45166015625
1268297,29.1748046875
1268307,55.419921875
1268329,36.4990234375
1268345,28.1982421875
1268375,26.67236328125
1268393,28.50341796875
1268420,27.099609375
1268454,21.78955078125
1268673,29.9072265625
1269076,24.90234375
1341471,21.66748046875
1411319,22.216796875
1411353,64.63623046875
1411389,59.08203125
1411412,54.5654296875
1411435,121.64306640625
1411448,54.01611328125
1411461,32.28759765625
1411482,22.64404296875
1411504,63.90380859375
1411542,52.978515625
1411563,39.97802734375
1411592,27.7099609375
1411602,23.62060546875
1411630,51.45263671875
1411661,28.80859375
1411749,73.6083984375
1412272,25.69580078125
1457086,39.48974609375
1457103,51.26953125
1457120,26.67236328125
1457153,36.43798828125
1457192,48.64501953125
1457217,125.06103515625
1457240,61.767578125
1457268,29.11376953125
1457279,29.23583984375
1457299,107.666015625
1457333,38.0859375
1457365,35.2783203125
1457386,57.373046875
1457510,38.330078125
1457523,41.1376953125
1457640,23.681640625
1457854,23.86474609375
1552080,57.67822265625
1552156,59.6923828125
1552170,51.7578125
1552224,53.89404296875
1552238,73.05908203125
1552273,102.783203125
1552287,21.6064453125
1552307,35.33935546875
1552327,44.86083984375
1552357,23.86474609375
1552380,25.20751953125
1552414,38.57421875
1552427,39.1845703125
1552477,23.01025390625
1552548,23.01025390625
1552591,48.583984375
1552648,26.4892578125
1552667,58.10546875
1552723,26.0009765625
1552749,25.93994140625
1552769,46.2646484375
1552888,24.47509765625
1552979,22.88818359375
1640426,35.21728515625
1640442,75.74462890625
1640462,41.56494140625
1640478,140.93017578125
1640517,42.29736328125
1640533,40.52734375
1640548,85.38818359375
1640570,38.818359375
1640597,26.30615234375
1640630,42.66357421875
1640649,26.3671875
1640694,25.2685546875
1640714,25.08544921875
1640755,24.5361328125
1640791,47.91259765625
1640811,47.30224609375
1640879,25.08544921875
1640904,22.64404296875
1641140,23.62060546875
1641262,23.92578125
1641334,23.5595703125
1641344,25.146484375
1699519,24.59716796875
1699559,46.69189453125
1699580,59.326171875
1699595,22.64404296875
1699628,22.15576171875
1699671,26.91650390625
1699693,58.77685546875
1699728,27.40478515625
1699749,40.52734375
1699771,126.46484375
1699793,22.52197265625
1699852,48.52294921875
1699879,49.4384765625
1699916,32.89794921875
1699985,29.296875
1699999,50.35400390625
1700150,26.85546875
1700327,28.9306640625
1700366,24.71923828125
1700538,23.49853515625
1700692,22.216796875
1748231,62.5
1748247,48.7060546875
1748259,33.203125
1748277,116.39404296875
1748307,21.66748046875
1748331,68.66455078125
1748348,99.2431640625
1748388,48.52294921875
1748398,53.28369140625
1748454,35.09521484375
1748480,30.2734375
1748500,29.78515625
1748516,46.7529296875
1748538,23.8037109375
1748549,44.73876953125
1748572,22.39990234375
1748645,26.55029296875
1748656,23.3154296875
1748742,22.3388671875
1748951,21.728515625
1749004,21.6064453125
1749096,26.2451171875
1749119,25.69580078125
1749311,23.5595703125
1749321,24.10888671875
1800376,51.94091796875
1800404,52.3681640625
1800431,38.818359375
1800441,48.40087890625
1800460,102.783203125
1800481,51.45263671875
1800493,44.921875
1800521,107.0556640625
1800533,22.8271484375
1800555,22.0947265625
1800567,52.1240234375
1800598,27.40478515625
1800628,50.048828125
1800641,27.83203125
1800697,24.96337890625
1800719,51.1474609375
1800767,22.15576171875
1800800,28.80859375
1800832,47.8515625
1800844,47.54638671875
1800880,30.09033203125
1800909,26.85546875
1800935,27.64892578125
1800946,52.18505859375
1801065,22.64404296875
1801089,24.59716796875
1801156,22.3388671875
1801168,27.16064453125
1801272,23.0712890625
1844580,47.119140625
1844609,24.658203125
1844665,104.00390625
1844675,68.359375
1844702,24.96337890625
1844731,51.7578125
1844755,46.38671875
1844769,110.77880859375
1844790,51.3916015625
1844821,37.29248046875
1844833,39.97802734375
1844845,82.21435546875
1844868,30.6396484375
1844903,29.35791015625
1844913,57.6171875
1844938,25.2685546875
1844960,24.2919921875
1845011,27.89306640625
1845080,21.66748046875
1845093,26.18408203125
1845196,24.169921875
1845397,22.15576171875
1845430,24.2919921875
1845580,22.76611328125
1845635,25.93994140625
1875397,69.64111328125
1875454,26.3671875
1875467,53.3447265625
1875494,44.49462890625
1875519,55.419921875
1875547,99.12109375
1875588,89.05029296875
1875614,46.69189453125
1875645,47.36328125
1875676,42.78564453125
1875714,26.85546875
1875742,51.69677734375
1875753,37.78076171875
1875788,22.64404296875
1875823,94.7265625
1875864,50.537109375
1875895,22.52197265625
1876048,23.8037109375
1876101,23.62060546875
1876125,26.123046875
1876228,23.92578125
1876338,22.3388671875
1876411,21.6064453125
1876465,22.27783203125
1876529,23.681640625
1876617,21.8505859375
1905798,46.93603515625
1905810,21.66748046875
1905824,54.6875
1905866,50.23193359375
1905895,95.39794921875
1905907,70.3125
1905933,57.0068359375
1905947,35.33935546875
1905976,76.84326171875
1905994,27.40478515625
1906014,31.43310546875
1906053,22.3388671875
1906085,63.8427734375
1906104,28.564453125
1906128,88.80615234375
1906144,24.0478515625
1906159,45.59326171875
1906185,25.93994140625
1906293,23.3154296875
1906575,25.390625
1906595,23.5595703125
1906624,25.57373046875
1906761,28.62548828125
1906976,24.47509765625
1907008,26.79443359375
1907189,23.3154296875
1907421,25.2685546875
1944667,55.5419921875
1944706,26.79443359375
1944727,63.1103515625
1944754,31.31103515625
1944775,29.11376953125
1944794,62.3779296875
1944806,42.96875
1944824,64.14794921875
1944835,25.08544921875
1944848,30.76171875
1944858,44.73876953125
1944888,55.48095703125
1944921,68.42041015625
1944946,23.01025390625
1944986,28.99169921875
1945004,52.6123046875
1945019,27.77099609375
1945059,22.8271484375
1945091,55.7861328125
1945122,23.92578125
1945158,27.099609375
1945172,21.66748046875
1945195,22.39990234375
1945237,25.93994140625
1945429,29.96826171875
1945459,21.78955078125
1945554,24.5361328125
1945907,25.32958984375
1945994,21.6064453125
1993731,53.466796875
1993797,54.19921875
1993823,50.537109375
1993859,50.78125
1993874,32.77587890625
1993897,39.36767578125
1993915,101.5625
1993930,34.85107421875
1993963,61.767578125
1993977,76.96533203125
1994039,58.2275390625
1994052,54.443359375
1994074,28.80859375
1994105,41.259765625
1994130,37.353515625
1994143,26.06201171875
1994176,44.86083984375
1994204,28.4423828125
1994279,53.77197265625
1994313,26.18408203125
1994347,21.97265625
1994391,24.7802734375
1994407,23.49853515625
1994465,24.84130859375
1994526,21.8505859375
1994550,24.35302734375
1994625,23.5595703125
1994640,21.8505859375
1994750,28.4423828125
1994949,23.681640625
1995035,23.25439453125
1995045,26.3671875
2035045,44.73876953125
2035176,49.9267578125
2035200,49.31640625
2035239,23.193359375
2035340,68.115234375
2035368,36.376953125
2035381,22.94921875
2035398,29.1748046875
2035427,29.23583984375
2035451,56.70166015625
2035481,126.0986328125
2035493,33.87451171875
2035507,23.5595703125
2035543,41.93115234375
2035566,83.92333984375
2035579,22.3388671875
2035611,46.9970703125
2035630,32.28759765625
2035686,40.283203125
2035715,22.52197265625
2035741,25.20751953125
2035964,24.5361328125
2036005,22.52197265625
2036079,23.8037109375
2036103,25.08544921875
2036194,23.74267578125
2036216,21.78955078125
2036239,25.0244140625
2036346,22.705078125
2036442,22.39990234375
2036931,24.47509765625
2100951,27.2216796875
2100969,77.2705078125
2100994,43.39599609375
2101013,56.70166015625
2101030,25.32958984375
2101057,139.95361328125
2101072,30.57861328125
2101107,52.001953125
2101126,39.9169921875
2101150,75.1953125
2101180,42.3583984375
2101206,21.97265625
2101258,21.91162109375
2101272,24.658203125
2101282,44.677734375
2101307,21.8505859375
2101341,21.8505859375
2101365,21.8505859375
2101395,23.74267578125
2101438,22.705078125
2101517,23.86474609375
2101529,30.21240234375
2101616,24.658203125
2101698,28.25927734375
2101810,23.25439453125
2102205,31.6162109375
2163074,30.57861328125
2163103,43.15185546875
2163143,155.70068359375
2163156,44.49462890625
2163178,27.03857421875
2163195,27.89306640625
2163223,103.6376953125
2163235,23.681640625
2163253,34.5458984375
2163296,22.88818359375
2163328,44.00634765625
2163361,22.5830078125
2163380,47.9736328125
2163408,24.2919921875
2163422,24.35302734375
2163481,21.97265625
2163599,22.4609375
2163654,22.15576171875
2163705,22.0947265625
2163720,32.958984375
2164021,26.611328125
2164168,23.4375
2164194,22.39990234375
2164247,23.62060546875
2165148,22.76611328125
2216068,66.46728515625
2216092,93.07861328125
2216111,34.66796875
2216123,51.26953125
2216148,88.92822265625
2216164,47.91259765625
2216186,31.79931640625
2216221,23.49853515625
2216258,52.734375
2216284,22.76611328125
2216343,24.35302734375
2216359,24.169921875
2216413,21.728515625
2216508,25.146484375
2216646,27.40478515625
2216700,22.8271484375
2216732,21.728515625
2216824,22.705078125
2216886,22.216796875
2216924,24.658203125
2217161,21.728515625
2272140,23.37646484375
2272832,25.87890625
2272939,26.0009765625
2273019,22.03369140625
2273039,25.146484375
2273092,22.0947265625
2273126,25.5126953125
2273185,24.7802734375
2273256,29.296875
2273396,21.6064453125
2273578,21.91162109375
2274310,24.47509765625
2342800,48.2177734375
2343660,23.681640625
2343742,23.62060546875
2343807,25.57373046875
2343835,27.2216796875
2343877,22.94921875
2343967,22.0947265625
2344021,22.3388671875
2344075,23.86474609375
2344153,31.8603515625
2344174,25.7568359375
2344210,22.94921875
2344279,22.15576171875
2344312,22.8271484375
2344586,21.728515625
2344622,23.98681640625
2344730,21.66748046875
2396455,47.119140625
2396489,21.8505859375
2396506,56.70166015625
2396532,38.0859375
2396552,23.49853515625
2396583,100.28076171875
2396613,31.494140625
2396635,35.58349609375
2396646,27.52685546875
2396684,35.70556640625
2396694,52.978515625
2396715,87.158203125
2396734,58.77685546875
2396765,22.52197265625
2396797,23.13232421875
2397303,23.49853515625
2397339,23.681640625
2397377,25.08544921875
2397413,22.76611328125
2397457,23.0712890625
2397546,22.39990234375
2397578,21.66748046875
2397614,24.90234375
2397635,24.169921875
2397658,21.97265625
2397897,22.705078125
2475081,27.099609375
2475108,32.28759765625
2475121,49.1943359375
2475138,27.52685546875
2475166,23.01025390625
2475177,117.61474609375
2475217,24.658203125
2475247,69.9462890625
2475257,65.36865234375
2475287,23.13232421875
2475326,71.6552734375
2475340,22.8271484375
2475357,27.4658203125
2475377,27.03857421875
2475409,24.5361328125
2475471,23.74267578125
2475586,21.66748046875
2475704,26.85546875
2475774,27.16064453125
2475799,36.1328125
2475829,31.43310546875
2475911,21.6064453125
2476095,28.99169921875
2553760,67.0166015625
2553780,22.4609375
2553807,45.0439453125
2553823,22.64404296875
2553863,49.01123046875
2553874,32.3486328125
2553895,108.21533203125
2553933,33.02001953125
2553944,24.5361328125
2553980,46.630859375
2554046,99.18212890625
2554057,49.1943359375
2554077,27.89306640625
2554151,24.7802734375
2554340,22.76611328125
2554461,23.4375
2554566,22.03369140625
2554700,22.76611328125
2554849,21.91162109375
2555037,22.27783203125
2631579,29.23583984375
2631759,27.40478515625
2632161,22.3388671875
2632178,24.59716796875
2632220,22.39990234375
2632640,23.193359375
2699208,33.87451171875
2699227,146.42333984375
2699255,28.13720703125
2699281,89.35546875
2699302,48.27880859375
2699317,27.16064453125
2699340,78.4912109375
2699356,30.029296875
2699403,40.58837890625
2699436,58.349609375
2699463,24.90234375
2699483,22.216796875
2699505,22.5830078125
2699671,22.3388671875
2699733,24.7802734375
2699811,33.99658203125
2699846,25.08544921875
2699894,21.91162109375
2699917,22.64404296875
2699959,28.13720703125
2700014,29.35791015625
2700050,26.123046875
2700168,22.5830078125
2700350,22.88818359375
2745976,26.85546875
2746137,28.9306640625
2746203,24.23095703125
2746891,22.216796875
2795852,25.7568359375
2795944,27.40478515625
2795975,21.78955078125
2796112,24.90234375
2796145,23.25439453125
2796342,21.91162109375
2844855,115.41748046875
2844876,30.1513671875
2844902,43.02978515625
2844916,25.32958984375
2844938,109.68017578125
2844997,56.640625
2845009,32.53173828125
2845032,31.92138671875
2845054,49.98779296875
2845084,27.89306640625
2845120,48.27880859375
2845315,26.79443359375
2845361,24.658203125
2845393,27.83203125
2845470,22.03369140625
2845511,21.8505859375
2845559,21.66748046875
2845629,26.55029296875
2845739,22.76611328125
2845909,22.705078125
2846058,26.9775390625
2846157,22.5830078125
2900886,41.07666015625
2900907,57.6171875
2900951,23.13232421875
2903057,24.23095703125
2903191,24.658203125
2903218,24.59716796875
2903366,22.15576171875
2903426,25.7568359375
2903460,21.8505859375
2903625,21.728515625
2926349,21.728515625
2926452,34.0576171875
2926463,21.728515625
2930246,22.216796875
2930556,23.13232421875
2930627,23.0712890625
2930765,27.40478515625
2956164,23.681640625
2956437,21.97265625
2973065,50.048828125
2983457,114.501953125
2985005,22.03369140625
3020204,22.4609375
3020265,26.3671875
3020276,25.20751953125
3020304,101.37939453125
3020470,98.20556640625
3020494,23.74267578125
3020520,56.94580078125
3020532,25.81787109375
3020814,22.0947265625
3053857,26.85546875
3053877,25.146484375
3053888,62.1337890625
3053902,43.39599609375
3053914,96.37451171875
3053946,25.390625
3053987,95.03173828125
3054922,26.123046875
3055320,24.59716796875
3055621,22.705078125
3055689,22.4609375
3091413,23.25439453125
3091452,22.64404296875
3093392,24.5361328125
3122359,23.3154296875
3122547,21.91162109375
3122567,28.86962890625
3166216,47.18017578125
3168272,27.64892578125
3168629,22.15576171875
3192146,106.75048828125
3250861,26.9775390625
3250912,50.048828125
3255663,21.66748046875
3288278,30.09033203125
3288306,60.4248046875
3288329,22.03369140625
3288365,25.32958984375
3288905,22.52197265625
3326163,29.296875
3326635,24.658203125
3326708,58.65478515625
3335659,50.1708984375
3352277,22.4609375
3352329,22.8271484375
3352359,70.73974609375
3352376,45.5322265625
3352414,107.60498046875
3352484,21.8505859375
3414716,52.18505859375
3414749,58.59375
3418774,21.78955078125
3434935,24.96337890625
3435010,28.50341796875
3435037,58.2275390625
3435061,100.9521484375
3435092,22.3388671875
3435106,58.53271484375
3435119,40.22216796875
3435330,23.193359375
3435446,95.703125
3435464,22.39990234375
3435510,21.8505859375
3468939,111.14501953125
3468983,23.92578125
3469033,25.93994140625
3469469,22.8271484375
3470423,23.193359375
3487916,52.91748046875
3487936,104.98046875
3487960,42.90771484375
3487997,52.001953125
3508541,23.25439453125
3508573,23.681640625
3523443,42.3583984375
3562115,23.92578125
3562588,57.2509765625
3577207,22.39990234375
3577249,46.69189453125
3608106,38.9404296875
3608145,53.89404296875
3608224,58.4716796875
3608574,23.92578125
3608603,30.76171875
3608620,118.22509765625
3608631,21.66748046875
3608690,21.728515625
3608709,72.81494140625
3608726,90.88134765625
3608737,30.70068359375
3609886,23.4375
3609979,22.03369140625
3609992,43.39599609375
3610069,21.8505859375
3610089,22.94921875
3610384,26.123046875
3610417,23.13232421875
3610472,22.64404296875
3717682,92.6513671875
3719001,22.5830078125
3719034,22.03369140625
3719196,25.7568359375
3719239,21.728515625
3719263,21.6064453125
3719301,28.3203125
3719474,21.66748046875
3719664,26.0009765625
3769799,58.41064453125
3769820,50.1708984375
3785256,23.4375
3794348,102.60009765625
3794386,22.15576171875
3794427,23.3154296875
3794437,28.4423828125
3794457,98.20556640625
3794495,46.2646484375
3794513,24.0478515625
3794535,22.4609375
3794567,25.5126953125
3795050,22.94921875
3795081,27.28271484375
3795100,25.45166015625
3795186,24.0478515625
3795204,23.37646484375
3795249,22.0947265625
3795294,29.1748046875
3795350,25.32958984375
3795395,27.28271484375
3795415,24.0478515625
3796093,21.97265625
3796379,22.15576171875
3856070,101.1962890625
3856117,25.390625
3856131,80.87158203125
3856167,29.1748046875
3856336,22.27783203125
3856360,22.52197265625
3856417,33.203125
3856445,27.9541015625
3856510,34.3017578125
3856526,25.634765625
3856566,26.3671875
3856577,27.03857421875
3856617,26.42822265625
3856709,28.13720703125
3914237,23.13232421875
3914345,24.47509765625
3914434,83.43505859375
3914459,95.703125
3914484,26.85546875
3914514,88.5009765625
3914535,78.43017578125
3914547,33.935546875
3914602,84.3505859375
3914620,24.4140625
3914690,41.80908203125
3914708,23.01025390625
3914992,28.80859375
3915008,27.587890625
3915049,30.45654296875
3915103,21.91162109375
3915191,24.169921875
3915241,25.5126953125
3915325,22.8271484375
3915366,23.25439453125
3936269,22.5830078125
3936430,23.37646484375
3936522,23.13232421875
3936602,27.16064453125
3936715,22.88818359375
3936896,24.7802734375
3937139,21.728515625
3990874,22.76611328125
3990887,22.03369140625
3990910,23.193359375
3991049,22.3388671875
3991122,27.34375
4038121,21.91162109375
4039559,27.03857421875
4039585,26.79443359375
4039686,28.62548828125
4039714,25.45166015625
4039906,21.6064453125
4040103,23.3154296875
4040386,21.728515625
4066125,29.35791015625
4066184,26.30615234375
4066233,22.76611328125
4066260,25.0244140625
4066366,21.97265625
4066458,24.169921875
4066485,21.97265625
4067054,24.0478515625
4090544,62.1337890625
4092940,25.7568359375
4092981,21.66748046875
4093001,23.193359375
4093045,21.91162109375
4093094,22.3388671875
4093113,22.27783203125
4093268,22.8271484375
4093560,27.28271484375
4117150,22.0947265625
4117179,36.2548828125
4117287,30.2734375
4117386,26.4892578125
4117412,28.86962890625
4117456,23.86474609375
4117948,25.634765625
4144942,25.45166015625
4145035,24.59716796875
4145065,28.50341796875
4145181,35.15625
4145251,22.76611328125
4145275,21.91162109375
4170552,24.0478515625
4170649,21.66748046875
4170709,23.49853515625
4170784,33.5693359375
4170961,22.76611328125
4171222,21.6064453125
4188967,30.70068359375
4189064,22.03369140625
4189086,29.11376953125
4189113,26.30615234375
4189160,25.08544921875
4189193,27.4658203125
4189211,26.9775390625
4189630,21.97265625
4189667,23.193359375
4198228,23.8037109375
4198472,22.0947265625
4198698,22.216796875
4199390,22.52197265625
4241375,24.4140625
4241405,21.78955078125
4241467,22.4609375
4241504,26.7333984375
4241536,27.099609375
4241829,22.03369140625
4241915,21.728515625
4262434,23.98681640625
4262509,23.5595703125
4262591,24.7802734375
4262645,22.15576171875
4262781,24.169921875
4262834,30.8837890625
4262861,21.8505859375
4263031,23.98681640625
4268143,23.193359375
4302116,25.81787109375
4302316,26.06201171875
4334499,23.681640625
4334536,23.0712890625
4334755,27.40478515625
4359923,21.66748046875
4360534,23.49853515625
4360554,22.39990234375
4360603,21.6064453125
4391725,23.25439453125
4391824,22.03369140625
4391862,23.74267578125
4391930,23.74267578125
4392481,23.01025390625
4424459,22.64404296875
4424827,22.0947265625
4449471,25.7568359375
4449641,22.76611328125
4449784,24.658203125
4451869,23.8037109375
4482033,109.2529296875
4482326,26.55029296875
4482361,27.40478515625
4482486,22.3388671875
4509478,21.6064453125
4509507,22.0947265625
4509954,24.658203125
4510041,25.7568359375
4510088,23.3154296875
4510235,22.94921875
4510584,21.66748046875
4514633,47.36328125
4514701,42.3583984375
4529003,23.37646484375
4529180,25.5126953125
4529267,25.81787109375
4529325,21.91162109375
4552883,21.728515625
4552968,23.98681640625
4553078,24.90234375
4553101,21.6064453125
4553503,23.193359375
4618992,23.3154296875
4619090,22.27783203125
4619136,22.94921875
4619255,26.9775390625
4619307,21.78955078125
4619522,25.32958984375
4619596,24.658203125
4619809,21.91162109375
4620060,22.52197265625
4620332,22.705078125
4652026,21.8505859375
4652210,21.78955078125
4652378,28.1982421875
4652618,21.97265625
4697989,23.193359375
4698190,21.78955078125
4698388,27.83203125
4698453,22.27783203125
4698740,35.82763671875
4723221,24.4140625
4723292,22.5830078125
4723446,23.193359375
4723661,24.169921875
4723777,23.98681640625
4723814,22.03369140625
4723920,22.64404296875
4757637,22.52197265625
4757673,23.0712890625
4757710,23.13232421875
4757763,27.52685546875
4758081,22.52197265625
4781880,21.66748046875
4782110,22.5830078125
