4798001,0
223608,59.99755859375
223682,57.06787109375
223817,42.66357421875
223835,56.09130859375
223912,67.32177734375
414636,87.7685546875
414741,50.96435546875
414881,75.0732421875
414979,62.92724609375
415070,55.23681640625
415158,77.392578125
415230,77.45361328125
415264,42.8466796875
415296,45.166015625
415472,52.91748046875
416178,41.1376953125
416282,50.4150390625
416453,43.701171875
416607,42.6025390625
416967,60.4248046875
417105,43.27392578125
417407,47.119140625
492260,70.12939453125
503102,64.5751953125
503208,59.814453125
503252,41.1376953125
503270,43.76220703125
503290,64.39208984375
503322,45.10498046875
503370,67.7490234375
503438,65.673828125
503486,51.94091796875
503623,50.048828125
503803,41.19873046875
503868,41.50390625
504256,44.189453125
504366,45.8984375
504575,47.30224609375
504690,48.03466796875
504894,43.76220703125
516418,69.27490234375
516436,40.46630859375
527259,45.8984375
527313,40.8935546875
527402,58.837890625
538943,60.1806640625
539039,76.904296875
539089,50.9033203125
539104,73.05908203125
539166,50.537109375
539246,45.7763671875
539278,41.9921875
539328,41.32080078125
539400,41.9921875
539473,44.61669921875
539561,43.5791015625
539636,45.95947265625
539737,44.00634765625
539836,43.701171875
539995,49.6826171875
550724,72.021484375
550834,49.98779296875
550850,42.3583984375
550902,46.44775390625
560217,69.27490234375
560270,72.021484375
560352,70.86181640625
560426,46.142578125
560494,53.466796875
560534,40.52734375
560576,55.11474609375
560605,43.27392578125
560806,57.18994140625
571043,68.603515625
571111,55.17578125
571185,61.6455078125
571279,43.212890625
571357,43.88427734375
571469,40.8935546875
571625,66.2841796875
571954,45.8984375
582946,40.4052734375
582972,60.6689453125
583050,69.4580078125
583082,48.828125
583118,53.3447265625
583200,51.1474609375
583315,57.373046875
583398,50.35400390625
583535,50.10986328125
583704,51.81884765625
584024,42.54150390625
594540,83.251953125
594588,67.138671875
594610,42.3583984375
594672,58.59375
594703,40.10009765625
594814,58.53271484375
604836,70.556640625
604886,59.87548828125
604951,60.9130859375
604988,41.259765625
605007,70.3125
605041,40.1611328125
605073,47.42431640625
605249,49.25537109375
605914,41.9921875
606185,50.9033203125
606510,49.1943359375
616189,80.13916015625
616330,40.0390625
623719,79.89501953125
623795,41.3818359375
623823,41.56494140625
623857,69.9462890625
632111,42.90771484375
632201,40.83251953125
632245,46.5087890625
632348,61.58447265625
632364,40.1611328125
632403,44.73876953125
632459,52.06298828125
632486,48.40087890625
632893,49.74365234375
641640,51.7578125
641717,67.93212890625
641791,69.51904296875
641809,40.6494140625
641871,44.7998046875
642077,60.24169921875
652736,65.0634765625
652787,45.34912109375
652797,51.69677734375
652853,62.80517578125
652864,42.1142578125
652923,45.0439453125
653081,43.15185546875
653257,58.837890625
653385,44.43359375
653532,52.490234375
653678,47.05810546875
665480,69.82421875
665519,40.58837890625
665547,91.12548828125
665630,53.52783203125
665704,54.62646484375
665802,51.69677734375
665877,65.12451171875
665996,48.095703125
666140,51.513671875
666331,63.232421875
678408,64.39208984375
678418,41.07666015625
678446,46.7529296875
678462,73.30322265625
678485,45.8984375
678527,59.38720703125
678591,40.0390625
678620,41.19873046875
678662,39.97802734375
678777,43.701171875
678994,56.33544921875
679150,44.5556640625
679254,52.79541015625
679371,50.29296875
691738,61.5234375
691772,41.56494140625
691810,81.23779296875
691863,49.560546875
691896,45.2880859375
691930,40.1611328125
692018,40.34423828125
692146,61.82861328125
692275,42.29736328125
692404,49.4384765625
706256,65.97900390625
706312,46.630859375
706357,47.7294921875
706378,59.08203125
706502,53.77197265625
706586,57.9833984375
706673,47.119140625
706750,42.78564453125
707374,41.68701171875
707847,46.9970703125
718558,42.05322265625
718577,77.81982421875
718742,68.66455078125
728940,56.0302734375
729003,40.4052734375
729027,65.00244140625
729062,45.10498046875
729144,61.34033203125
729222,42.90771484375
729304,61.8896484375
741732,40.95458984375
741802,71.1669921875
741890,69.76318359375
741914,45.7763671875
741971,54.50439453125
742039,43.39599609375
742225,55.96923828125
742393,66.95556640625
742606,53.52783203125
757658,71.35009765625
757765,78.0029296875
757816,42.96875
757909,44.43359375
758032,48.583984375
758151,74.64599609375
758256,49.62158203125
758383,47.36328125
758511,44.3115234375
776011,71.2890625
776089,44.43359375
776127,72.3876953125
776156,44.12841796875
776210,66.83349609375
776239,42.05322265625
776280,55.60302734375
776330,40.52734375
776371,53.03955078125
776442,41.68701171875
776527,54.38232421875
776634,49.4384765625
776760,49.98779296875
776856,41.9921875
777050,48.88916015625
777241,46.32568359375
798282,71.6552734375
798364,79.2236328125
798416,63.96484375
798518,48.88916015625
1379874,43.5791015625
1707603,83.8623046875
1707649,58.53271484375
1707686,49.13330078125
1707712,65.7958984375
1707734,41.19873046875
1707759,52.6123046875
1707816,47.2412109375
1707917,68.84765625
1707992,41.44287109375
1708050,61.70654296875
1708130,41.68701171875
1708220,47.2412109375
1708276,42.90771484375
1708625,43.15185546875
1708951,41.015625
1709083,51.57470703125
1709326,50.537109375
1709566,48.40087890625
1709790,50.6591796875
1710302,46.7529296875
1710594,63.53759765625
1801914,40.8935546875
1964601,50.72021484375
1964648,72.08251953125
1964707,61.279296875
1964765,57.373046875
1964789,46.08154296875
1964820,64.14794921875
1964873,58.77685546875
1964937,40.46630859375
1964984,50.29296875
1965749,41.748046875
1965886,44.189453125
1966195,43.88427734375
1966425,47.91259765625
1966592,54.5654296875
1966907,46.0205078125
1967075,46.32568359375
1967553,62.255859375
1967998,47.66845703125
1968950,56.640625
2049866,75.13427734375
2049987,57.7392578125
2050095,60.24169921875
2050188,88.2568359375
2050236,68.84765625
2050279,44.49462890625
2050296,41.1376953125
2050327,50.29296875
2050392,55.60302734375
2050454,59.63134765625
2050824,45.59326171875
2051144,43.76220703125
2051386,43.45703125
2051512,54.74853515625
2051769,46.9970703125
2066415,45.5322265625
2079347,67.07763671875
2079495,54.74853515625
2079564,40.83251953125
2079587,69.091796875
2079607,44.86083984375
2079653,72.998046875
2079712,58.89892578125
2079734,44.61669921875
2079775,45.166015625
2079801,42.17529296875
2079848,45.59326171875
2080005,51.1474609375
2080068,40.283203125
2080126,40.8935546875
2080916,46.875
2094978,64.208984375
2095115,57.6171875
2095258,63.04931640625
2109681,40.52734375
2109748,74.951171875
2109811,48.03466796875
2109889,57.67822265625
2109958,40.10009765625
2110031,41.07666015625
2110059,40.58837890625
2110330,43.9453125
2111038,42.96875
2111161,46.875
2111395,55.48095703125
2124622,76.35498046875
2124698,78.18603515625
2124727,39.9169921875
2124782,73.3642578125
2137253,66.34521484375
2137307,45.83740234375
2137321,61.82861328125
2137361,44.73876953125
2137411,40.1611328125
2137423,86.42578125
2137500,58.349609375
2137624,41.015625
2151637,72.3876953125
2151681,62.68310546875
2151731,43.64013671875
2151785,41.1376953125
2151805,47.54638671875
2151867,74.76806640625
2152082,40.46630859375
2153398,53.8330078125
2153709,40.34423828125
2164834,68.90869140625
2164904,64.94140625
2164916,41.50390625
2164969,42.54150390625
2165045,48.27880859375
2165152,57.92236328125
2174771,74.21875
2174825,41.3818359375
2174866,57.06787109375
2174943,49.8046875
2175107,63.65966796875
2186691,77.94189453125
2186754,57.9833984375
2186765,65.85693359375
2186829,60.36376953125
2186842,48.40087890625
2186906,49.560546875
2186971,41.259765625
2187139,40.1611328125
2187241,39.97802734375
2187439,44.677734375
2187526,40.58837890625
2187667,41.56494140625
2187796,55.84716796875
2187946,41.6259765625
2200664,71.2890625
2200711,49.13330078125
2200729,75.1953125
2200787,49.072265625
2200845,54.0771484375
2200947,55.419921875
2200971,46.5087890625
2201380,61.46240234375
2213311,55.17578125
2213356,67.81005859375
2213409,40.46630859375
2213459,44.49462890625
2213489,55.2978515625
2213515,40.22216796875
2213564,40.95458984375
2213602,48.9501953125
2213692,45.83740234375
2214473,41.56494140625
2214613,43.39599609375
2214852,47.30224609375
2227551,69.51904296875
2227603,45.2880859375
2227632,41.44287109375
2227691,67.07763671875
2227719,40.10009765625
2227779,63.90380859375
2227918,46.0205078125
2240411,71.8994140625
2240517,68.9697265625
2240552,40.52734375
2240562,55.17578125
2240631,44.86083984375
2240643,43.51806640625
2240702,43.212890625
2240977,45.654296875
2241049,41.259765625
2241706,54.13818359375
2241828,39.85595703125
2252951,72.3876953125
2253029,49.31640625
2253091,54.74853515625
2253189,55.96923828125
2267559,79.89501953125
2267605,65.24658203125
2267670,64.51416015625
2267737,67.7490234375
2267760,39.85595703125
2267796,44.12841796875
2267808,40.46630859375
2268092,42.41943359375
2269326,50.72021484375
2280930,78.67431640625
2281027,58.10546875
2281149,47.91259765625
2293789,71.47216796875
2293888,71.8994140625
2293987,61.34033203125
2294035,50.537109375
2294098,69.39697265625
2294164,50.048828125
2294207,73.3642578125
2294298,46.7529296875
2294456,57.12890625
2294572,52.3681640625
2294973,66.71142578125
2312456,62.56103515625
2312513,68.29833984375
2312562,54.99267578125
2312619,48.03466796875
2312676,45.83740234375
2312728,45.654296875
2312766,40.6494140625
2312845,43.3349609375
2313092,49.13330078125
2313152,40.0390625
2313169,41.50390625
2313263,42.1142578125
2313454,52.55126953125
2313655,57.67822265625
2336623,59.814453125
2336691,75.37841796875
2336791,65.673828125
2336893,78.61328125
2336992,75.62255859375
2337095,41.748046875
2337176,52.8564453125
2337283,46.56982421875
2337372,44.37255859375
2337441,56.396484375
2337583,41.6259765625
2337918,47.2412109375
2338064,40.71044921875
2366777,53.77197265625
2366835,77.45361328125
2366947,69.51904296875
2366990,42.3583984375
2367114,65.61279296875
2367199,55.17578125
2367256,53.52783203125
2367388,47.54638671875
2367398,43.0908203125
2367634,64.14794921875
2560861,39.85595703125
2787519,52.8564453125
2787554,44.189453125
2787610,46.56982421875
2787625,40.6494140625
2787672,60.60791015625
2787692,41.07666015625
2787746,62.80517578125
2787771,41.93115234375
2787849,39.97802734375
2787929,58.16650390625
2788061,67.87109375
2788193,74.3408203125
2788370,46.81396484375
2946477,68.359375
2946510,71.22802734375
2946561,59.26513671875
2946614,42.8466796875
2946645,67.44384765625
2946696,45.0439453125
2946706,40.58837890625
2946781,62.92724609375
2946890,64.5751953125
2946944,42.05322265625
2947001,66.5283203125
2947063,54.01611328125
2947138,47.05810546875
2947252,42.724609375
2947332,48.64501953125
2947575,42.54150390625
2947786,41.56494140625
2947918,44.25048828125
2948234,44.3115234375
3089367,79.40673828125
3089407,63.232421875
3089452,67.626953125
3089502,53.03955078125
3089513,62.3779296875
3089558,46.5087890625
3089586,44.00634765625
3089609,49.9267578125
3089626,42.29736328125
3089665,39.85595703125
3089686,40.95458984375
3089717,58.59375
3089789,62.01171875
3089848,53.3447265625
3089926,41.50390625
3090096,49.98779296875
3090185,45.71533203125
3090765,50.72021484375
3090879,39.794921875
3091078,58.7158203125
3091209,64.453125
3091749,51.08642578125
3092549,49.8046875
3213569,51.7578125
3213600,59.02099609375
3213634,49.62158203125
3213677,40.34423828125
3213723,59.26513671875
3213785,49.25537109375
3213819,44.3115234375
3213867,43.5791015625
3213902,45.2880859375
3213949,49.49951171875
3213996,53.03955078125
3214356,44.98291015625
3214729,44.7998046875
3214874,45.166015625
3215025,40.10009765625
3215102,45.654296875
3215308,49.9267578125
3215413,41.1376953125
3215696,60.546875
3216278,48.2177734375
3315019,79.2236328125
3315580,42.54150390625
3316541,62.5
3316677,64.02587890625
3316769,53.40576171875
3353999,66.89453125
3354045,64.14794921875
3354094,42.29736328125
3354161,58.41064453125
3354211,50.72021484375
3354246,40.283203125
3354265,47.91259765625
3354323,41.07666015625
3354366,42.54150390625
3354417,41.3818359375
3354478,46.69189453125
3355201,45.22705078125
3355293,44.00634765625
3355518,48.15673828125
3355901,49.4384765625
3431627,40.83251953125
3459822,65.73486328125
3459892,61.09619140625
3459940,56.640625
3459989,49.1943359375
3460039,72.57080078125
3460063,45.0439453125
3460143,57.0068359375
3460164,46.38671875
3460206,44.49462890625
3460272,47.91259765625
3460304,39.85595703125
3460769,41.93115234375
3461127,40.46630859375
3461224,40.22216796875
3461342,45.83740234375
3498163,67.626953125
3498221,52.8564453125
3498280,67.0166015625
3498322,41.8701171875
3498336,44.98291015625
3498353,73.30322265625
3498413,53.89404296875
3498467,57.80029296875
3498486,45.0439453125
3498525,41.015625
3498544,43.9453125
3498574,54.87060546875
3498760,46.08154296875
3498868,40.83251953125
3498934,41.3818359375
3498987,41.19873046875
3499626,46.875
3545167,56.2744140625
3545275,60.9130859375
3545340,62.3779296875
3545410,61.767578125
3545458,51.20849609375
3545515,54.8095703125
3545580,53.22265625
3545669,43.45703125
3545734,41.56494140625
3545858,45.34912109375
3546130,41.748046875
3546321,46.38671875
3546439,45.22705078125
3546849,61.279296875
3563862,40.34423828125
3576140,69.15283203125
3576204,69.03076171875
3576253,68.359375
3576311,47.119140625
3576355,42.66357421875
3576377,43.0908203125
3576389,42.1142578125
3576404,41.6259765625
3576430,45.7763671875
3576456,42.29736328125
3576491,46.2646484375
3576547,50.29296875
3576596,43.9453125
3576689,40.34423828125
3576834,40.771484375
3577597,40.283203125
3577999,51.81884765625
3593815,64.75830078125
3594008,66.650390625
3594021,42.236328125
3606226,63.04931640625
3606280,62.3779296875
3606344,72.021484375
3606393,42.236328125
3606457,60.9130859375
3606488,41.8701171875
3606517,45.166015625
3606620,58.4716796875
3606733,55.2978515625
3606835,40.95458984375
3606896,52.67333984375
3619706,68.42041015625
3619755,69.03076171875
3619800,72.08251953125
3619859,44.98291015625
3619933,39.9169921875
3619954,78.06396484375
3620027,49.74365234375
3620111,43.76220703125
3620269,44.37255859375
3620415,58.7158203125
3620591,56.15234375
3635225,64.02587890625
3635277,76.5380859375
3635319,48.9501953125
3635371,60.36376953125
3635396,44.0673828125
3635425,41.3818359375
3635611,46.630859375
3635666,46.630859375
3635694,44.00634765625
3635828,41.32080078125
3635909,41.56494140625
3635944,40.771484375
3636121,41.3818359375
3636339,54.6875
3651827,67.0166015625
3651880,52.1240234375
3651893,45.166015625
3651930,45.8984375
3651984,43.701171875
3652041,45.95947265625
3652108,43.45703125
3652208,48.15673828125
3652339,53.89404296875
3652431,61.58447265625
3652542,55.60302734375
3652654,54.50439453125
3652871,47.36328125
3666775,62.31689453125
3666827,70.86181640625
3666874,41.259765625
3666887,58.9599609375
3666943,43.0908203125
3667003,47.05810546875
3667076,49.37744140625
3667119,41.259765625
3667155,41.44287109375
3667226,47.05810546875
3667346,53.52783203125
3667457,63.65966796875
3683862,74.21875
3683910,71.83837890625
3683923,44.3115234375
3683952,61.09619140625
3683992,48.15673828125
3684010,51.33056640625
3684034,51.025390625
3684095,45.0439453125
3684116,44.61669921875
3684180,39.97802734375
3684255,47.8515625
3684360,47.30224609375
3685117,41.56494140625
3685383,43.701171875
3685659,59.2041015625
3685941,55.35888671875
3698690,60.791015625
3698754,70.73974609375
3698896,51.69677734375
3699000,61.21826171875
3711309,67.0166015625
3711373,77.1484375
3711429,64.94140625
3711494,55.23681640625
3711538,40.1611328125
3711587,48.2177734375
3711644,44.00634765625
3711769,55.2978515625
3711815,41.50390625
3712000,70.25146484375
3712187,62.56103515625
3726065,58.9599609375
3726116,72.93701171875
3726172,69.76318359375
3726233,50.96435546875
3726293,44.00634765625
3726347,42.66357421875
3726421,42.41943359375
3726519,45.166015625
3726603,50.23193359375
3726931,44.189453125
3727206,49.49951171875
3741550,62.98828125
3741600,85.8154296875
3741629,48.583984375
3741661,50.59814453125
3741689,40.22216796875
3741716,41.19873046875
3741767,41.93115234375
3741787,54.87060546875
3741850,52.91748046875
3741921,47.7294921875
3741998,61.4013671875
3742220,41.8701171875
3742432,55.84716796875
3759889,59.814453125
3759944,58.2275390625
3759960,47.18017578125
3759995,65.7958984375
3760043,53.64990234375
3760108,51.8798828125
3760211,52.8564453125
3760316,42.05322265625
3760370,44.921875
3760439,44.12841796875
3760595,39.794921875
3760676,40.46630859375
3760759,42.90771484375
3760829,41.3818359375
3761325,45.5322265625
3777488,69.2138671875
3777576,72.998046875
3777686,80.38330078125
3794170,52.3681640625
3794227,64.208984375
3794342,41.259765625
3794368,40.34423828125
3794397,53.22265625
3794536,40.4052734375
3794808,44.73876953125
3794826,40.8935546875
3794939,53.7109375
3795113,60.6689453125
3818564,74.8291015625
3818621,57.80029296875
3818632,46.38671875
3818669,57.31201171875
3818739,55.419921875
3818771,39.97802734375
3818796,46.20361328125
3818867,71.2890625
3818939,49.62158203125
3819000,52.67333984375
3819068,42.3583984375
3819167,56.21337890625
3819293,45.41015625
3819384,50.72021484375
3819506,47.54638671875
3819638,44.73876953125
3847595,72.93701171875
3847654,55.96923828125
3847745,56.33544921875
3847820,60.60791015625
3847938,67.87109375
3848038,48.03466796875
3877930,64.02587890625
3878140,67.3828125
3878329,62.56103515625
3878477,54.0771484375
4288807,70.4345703125
4288847,63.41552734375
4288882,60.72998046875
4288905,42.29736328125
4288920,68.359375
4288962,52.8564453125
4288980,41.80908203125
4289014,50.78125
4289051,48.03466796875
4289070,51.81884765625
4289158,69.3359375
4289191,39.85595703125
4289221,59.9365234375
4289275,52.42919921875
4289336,40.283203125
4289456,43.51806640625
4289621,42.54150390625
4289722,53.28369140625
4289803,44.189453125
4289967,42.96875
4290136,50.23193359375
4290208,39.794921875
4290252,43.27392578125
4290406,41.56494140625
4290631,47.119140625
4291110,40.83251953125
4483647,50.6591796875
4483683,70.1904296875
4483721,61.21826171875
4483754,62.19482421875
4483800,58.2275390625
4483827,43.02978515625
4483906,52.79541015625
4483972,58.04443359375
4484019,43.15185546875
4484064,52.55126953125
4484133,40.4052734375
4484421,41.44287109375
4484524,43.39599609375
4484640,46.0205078125
4484906,41.56494140625
4485059,40.4052734375
4485216,44.00634765625
4485425,41.56494140625
4485631,50.84228515625
4486167,43.212890625
4547303,74.462890625
4547372,45.654296875
4547433,48.52294921875
4547488,71.83837890625
4604463,67.626953125
4728857,79.2236328125
4728893,61.95068359375
4728909,41.015625
4728934,54.19921875
4728961,49.49951171875
4729024,44.3115234375
4729053,64.94140625
4729090,41.32080078125
4729126,60.85205078125
4729186,49.49951171875
4729242,40.6494140625
4729282,42.54150390625
4729318,43.02978515625
4729376,55.0537109375
4729771,40.95458984375
4729929,47.30224609375
4730202,43.5791015625
4730306,43.39599609375
4730380,44.3115234375
4730523,39.97802734375
4730700,43.212890625
4730853,50.4150390625
4731101,55.908203125
4731443,64.3310546875
4780155,41.93115234375
4780358,64.453125
4780441,65.5517578125
4780519,54.62646484375
