4799001,0
43486,21.484375
59961,21.97265625
60020,21.97265625
112694,26.91650390625
146726,22.88818359375
188495,21.17919921875
201946,24.23095703125
246457,21.30126953125
247200,21.05712890625
255801,22.3388671875
258565,20.93505859375
357742,23.25439453125
418330,25.634765625
420709,22.76611328125
421010,23.92578125
421228,22.8271484375
421329,26.2451171875
422569,22.5830078125
423212,28.13720703125
423551,22.03369140625
423616,24.658203125
423802,21.240234375
426438,21.6064453125
454927,21.8505859375
455357,24.658203125
455743,28.62548828125
572116,21.484375
572285,20.93505859375
670411,21.66748046875
780196,21.728515625
823238,21.66748046875
824829,20.81298828125
825119,21.54541015625
825303,23.193359375
825412,25.390625
826316,22.3388671875
855275,20.99609375
855843,25.146484375
856863,22.3388671875
1003106,21.728515625
1085696,21.17919921875
1086285,22.27783203125
1095419,24.0478515625
1203458,21.728515625
1203961,21.17919921875
1204619,21.66748046875
1208940,20.751953125
1209685,20.8740234375
1212688,20.93505859375
1268123,21.42333984375
1268894,24.7802734375
1277106,20.751953125
1283865,21.3623046875
1284353,20.93505859375
1353977,22.76611328125
1393770,20.8740234375
1439319,22.27783203125
1616357,22.88818359375
1616939,22.216796875
1617018,23.62060546875
1662714,24.169921875
1807863,23.193359375
1854568,20.99609375
1854719,22.5830078125
1854999,20.99609375
1856603,20.93505859375
1922931,21.3623046875
1940927,23.0712890625
2022967,24.35302734375
2026805,20.8740234375
2027801,24.35302734375
2029411,23.01025390625
2029858,23.193359375
2033899,21.05712890625
2052763,23.92578125
2053008,21.97265625
2075928,22.216796875
2137215,21.78955078125
2158039,21.05712890625
2158633,21.1181640625
2159506,21.17919921875
2159884,26.79443359375
2160290,24.35302734375
2160360,21.05712890625
2161621,20.93505859375
2179147,22.88818359375
2274446,21.240234375
2277278,22.3388671875
2277460,25.93994140625
2371387,21.484375
2371519,21.54541015625
2409282,25.5126953125
2409455,22.39990234375
2409605,21.484375
2409726,20.93505859375
2409872,21.42333984375
2409892,20.99609375
2409986,24.23095703125
2410051,23.8037109375
2410198,26.7333984375
2410645,22.39990234375
2410992,22.88818359375
2598365,21.30126953125
2613414,21.6064453125
2614165,22.39990234375
2614331,24.71923828125
2615010,23.0712890625
2615103,28.564453125
2615277,21.30126953125
2615460,28.13720703125
2745692,20.8740234375
2814711,23.13232421875
2814925,25.2685546875
2815117,21.6064453125
2815840,24.658203125
2820227,22.216796875
2821819,20.93505859375
2922248,21.66748046875
2958681,22.94921875
3001125,23.5595703125
3119551,22.15576171875
3344367,22.52197265625
3360253,22.03369140625
3410319,21.54541015625
3411949,21.78955078125
3518730,21.05712890625
3519450,28.50341796875
3519774,25.93994140625
3519975,30.3955078125
3520209,23.193359375
3520512,22.94921875
3520624,22.4609375
3520710,24.47509765625
3520765,23.13232421875
3520847,22.94921875
3521096,22.39990234375
3521433,26.7333984375
3521595,21.484375
3521820,21.66748046875
3541146,20.751953125
3541390,22.39990234375
3717384,21.42333984375
3785013,20.751953125
3889311,20.751953125
3890390,25.0244140625
3890706,21.97265625
3892114,20.81298828125
3927902,21.42333984375
4098978,21.240234375
4099235,20.81298828125
4099458,21.240234375
4151651,21.30126953125
4183620,21.54541015625
4202550,25.57373046875
4239967,28.50341796875
4240225,20.751953125
4272662,20.81298828125
4273704,21.91162109375
4273739,29.78515625
4273984,21.240234375
4302909,22.03369140625
4349051,21.91162109375
4350301,20.93505859375
4378714,20.751953125
4378909,28.564453125
4379217,24.47509765625
4379742,23.193359375
4380179,32.16552734375
4380325,21.66748046875
4380533,22.216796875
4380749,21.484375
4381009,23.98681640625
4524150,21.42333984375
4539036,21.3623046875
4622831,23.37646484375
4625483,22.5830078125
4744430,22.39990234375
4745879,20.751953125
4746110,25.87890625
4746258,22.88818359375
4746346,25.146484375
4746594,33.203125
4746724,21.42333984375
4746770,31.3720703125
4747044,22.76611328125
4747140,22.52197265625
4747433,21.240234375
4755508,20.751953125
4782996,20.8740234375
