4798001,0
26243,34.423828125
26295,50.10986328125
26319,57.67822265625
26346,64.0869140625
26374,33.26416015625
26420,89.29443359375
26439,57.67822265625
26455,44.49462890625
26482,129.08935546875
26493,43.5791015625
26526,33.447265625
26550,34.36279296875
26583,64.14794921875
26597,104.4921875
26618,47.66845703125
26632,58.7158203125
26655,48.583984375
26666,113.4033203125
26724,48.27880859375
26743,107.5439453125
26767,33.63037109375
26789,38.6962890625
26821,38.9404296875
26846,48.76708984375
26861,67.5048828125
26901,33.3251953125
26938,50.59814453125
26949,35.21728515625
26977,34.24072265625
27007,39.12353515625
27098,102.23388671875
27187,42.48046875
27210,33.935546875
27686,33.38623046875
28064,33.3251953125
50872,38.51318359375
51033,33.5693359375
51053,34.0576171875
51126,51.69677734375
51519,35.82763671875
52236,44.73876953125
82597,126.52587890625
82656,34.423828125
82676,62.3779296875
82691,108.3984375
82702,75.25634765625
82767,34.3017578125
82845,56.70166015625
82870,34.11865234375
82884,55.5419921875
82941,41.6259765625
82968,89.29443359375
82983,142.63916015625
83000,44.3115234375
83010,38.2080078125
83030,35.82763671875
83074,34.7900390625
83093,41.6259765625
83119,37.353515625
83142,88.80615234375
83190,65.73486328125
83225,50.1708984375
83240,43.02978515625
83264,46.9970703125
83288,45.34912109375
83360,34.48486328125
83373,88.19580078125
83384,38.0859375
83512,36.4990234375
83828,33.26416015625
83845,39.85595703125
111822,115.53955078125
111843,52.001953125
111859,93.68896484375
111877,106.4453125
111905,72.6318359375
111917,34.60693359375
111934,51.45263671875
111948,63.29345703125
111985,67.81005859375
111999,42.96875
112035,134.521484375
112047,40.46630859375
112066,88.0126953125
112076,56.396484375
112092,41.9921875
112178,45.2880859375
112221,33.63037109375
112264,44.98291015625
112290,49.25537109375
112317,64.208984375
112422,53.5888671875
112561,55.7861328125
112593,34.0576171875
112907,33.26416015625
164039,35.21728515625
164058,37.04833984375
164082,64.02587890625
164112,46.2646484375
164145,105.46875
164161,42.96875
164183,46.0205078125
164221,42.96875
164245,35.2783203125
164282,84.228515625
164317,54.5654296875
164334,57.7392578125
164366,38.26904296875
164377,40.95458984375
164391,36.62109375
164421,46.875
164464,47.91259765625
164488,37.841796875
164515,37.841796875
164544,33.69140625
164575,65.673828125
164588,45.41015625
164641,61.82861328125
164658,102.05078125
164669,34.48486328125
164750,38.63525390625
164785,51.1474609375
164888,39.794921875
164924,35.33935546875
165044,34.60693359375
165367,33.8134765625
165688,34.85107421875
166096,36.31591796875
166715,34.5458984375
203850,33.203125
203893,119.81201171875
203912,47.91259765625
203933,36.376953125
203977,77.69775390625
204034,36.865234375
204059,34.912109375
204123,35.15625
204597,33.50830078125
205730,33.50830078125
205757,41.93115234375
205798,35.33935546875
205814,62.56103515625
205829,48.095703125
205854,62.01171875
205873,36.92626953125
205893,79.28466796875
205921,67.68798828125
205938,36.7431640625
205962,64.27001953125
205972,37.109375
206033,44.98291015625
206049,51.94091796875
206060,61.70654296875
206087,45.22705078125
206102,40.52734375
206132,62.01171875
206151,36.80419921875
206208,55.6640625
206235,66.22314453125
206299,38.9404296875
206310,33.3251953125
231812,35.33935546875
231836,40.22216796875
231880,93.93310546875
231902,33.26416015625
231925,61.95068359375
233351,37.353515625
233720,43.27392578125
233832,33.26416015625
252660,33.50830078125
267359,34.66796875
280513,37.59765625
280555,88.56201171875
280569,94.17724609375
280596,43.02978515625
280632,35.400390625
280666,39.85595703125
280682,60.546875
280700,42.48046875
280715,40.1611328125
280782,37.353515625
280830,33.203125
281318,36.56005859375
306845,40.46630859375
306887,35.46142578125
306923,34.85107421875
306974,47.607421875
306986,36.07177734375
319335,37.9638671875
328707,35.7666015625
337897,33.87451171875
337920,58.9599609375
338017,41.259765625
338058,41.56494140625
338149,33.69140625
338183,33.8134765625
338263,50.23193359375
338313,43.5791015625
365488,34.11865234375
392472,44.12841796875
392499,39.0625
392510,89.111328125
392542,97.83935546875
392570,52.6123046875
392601,75.3173828125
392635,45.34912109375
392655,55.17578125
392668,33.3251953125
392718,34.48486328125
392744,46.5087890625
392777,111.4501953125
392789,85.99853515625
392814,39.4287109375
392892,41.44287109375
392930,44.25048828125
392954,40.52734375
393097,38.51318359375
393185,33.69140625
393215,34.3017578125
393429,33.69140625
393835,34.5458984375
439277,34.423828125
444251,35.400390625
454203,35.5224609375
464074,33.50830078125
467103,38.14697265625
467162,41.1376953125
467262,36.1328125
495504,35.33935546875
499102,33.3251953125
508738,36.43798828125
508749,44.0673828125
508809,65.91796875
508824,41.6259765625
508840,37.59765625
508859,36.68212890625
508878,42.90771484375
508901,39.85595703125
508917,35.2783203125
508957,41.32080078125
508982,150.69580078125
508992,121.337890625
509017,33.38623046875
509074,42.29736328125
509096,41.3818359375
509115,49.98779296875
509234,33.3251953125
509249,40.58837890625
509304,43.51806640625
509391,33.26416015625
509485,36.4990234375
509560,35.0341796875
509571,33.447265625
518231,37.109375
524403,40.1611328125
524454,37.17041015625
524466,43.8232421875
524579,35.7666015625
524749,34.72900390625
543987,33.99658203125
565763,39.00146484375
578756,39.73388671875
633437,34.72900390625
644360,41.68701171875
644454,58.16650390625
644481,37.65869140625
644495,69.39697265625
644511,37.4755859375
644535,115.478515625
644610,36.4990234375
644642,53.466796875
644657,35.0341796875
644701,42.96875
645076,52.3681640625
645644,45.71533203125
645693,41.07666015625
645739,34.36279296875
645759,34.3017578125
645799,39.00146484375
645839,36.68212890625
645888,45.166015625
667003,38.87939453125
669412,36.2548828125
707602,33.935546875
708797,38.330078125
710142,40.71044921875
710617,38.75732421875
710759,37.353515625
710929,39.61181640625
712148,35.888671875
717823,42.90771484375
717846,38.57421875
717859,85.38818359375
717881,82.82470703125
717893,43.15185546875
717920,67.32177734375
717947,49.49951171875
717958,34.1796875
717997,33.935546875
718015,70.37353515625
718027,71.22802734375
718058,59.08203125
718088,79.28466796875
718117,166.93115234375
718132,36.4990234375
718147,34.11865234375
718177,90.576171875
718205,135.68115234375
718215,73.486328125
718274,64.94140625
718285,92.71240234375
718319,33.203125
718332,36.7431640625
718359,55.2978515625
718369,96.74072265625
718390,56.640625
718403,34.97314453125
718419,36.0107421875
718440,39.306640625
718462,64.8193359375
718480,75.5615234375
718502,75.3173828125
718519,42.41943359375
718553,77.1484375
718585,48.9501953125
718633,52.8564453125
718644,78.61328125
718661,63.5986328125
718741,79.1015625
718763,72.1435546875
718777,53.7109375
718794,34.85107421875
718824,39.36767578125
718844,71.59423828125
718885,40.10009765625
718916,48.9501953125
718942,34.36279296875
718971,66.95556640625
719000,53.3447265625
719063,42.29736328125
719090,61.6455078125
719141,39.306640625
719194,67.81005859375
719229,38.63525390625
719278,36.92626953125
719312,41.3818359375
719327,36.31591796875
719343,34.423828125
719420,48.27880859375
719533,44.73876953125
719551,37.109375
719688,36.56005859375
719962,36.865234375
722162,41.1376953125
722372,45.47119140625
722745,37.29248046875
723587,33.69140625
724949,35.64453125
773577,51.57470703125
773749,41.68701171875
773791,72.44873046875
773816,45.41015625
773841,37.7197265625
773876,33.87451171875
773887,40.58837890625
773923,38.9404296875
773942,94.482421875
773967,45.59326171875
773983,37.9638671875
774006,40.95458984375
774038,172.36328125
774051,35.94970703125
774081,37.17041015625
774131,56.33544921875
774148,84.04541015625
774176,52.79541015625
774201,98.388671875
774217,66.83349609375
774292,37.04833984375
774311,35.09521484375
774383,46.93603515625
774403,36.43798828125
774416,41.68701171875
774496,34.48486328125
774518,33.447265625
774553,43.3349609375
774586,38.57421875
802765,34.11865234375
828357,34.24072265625
838134,34.24072265625
846299,48.64501953125
846653,34.97314453125
846739,36.2548828125
846771,58.9599609375
846844,46.56982421875
851213,33.26416015625
866337,33.8134765625
892351,33.69140625
893351,47.54638671875
894446,41.07666015625
894489,37.78076171875
894511,42.3583984375
894541,68.115234375
894551,45.2880859375
894597,56.33544921875
894702,37.65869140625
894755,38.330078125
894862,61.09619140625
894894,79.04052734375
894904,73.66943359375
894921,74.0966796875
895048,36.7431640625
895067,57.9833984375
895085,43.0908203125
895213,34.7900390625
895238,33.203125
895279,38.26904296875
895299,146.484375
895315,58.2275390625
895334,36.31591796875
895360,33.5693359375
895391,54.0771484375
895408,77.880859375
895421,42.90771484375
895435,47.36328125
895503,75.927734375
895515,120.4833984375
895541,85.63232421875
895572,35.09521484375
895600,48.03466796875
895630,114.31884765625
895645,56.57958984375
895668,34.60693359375
895705,34.0576171875
895718,63.720703125
895766,37.53662109375
895783,39.85595703125
895804,34.7900390625
895815,65.673828125
895833,57.18994140625
895844,33.69140625
895926,55.96923828125
895938,34.3017578125
895960,39.36767578125
895990,35.7666015625
896037,58.9599609375
896048,34.1796875
896209,38.75732421875
896358,43.9453125
896396,60.85205078125
940580,34.66796875
950729,33.447265625
977640,79.16259765625
977658,50.72021484375
977670,57.7392578125
977699,79.04052734375
977713,94.23828125
977731,74.21875
977743,34.66796875
977776,100.76904296875
977787,44.12841796875
977811,45.5322265625
977831,59.63134765625
977862,124.51171875
977881,98.32763671875
977896,58.28857421875
977910,50.78125
977928,43.64013671875
977957,84.228515625
977968,52.001953125
977983,38.51318359375
978012,41.19873046875
978042,82.94677734375
978060,110.595703125
978081,51.94091796875
978100,47.4853515625
978115,39.9169921875
978145,72.44873046875
978176,48.76708984375
978215,61.09619140625
978228,41.32080078125
978241,54.8095703125
978255,42.48046875
978265,37.17041015625
978291,44.5556640625
978314,44.12841796875
978333,76.5380859375
978352,72.509765625
978366,45.8984375
978394,35.15625
978424,53.52783203125
978443,65.185546875
978459,36.43798828125
978495,50.6591796875
978512,34.423828125
978530,43.8232421875
978543,34.0576171875
978578,53.3447265625
978625,33.447265625
978635,45.7763671875
978654,59.326171875
978703,50.1708984375
978724,53.64990234375
978757,73.30322265625
978770,38.02490234375
978832,47.54638671875
978854,41.68701171875
978966,36.0107421875
978987,36.43798828125
979098,70.00732421875
979114,46.142578125
979240,34.85107421875
979520,35.46142578125
979671,34.0576171875
980043,34.60693359375
980359,35.33935546875
980747,34.48486328125
981356,39.12353515625
983024,33.87451171875
984670,33.447265625
1046127,36.92626953125
1048505,33.75244140625
1064884,38.330078125
1068874,36.31591796875
1076202,33.75244140625
1089546,35.09521484375
1089631,64.0869140625
1089655,67.32177734375
1089670,40.95458984375
1089698,75.1953125
1089719,51.45263671875
1089729,46.875
1089758,58.349609375
1089787,89.4775390625
1089802,34.72900390625
1089820,49.74365234375
1089839,52.55126953125
1089872,127.13623046875
1089890,90.88134765625
1089903,53.40576171875
1089926,52.91748046875
1089952,33.87451171875
1089975,71.10595703125
1089995,40.10009765625
1090010,35.09521484375
1090028,94.3603515625
1090057,98.44970703125
1090083,83.92333984375
1090094,37.41455078125
1090128,41.8701171875
1090145,55.6640625
1090170,59.38720703125
1090208,35.5224609375
1090227,56.884765625
1090244,83.740234375
1090259,49.560546875
1090377,80.26123046875
1090470,33.447265625
1090488,81.72607421875
1090610,64.63623046875
1110723,130.859375
1111109,45.22705078125
1175405,33.8134765625
1181261,34.85107421875
1181406,54.5654296875
1181423,119.873046875
1181448,59.02099609375
1181465,114.56298828125
1181480,44.61669921875
1181518,44.98291015625
1181552,43.212890625
1181580,49.560546875
1181669,34.423828125
1181713,38.6962890625
1181728,49.37744140625
1181768,38.51318359375
1181791,60.546875
1181804,44.86083984375
1181854,37.17041015625
1181872,35.58349609375
1181897,57.373046875
1181935,86.60888671875
1181952,41.32080078125
1181995,38.39111328125
1182034,35.0341796875
1182044,43.9453125
1182127,36.68212890625
1182137,59.5703125
1182171,38.26904296875
1182223,37.41455078125
1182252,87.0361328125
1182288,37.41455078125
1182364,34.36279296875
1182376,41.50390625
1183553,33.447265625
1208912,34.0576171875
1260433,33.26416015625
1267117,34.5458984375
1273063,33.38623046875
1276492,37.29248046875
1276506,40.1611328125
1276520,42.236328125
1276549,89.78271484375
1276559,65.36865234375
1276570,44.7998046875
1276618,56.70166015625
1276629,114.501953125
1276652,85.5712890625
1276692,36.7431640625
1276703,59.9365234375
1276726,60.97412109375
1276746,55.17578125
1276764,35.94970703125
1276796,38.330078125
1276819,105.95703125
1276829,147.76611328125
1276846,34.912109375
1276899,39.85595703125
1276916,71.47216796875
1276935,146.42333984375
1276952,39.85595703125
1277000,38.818359375
1277022,82.51953125
1277036,99.91455078125
1277049,37.90283203125
1277109,37.78076171875
1277129,69.15283203125
1277139,36.1328125
1277155,83.06884765625
1277204,42.05322265625
1277234,39.48974609375
1277275,34.423828125
1277362,41.3818359375
1277387,45.654296875
1277481,33.69140625
1277635,78.61328125
1277763,43.212890625
1289169,34.97314453125
1339253,35.46142578125
1348327,39.6728515625
1348349,46.81396484375
1348396,63.29345703125
1348423,96.98486328125
1348443,78.61328125
1348462,59.02099609375
1348498,36.68212890625
1348515,51.33056640625
1348549,46.0205078125
1348568,77.94189453125
1348595,42.1142578125
1348616,44.12841796875
1348632,39.9169921875
1348653,79.65087890625
1348706,43.15185546875
1348721,44.00634765625
1348738,91.552734375
1348750,36.865234375
1348784,34.60693359375
1348835,57.0068359375
1348865,154.72412109375
1348965,35.21728515625
1348984,83.31298828125
1349016,35.5224609375
1349146,49.6826171875
1349226,67.81005859375
1349266,34.0576171875
1349399,45.654296875
1366723,38.2080078125
1449658,39.97802734375
1459223,36.9873046875
1459248,63.04931640625
1459269,66.7724609375
1459290,86.12060546875
1459320,53.466796875
1459348,41.259765625
1459366,120.7275390625
1459376,87.46337890625
1459406,33.447265625
1459440,33.50830078125
1459456,78.857421875
1459484,108.82568359375
1459502,47.607421875
1459529,49.86572265625
1459540,51.8798828125
1459571,65.4296875
1459583,54.0771484375
1459593,87.158203125
1459608,34.3017578125
1459632,36.56005859375
1459670,40.83251953125
1459684,34.912109375
1459729,33.447265625
1459769,35.82763671875
1459782,57.92236328125
1459819,40.58837890625
1460039,39.73388671875
1460559,34.423828125
1489240,34.11865234375
1509904,33.8134765625
1517916,35.15625
1541697,33.75244140625
1558973,33.75244140625
1578984,35.5224609375
1621010,42.236328125
1621136,45.5322265625
1621230,35.82763671875
1621267,35.888671875
1621283,33.5693359375
1621316,33.203125
1621489,36.2548828125
1621541,37.65869140625
1621709,33.26416015625
1621769,47.42431640625
1621921,45.5322265625
1621934,65.91796875
1622360,35.58349609375
1623471,35.0341796875
1625113,38.6962890625
1625220,38.75732421875
1625263,38.57421875
1625291,36.376953125
1630950,39.55078125
1630988,47.05810546875
1631008,72.57080078125
1631035,40.52734375
1631074,52.91748046875
1631087,59.75341796875
1631121,116.51611328125
1631132,40.10009765625
1631151,46.630859375
1631198,33.99658203125
1631277,40.10009765625
1631295,36.31591796875
1631417,37.109375
1635814,35.70556640625
1636954,40.771484375
1639152,33.203125
1639811,38.9404296875
1640403,34.85107421875
1644898,35.0341796875
1662728,40.4052734375
1662864,42.41943359375
1662882,44.73876953125
1662924,89.29443359375
1662936,38.4521484375
1663005,44.43359375
1663062,37.4755859375
1663085,80.6884765625
1663117,92.041015625
1663141,37.7197265625
1663182,39.794921875
1663206,34.72900390625
1663224,42.6025390625
1663245,54.443359375
1663266,50.23193359375
1663295,36.865234375
1663318,36.62109375
1663391,37.29248046875
1663416,35.82763671875
1668129,35.21728515625
1672062,51.025390625
1672093,37.29248046875
1672174,34.72900390625
1672309,36.865234375
1672349,36.7431640625
1687179,45.7763671875
1687221,38.51318359375
1687352,37.59765625
1687389,57.9833984375
1692302,47.8515625
1692322,41.259765625
1692371,35.15625
1692388,37.109375
1692417,52.06298828125
1692432,67.9931640625
1692447,79.77294921875
1692465,36.376953125
1692492,34.36279296875
1692524,89.78271484375
1692602,85.99853515625
1692613,49.9267578125
1692636,60.05859375
1692648,43.212890625
1692681,36.1328125
1692704,86.9140625
1692726,108.45947265625
1692736,34.11865234375
1692762,35.46142578125
1692805,34.912109375
1692817,40.83251953125
1692844,38.0859375
1692945,44.921875
1704868,34.24072265625
1710333,49.1943359375
1713042,33.447265625
1713066,33.3251953125
1713077,109.31396484375
1713101,63.04931640625
1713111,50.048828125
1713138,49.13330078125
1713163,33.75244140625
1713185,59.326171875
1713197,63.8427734375
1713222,37.2314453125
1713233,40.83251953125
1713268,72.57080078125
1713283,73.1201171875
1713299,42.6025390625
1713332,42.48046875
1713383,41.44287109375
1713394,96.435546875
1713420,44.37255859375
1713498,48.7060546875
1713514,71.10595703125
1713538,33.3251953125
1713557,34.85107421875
1713626,33.63037109375
1713638,71.6552734375
1722583,34.48486328125
1722595,38.9404296875
1726631,34.24072265625
1728289,36.62109375
1728328,42.3583984375
1728369,33.5693359375
1728379,33.69140625
1728399,46.81396484375
1728428,44.00634765625
1728520,40.46630859375
1728535,102.84423828125
1728553,34.11865234375
1728588,33.3251953125
1728671,39.12353515625
1728713,34.1796875
1728862,47.8515625
1732172,34.423828125
1732185,41.07666015625
1732215,41.259765625
1732249,57.12890625
1732301,65.24658203125
1732320,50.29296875
1732344,48.76708984375
1732368,58.2275390625
1732385,83.31298828125
1732485,88.5009765625
1732495,42.78564453125
1732515,33.75244140625
1732632,40.34423828125
1733044,33.3251953125
1736141,33.447265625
1737059,39.61181640625
1737854,34.0576171875
1749467,34.36279296875
1749581,36.1328125
1749793,36.19384765625
1760939,37.90283203125
1763551,35.5224609375
1763754,34.5458984375
1765953,35.64453125
1766015,34.66796875
1766031,39.36767578125
1766093,35.2783203125
1766144,52.18505859375
1766163,41.1376953125
1766231,67.2607421875
1767190,37.9638671875
1767232,76.904296875
1767260,41.6259765625
1767273,35.888671875
1767319,38.39111328125
1767379,57.9833984375
1767440,34.423828125
1767466,36.7431640625
1767487,69.3359375
1767505,72.20458984375
1767591,38.330078125
1767604,72.08251953125
1767621,49.74365234375
1767652,44.00634765625
1767705,45.166015625
1767717,52.18505859375
1767791,40.4052734375
1767822,79.833984375
1767836,43.5791015625
1767921,33.3251953125
1767935,53.28369140625
1767964,56.7626953125
1767981,66.5283203125
1768106,35.70556640625
1778847,38.57421875
1786818,37.78076171875
1786921,41.32080078125
1786967,51.025390625
1786983,78.30810546875
1786999,55.908203125
1787028,52.18505859375
1787045,63.78173828125
1787057,42.78564453125
1787078,46.69189453125
1787117,35.58349609375
1787134,61.21826171875
1787149,39.55078125
1787220,41.6259765625
1787234,64.208984375
1787245,44.00634765625
1787260,34.36279296875
1787338,44.49462890625
1787356,38.39111328125
1787395,35.2783203125
1787501,63.96484375
1788031,34.36279296875
1788364,35.82763671875
1788444,33.69140625
1791645,33.5693359375
1795240,34.912109375
1799832,36.1328125
1806363,33.38623046875
1812230,51.3916015625
1812259,47.30224609375
1812303,45.654296875
1812313,69.64111328125
1812335,82.94677734375
1812348,39.4287109375
1812367,46.69189453125
1812389,61.34033203125
1812405,70.556640625
1812420,72.93701171875
1812433,47.18017578125
1812451,47.79052734375
1812485,40.22216796875
1812511,68.359375
1812525,36.2548828125
1812563,75.50048828125
1812579,72.1435546875
1812593,79.7119140625
1812666,35.33935546875
1812677,66.7724609375
1812706,40.4052734375
1812775,82.763671875
1812834,33.99658203125
1812913,52.3681640625
1812926,42.3583984375
1813027,51.69677734375
1813055,60.302734375
1813232,50.6591796875
1813253,40.0390625
1820969,35.2783203125
1821466,36.376953125
1822281,35.5224609375
1823630,42.724609375
1825281,35.70556640625
1825318,54.74853515625
1825341,38.02490234375
1825352,119.7509765625
1825375,51.94091796875
1825401,61.82861328125
1825427,48.7060546875
1825465,42.90771484375
1825488,67.626953125
1825506,69.82421875
1825521,50.10986328125
1825568,38.330078125
1825599,40.22216796875
1832394,37.4755859375
1848178,35.94970703125
1848203,74.21875
1848484,35.15625
1848587,43.51806640625
1865018,35.70556640625
1865116,54.0771484375
1865165,41.015625
1865183,75.74462890625
1865198,44.921875
1865300,34.72900390625
1865314,38.14697265625
1865435,37.59765625
1865547,47.05810546875
1865572,34.85107421875
1865761,44.7998046875
1871971,48.2177734375
1872006,48.4619140625
1872023,80.50537109375
1872036,44.43359375
1872085,45.47119140625
1872101,48.52294921875
1872129,51.1474609375
1872194,35.0341796875
1872216,39.61181640625
1872251,39.306640625
1872323,41.19873046875
1872404,35.400390625
1872479,36.07177734375
1892354,33.50830078125
1892458,35.46142578125
1892614,46.5087890625
1892674,93.994140625
1892787,34.912109375
1892808,44.86083984375
1892839,69.88525390625
1892868,43.15185546875
1892885,38.57421875
1892917,79.04052734375
1892964,36.0107421875
1892999,36.1328125
1893014,61.4013671875
1893043,43.15185546875
1893058,34.66796875
1893089,45.34912109375
1893107,76.5380859375
1893121,35.82763671875
1893147,41.259765625
1893206,34.3017578125
1893263,66.89453125
1893286,36.80419921875
1893379,37.9638671875
1909091,49.072265625
1909126,42.41943359375
1909143,64.27001953125
1909160,37.353515625
1909171,96.5576171875
1909203,54.26025390625
1909214,56.15234375
1909231,68.05419921875
1909260,59.63134765625
1909298,64.75830078125
1909312,71.59423828125
1909334,76.35498046875
1909363,37.65869140625
1909385,61.82861328125
1909401,67.44384765625
1909411,82.03125
1909433,75.50048828125
1909446,39.24560546875
1909489,52.24609375
1909518,101.5625
1909529,57.12890625
1909565,36.376953125
1909578,37.2314453125
1909600,78.369140625
1909631,70.86181640625
1909646,34.5458984375
1909674,36.68212890625
1909695,46.81396484375
1909716,97.83935546875
1909729,45.41015625
1909742,34.48486328125
1909787,43.15185546875
1909803,60.60791015625
1909815,52.30712890625
1909867,36.4990234375
1909890,39.6728515625
1909909,39.9169921875
1909927,36.68212890625
1910029,89.4775390625
1910044,53.22265625
1910166,73.05908203125
1910260,35.2783203125
1910367,36.376953125
1910378,45.34912109375
1910399,39.24560546875
1910480,33.5693359375
1910527,34.72900390625
1910760,35.5224609375
1910922,36.56005859375
1912665,37.353515625
1916075,35.46142578125
1926951,115.72265625
1927089,103.08837890625
1927133,41.68701171875
1927192,36.4990234375
1927243,38.9404296875
1928406,97.10693359375
1930470,34.72900390625
1940287,96.8017578125
1940298,41.80908203125
1940334,44.0673828125
1940368,59.02099609375
1940381,84.53369140625
1940402,53.89404296875
1940419,51.3916015625
1940449,36.9873046875
1940506,66.34521484375
1940518,41.07666015625
1940547,105.89599609375
1940637,63.04931640625
1940648,42.29736328125
1940696,44.98291015625
1940777,62.43896484375
1940797,50.78125
1940902,61.95068359375
1941276,37.41455078125
1941323,36.9873046875
1964673,46.5087890625
1964706,135.1318359375
1964717,45.59326171875
1964743,33.63037109375
1964766,77.94189453125
1964802,128.23486328125
1964834,85.0830078125
1964854,44.43359375
1964877,42.236328125
1964898,52.30712890625
1964909,81.84814453125
1964938,36.19384765625
1964955,93.44482421875
1964970,66.46728515625
1965000,37.59765625
1965073,39.36767578125
1965093,38.87939453125
1965150,35.70556640625
1965167,64.02587890625
1965206,80.38330078125
1965222,33.63037109375
1965354,45.2880859375
1965368,37.78076171875
1965574,33.203125
1965764,39.1845703125
1966549,38.14697265625
1998011,38.9404296875
1998441,34.1796875
1999142,34.24072265625
2000172,36.19384765625
2002704,35.2783203125
2002722,41.1376953125
2002784,42.66357421875
2002806,65.36865234375
2002823,61.46240234375
2002848,113.1591796875
2002868,55.23681640625
2002894,52.55126953125
2002913,40.34423828125
2002938,157.1044921875
2002950,85.38818359375
2002964,33.26416015625
2002982,36.43798828125
2003042,35.46142578125
2003062,69.3359375
2003085,80.99365234375
2003137,35.21728515625
2003175,48.15673828125
2003204,49.9267578125
2003215,39.97802734375
2003227,56.33544921875
2003335,38.14697265625
2003922,44.00634765625
2038590,38.0859375
2038600,39.6728515625
2038652,87.70751953125
2038666,99.79248046875
2038706,51.6357421875
2038738,36.4990234375
2038768,56.21337890625
2038796,66.162109375
2038813,47.79052734375
2038845,53.22265625
2038874,37.41455078125
2038889,39.24560546875
2038989,37.41455078125
2039020,45.59326171875
2039087,56.0302734375
2039121,38.0859375
2039142,50.048828125
2039162,40.52734375
2039288,46.875
2039492,33.38623046875
2039646,33.203125
2056498,36.865234375
2057069,35.64453125
2070743,33.75244140625
2070855,36.376953125
2070920,130.55419921875
2070957,34.1796875
2079175,34.60693359375
2094025,34.66796875
2097181,120.78857421875
2097217,42.54150390625
2097235,39.306640625
2097254,39.306640625
2097309,39.97802734375
2097319,34.0576171875
2097388,35.7666015625
2097412,94.17724609375
2097443,43.3349609375
2097494,33.203125
2097569,34.24072265625
2097743,35.5224609375
2098172,33.26416015625
2098256,37.7197265625
2098444,34.11865234375
2136861,36.4990234375
2138638,37.841796875
2153109,33.203125
2153920,35.2783203125
2153974,38.39111328125
2154009,39.9169921875
2154021,36.31591796875
2154100,45.59326171875
2154120,45.71533203125
2154131,131.89697265625
2154157,77.08740234375
2154168,64.94140625
2154196,48.2177734375
2154246,33.447265625
2154267,41.80908203125
2154306,36.07177734375
2154474,34.48486328125
2154491,118.83544921875
2168442,33.87451171875
2197388,71.22802734375
2197434,36.80419921875
2214699,34.97314453125
2216876,36.19384765625
2217639,45.7763671875
2217666,91.36962890625
2217687,63.8427734375
2217717,83.43505859375
2217743,33.447265625
2217753,45.10498046875
2217777,58.4716796875
2217793,33.3251953125
2217804,122.0703125
2217827,36.07177734375
2217846,40.83251953125
2217859,35.400390625
2217895,85.5712890625
2217907,63.90380859375
2217929,42.78564453125
2217970,42.90771484375
2217988,71.47216796875
2218016,37.2314453125
2218096,35.0341796875
2218140,58.77685546875
2232775,34.97314453125
2235862,36.2548828125
2246782,34.3017578125
2254482,35.0341796875
2255080,43.39599609375
2255333,114.501953125
2255538,107.5439453125
2255559,39.9169921875
2266984,35.5224609375
2267062,52.30712890625
2267130,41.68701171875
2267174,61.58447265625
2267210,33.38623046875
2269304,37.17041015625
2269603,33.203125
2269791,35.0341796875
2269946,33.26416015625
2288590,35.2783203125
2315866,39.85595703125
2315938,33.5693359375
2315977,48.4619140625
2316016,97.10693359375
2316038,70.80078125
2316081,33.3251953125
2316091,52.8564453125
2316115,55.35888671875
2316144,84.28955078125
2316163,58.9599609375
2316220,33.69140625
2316292,50.6591796875
2316370,42.29736328125
2316386,56.45751953125
2316541,33.87451171875
2316680,37.17041015625
2316731,33.8134765625
2335117,39.00146484375
2347037,43.45703125
2350228,35.888671875
2354076,41.50390625
2356488,35.5224609375
2356506,45.34912109375
2356524,40.58837890625
2356578,37.7197265625
2357274,51.513671875
2370084,33.63037109375
2373333,35.70556640625
2373431,34.7900390625
2373455,38.26904296875
2373660,34.11865234375
2373780,35.09521484375
2391440,34.11865234375
2391502,66.83349609375
2391518,203.9794921875
2391528,43.3349609375
2391553,72.93701171875
2391565,34.423828125
2391616,38.87939453125
2391642,36.68212890625
2391655,36.2548828125
2392936,38.330078125
2392955,37.65869140625
2393015,35.7666015625
2393036,41.68701171875
2393086,37.17041015625
2393136,35.46142578125
2393253,39.48974609375
2393450,33.935546875
2407102,34.85107421875
2423320,51.57470703125
2423337,34.11865234375
2423396,44.12841796875
2423419,40.95458984375
2423441,43.88427734375
2423468,117.24853515625
2423584,39.48974609375
2423598,61.5234375
2423956,41.748046875
2424135,45.166015625
2424152,54.6875
2424197,33.38623046875
2424211,111.63330078125
2424242,46.5087890625
2424374,41.07666015625
2424386,45.83740234375
2425814,34.0576171875
2439517,37.53662109375
2450547,103.759765625
2450644,36.56005859375
2451269,34.1796875
2451757,34.7900390625
2452070,41.3818359375
2466523,33.447265625
2479588,33.935546875
2482684,34.11865234375
2510956,35.400390625
2518604,116.943359375
2518631,43.51806640625
2518647,46.38671875
2518667,113.8916015625
2518688,67.9931640625
2518724,39.24560546875
2518757,44.189453125
2518768,39.00146484375
2518798,85.5712890625
2518811,34.0576171875
2518833,49.25537109375
2518851,65.3076171875
2518880,50.10986328125
2518898,35.21728515625
2518953,44.677734375
2518965,102.9052734375
2519001,33.75244140625
2519021,37.4755859375
2519055,40.6494140625
2519082,38.02490234375
2543700,38.75732421875
2555663,48.03466796875
2555725,42.724609375
2555768,38.87939453125
2555786,35.82763671875
2555809,33.203125
2555823,48.095703125
2555871,68.78662109375
2555900,64.88037109375
2555920,41.748046875
2555960,34.85107421875
2555985,41.259765625
2556001,84.65576171875
2556011,59.99755859375
2556034,38.51318359375
2556046,34.5458984375
2556067,35.94970703125
2556103,39.794921875
2556124,60.97412109375
2556158,38.0859375
2556261,43.39599609375
2556307,35.94970703125
2556679,34.66796875
2577117,41.68701171875
2625570,34.5458984375
2626323,34.66796875
2629366,33.63037109375
2636441,35.09521484375
2655231,38.26904296875
2664432,41.1376953125
2665031,35.94970703125
2669801,39.55078125
2669835,36.31591796875
2669858,33.63037109375
2669890,56.396484375
2669906,51.81884765625
2669921,36.2548828125
2669953,46.875
2669966,46.44775390625
2670003,35.7666015625
2670507,33.8134765625
2679859,34.66796875
2710040,35.400390625
2717519,33.3251953125
2737472,37.04833984375
2772837,36.2548828125
2773279,33.8134765625
2786556,42.3583984375
2786577,36.865234375
2786587,58.89892578125
2786620,69.3359375
2786641,86.97509765625
2786655,98.388671875
2786669,53.03955078125
2786688,60.11962890625
2786700,52.18505859375
2786714,52.55126953125
2786739,36.62109375
2786759,36.7431640625
2786773,51.513671875
2786783,45.47119140625
2786809,130.7373046875
2786831,47.8515625
2786860,47.18017578125
2786881,64.453125
2786894,47.30224609375
2786911,35.33935546875
2786926,49.072265625
2786958,53.3447265625
2786990,35.46142578125
2787033,37.53662109375
2787057,58.28857421875
2787113,36.4990234375
2787748,33.38623046875
2802105,35.5224609375
2802251,40.283203125
2817806,37.353515625
2843817,38.26904296875
2847899,34.36279296875
2851730,38.57421875
2851800,34.423828125
2851831,40.6494140625
2851843,93.017578125
2851858,46.69189453125
2851878,91.24755859375
2851909,65.61279296875
2851931,46.08154296875
2851945,57.43408203125
2851971,34.11865234375
2851998,51.513671875
2852104,64.14794921875
2852118,40.71044921875
2852141,35.400390625
2852195,38.6962890625
2852213,35.64453125
2852240,40.22216796875
2852349,40.83251953125
2852464,33.87451171875
2890422,36.865234375
2904402,36.43798828125
2919483,34.3017578125
2923912,42.1142578125
2923944,58.349609375
2923965,58.9599609375
2923984,38.14697265625
2924010,35.64453125
2924116,39.85595703125
2924231,39.6728515625
2924365,38.4521484375
2924396,33.26416015625
2924588,47.2412109375
2946980,37.2314453125
2971928,33.26416015625
2972872,33.69140625
2972906,33.38623046875
2972935,43.51806640625
2972964,52.55126953125
2972974,136.5966796875
2972987,64.14794921875
2973001,40.71044921875
2973019,41.19873046875
2973033,52.978515625
2973059,100.76904296875
2973077,55.48095703125
2973098,52.1240234375
2973124,55.0537109375
2973146,74.76806640625
2973172,52.55126953125
2973189,49.62158203125
2973216,81.97021484375
2973269,37.41455078125
2973305,102.05078125
2973320,36.4990234375
2973341,34.912109375
2973363,38.14697265625
2973386,62.5
2973396,111.6943359375
2973408,33.447265625
2973423,34.85107421875
2973457,39.85595703125
2973482,45.71533203125
2973498,80.9326171875
2973526,34.66796875
2973544,59.6923828125
2973556,38.0859375
2973581,72.8759765625
2973592,85.8154296875
2973614,41.44287109375
2973646,47.91259765625
2973658,63.41552734375
2973675,43.3349609375
2973694,63.96484375
2973720,64.02587890625
2973736,49.98779296875
2973755,49.4384765625
2973767,58.41064453125
2973792,40.83251953125
2973806,36.80419921875
2973836,33.87451171875
2973862,45.8984375
2973900,62.98828125
2973918,34.5458984375
2973943,33.50830078125
2973958,47.119140625
2973983,54.87060546875
2974026,41.259765625
2974043,47.119140625
2974069,48.583984375
2974128,62.80517578125
2974139,37.17041015625
2974149,53.3447265625
2974179,33.447265625
2974225,51.26953125
2974249,45.166015625
2974266,57.6171875
2974291,36.43798828125
2974311,33.38623046875
2974357,40.8935546875
2974375,61.4013671875
2974401,38.330078125
2974465,42.6025390625
2974499,43.76220703125
2974533,39.794921875
2974581,34.0576171875
2974595,46.38671875
2974694,47.36328125
2974711,52.734375
2974722,37.59765625
2974806,36.92626953125
2974825,39.794921875
2974936,36.80419921875
2975023,35.2783203125
2975189,33.38623046875
2975236,41.748046875
2975588,33.935546875
2975604,35.09521484375
2975746,40.95458984375
2976193,50.78125
2976218,33.87451171875
2976982,42.78564453125
2976994,34.3017578125
2977336,33.99658203125
2977372,38.6962890625
2977890,33.8134765625
2978171,37.7197265625
2978468,46.32568359375
2979056,41.1376953125
2979948,44.43359375
2980401,38.6962890625
3015116,33.26416015625
3015237,38.26904296875
3015440,55.5419921875
3015469,37.04833984375
3015795,36.9873046875
3016259,37.7197265625
3035701,36.376953125
3049924,34.97314453125
3053149,35.82763671875
3053417,43.9453125
3074768,37.04833984375
3096119,40.6494140625
3098531,36.56005859375
3098779,37.78076171875
3098981,48.27880859375
3126149,36.68212890625
3135096,35.46142578125
3135142,73.486328125
3135211,65.5517578125
3135279,61.09619140625
3135297,46.5087890625
3135315,62.8662109375
3135336,53.7109375
3135365,43.51806640625
3135390,39.73388671875
3135411,82.8857421875
3135451,41.259765625
3135507,58.2275390625
3135536,72.509765625
3135558,111.2060546875
3135572,38.6962890625
3135599,64.27001953125
3135625,100.4638671875
3135652,55.96923828125
3135669,34.423828125
3135684,51.513671875
3135701,114.31884765625
3135720,78.857421875
3135739,33.5693359375
3135759,72.81494140625
3135786,73.66943359375
3135802,53.16162109375
3135829,66.162109375
3135848,62.1337890625
3135887,56.70166015625
3135897,73.73046875
3135914,53.466796875
3135927,69.091796875
3135942,35.15625
3135967,41.50390625
3135984,43.51806640625
3136004,55.84716796875
3136035,33.203125
3136046,56.640625
3136071,55.48095703125
3136086,51.7578125
3136122,76.171875
3136133,38.39111328125
3136156,33.87451171875
3136187,44.189453125
3136202,58.53271484375
3136223,41.50390625
3136293,33.935546875
3136308,43.76220703125
3136333,53.64990234375
3136402,33.87451171875
3136413,48.33984375
3136521,39.55078125
3136533,46.20361328125
3136606,43.88427734375
3136630,43.3349609375
3136709,35.64453125
3136723,50.59814453125
3136829,39.6728515625
3136852,43.3349609375
3136863,37.53662109375
3136954,34.5458984375
3136970,60.6689453125
3137082,39.306640625
3137116,52.55126953125
3137146,34.423828125
3137200,39.306640625
3137236,35.15625
3137308,37.41455078125
3137368,47.2412109375
3137478,58.28857421875
3137497,36.56005859375
3138054,33.447265625
3138617,33.447265625
3138974,42.724609375
3139125,33.87451171875
3139836,37.29248046875
3140772,33.8134765625
3141756,34.97314453125
3142319,34.1796875
3143143,33.75244140625
3144050,34.36279296875
3192136,36.9873046875
3210283,34.5458984375
3214925,36.376953125
3214979,36.43798828125
3215125,98.20556640625
3215211,40.1611328125
3215246,63.29345703125
3215295,35.64453125
3215309,93.75
3215332,37.04833984375
3215374,35.15625
3215403,37.04833984375
3215425,60.97412109375
3215443,35.15625
3215482,42.1142578125
3215498,38.330078125
3215530,37.78076171875
3215543,80.322265625
3215570,107.11669921875
3215581,42.6025390625
3215625,52.91748046875
3215637,145.44677734375
3215651,70.9228515625
3215694,45.41015625
3215713,42.96875
3215735,59.326171875
3215763,64.8193359375
3215774,79.52880859375
3215858,35.5224609375
3215907,84.41162109375
3215932,43.39599609375
3215962,54.87060546875
3216038,38.14697265625
3216151,45.83740234375
3216189,36.68212890625
3216359,37.29248046875
3216403,41.6259765625
3216837,47.119140625
3263863,33.203125
3264887,42.96875
3265697,36.62109375
3265735,53.40576171875
3265761,37.29248046875
3265981,37.7197265625
3266006,34.423828125
3266035,40.46630859375
3266098,40.52734375
3266121,44.37255859375
3266164,113.22021484375
3266178,36.43798828125
3266200,39.306640625
3266212,38.02490234375
3266225,45.22705078125
3266263,43.0908203125
3266351,38.4521484375
3266438,104.67529296875
3266449,40.771484375
3266519,57.12890625
3266544,38.2080078125
3266680,45.22705078125
3266694,39.85595703125
3272683,33.38623046875
3274269,36.19384765625
3274297,37.353515625
3274355,41.44287109375
3274380,39.6728515625
3274390,48.33984375
3274415,38.9404296875
3274454,48.095703125
3274466,70.98388671875
3274477,62.5
3274510,50.96435546875
3274539,43.02978515625
3274558,66.5283203125
3274573,39.1845703125
3274599,106.3232421875
3274655,100.830078125
3274670,95.8251953125
3274699,44.61669921875
3274725,55.84716796875
3274751,120.2392578125
3274772,128.96728515625
3274794,52.734375
3274823,44.49462890625
3274841,86.5478515625
3274858,90.51513671875
3274880,79.345703125
3274890,36.7431640625
3274946,46.0205078125
3274957,62.744140625
3274982,35.888671875
3275015,36.62109375
3275038,37.109375
3275049,34.36279296875
3275065,60.6689453125
3275088,55.17578125
3275108,50.10986328125
3275151,35.64453125
3275175,34.60693359375
3275199,115.41748046875
3275235,35.46142578125
3275253,73.6083984375
3275286,34.423828125
3275400,44.49462890625
3275420,44.43359375
3275558,50.72021484375
3275606,34.72900390625
3357341,37.2314453125
3418105,36.92626953125
3418119,126.3427734375
3418140,38.2080078125
3418152,45.654296875
3418189,103.08837890625
3418203,61.82861328125
3418216,80.50537109375
3418241,119.07958984375
3418254,45.22705078125
3418286,46.0205078125
3418303,90.4541015625
3418317,79.65087890625
3418348,62.5
3418377,95.947265625
3418393,35.82763671875
3418408,34.1796875
3418433,45.47119140625
3418455,81.84814453125
3418468,72.93701171875
3418496,40.771484375
3418522,47.18017578125
3418546,78.369140625
3418560,80.87158203125
3418579,34.3017578125
3418601,42.48046875
3418612,35.58349609375
3418650,46.2646484375
3418684,48.03466796875
3418701,48.76708984375
3418711,54.0771484375
3418747,36.43798828125
3418770,49.072265625
3418805,33.75244140625
3418853,61.4013671875
3418863,77.81982421875
3418903,45.2880859375
3418977,44.3115234375
3419005,81.97021484375
3419025,44.00634765625
3419051,35.09521484375
3419138,82.21435546875
3419422,33.3251953125
3421006,39.306640625
3421331,35.21728515625
3423412,34.423828125
3486469,36.4990234375
3496733,39.4287109375
3513822,35.09521484375
3529385,35.33935546875
3545840,36.43798828125
3565320,38.2080078125
3568074,33.50830078125
3568093,40.6494140625
3568111,56.0302734375
3568141,83.1298828125
3568168,97.59521484375
3568179,76.904296875
3568208,41.6259765625
3568221,42.48046875
3568237,93.56689453125
3568256,111.63330078125
3568269,53.1005859375
3568291,59.99755859375
3568304,48.828125
3568315,39.00146484375
3568345,34.85107421875
3568364,99.30419921875
3568383,62.6220703125
3568409,34.66796875
3568427,36.1328125
3568455,64.63623046875
3568478,87.7685546875
3568495,38.87939453125
3568555,45.22705078125
3568571,36.80419921875
3568599,35.33935546875
3568675,41.68701171875
3568714,39.97802734375
3568807,36.92626953125
3568826,55.6640625
3568848,33.3251953125
3569683,39.85595703125
3574815,39.36767578125
3579799,37.04833984375
3580339,33.99658203125
3581189,34.7900390625
3581818,34.11865234375
3583465,35.400390625
3591774,35.33935546875
3596248,33.87451171875
3601497,43.51806640625
3602755,34.3017578125
3616528,45.5322265625
3616558,43.15185546875
3616574,42.236328125
3616601,96.19140625
3616641,60.6689453125
3616655,48.9501953125
3616673,55.96923828125
3616695,44.189453125
3616726,79.04052734375
3616745,46.875
3616770,39.61181640625
3616793,43.5791015625
3616824,114.31884765625
3616836,58.2275390625
3616858,40.52734375
3616906,76.0498046875
3616919,59.814453125
3616943,56.396484375
3616969,70.25146484375
3616989,58.837890625
3617012,65.5517578125
3617027,33.99658203125
3617037,45.0439453125
3617071,34.48486328125
3617102,75.01220703125
3617116,74.52392578125
3617131,50.59814453125
3617193,58.10546875
3617203,53.03955078125
3617222,41.07666015625
3617237,34.3017578125
3617305,52.91748046875
3617331,36.865234375
3617345,65.185546875
3617361,33.935546875
3617403,36.62109375
3617418,36.92626953125
3617429,58.4716796875
3617448,33.3251953125
3617572,48.2177734375
3621541,35.15625
3621948,39.36767578125
3653947,35.33935546875
3654347,39.12353515625
3654398,70.068359375
3654415,68.17626953125
3654431,34.11865234375
3654449,46.875
3654467,57.373046875
3654516,68.359375
3654544,55.17578125
3654555,33.87451171875
3654602,70.61767578125
3654637,48.15673828125
3654652,38.39111328125
3654693,60.9130859375
3654712,38.87939453125
3654775,41.44287109375
3654791,39.1845703125
3654808,65.97900390625
3654841,116.76025390625
3654893,34.85107421875
3655009,53.28369140625
3655034,35.7666015625
3655046,69.15283203125
3655076,38.0859375
3655181,40.83251953125
3655199,46.93603515625
3655445,35.400390625
3655524,46.0205078125
3655952,35.21728515625
3661182,36.62109375
3679503,34.1796875
3679664,33.75244140625
3680854,33.69140625
3680912,36.07177734375
3680956,49.86572265625
3681016,34.0576171875
3681032,86.7919921875
3681043,54.99267578125
3681090,61.95068359375
3681107,35.82763671875
3681122,34.66796875
3681170,89.111328125
3681189,140.31982421875
3681213,44.677734375
3681259,63.8427734375
3681277,35.5224609375
3681308,115.234375
3681348,71.77734375
3681373,88.19580078125
3681383,43.45703125
3681398,42.66357421875
3681409,40.283203125
3681435,39.73388671875
3681447,78.857421875
3681462,65.5517578125
3681479,48.64501953125
3681492,56.7626953125
3681505,51.20849609375
3681543,64.208984375
3681561,40.22216796875
3681579,49.25537109375
3681592,33.38623046875
3681615,60.48583984375
3681631,87.0361328125
3681647,44.3115234375
3681696,37.2314453125
3681710,39.24560546875
3681740,73.73046875
3681762,35.82763671875
3681799,42.29736328125
3681852,58.4716796875
3681929,34.0576171875
3681952,59.2041015625
3681970,34.5458984375
3682074,47.36328125
3682108,37.353515625
3682190,43.51806640625
3682215,36.80419921875
3682366,50.29296875
3682543,49.8046875
3682857,39.85595703125
3684932,38.75732421875
3712042,41.44287109375
3725195,37.109375
3725234,43.0908203125
3725314,39.73388671875
3725370,33.203125
3725406,36.68212890625
3725486,42.3583984375
3725556,39.48974609375
3726010,33.447265625
3726144,48.40087890625
3726201,43.0908203125
3726234,36.56005859375
3726410,41.80908203125
3726435,72.93701171875
3727257,35.5224609375
3727342,40.34423828125
3727372,34.97314453125
3727536,34.60693359375
3727596,33.69140625
3727778,41.07666015625
3727994,33.99658203125
3728068,56.15234375
3728096,43.701171875
3739152,33.87451171875
3756044,40.58837890625
3756060,34.36279296875
3756335,60.48583984375
3759262,35.5224609375
3760501,39.12353515625
3760554,51.025390625
3760567,54.8095703125
3760577,86.42578125
3760597,112.79296875
3760617,59.26513671875
3760634,58.89892578125
3760657,63.5986328125
3760677,116.943359375
3760688,105.28564453125
3760716,54.5654296875
3760738,53.77197265625
3760764,91.00341796875
3760788,77.69775390625
3760803,71.6552734375
3760818,43.02978515625
3760847,80.810546875
3760865,49.74365234375
3760881,34.48486328125
3760910,62.8662109375
3760926,37.78076171875
3760948,40.8935546875
3760964,65.185546875
3760989,45.22705078125
3761008,65.97900390625
3761018,42.05322265625
3761035,44.189453125
3761045,70.49560546875
3761059,49.25537109375
3761106,44.00634765625
3761126,39.1845703125
3761154,38.6962890625
3761173,39.0625
3761183,65.85693359375
3761199,33.447265625
3761213,67.56591796875
3761289,36.2548828125
3761301,51.45263671875
3761320,40.22216796875
3761347,36.92626953125
3761364,42.6025390625
3761395,33.75244140625
3761413,55.2978515625
3761433,39.4287109375
3761485,39.4287109375
3761501,45.47119140625
3761532,34.97314453125
3761543,34.66796875
3761570,44.7998046875
3761592,41.015625
3761603,45.7763671875
3761686,47.4853515625
3761697,42.48046875
3761733,33.203125
3761774,45.59326171875
3761792,36.376953125
3761817,38.02490234375
3761880,41.19873046875
3761899,52.67333984375
3761917,37.78076171875
3762009,33.3251953125
3762032,42.96875
3762109,39.97802734375
3762147,53.5888671875
3762219,52.8564453125
3762236,44.0673828125
3762325,36.31591796875
3762354,38.14697265625
3762465,36.56005859375
3762491,46.38671875
3762576,60.97412109375
3762729,39.00146484375
3762873,44.98291015625
3763270,35.5224609375
3766029,33.63037109375
3769046,33.75244140625
3818133,37.17041015625
3820008,64.697265625
3821339,39.4287109375
3821466,46.38671875
3821501,88.7451171875
3821518,54.50439453125
3821594,33.99658203125
3821610,63.232421875
3821629,41.80908203125
3821652,83.80126953125
3821682,47.7294921875
3821735,34.912109375
3821780,53.5888671875
3821822,47.2412109375
3821889,61.8896484375
3821899,37.59765625
3821953,52.24609375
3822264,96.8017578125
3822505,35.5224609375
3822559,33.8134765625
3852322,44.5556640625
3852353,51.57470703125
3852416,33.63037109375
3852446,41.07666015625
3852471,125
3852484,45.2880859375
3852514,61.21826171875
3852535,63.41552734375
3852555,95.76416015625
3852577,36.2548828125
3852592,74.89013671875
3852612,33.87451171875
3852661,33.38623046875
3852691,51.33056640625
3852706,123.9013671875
3852723,48.52294921875
3852739,63.41552734375
3852755,43.701171875
3852776,71.1669921875
3852796,69.2138671875
3852806,39.73388671875
3852842,63.1103515625
3852856,133.36181640625
3852881,80.322265625
3852893,38.14697265625
3852919,37.78076171875
3852943,37.59765625
3852971,34.7900390625
3853009,44.5556640625
3853042,33.87451171875
3853065,33.38623046875
3853090,69.03076171875
3853100,40.0390625
3853128,40.6494140625
3853188,44.61669921875
3853248,40.0390625
3853325,37.9638671875
3853356,41.748046875
3855660,39.306640625
3882141,33.87451171875
3886490,35.82763671875
3886515,34.97314453125
3886530,111.26708984375
3886545,63.96484375
3886578,78.91845703125
3886592,51.1474609375
3886623,168.64013671875
3886640,94.66552734375
3886680,50.10986328125
3886709,109.43603515625
3886721,68.29833984375
3886744,40.52734375
3886758,36.80419921875
3886779,89.29443359375
3886792,69.39697265625
3886802,47.66845703125
3886815,44.5556640625
3886839,63.90380859375
3886857,61.279296875
3886871,71.2890625
3886897,58.349609375
3886919,46.32568359375
3886932,41.8701171875
3886942,74.5849609375
3886962,96.49658203125
3886983,51.1474609375
3887009,37.109375
3887055,67.32177734375
3887065,51.81884765625
3887080,34.11865234375
3887100,33.3251953125
3887124,37.2314453125
3887137,43.88427734375
3887162,43.3349609375
3887237,56.7626953125
3887257,60.791015625
3887272,56.45751953125
3887331,47.2412109375
3887351,42.78564453125
3887381,35.400390625
3887439,62.1337890625
3887455,39.0625
3887576,59.02099609375
3887729,33.5693359375
3887861,34.7900390625
3887899,39.97802734375
3888571,37.353515625
3896593,33.75244140625
3919671,38.4521484375
3919838,40.46630859375
3919884,48.828125
3919945,35.15625
3920008,35.82763671875
3920061,33.5693359375
3920077,36.7431640625
3920108,39.12353515625
3920121,146.54541015625
3920132,45.0439453125
3920174,73.3642578125
3920206,58.04443359375
3920259,60.6689453125
3920294,77.0263671875
3920314,119.384765625
3920328,37.90283203125
3920416,41.8701171875
3920438,54.87060546875
3920448,52.67333984375
3920576,53.03955078125
3920605,45.2880859375
3921236,37.41455078125
3951835,34.1796875
3964547,41.68701171875
3965002,33.63037109375
3965083,109.619140625
3965419,34.423828125
3965430,33.87451171875
3965469,49.560546875
3965502,50.59814453125
3965619,39.61181640625
3965712,45.83740234375
3965743,34.11865234375
3965758,100.4638671875
3965793,52.30712890625
3965810,45.8984375
3965834,125
3965852,42.96875
3965885,41.50390625
3965895,39.00146484375
3965928,81.4208984375
3965948,72.44873046875
3965969,100.03662109375
3965994,39.00146484375
3966015,41.8701171875
3966031,64.8193359375
3966049,75.8056640625
3966066,49.31640625
3966089,39.55078125
3966105,52.06298828125
3966136,91.064453125
3966166,56.0302734375
3966176,43.3349609375
3966189,57.9833984375
3966211,56.09130859375
3966229,51.8798828125
3966241,39.0625
3966278,39.12353515625
3966315,49.37744140625
3966335,40.52734375
3966347,35.09521484375
3966430,71.4111328125
3966451,50.59814453125
3966464,33.8134765625
4003526,57.9833984375
4003558,39.00146484375
4003664,33.935546875
4003955,41.93115234375
4004147,44.12841796875
4004409,35.09521484375
4004490,37.9638671875
4004508,38.2080078125
4004552,56.640625
4004582,41.07666015625
4004595,97.5341796875
4004652,43.3349609375
4004664,39.4287109375
4004702,34.97314453125
4004837,50.1708984375
4004853,36.62109375
4004887,45.0439453125
4004914,41.748046875
4004968,37.29248046875
4014433,39.85595703125
4014475,39.12353515625
4014524,34.85107421875
4014548,37.841796875
4014582,33.203125
4014636,37.65869140625
4014649,33.447265625
4014687,35.58349609375
4014708,68.05419921875
4014738,41.3818359375
4014760,49.98779296875
4014801,41.44287109375
4015425,40.46630859375
4053887,34.11865234375
4053935,39.97802734375
4053965,94.482421875
4053994,93.81103515625
4054014,38.330078125
4054060,80.4443359375
4054071,67.44384765625
4054098,45.10498046875
4054123,170.7763671875
4054140,51.08642578125
4054153,58.28857421875
4054183,47.79052734375
4054210,67.5048828125
4054222,82.3974609375
4054262,33.87451171875
4054285,61.95068359375
4054295,40.58837890625
4054327,60.9130859375
4054355,46.142578125
4054389,48.52294921875
4054404,76.59912109375
4054418,61.5234375
4054448,36.80419921875
4054519,85.02197265625
4054632,55.23681640625
4054655,44.49462890625
4078271,41.93115234375
4078328,42.41943359375
4078353,39.12353515625
4078372,45.5322265625
4078668,37.53662109375
4088839,37.2314453125
4120192,49.98779296875
4120277,39.24560546875
4120298,39.55078125
4120372,41.8701171875
4120389,50.4150390625
4120736,38.330078125
4120770,47.119140625
4120790,33.38623046875
4120831,42.29736328125
4137469,37.04833984375
4145794,42.90771484375
4152864,39.24560546875
4152881,40.46630859375
4153604,33.99658203125
4153667,35.70556640625
4153712,38.4521484375
4153810,36.7431640625
4153833,75.62255859375
4153851,37.7197265625
4153887,92.4072265625
4153915,33.935546875
4153937,92.10205078125
4153948,49.072265625
4153962,77.63671875
4153997,43.0908203125
4154026,48.9501953125
4154039,79.89501953125
4154049,54.87060546875
4154072,59.5703125
4154115,33.50830078125
4154142,47.607421875
4154175,53.3447265625
4154243,48.64501953125
4154268,35.2783203125
4154323,50.84228515625
4154338,39.97802734375
4154358,41.6259765625
4154393,63.65966796875
4154437,33.87451171875
4154483,44.25048828125
4155203,35.82763671875
4156350,34.72900390625
4181023,37.841796875
4181038,40.46630859375
4181135,34.423828125
4181181,33.38623046875
4181239,40.771484375
4209077,34.5458984375
4225445,42.41943359375
4225515,33.50830078125
4225568,33.63037109375
4225578,38.57421875
4225615,57.7392578125
4225628,69.9462890625
4225670,94.3603515625
4225729,36.62109375
4226287,40.58837890625
4226779,34.85107421875
4226851,43.701171875
4226927,40.4052734375
4226944,41.8701171875
4268106,43.701171875
4269509,34.3017578125
4269533,60.4248046875
4269556,43.701171875
4269591,34.60693359375
4269620,38.9404296875
4269631,35.70556640625
4269664,65.3076171875
4269679,92.7734375
4269712,44.00634765625
4269736,84.5947265625
4269752,42.41943359375
4269763,41.015625
4269789,69.4580078125
4269807,44.0673828125
4269821,58.65478515625
4269849,50.29296875
4269876,53.22265625
4269889,41.3818359375
4269922,75.3173828125
4269939,50.537109375
4269954,50.96435546875
4269979,63.232421875
4270049,34.7900390625
4270059,92.529296875
4270074,97.65625
4270115,44.98291015625
4270147,46.38671875
4270166,65.36865234375
4270178,102.294921875
4270285,69.51904296875
4271717,37.29248046875
4293687,34.48486328125
4306745,33.447265625
4324797,33.447265625
4331690,38.6962890625
4331815,41.1376953125
4332057,39.794921875
4332114,35.400390625
4332137,93.81103515625
4332181,35.58349609375
4343865,35.64453125
4355332,35.09521484375
4365751,34.7900390625
4385780,33.935546875
4400842,34.3017578125
4420183,34.66796875
4421775,35.0341796875
4424998,34.0576171875
4427760,46.69189453125
4427818,88.19580078125
4427830,66.40625
4427852,91.1865234375
4427864,43.701171875
4427915,42.48046875
4427937,73.18115234375
4427951,75.37841796875
4427978,52.79541015625
4428007,59.6923828125
4428023,67.68798828125
4428041,131.89697265625
4428067,55.96923828125
4428101,48.2177734375
4428121,40.71044921875
4428131,85.0830078125
4428165,91.552734375
4428192,37.4755859375
4428216,33.447265625
4428231,57.9833984375
4428248,79.58984375
4428264,67.3828125
4428280,48.2177734375
4428327,33.75244140625
4428346,92.4072265625
4428358,74.70703125
4428381,38.330078125
4428472,35.94970703125
4428486,35.64453125
4428497,80.6884765625
4428733,42.29736328125
4429120,37.53662109375
4429438,37.65869140625
4438310,33.75244140625
4458841,34.0576171875
4472284,40.10009765625
4472435,41.44287109375
4472448,35.400390625
4472473,44.12841796875
4472531,35.15625
4472543,67.5048828125
4472576,41.93115234375
4472605,61.46240234375
4472708,34.1796875
4472723,35.46142578125
4472919,35.5224609375
4472940,36.7431640625
4513711,36.43798828125
4513751,55.6640625
4513775,82.8857421875
4513797,77.57568359375
4513822,43.212890625
4513832,85.14404296875
4513880,78.0029296875
4513895,76.904296875
4513920,49.6826171875
4513930,34.85107421875
4513962,57.43408203125
4513986,77.57568359375
4513999,54.99267578125
4514017,38.14697265625
4514059,37.41455078125
4514084,50.537109375
4514096,34.3017578125
4514109,37.7197265625
4514145,38.4521484375
4514202,51.1474609375
4514284,36.4990234375
4514369,69.15283203125
4514593,34.423828125
4538774,37.4755859375
4555324,35.70556640625
4560497,35.33935546875
4570385,36.0107421875
4570401,44.49462890625
4570421,117.49267578125
4570442,69.88525390625
4570470,51.1474609375
4570487,70.1904296875
4570508,83.43505859375
4570549,88.134765625
4570577,34.60693359375
4570590,46.08154296875
4570604,34.36279296875
4570625,43.15185546875
4570642,73.66943359375
4570661,60.6689453125
4570702,34.1796875
4570723,46.44775390625
4570733,112.3046875
4570749,85.205078125
4570767,53.5888671875
4570823,59.326171875
4570844,69.51904296875
4570857,46.630859375
4570869,44.189453125
4570887,39.48974609375
4570919,70.1904296875
4570935,134.46044921875
4570960,48.88916015625
4570988,34.60693359375
4571029,57.861328125
4571039,79.89501953125
4571054,38.4521484375
4571073,67.138671875
4571103,78.2470703125
4571118,41.56494140625
4571132,34.60693359375
4571150,54.3212890625
4571165,38.330078125
4571206,55.6640625
4571224,56.396484375
4571252,33.75244140625
4571274,71.83837890625
4571284,43.64013671875
4571376,48.40087890625
4571400,46.875
4571430,38.2080078125
4571450,43.76220703125
4571483,48.15673828125
4571563,33.69140625
4571597,38.26904296875
4571703,57.4951171875
4571721,49.86572265625
4572195,42.78564453125
4573168,39.6728515625
4573689,34.36279296875
4573851,36.68212890625
4574518,33.935546875
4574612,43.39599609375
4646513,33.63037109375
4710659,34.1796875
4714048,44.921875
4714080,71.77734375
4714111,96.98486328125
4714128,54.19921875
4714157,57.2509765625
4714178,76.35498046875
4714199,36.31591796875
4714210,67.81005859375
4714239,45.59326171875
4714268,67.81005859375
4714280,149.0478515625
4714293,47.18017578125
4714305,87.7685546875
4714364,73.42529296875
4714375,132.14111328125
4714402,51.81884765625
4714416,40.8935546875
4714428,53.3447265625
4714442,46.630859375
4714460,52.1240234375
4714478,64.208984375
4714505,63.720703125
4714552,53.955078125
4714576,72.021484375
4714594,36.07177734375
4714656,59.4482421875
4714667,72.509765625
4714694,45.7763671875
4714739,79.1015625
4714750,41.3818359375
4714765,37.7197265625
4714787,38.51318359375
4714807,44.7998046875
4714824,63.5986328125
4714838,42.41943359375
4714857,37.353515625
4714873,33.203125
4714885,66.34521484375
4714936,58.4716796875
4714965,34.48486328125
4715009,56.09130859375
4715056,34.0576171875
4715131,52.24609375
4715144,38.39111328125
4715273,47.54638671875
4715286,51.45263671875
4715544,35.64453125
4717603,41.07666015625
4717930,33.50830078125
4762657,40.6494140625
4763006,35.21728515625
4763054,59.38720703125
4763077,35.2783203125
4763099,39.6728515625
4763118,33.63037109375
4763156,115.3564453125
4763187,142.2119140625
4763199,39.9169921875
4763255,33.203125
4763286,87.0361328125
4763299,39.794921875
4763399,36.68212890625
4763416,141.78466796875
4763428,72.57080078125
4763473,34.97314453125
4763527,41.32080078125
4763556,36.62109375
4763766,34.912109375
4764161,45.166015625
4764364,33.50830078125
4764375,48.03466796875
4764552,33.38623046875
4764667,33.87451171875
4794188,35.09521484375
