4799201,0
7222,39.36767578125
7296,34.912109375
8418,47.7294921875
8434,40.83251953125
8464,37.41455078125
8479,43.88427734375
14617,44.43359375
19134,46.2646484375
29833,48.15673828125
29929,36.1328125
32229,36.2548828125
32262,45.83740234375
32316,44.37255859375
32333,41.8701171875
46552,55.2978515625
46734,51.08642578125
46808,35.5224609375
47021,49.13330078125
47646,38.818359375
47820,34.423828125
47886,36.43798828125
48007,45.654296875
48087,36.80419921875
48127,34.60693359375
48503,56.21337890625
60238,43.64013671875
64259,36.19384765625
64863,42.29736328125
65110,42.8466796875
65157,45.10498046875
65207,47.7294921875
80678,45.59326171875
82370,55.23681640625
82396,35.5224609375
82425,46.2646484375
82453,34.72900390625
95202,43.76220703125
95264,47.42431640625
109925,52.3681640625
109980,38.2080078125
109991,50.84228515625
120012,40.46630859375
121949,44.98291015625
121974,39.0625
121993,68.7255859375
122058,37.841796875
122069,35.64453125
136368,50.72021484375
137825,44.73876953125
137884,39.6728515625
141596,40.10009765625
141682,35.70556640625
141711,40.58837890625
153515,41.80908203125
153861,47.42431640625
153977,35.888671875
157448,39.73388671875
158202,47.66845703125
158277,42.05322265625
158337,49.1943359375
172176,36.376953125
173129,35.21728515625
174344,41.68701171875
174414,42.78564453125
174444,39.55078125
185350,42.78564453125
185957,34.423828125
194051,41.93115234375
194517,49.98779296875
194555,34.60693359375
197434,42.41943359375
207460,41.56494140625
207587,39.12353515625
209175,40.0390625
209224,46.2646484375
209248,37.17041015625
209261,46.32568359375
217844,34.60693359375
223728,38.818359375
223801,57.18994140625
223864,35.0341796875
234014,36.56005859375
234626,41.259765625
234696,39.794921875
248189,41.748046875
248288,51.3916015625
248336,43.02978515625
248412,36.2548828125
261572,39.48974609375
262110,40.283203125
262197,34.423828125
271675,48.27880859375
271751,42.96875
271787,56.5185546875
271825,38.9404296875
279203,48.64501953125
279414,47.2412109375
279448,41.1376953125
279476,35.33935546875
292035,36.62109375
292160,45.47119140625
295312,52.55126953125
296029,56.45751953125
296056,41.6259765625
296076,47.42431640625
296106,39.4287109375
296154,37.353515625
309595,52.3681640625
309653,61.4013671875
321937,40.71044921875
322037,41.44287109375
322184,39.1845703125
331422,41.50390625
331505,40.71044921875
331536,52.67333984375
340570,35.70556640625
349723,41.93115234375
350034,54.443359375
350123,40.771484375
350184,62.3779296875
362442,44.0673828125
362553,40.22216796875
362617,35.33935546875
362763,57.4951171875
372131,55.48095703125
372892,37.65869140625
372953,41.07666015625
373063,39.36767578125
383268,43.15185546875
383859,37.7197265625
383983,42.78564453125
393259,48.2177734375
393325,65.3076171875
393341,41.748046875
393454,40.8935546875
393563,46.7529296875
403797,37.2314453125
407235,38.57421875
407311,41.80908203125
407322,64.02587890625
407389,38.39111328125
415775,49.13330078125
415829,47.2412109375
415902,46.81396484375
415977,58.59375
415997,44.98291015625
423122,46.20361328125
431102,52.91748046875
431166,41.1376953125
431180,35.7666015625
431220,46.56982421875
438361,40.283203125
438413,34.48486328125
438461,49.98779296875
438532,38.4521484375
438557,34.423828125
438858,35.33935546875
446475,36.2548828125
446540,44.43359375
446582,62.5
446687,39.48974609375
454054,35.46142578125
454101,43.64013671875
454128,34.85107421875
454157,39.306640625
454228,35.64453125
454241,35.2783203125
454299,36.92626953125
454680,34.7900390625
461194,38.14697265625
461258,38.6962890625
461321,40.22216796875
461370,43.45703125
461395,44.3115234375
461456,37.29248046875
461534,37.04833984375
468600,43.02978515625
468650,35.46142578125
468712,36.0107421875
468903,57.12890625
468922,36.0107421875
475549,40.46630859375
475633,38.39111328125
475664,34.97314453125
475723,38.14697265625
475893,41.56494140625
476254,34.5458984375
481499,41.68701171875
481638,51.08642578125
481698,38.818359375
487734,38.818359375
487806,39.12353515625
487843,39.61181640625
487890,51.26953125
487904,35.70556640625
487976,36.4990234375
487991,40.4052734375
488014,41.259765625
494482,47.8515625
494543,48.03466796875
494602,46.69189453125
494704,38.9404296875
494835,35.58349609375
495017,39.55078125
501010,44.86083984375
501041,37.4755859375
501083,35.888671875
501123,43.701171875
501146,35.58349609375
501219,34.85107421875
501293,34.7900390625
507205,39.36767578125
507259,40.6494140625
507296,38.0859375
507327,43.0908203125
507409,39.9169921875
507718,42.78564453125
513381,37.109375
513397,37.90283203125
513443,35.09521484375
513486,45.5322265625
513528,35.21728515625
513569,35.82763671875
513638,70.25146484375
513818,41.3818359375
514241,37.2314453125
519748,42.41943359375
519851,41.748046875
519948,34.85107421875
519961,34.423828125
520034,36.68212890625
525901,47.05810546875
525962,39.12353515625
526012,34.423828125
526042,35.888671875
526073,40.22216796875
532471,35.7666015625
532532,39.0625
532564,52.6123046875
532576,35.58349609375
532893,35.58349609375
538350,37.2314453125
538420,36.4990234375
538474,42.8466796875
538615,37.2314453125
545026,37.90283203125
545054,60.302734375
545143,36.80419921875
545504,35.70556640625
551930,35.58349609375
551980,37.17041015625
552008,46.08154296875
552076,35.09521484375
558433,37.29248046875
558490,43.45703125
558524,37.4755859375
558622,39.794921875
564592,37.53662109375
564624,37.17041015625
564639,34.66796875
564677,36.56005859375
564703,42.724609375
564769,36.68212890625
564857,38.2080078125
572178,35.82763671875
572229,38.330078125
572255,38.330078125
572307,34.423828125
572494,35.64453125
579352,40.83251953125
579396,38.2080078125
579420,52.06298828125
579450,39.55078125
587050,46.69189453125
587122,39.97802734375
587152,35.64453125
587188,36.62109375
587202,43.27392578125
587218,36.865234375
587248,34.48486328125
587309,37.65869140625
595227,53.466796875
595299,37.353515625
595448,35.21728515625
595458,55.419921875
603628,36.80419921875
603671,43.5791015625
603703,37.90283203125
603716,34.72900390625
603813,34.7900390625
612090,48.2177734375
612133,38.818359375
612168,40.22216796875
612196,39.73388671875
612290,34.3017578125
612326,71.4111328125
612375,34.912109375
620785,39.55078125
620802,37.2314453125
620832,50.84228515625
620863,65.7958984375
620877,52.6123046875
629249,53.03955078125
629290,45.10498046875
629315,67.87109375
629385,36.31591796875
629514,35.5224609375
638257,38.6962890625
638314,36.9873046875
638344,37.841796875
638406,34.912109375
638432,38.75732421875
638614,34.3017578125
647659,48.64501953125
647703,39.1845703125
647727,47.66845703125
647934,49.31640625
657357,42.3583984375
657393,42.41943359375
657404,47.66845703125
657462,36.1328125
657523,34.85107421875
657672,34.912109375
657693,61.70654296875
666840,35.7666015625
666918,38.6962890625
666977,40.0390625
667022,34.72900390625
667296,40.52734375
677159,40.4052734375
677190,34.48486328125
677224,40.46630859375
677255,36.0107421875
677283,38.39111328125
677397,64.02587890625
677436,34.36279296875
677505,53.5888671875
681893,39.55078125
682353,34.85107421875
682611,34.85107421875
682858,35.5224609375
692126,35.7666015625
692202,38.87939453125
692255,34.423828125
692356,36.2548828125
692441,39.24560546875
692866,38.14697265625
693079,35.21728515625
697946,39.4287109375
697972,35.5224609375
698060,38.57421875
698142,40.52734375
708338,34.60693359375
708395,44.7998046875
708414,53.03955078125
708445,37.41455078125
708473,39.1845703125
708627,53.22265625
709256,35.5224609375
713454,43.9453125
713905,36.19384765625
723788,48.40087890625
723869,37.78076171875
724050,58.2275390625
724140,37.353515625
727006,43.88427734375
727501,34.48486328125
728587,35.58349609375
729198,35.7666015625
729576,49.74365234375
729621,37.41455078125
741494,36.2548828125
741551,42.6025390625
741571,37.4755859375
741637,34.3017578125
741708,40.52734375
741803,41.6259765625
741894,39.4287109375
742661,34.72900390625
742944,36.0107421875
743782,35.21728515625
744114,34.7900390625
745389,39.1845703125
746297,45.2880859375
746832,34.36279296875
747393,37.7197265625
756894,39.24560546875
756982,39.85595703125
757113,36.31591796875
757125,35.2783203125
770063,40.0390625
770113,37.7197265625
770151,35.64453125
770220,36.31591796875
770271,35.09521484375
770563,58.89892578125
773748,36.31591796875
774215,41.19873046875
774631,36.80419921875
775044,35.7666015625
775273,42.96875
775605,35.82763671875
775695,43.9453125
776498,39.24560546875
784438,43.27392578125
784550,39.55078125
784584,35.33935546875
784620,39.85595703125
784689,35.64453125
784841,34.5458984375
795070,40.58837890625
795191,36.62109375
795283,35.0341796875
795371,43.0908203125
799718,45.654296875
811016,35.09521484375
811086,42.96875
811109,34.36279296875
811161,41.50390625
811196,36.1328125
811306,38.75732421875
811345,34.423828125
811657,64.51416015625
821528,36.865234375
821583,43.39599609375
821755,36.4990234375
822002,35.58349609375
831868,35.2783203125
831932,49.98779296875
831970,36.19384765625
832118,38.63525390625
842286,48.64501953125
842401,39.61181640625
842479,37.7197265625
842528,37.2314453125
842589,43.64013671875
853117,35.09521484375
853166,50.59814453125
853287,44.00634765625
853412,34.97314453125
853536,37.841796875
864572,34.85107421875
864642,35.888671875
864709,36.865234375
864753,35.70556640625
875711,35.94970703125
875789,36.62109375
875827,36.4990234375
875905,36.07177734375
886513,35.15625
886561,37.2314453125
886593,38.14697265625
886712,52.18505859375
886724,38.2080078125
886772,34.3017578125
886959,34.912109375
887126,34.48486328125
896571,43.64013671875
896680,39.1845703125
896738,36.4990234375
897170,34.72900390625
906500,34.423828125
906549,51.69677734375
906594,34.85107421875
906654,35.70556640625
906762,39.794921875
918714,37.841796875
918806,44.5556640625
918872,51.26953125
931916,36.43798828125
931983,34.48486328125
932006,34.3017578125
932037,41.07666015625
932116,36.7431640625
932147,36.19384765625
943498,36.43798828125
943547,48.095703125
943623,39.24560546875
943694,36.865234375
943714,42.6025390625
943775,36.1328125
957518,39.61181640625
957595,42.54150390625
957676,40.46630859375
957767,36.4990234375
971306,42.236328125
971415,51.94091796875
971429,36.0107421875
971493,45.10498046875
971615,35.2783203125
971704,36.9873046875
983217,39.97802734375
983282,35.7666015625
983315,39.0625
983413,36.376953125
983457,37.53662109375
983575,36.43798828125
995596,38.330078125
995795,39.00146484375
995970,45.654296875
996426,34.60693359375
1012783,36.7431640625
1012847,34.48486328125
1012873,48.583984375
1013637,36.19384765625
1015363,43.701171875
1015641,35.09521484375
1016057,39.48974609375
1016276,34.3017578125
1017157,39.24560546875
1033761,39.1845703125
1033821,46.81396484375
1033841,36.1328125
1033942,34.48486328125
1034120,39.00146484375
1049087,41.19873046875
1049248,41.07666015625
1049269,45.10498046875
1049360,36.19384765625
1049442,35.46142578125
1049641,35.0341796875
1067970,34.48486328125
1077416,36.19384765625
1077538,35.82763671875
1078634,43.27392578125
1078960,36.31591796875
1099563,47.42431640625
1099701,38.63525390625
1102343,42.8466796875
1124470,37.109375
1124615,41.015625
1124717,36.62109375
1124948,45.22705078125
1125020,39.36767578125
1125264,42.66357421875
1129664,39.6728515625
1130616,37.59765625
1133397,35.94970703125
1157452,38.26904296875
1157720,37.04833984375
1167442,43.0908203125
1188847,35.46142578125
1189088,39.48974609375
1189335,42.724609375
1197979,38.4521484375
1198520,36.56005859375
1198737,35.2783203125
1221686,36.19384765625
1230591,35.82763671875
1231056,39.61181640625
1262212,34.97314453125
1262739,41.259765625
1263086,48.2177734375
1263930,38.0859375
1270751,34.60693359375
1312908,46.630859375
1313118,35.7666015625
1313583,35.09521484375
1313999,54.0771484375
1317551,42.66357421875
1335446,59.38720703125
1335665,52.1240234375
1382248,35.15625
1382887,41.8701171875
1383222,34.5458984375
1384459,42.236328125
1389046,41.44287109375
1389409,41.80908203125
1389641,37.109375
1389679,39.0625
1401483,41.07666015625
1446456,45.654296875
1446590,41.748046875
1446640,49.01123046875
1449028,43.701171875
1449059,34.60693359375
1449157,38.0859375
1449201,42.8466796875
1449234,41.50390625
1478010,53.03955078125
1478200,36.31591796875
1483709,49.072265625
1483767,36.92626953125
1483806,42.724609375
1518872,41.44287109375
1520422,35.70556640625
1520530,51.513671875
1523363,35.94970703125
1523388,35.21728515625
1523536,39.12353515625
1523566,36.31591796875
1560382,68.42041015625
1560511,39.306640625
1562713,40.283203125
1565504,40.34423828125
1565591,36.1328125
1565660,44.00634765625
1565672,46.20361328125
1565871,44.61669921875
1600037,40.22216796875
1600125,37.04833984375
1601899,34.3017578125
1602044,48.76708984375
1602106,39.48974609375
1602239,44.0673828125
1604824,44.189453125
1604853,37.9638671875
1604889,35.33935546875
1604969,34.3017578125
1625798,36.07177734375
1625958,35.09521484375
1627914,34.7900390625
1627985,36.31591796875
1628045,36.0107421875
1649560,43.0908203125
1649706,41.1376953125
1651955,57.9833984375
1652082,44.921875
1652197,40.771484375
1652209,34.36279296875
1674392,38.57421875
1674507,38.9404296875
1674627,34.7900390625
1674656,44.921875
1676506,54.3212890625
1676621,39.97802734375
1676722,35.82763671875
1676808,38.2080078125
1676827,36.9873046875
1693359,35.5224609375
1693486,41.93115234375
1695493,36.1328125
1728641,39.9169921875
1728713,39.24560546875
1729100,43.212890625
1729219,35.33935546875
1731377,39.6728515625
1731604,41.259765625
1731726,39.794921875
1734358,39.9169921875
1734471,38.6962890625
1766204,36.31591796875
1766555,47.18017578125
1766778,40.1611328125
1766866,40.0390625
1769522,44.0673828125
1769563,35.70556640625
1769585,45.5322265625
1769658,47.54638671875
1769671,35.5224609375
1769694,51.8798828125
1769735,42.48046875
1769765,36.1328125
1803921,42.90771484375
1804005,85.8154296875
1806448,39.00146484375
1806612,34.97314453125
1806643,34.3017578125
1806713,35.400390625
1827479,36.62109375
1827572,35.400390625
1827748,40.71044921875
1829732,37.2314453125
1829897,34.7900390625
1829920,45.166015625
1829961,34.5458984375
1830027,38.02490234375
1830067,34.423828125
1863311,43.212890625
1863442,44.37255859375
1863474,37.9638671875
1863715,59.02099609375
1863791,39.12353515625
1863929,42.96875
1864083,39.0625
1864093,45.47119140625
1872388,49.37744140625
1872506,37.41455078125
1877899,42.1142578125
1895183,50.72021484375
1899320,50.84228515625
1899384,36.31591796875
1899426,36.865234375
1899462,41.80908203125
1918279,38.39111328125
1918617,45.41015625
1921384,38.02490234375
1921547,52.6123046875
1941012,35.58349609375
1941117,51.1474609375
1960157,52.24609375
1960240,63.8427734375
1960815,43.39599609375
1961630,39.00146484375
1979482,38.2080078125
1979494,52.67333984375
1979589,41.44287109375
1979933,39.794921875
1980206,36.07177734375
1998405,34.66796875
1998530,34.7900390625
1999530,61.09619140625
2000464,39.61181640625
2019336,44.00634765625
2019369,34.36279296875
2019410,34.7900390625
2019848,43.15185546875
2020978,34.3017578125
2037737,61.279296875
2037966,38.63525390625
2038002,50.23193359375
2039159,38.39111328125
2039358,38.330078125
2047795,34.48486328125
2050890,36.0107421875
2051230,41.93115234375
2051619,35.64453125
2055456,42.66357421875
2055992,39.12353515625
2057154,41.1376953125
2057479,34.66796875
2057531,34.85107421875
2058290,37.04833984375
2059213,34.48486328125
2059328,35.94970703125
2082606,37.90283203125
2082650,54.3212890625
2083065,36.865234375
2083635,34.85107421875
2085056,36.07177734375
2085134,43.88427734375
2099446,38.51318359375
2101147,44.37255859375
2101584,43.88427734375
2115183,48.095703125
2116090,37.17041015625
2116178,39.85595703125
2118973,66.40625
2119938,34.912109375
2120510,37.4755859375
2141363,37.2314453125
2141449,36.62109375
2142053,42.1142578125
2143345,40.95458984375
2154921,46.69189453125
2155209,35.09521484375
2155300,53.5888671875
2156021,43.701171875
2158030,39.794921875
2158378,39.61181640625
2163333,48.9501953125
2163693,40.283203125
2163741,46.2646484375
2165479,35.33935546875
2185172,45.5322265625
2185259,39.61181640625
2185284,35.82763671875
2185992,42.48046875
2186749,44.86083984375
2186832,41.3818359375
2190029,40.34423828125
2190548,40.10009765625
2190643,43.45703125
2190865,35.21728515625
2190883,51.08642578125
2190958,41.44287109375
2195075,35.94970703125
2212150,39.00146484375
2212410,35.888671875
2212465,54.26025390625
2212485,39.73388671875
2214257,46.20361328125
2218533,43.701171875
2218959,37.841796875
2219572,45.5322265625
2219648,40.52734375
2221855,36.865234375
2222747,44.5556640625
2239904,49.31640625
2240137,54.5654296875
2240385,46.7529296875
2240401,37.78076171875
2243993,35.888671875
2244399,35.09521484375
2244484,46.93603515625
2245995,35.7666015625
2246029,34.423828125
2246239,35.46142578125
2246296,36.1328125
2246318,40.6494140625
2246932,44.98291015625
2260262,37.59765625
2267975,51.26953125
2268055,60.24169921875
2268119,50.6591796875
2268364,40.10009765625
2268421,40.10009765625
2275792,42.724609375
2275837,36.4990234375
2275953,35.21728515625
2275966,40.83251953125
2276009,34.7900390625
2277537,37.353515625
2277780,36.1328125
2278249,36.92626953125
2278572,41.015625
2299538,34.85107421875
2299822,43.0908203125
2299925,39.73388671875
2303569,48.03466796875
2304023,39.0625
2305488,38.2080078125
2305569,34.60693359375
2305591,36.07177734375
2307431,39.6728515625
2307479,50.72021484375
2325823,41.3818359375
2326155,41.80908203125
2326267,34.85107421875
2326338,52.06298828125
2331651,36.62109375
2344579,35.7666015625
2344778,42.41943359375
2344794,35.5224609375
2344845,39.306640625
2345862,62.19482421875
2349255,53.3447265625
2349346,35.70556640625
2365956,45.8984375
2365977,35.33935546875
2366214,35.33935546875
2366539,41.80908203125
2366625,35.64453125
2369443,45.34912109375
2369582,45.83740234375
2369839,50.048828125
2370891,37.353515625
2371031,38.2080078125
2387818,35.46142578125
2387835,44.3115234375
2388526,37.41455078125
2388777,35.0341796875
2388856,36.19384765625
2389361,35.58349609375
2389380,39.55078125
2391194,37.17041015625
2391805,35.58349609375
2409606,35.70556640625
2409757,40.1611328125
2410034,41.07666015625
2410066,39.36767578125
2411110,39.6728515625
2411187,49.25537109375
2412830,40.771484375
2414106,39.61181640625
2431854,43.88427734375
2432605,40.771484375
2432704,39.794921875
2432746,36.7431640625
2433214,45.5322265625
2434644,39.9169921875
2435125,34.7900390625
2448132,37.17041015625
2448321,39.48974609375
2448356,51.7578125
2450344,42.05322265625
2450390,37.59765625
2450414,41.3818359375
2450482,40.1611328125
2466174,41.07666015625
2466241,39.24560546875
2466765,38.63525390625
2467058,37.9638671875
2467561,49.74365234375
2467594,47.4853515625
2470337,35.21728515625
2470481,35.09521484375
2470855,34.48486328125
2470873,40.8935546875
2470936,37.7197265625
2470947,38.75732421875
2470998,39.9169921875
2490002,45.166015625
2490931,50.78125
2493301,41.32080078125
2512313,36.62109375
2512547,39.794921875
2514200,43.39599609375
2515187,34.60693359375
2517791,37.04833984375
2518231,48.7060546875
2518499,47.79052734375
2518626,35.58349609375
2518807,52.8564453125
2518877,42.3583984375
2518946,47.79052734375
2519043,63.720703125
2519105,34.7900390625
2538366,38.02490234375
2538538,41.259765625
2539566,45.47119140625
2539861,41.80908203125
2539953,35.64453125
2540258,36.43798828125
2541670,39.306640625
2542216,40.1611328125
2542556,36.4990234375
2542667,39.794921875
2542880,41.07666015625
2558971,36.865234375
2559066,41.07666015625
2560501,36.19384765625
2560865,43.3349609375
2560924,52.24609375
2561263,38.2080078125
2562037,42.3583984375
2562991,38.0859375
2582043,37.353515625
2582151,34.912109375
2584065,41.19873046875
2584325,34.72900390625
2584580,37.59765625
2584627,34.423828125
2584666,37.53662109375
2586767,38.818359375
2586838,43.5791015625
2586865,47.119140625
2587069,36.43798828125
2587158,37.4755859375
2595686,35.400390625
2600265,46.38671875
2600425,34.5458984375
2600529,34.72900390625
2614742,39.24560546875
2614768,47.05810546875
2620393,35.400390625
2620491,40.71044921875
2620516,42.41943359375
2620565,41.3818359375
2634019,37.41455078125
2634171,54.87060546875
2634181,35.58349609375
2640455,47.119140625
2640556,35.2783203125
2640594,39.36767578125
2640804,34.3017578125
2640847,41.50390625
2652066,48.27880859375
2652234,41.80908203125
2658330,40.10009765625
2658403,34.423828125
2658616,34.66796875
2670770,54.87060546875
2676821,34.66796875
2676904,39.85595703125
2685349,37.841796875
2685467,39.1845703125
2685489,43.76220703125
2693687,41.3818359375
2693763,34.60693359375
2693835,50.048828125
2693954,40.283203125
2701165,41.748046875
2701325,45.654296875
2701422,48.2177734375
2708856,37.29248046875
2708927,35.0341796875
2708944,56.21337890625
2709073,37.4755859375
2709115,36.43798828125
2718700,44.7998046875
2718772,49.8046875
2718816,38.2080078125
2718828,39.9169921875
2718916,75.98876953125
2718927,35.15625
2725767,44.43359375
2725829,43.3349609375
2725851,40.6494140625
2725904,43.45703125
2734152,39.12353515625
2734293,49.31640625
2741944,39.85595703125
2742029,38.330078125
2742141,44.189453125
2742176,36.19384765625
2742264,35.70556640625
2752239,48.095703125
2752362,35.7666015625
2752476,38.2080078125
2760128,45.8984375
2760190,46.38671875
2760206,34.66796875
2769673,37.9638671875
2769733,40.10009765625
2769808,40.46630859375
2769916,35.94970703125
2770015,34.7900390625
2779033,39.00146484375
2779097,61.70654296875
2779143,34.48486328125
2779249,60.48583984375
2787355,38.02490234375
2787419,45.95947265625
2787445,34.7900390625
2787456,39.48974609375
2787542,46.9970703125
2797215,37.2314453125
2797272,35.94970703125
2797321,46.20361328125
2797337,34.66796875
2797423,51.33056640625
2808170,56.396484375
2808235,37.7197265625
2808259,52.24609375
2808342,36.07177734375
2808377,59.814453125
2808387,43.27392578125
2817324,45.8984375
2817431,37.41455078125
2817472,36.07177734375
2817606,48.64501953125
2827042,36.0107421875
2827112,38.4521484375
2827162,46.69189453125
2827603,35.7666015625
2838577,44.3115234375
2838631,36.865234375
2838715,45.22705078125
2838767,73.8525390625
2838784,43.212890625
2848786,42.48046875
2848917,41.50390625
2849011,41.9921875
2849021,51.7578125
2859331,44.00634765625
2859404,42.6025390625
2859430,39.48974609375
2859545,38.51318359375
2859609,39.73388671875
2859635,35.94970703125
2869394,50.4150390625
2869470,42.05322265625
2869520,48.88916015625
2869536,41.93115234375
2869671,47.9736328125
2879671,36.0107421875
2879683,42.41943359375
2879798,38.9404296875
2890059,38.75732421875
2890096,34.66796875
2890139,40.52734375
2890240,39.794921875
2890270,36.31591796875
2890401,37.65869140625
2901095,38.51318359375
2901178,48.27880859375
2901228,36.68212890625
2901271,38.02490234375
2901284,53.89404296875
2912428,36.19384765625
2912495,40.4052734375
2912508,48.095703125
2912539,34.912109375
2912605,54.6875
2912622,37.53662109375
2912644,65.24658203125
2924122,37.90283203125
2924180,35.33935546875
2924243,41.07666015625
2924490,36.7431640625
2935901,35.58349609375
2935957,36.2548828125
2936004,41.56494140625
2936107,44.25048828125
2936131,70.80078125
2936216,34.66796875
2936252,37.17041015625
2947917,39.306640625
2947976,51.025390625
2948047,44.43359375
2948148,35.33935546875
2960454,39.794921875
2960681,79.833984375
2972805,49.13330078125
2972857,37.65869140625
2972908,40.46630859375
2973032,49.49951171875
2973217,40.34423828125
2985571,47.79052734375
2985618,34.423828125
2998320,42.17529296875
2998442,48.76708984375
2998576,36.376953125
3011713,37.9638671875
3011765,34.66796875
3011839,43.39599609375
3024719,40.1611328125
3024754,36.1328125
3024853,35.46142578125
3037800,51.45263671875
3037933,42.96875
3050586,51.1474609375
3050658,38.39111328125
3050735,40.95458984375
3064103,37.2314453125
3064196,37.90283203125
3068752,46.20361328125
3068870,38.57421875
3081886,39.6728515625
3081994,42.236328125
3082247,35.7666015625
3086325,41.3818359375
3091126,47.9736328125
3091372,40.771484375
3091564,34.912109375
3106254,46.875
3106894,37.109375
3110884,36.2548828125
3126130,36.376953125
3130217,36.07177734375
3130424,35.5224609375
3133257,38.57421875
3133365,35.09521484375
3134515,45.41015625
3134698,41.015625
3148156,34.423828125
3148380,34.36279296875
3148546,34.72900390625
3148944,38.330078125
3153539,45.8984375
3159105,40.52734375
3159237,39.0625
3161691,34.36279296875
3161862,40.34423828125
3162055,44.0673828125
3162255,37.41455078125
3163065,37.841796875
3167621,38.0859375
3168100,36.31591796875
3168420,40.0390625
3168975,36.1328125
3169306,36.07177734375
3187236,40.34423828125
3191342,39.4287109375
3191418,37.353515625
3191489,40.71044921875
3191508,47.05810546875
3191530,42.66357421875
3206181,42.17529296875
3206308,38.818359375
3208532,54.5654296875
3208721,61.70654296875
3208799,34.423828125
3208864,42.8466796875
3212540,44.0673828125
3231113,41.015625
3231226,38.63525390625
3231280,48.88916015625
3244388,43.212890625
3247399,45.8984375
3247498,34.66796875
3247541,39.97802734375
3247701,45.7763671875
3251963,43.39599609375
3252148,37.65869140625
3252234,36.9873046875
3252278,46.0205078125
3270755,34.912109375
3270905,45.71533203125
3270972,41.44287109375
3271000,41.56494140625
3273573,37.9638671875
3276850,39.24560546875
3276946,46.9970703125
3278047,41.1376953125
3293713,42.724609375
3296088,39.97802734375
3296172,48.27880859375
3300190,47.9736328125
3300341,36.62109375
3300439,37.4755859375
3301813,41.259765625
3317317,50.72021484375
3317427,46.142578125
3330629,41.80908203125
3332293,41.748046875
3332370,38.4521484375
3332414,38.75732421875
3332537,51.1474609375
3332552,36.376953125
3336066,43.8232421875
3336144,42.1142578125
3336244,34.72900390625
3357018,36.80419921875
3357424,43.15185546875
3357595,38.6962890625
3357608,45.41015625
3359882,34.97314453125
3377116,39.97802734375
3377310,52.490234375
3377510,40.58837890625
3378973,35.21728515625
3379765,34.36279296875
3395450,35.2783203125
3395590,43.8232421875
3395707,35.09521484375
3395762,45.47119140625
3396042,35.58349609375
3398059,50.84228515625
3398329,35.82763671875
3404038,49.74365234375
3404100,41.015625
3404141,42.90771484375
3404348,43.8232421875
3404792,34.66796875
3422693,34.66796875
3422835,39.00146484375
3422868,38.02490234375
3422894,35.5224609375
3422904,46.0205078125
3422980,34.36279296875
3423181,46.81396484375
3425137,35.70556640625
3426441,48.095703125
3426639,36.0107421875
3427060,42.66357421875
3443980,46.9970703125
3444085,49.25537109375
3446325,34.97314453125
3446556,39.73388671875
3447880,34.72900390625
3448034,48.40087890625
3450199,38.14697265625
3451075,40.34423828125
3451145,41.6259765625
3451343,38.14697265625
3451461,36.7431640625
3467656,43.9453125
3467840,35.94970703125
3469576,35.21728515625
3469598,34.85107421875
3484889,38.6962890625
3484983,42.8466796875
3485047,37.7197265625
3485078,49.62158203125
3485496,38.26904296875
3486957,43.39599609375
3490374,43.27392578125
3490388,36.2548828125
3490599,38.02490234375
3490735,35.82763671875
3490814,39.6728515625
3495560,52.001953125
3495844,43.88427734375
3496021,38.330078125
3496163,34.3017578125
3498496,35.7666015625
3510294,35.94970703125
3510356,38.26904296875
3510413,41.56494140625
3510615,42.6025390625
3510845,37.78076171875
3514387,44.86083984375
3514458,37.29248046875
3514504,39.73388671875
3514568,51.33056640625
3517334,53.16162109375
3523047,43.64013671875
3523344,41.3818359375
3523408,43.15185546875
3527864,38.87939453125
3528062,40.34423828125
3528142,36.376953125
3528164,36.80419921875
3528293,44.5556640625
3528719,36.1328125
3528859,49.62158203125
3529064,38.0859375
3540264,41.19873046875
3540383,58.41064453125
3540819,48.64501953125
3555632,45.8984375
3555752,35.2783203125
3555800,38.02490234375
3555818,40.6494140625
3555872,51.57470703125
3555918,39.48974609375
3573345,36.1328125
3573438,42.05322265625
3573451,34.3017578125
3573544,36.1328125
3573562,58.59375
3578166,37.2314453125
3578303,36.62109375
3578490,40.10009765625
3578968,51.26953125
3579100,36.68212890625
3579269,37.353515625
3579382,36.376953125
3579640,35.15625
3583036,34.5458984375
3583088,35.7666015625
3583106,49.072265625
3583124,36.1328125
3583233,36.31591796875
3596295,36.19384765625
3596379,42.8466796875
3596393,45.71533203125
3596511,45.95947265625
3599263,40.0390625
3609626,36.19384765625
3609762,35.2783203125
3609830,44.677734375
3609898,36.68212890625
3623173,38.87939453125
3623303,53.64990234375
3623410,39.61181640625
3623451,39.36767578125
3623477,38.51318359375
3623557,35.0341796875
3627352,37.78076171875
3627553,36.2548828125
3629674,39.73388671875
3630028,39.00146484375
3630729,38.0859375
3631080,37.53662109375
3631246,34.5458984375
3644971,37.841796875
3645064,37.04833984375
3648388,36.0107421875
3648472,59.2041015625
3648530,36.56005859375
3662155,41.19873046875
3662399,39.36767578125
3662474,43.8232421875
3662760,38.0859375
3674938,41.68701171875
3675059,44.0673828125
3675075,36.0107421875
3675423,35.400390625
3675467,34.85107421875
3676691,37.353515625
3689484,45.2880859375
3689815,34.85107421875
3689913,34.97314453125
3693664,35.58349609375
3693737,44.12841796875
3693757,37.17041015625
3696206,35.64453125
3696519,42.6025390625
3697006,35.21728515625
3697692,36.80419921875
3697849,35.2783203125
3697899,36.43798828125
3713798,47.42431640625
3714002,40.71044921875
3714021,46.630859375
3714601,38.26904296875
3728939,44.86083984375
3729007,41.748046875
3729537,40.8935546875
3729917,43.5791015625
3732204,39.97802734375
3732291,53.466796875
3732377,36.68212890625
3745766,73.2421875
3745838,46.142578125
3746071,62.744140625
3746166,48.27880859375
3746179,43.27392578125
3746290,48.095703125
3746353,41.56494140625
3746365,36.1328125
3746780,54.443359375
3748521,39.306640625
3750230,36.68212890625
3751663,36.56005859375
3751720,36.4990234375
3751751,39.1845703125
3751794,40.71044921875
3751853,34.60693359375
3765671,37.53662109375
3765784,40.771484375
3765811,46.08154296875
3765852,36.4990234375
3766185,39.1845703125
3766586,39.48974609375
3766862,38.87939453125
3771488,44.61669921875
3771592,36.7431640625
3771652,38.818359375
3771716,40.95458984375
3786727,35.64453125
3786790,41.259765625
3786873,39.85595703125
3786962,37.841796875
3786996,35.09521484375
3787530,37.04833984375
3787761,34.5458984375
3787784,37.353515625
3788245,34.36279296875
3788353,34.3017578125
3791050,41.68701171875
3791062,38.9404296875
3791168,37.2314453125
3802871,38.4521484375
3802982,39.00146484375
3803133,37.109375
3803191,45.47119140625
3803240,36.31591796875
3804774,37.41455078125
3808164,34.85107421875
3808531,43.76220703125
3808693,35.5224609375
3819690,36.2548828125
3820053,41.68701171875
3820196,43.701171875
3820647,35.70556640625
3821234,34.48486328125
3822072,38.63525390625
3836931,43.8232421875
3837031,54.87060546875
3837111,35.15625
3837142,46.81396484375
3837152,34.423828125
3838476,36.19384765625
3840493,46.5087890625
3840559,44.3115234375
3840575,34.85107421875
3840600,70.1904296875
3840688,36.2548828125
3855968,38.9404296875
3856085,36.7431640625
3856591,50.048828125
3858758,41.07666015625
3859508,44.98291015625
3859553,44.98291015625
3874968,39.85595703125
3875114,38.87939453125
3875958,35.70556640625
3880582,43.212890625
3880635,34.48486328125
3880677,63.65966796875
3880809,36.4990234375
3894339,35.33935546875
3894411,34.7900390625
3894456,35.21728515625
3894555,41.07666015625
3895679,35.21728515625
3896679,42.724609375
3896942,41.56494140625
3897048,39.85595703125
3901058,40.46630859375
3901485,37.41455078125
3914843,35.70556640625
3914903,43.51806640625
3914956,35.7666015625
3915776,35.09521484375
3915891,38.63525390625
3917113,44.0673828125
3920036,36.4990234375
3933123,39.24560546875
3933234,37.78076171875
3933547,40.1611328125
3934357,54.19921875
3934559,36.7431640625
3935610,39.6728515625
3935660,43.212890625
3949925,36.9873046875
3949998,35.46142578125
3950788,43.15185546875
3950950,41.93115234375
3951379,35.0341796875
3952096,36.80419921875
3952165,36.376953125
3952207,50.1708984375
3955246,36.865234375
3957681,37.65869140625
3972538,39.12353515625
3972625,35.15625
3973656,36.31591796875
3977207,39.36767578125
3991394,46.142578125
3991522,37.04833984375
3992935,38.14697265625
3993462,36.43798828125
3994066,40.1611328125
4002034,39.55078125
4002085,34.60693359375
4002159,54.6875
4002190,41.80908203125
4002270,35.0341796875
4005861,39.55078125
4006209,35.21728515625
4006224,39.61181640625
4006261,43.27392578125
4020898,35.7666015625
4020993,41.44287109375
4022320,39.24560546875
4022644,48.9501953125
4022733,42.6025390625
4022906,39.306640625
4027556,41.50390625
4027615,38.2080078125
4027679,57.9833984375
4027729,38.818359375
4044025,50.35400390625
4044232,43.51806640625
4045648,44.12841796875
4045973,50.9033203125
4046000,37.78076171875
4060852,35.46142578125
4060919,39.0625
4061004,36.80419921875
4061131,36.4990234375
4063255,43.9453125
4063568,41.68701171875
4063861,34.5458984375
4063899,40.10009765625
4081098,37.78076171875
4081171,40.0390625
4081233,36.31591796875
4081299,45.83740234375
4081407,39.24560546875
4084190,36.7431640625
4085739,45.95947265625
4085789,35.70556640625
4085808,49.560546875
4085855,36.92626953125
4102432,50.35400390625
4102567,43.3349609375
4102581,36.07177734375
4102756,34.36279296875
4104457,35.58349609375
4104582,34.48486328125
4105192,37.17041015625
4107444,38.9404296875
4108005,42.78564453125
4108961,37.65869140625
4109167,38.87939453125
4109271,39.85595703125
4125831,64.8193359375
4126200,36.62109375
4126258,35.21728515625
4126323,34.36279296875
4140354,47.119140625
4140416,42.78564453125
4155223,44.5556640625
4155296,36.865234375
4155390,46.38671875
4155453,34.423828125
4155621,43.8232421875
4158980,37.90283203125
4159087,35.33935546875
4159163,40.4052734375
4161082,40.22216796875
4182208,39.1845703125
4182293,34.66796875
4183031,37.41455078125
4183401,38.0859375
4184329,43.64013671875
4205067,41.259765625
4206238,37.90283203125
4206599,35.2783203125
4206901,35.46142578125
4207234,34.66796875
4211092,38.9404296875
4211331,37.4755859375
4211511,35.15625
4211599,43.39599609375
4211715,34.5458984375
4211926,34.66796875
4233004,38.818359375
4234389,35.09521484375
4234491,35.33935546875
4234581,35.46142578125
4234605,55.96923828125
4234638,43.88427734375
4234686,35.0341796875
4253166,38.4521484375
4253349,52.18505859375
4254737,44.3115234375
4254804,35.70556640625
4254857,35.64453125
4273946,40.22216796875
4273998,40.4052734375
4274087,39.794921875
4274122,42.3583984375
4292451,50.96435546875
4293554,34.423828125
4293585,42.78564453125
4293615,37.04833984375
4293694,34.423828125
4307547,37.90283203125
4307576,36.1328125
4323407,35.2783203125
4324661,44.49462890625
4324801,39.55078125
4324838,50.9033203125
4325374,42.41943359375
4325414,41.6259765625
4344033,48.2177734375
4344156,42.6025390625
4363555,35.888671875
4363635,58.28857421875
4364990,48.828125
4365060,42.96875
4365078,50.537109375
4365090,41.748046875
4383939,45.5322265625
4384146,34.72900390625
4385218,34.7900390625
4385337,43.15185546875
4385355,37.78076171875
4402694,42.17529296875
4403779,35.33935546875
4403863,37.41455078125
4403981,34.423828125
4404764,38.57421875
4408241,47.4853515625
4408298,34.36279296875
4408350,35.82763671875
4408379,61.5234375
4408389,47.30224609375
4408425,40.6494140625
4408459,50.78125
4408554,49.98779296875
4408585,35.09521484375
4413327,35.2783203125
4413426,42.41943359375
4413497,45.7763671875
4413569,36.56005859375
4427171,38.26904296875
4427240,38.26904296875
4427260,49.37744140625
4427313,38.57421875
4427343,39.61181640625
4427361,52.30712890625
4427436,36.376953125
4439031,37.65869140625
4439110,35.70556640625
4439124,34.423828125
4439180,41.07666015625
4439232,51.26953125
4439313,55.35888671875
4439395,34.85107421875
4439449,43.45703125
4448191,37.41455078125
4448261,45.41015625
4448307,38.87939453125
4448441,43.8232421875
4448462,55.17578125
4448538,42.41943359375
4448624,46.630859375
4457207,38.26904296875
4457273,46.2646484375
4457305,37.53662109375
4457333,48.27880859375
4457403,53.8330078125
4457453,37.41455078125
4457490,54.74853515625
4457562,35.400390625
4457581,39.306640625
4465342,40.46630859375
4465409,38.0859375
4465433,37.841796875
4465464,57.373046875
4465534,37.7197265625
4465615,41.3818359375
4465754,44.3115234375
4465779,37.90283203125
4473285,41.44287109375
4473543,40.95458984375
4473569,56.70166015625
4473664,39.4287109375
4473731,34.5458984375
4480507,46.38671875
4480583,35.0341796875
4480630,36.376953125
4480667,34.97314453125
4480711,37.65869140625
4480789,65.97900390625
4487644,56.33544921875
4487701,35.58349609375
4487756,41.80908203125
4487820,45.95947265625
4487845,41.07666015625
4487926,60.24169921875
4487973,34.36279296875
4488048,40.52734375
4491841,35.09521484375
4491931,35.888671875
4492101,45.8984375
4492289,37.841796875
4492361,36.43798828125
4492469,38.87939453125
4492499,36.0107421875
4499122,36.56005859375
4499144,41.015625
4499256,53.28369140625
4499417,45.59326171875
4499439,46.630859375
4506529,37.04833984375
4506625,37.90283203125
4506689,37.109375
4506755,64.453125
4506807,37.90283203125
4506840,50.4150390625
4506933,45.71533203125
4511820,37.4755859375
4511885,35.888671875
4512041,44.921875
4512120,36.56005859375
4519349,50.4150390625
4519373,35.21728515625
4519429,36.43798828125
4519497,65.24658203125
4519601,52.490234375
4519723,46.93603515625
4527746,38.39111328125
4527814,35.15625
4527835,61.4013671875
4527863,36.56005859375
4527927,39.36767578125
4527959,61.46240234375
4527971,37.17041015625
4528068,44.677734375
4528193,35.46142578125
4528911,34.7900390625
4536417,38.26904296875
4536554,36.80419921875
4536605,38.63525390625
4536639,40.95458984375
4536708,46.56982421875
4537512,41.015625
4545125,37.29248046875
4545160,34.7900390625
4545211,34.7900390625
4545262,42.78564453125
4545272,39.85595703125
4545299,36.2548828125
4545314,61.09619140625
4545415,52.18505859375
4545514,34.912109375
4545600,37.2314453125
4546545,34.48486328125
4554435,41.07666015625
4554488,43.3349609375
4554525,38.51318359375
4554543,37.9638671875
4554581,34.66796875
4554609,41.19873046875
4554703,53.64990234375
4555703,40.283203125
4555878,36.92626953125
4564572,47.30224609375
4564609,40.22216796875
4564645,38.75732421875
4564675,38.57421875
4564723,54.50439453125
4564781,35.70556640625
4564811,54.3212890625
4564936,40.0390625
4575165,37.04833984375
4575220,45.166015625
4575277,35.09521484375
4575338,48.9501953125
4575434,39.97802734375
4575540,46.32568359375
4576619,46.5087890625
4586945,39.0625
4587001,35.2783203125
4587011,37.353515625
4587030,44.0673828125
4587156,52.79541015625
4587245,44.677734375
4587341,40.34423828125
4599950,35.82763671875
4599990,38.2080078125
4600014,49.98779296875
4600071,35.7666015625
4600103,63.29345703125
4600195,41.748046875
4600366,34.36279296875
4601544,36.43798828125
4604112,37.841796875
4615404,43.9453125
4615445,35.15625
4615475,37.353515625
4615518,51.6357421875
4615554,72.81494140625
4615629,42.1142578125
4615704,38.2080078125
4617511,36.56005859375
4619435,35.15625
4632100,34.66796875
4632139,39.12353515625
4632158,46.38671875
4632191,40.58837890625
4632223,35.0341796875
4632237,78.2470703125
4632322,65.91796875
4632496,40.46630859375
4634687,37.41455078125
4636431,41.32080078125
4636618,41.19873046875
4637064,35.64453125
4637325,37.2314453125
4637391,40.771484375
4651523,39.0625
4651563,38.330078125
4651592,36.376953125
4651622,38.26904296875
4651678,41.015625
4651698,36.865234375
4651758,37.353515625
4651836,42.48046875
4656987,43.51806640625
4674420,55.96923828125
4674458,38.51318359375
4674473,46.0205078125
4674510,36.2548828125
4674548,34.66796875
4674577,73.18115234375
4674651,37.04833984375
4675495,34.60693359375
4679335,34.66796875
4679824,44.43359375
4680070,44.37255859375
4680164,47.2412109375
4697706,51.8798828125
4697766,35.15625
4697787,35.58349609375
4697811,45.7763671875
4697839,36.4990234375
4697857,46.875
4697917,38.26904296875
4698946,39.48974609375
4699688,37.65869140625
4700242,34.85107421875
4720851,39.97802734375
4720880,43.212890625
4720937,53.7109375
4720963,36.62109375
4720994,35.888671875
4721017,45.7763671875
4721090,37.65869140625
4721601,35.33935546875
4721885,36.68212890625
4723930,37.2314453125
4725641,38.6962890625
4741116,37.59765625
4741138,39.9169921875
4741180,37.109375
4741206,73.91357421875
4741288,58.04443359375
4741342,41.8701171875
4741370,37.41455078125
4741401,34.60693359375
4744095,37.78076171875
