4798001,0
33385,49.49951171875
33487,38.330078125
33635,36.9873046875
34007,32.65380859375
34537,24.90234375
34825,29.96826171875
35346,28.564453125
108064,50.78125
108146,36.56005859375
108228,27.9541015625
108333,28.62548828125
108461,24.90234375
108621,29.4189453125
108782,35.888671875
108967,30.1513671875
109149,20.6298828125
109369,22.52197265625
109809,21.17919921875
110037,21.66748046875
110527,24.47509765625
111142,22.15576171875
111381,21.484375
158536,39.85595703125
196525,40.771484375
216879,39.85595703125
447681,38.0859375
447754,35.82763671875
447848,25.57373046875
447994,27.64892578125
448124,29.296875
448264,25.81787109375
448424,29.47998046875
448638,29.1748046875
448802,23.5595703125
449016,25.32958984375
449314,24.71923828125
449466,21.1181640625
449643,20.8740234375
449848,20.8740234375
450262,24.0478515625
450882,23.25439453125
594758,46.08154296875
594948,40.6494140625
595270,39.0625
638354,41.56494140625
638664,38.0859375
723638,39.306640625
723751,33.99658203125
723844,27.587890625
723929,22.15576171875
724156,28.86962890625
724416,33.69140625
724617,32.470703125
724788,27.28271484375
725067,28.38134765625
725421,26.3671875
725768,25.634765625
726170,26.85546875
872457,54.0771484375
872523,31.31103515625
872582,24.35302734375
872635,30.1513671875
872773,31.79931640625
872864,20.751953125
873056,25.93994140625
873208,24.5361328125
873378,23.86474609375
873558,29.11376953125
873717,21.78955078125
874136,20.56884765625
874326,24.5361328125
907295,37.109375
941656,43.76220703125
941766,37.9638671875
941990,38.51318359375
942188,24.7802734375
958836,22.76611328125
958875,39.61181640625
958899,20.5078125
959029,38.330078125
959233,32.04345703125
975577,35.888671875
989877,20.99609375
989902,35.400390625
990122,42.8466796875
1003950,21.484375
1003977,41.748046875
1004163,32.3486328125
1004406,36.62109375
1014795,32.3486328125
1024611,22.216796875
1024671,45.0439453125
1024854,35.2783203125
1034886,39.1845703125
1045660,38.87939453125
1045801,35.5224609375
1045964,22.705078125
1056575,43.5791015625
1064757,37.9638671875
1072826,39.6728515625
1082519,39.97802734375
1092093,39.61181640625
1101322,21.6064453125
1101438,38.39111328125
1101705,25.93994140625
1144788,48.76708984375
1145117,42.1142578125
1169191,37.53662109375
1182626,40.95458984375
1196895,21.728515625
1196919,43.64013671875
1212615,42.05322265625
1230664,45.654296875
1254781,43.64013671875
1283886,46.7529296875
1311778,46.08154296875
1344569,38.2080078125
1526972,44.7998046875
1527487,42.3583984375
1646168,39.55078125
1646767,42.17529296875
1729965,45.41015625
1920436,41.32080078125
1920539,40.0390625
1920616,23.8037109375
1920737,24.71923828125
1920912,27.89306640625
1921177,26.9775390625
1921317,21.78955078125
1921639,25.81787109375
1921951,30.029296875
1922201,26.9775390625
1922481,23.74267578125
1922760,23.4375
1923066,22.03369140625
1923371,24.47509765625
1924196,24.23095703125
2064568,48.4619140625
2170843,46.69189453125
2170908,34.66796875
2170995,29.541015625
2171106,36.19384765625
2171320,30.6396484375
2171524,31.55517578125
2171875,29.60205078125
2172121,27.40478515625
2172394,25.146484375
2172774,30.70068359375
2173097,28.1982421875
2173554,25.7568359375
2227451,46.93603515625
2332186,38.4521484375
2332519,42.78564453125
2333277,23.3154296875
2348266,39.306640625
2348396,34.7900390625
2348502,27.64892578125
2348847,31.31103515625
2370458,41.015625
2370544,29.47998046875
2370622,28.9306640625
2370780,30.6396484375
2370950,27.34375
2371193,28.9306640625
2371501,27.9541015625
2371781,29.11376953125
2372099,25.93994140625
2372417,27.40478515625
2372881,26.18408203125
2461493,51.69677734375
2461645,40.46630859375
2678141,49.31640625
2678219,33.3251953125
2678320,27.28271484375
2678502,36.865234375
2678671,30.517578125
2678846,30.70068359375
2679111,35.888671875
2752917,20.99609375
2752929,35.33935546875
2753033,27.28271484375
2753135,24.0478515625
2753249,27.03857421875
2753457,24.4140625
2753669,30.70068359375
2754309,27.4658203125
2789150,39.97802734375
2806300,20.751953125
2806340,38.63525390625
2806522,41.56494140625
2806759,38.51318359375
2823940,45.59326171875
2824044,29.4189453125
2824304,34.60693359375
2824348,21.1181640625
2824450,26.67236328125
2824671,28.6865234375
2825057,24.59716796875
2844928,39.00146484375
2845271,41.015625
2862758,40.771484375
2862917,33.5693359375
2863079,31.982421875
2863680,27.89306640625
2879248,46.08154296875
2879429,42.05322265625
2879626,38.57421875
2891439,22.0947265625
2891611,39.48974609375
2891975,35.09521484375
2901153,33.75244140625
2910928,38.818359375
2911132,37.04833984375
2921151,45.8984375
2921171,24.23095703125
2921212,22.03369140625
2932593,23.62060546875
2932667,37.109375
2944007,40.10009765625
2963511,22.15576171875
2974037,43.0908203125
2999474,22.8271484375
2999727,44.677734375
2999954,34.24072265625
3034591,51.69677734375
3047624,40.22216796875
3077107,22.3388671875
3091635,39.4287109375
3139764,45.59326171875
3204653,52.490234375
3225258,44.5556640625
3246188,40.22216796875
3333068,40.71044921875
3334288,45.95947265625
3379734,43.3349609375
3441297,43.76220703125
3626353,43.0908203125
3626438,39.24560546875
3626518,30.1513671875
3626676,36.7431640625
3626839,34.11865234375
3627108,31.31103515625
3627271,24.5361328125
3627568,31.25
3628145,35.0341796875
3628522,32.77587890625
3680176,47.2412109375
3680566,47.7294921875
3780293,43.15185546875
3780379,33.99658203125
3780468,22.5830078125
3780668,31.55517578125
3780820,30.94482421875
3781020,28.01513671875
3781234,30.1513671875
3781501,26.18408203125
3781739,24.2919921875
3782242,26.18408203125
3782590,28.564453125
3783265,23.01025390625
3813519,39.0625
3941341,50.537109375
4009732,41.50390625
4019237,43.9453125
4019508,39.1845703125
4033717,48.64501953125
4033847,36.4990234375
4034169,34.423828125
4098960,48.40087890625
4113063,34.7900390625
4113152,39.1845703125
4113239,22.64404296875
4113361,30.09033203125
4113462,22.52197265625
4113599,24.84130859375
4113790,26.123046875
4113906,28.74755859375
4114141,21.8505859375
4114406,29.9072265625
4114755,22.216796875
4114981,24.5361328125
4115178,23.98681640625
4115504,21.30126953125
4115892,25.93994140625
4184515,46.44775390625
4184579,21.30126953125
4184618,43.45703125
4184630,21.91162109375
4184720,27.587890625
4184918,31.92138671875
4185160,31.79931640625
4250135,35.94970703125
4250222,34.60693359375
4250289,27.099609375
4250425,28.38134765625
4250596,23.8037109375
4250730,21.42333984375
4250850,21.17919921875
4251038,26.06201171875
4251230,28.4423828125
4251461,22.15576171875
4251718,25.2685546875
4251920,20.751953125
4252149,21.66748046875
4273403,36.9873046875
4276706,31.43310546875
4278451,31.43310546875
4288123,38.63525390625
4288190,24.59716796875
4288355,24.90234375
4288573,29.6630859375
4288812,27.099609375
4289169,21.30126953125
4299340,36.68212890625
4299560,31.31103515625
4299919,29.60205078125
4318373,38.2080078125
4332905,51.025390625
4333148,41.32080078125
4349740,44.98291015625
4349888,32.89794921875
4350191,32.3486328125
4367547,32.89794921875
4367557,21.17919921875
4367859,37.59765625
4388236,35.70556640625
4388485,38.818359375
4402022,41.015625
4414416,39.55078125
4424443,42.29736328125
4433295,42.66357421875
4462376,48.03466796875
4491117,20.99609375
4537509,37.90283203125
4756567,44.61669921875
