4798401,0
905,43.212890625
1151,45.95947265625
1163,60.97412109375
1197,45.654296875
1222,45.8984375
1245,50.23193359375
1272,57.12890625
1291,55.2978515625
1342,41.748046875
1373,51.81884765625
1410,87.646484375
1425,57.9833984375
1606,54.19921875
18179,44.0673828125
22685,42.05322265625
23500,43.51806640625
23580,42.8466796875
23615,42.29736328125
23635,44.49462890625
23687,42.8466796875
23723,77.45361328125
23781,47.2412109375
23867,43.8232421875
23921,81.4208984375
24118,41.56494140625
35386,44.43359375
41478,47.54638671875
43443,43.5791015625
46581,43.39599609375
49380,46.20361328125
49500,74.15771484375
49533,52.1240234375
49581,67.44384765625
49648,50.72021484375
49781,46.630859375
49910,49.1943359375
61971,43.45703125
65841,43.64013671875
67344,41.9921875
69407,49.86572265625
71900,46.44775390625
73393,42.54150390625
75202,43.02978515625
77207,42.05322265625
79335,46.0205078125
82420,46.630859375
88150,45.2880859375
90345,44.61669921875
92705,43.5791015625
93632,43.5791015625
96163,43.88427734375
98645,42.29736328125
102443,43.64013671875
104681,41.6259765625
104878,42.90771484375
106988,46.630859375
107056,43.9453125
107279,47.7294921875
107567,44.00634765625
107728,41.68701171875
108184,41.68701171875
116239,43.02978515625
119969,52.91748046875
121565,43.3349609375
122212,46.875
126239,42.78564453125
134000,45.47119140625
139581,42.48046875
144863,41.748046875
148205,53.5888671875
153273,44.86083984375
153807,43.212890625
157350,42.66357421875
163643,43.76220703125
168274,42.48046875
175601,42.17529296875
176832,42.54150390625
181516,43.39599609375
192427,44.49462890625
197879,43.64013671875
200271,42.3583984375
202122,41.80908203125
206496,41.80908203125
206926,46.38671875
207806,51.20849609375
209379,43.27392578125
218727,42.29736328125
222295,42.8466796875
225810,41.748046875
227854,48.2177734375
228954,42.29736328125
232248,43.3349609375
233283,43.45703125
235898,42.3583984375
240371,43.76220703125
243022,52.55126953125
243122,46.08154296875
246445,46.7529296875
249668,44.43359375
251260,42.54150390625
252435,43.0908203125
256550,43.39599609375
271290,43.39599609375
274712,42.29736328125
275105,46.44775390625
276984,46.56982421875
279582,43.3349609375
281173,42.6025390625
284333,42.1142578125
286232,41.8701171875
289955,44.12841796875
293953,50.1708984375
295574,45.41015625
298380,59.14306640625
298474,46.32568359375
302070,48.40087890625
302218,45.166015625
302465,44.61669921875
305690,43.45703125
305801,45.22705078125
306783,50.84228515625
311209,41.8701171875
312003,53.52783203125
315305,43.5791015625
318592,43.8232421875
318778,43.76220703125
330384,44.49462890625
333025,44.7998046875
333548,47.54638671875
343446,44.43359375
344596,42.05322265625
349837,46.81396484375
355414,43.76220703125
360643,44.49462890625
360966,43.64013671875
362388,46.38671875
362435,44.37255859375
362504,43.0908203125
362675,45.34912109375
362704,42.96875
363049,45.10498046875
365386,42.724609375
370076,44.43359375
375268,53.8330078125
375786,54.01611328125
380749,55.11474609375
381283,60.36376953125
387414,43.02978515625
395041,50.35400390625
398185,42.54150390625
402772,43.39599609375
406067,42.48046875
407391,44.189453125
409239,41.80908203125
411580,42.05322265625
412975,41.748046875
415962,61.70654296875
416035,43.88427734375
416185,50.96435546875
416222,44.49462890625
416456,49.560546875
418434,47.8515625
418715,43.39599609375
419110,45.22705078125
422308,53.955078125
423038,53.955078125
424590,44.0673828125
424784,42.236328125
426053,41.50390625
426687,56.45751953125
430969,43.51806640625
431338,54.50439453125
431624,45.5322265625
432308,48.27880859375
434257,44.0673828125
439273,53.52783203125
439657,51.94091796875
440792,49.01123046875
445092,51.6357421875
457209,46.7529296875
458544,42.66357421875
468441,43.9453125
471072,60.05859375
472269,43.15185546875
472338,43.39599609375
473736,43.5791015625
475460,43.02978515625
476678,67.56591796875
476718,49.072265625
476783,43.27392578125
476878,55.419921875
477035,69.7021484375
477049,42.17529296875
479244,42.05322265625
479724,46.9970703125
480389,60.302734375
482807,50.9033203125
483057,43.0908203125
485828,41.80908203125
486184,47.9736328125
487765,45.654296875
488053,48.4619140625
491916,50.6591796875
492367,67.07763671875
492675,43.45703125
493000,48.64501953125
493037,42.54150390625
493450,52.18505859375
498239,42.54150390625
498296,49.4384765625
498445,45.95947265625
498829,43.15185546875
498881,44.0673828125
498928,43.15185546875
499292,41.50390625
505586,63.5986328125
505606,45.10498046875
505755,49.98779296875
505872,42.05322265625
514579,43.3349609375
518947,45.22705078125
520038,41.8701171875
527284,42.54150390625
532201,45.47119140625
540343,59.87548828125
540429,45.22705078125
540454,43.0908203125
540547,42.90771484375
540601,42.1142578125
540659,41.6259765625
540680,43.701171875
542026,41.50390625
542056,42.96875
542313,43.212890625
544088,41.68701171875
544234,48.76708984375
547791,59.9365234375
549513,43.76220703125
549566,45.10498046875
550599,43.15185546875
551209,41.56494140625
551568,47.42431640625
553406,49.6826171875
553705,70.12939453125
555041,45.0439453125
555578,46.875
556483,49.74365234375
557337,51.7578125
559220,65.0634765625
562141,42.54150390625
569014,48.583984375
569752,43.27392578125
571624,42.48046875
571720,49.072265625
579377,46.93603515625
582015,42.05322265625
583946,44.7998046875
591095,62.19482421875
591169,46.0205078125
591187,42.724609375
591249,44.677734375
591347,47.9736328125
591359,42.66357421875
591601,46.32568359375
592445,49.1943359375
593647,64.14794921875
594352,56.2744140625
594879,44.12841796875
595277,48.15673828125
595751,52.79541015625
596031,43.45703125
598726,44.12841796875
598828,50.84228515625
599410,45.41015625
600040,47.119140625
600717,50.537109375
602924,53.16162109375
603451,47.79052734375
604739,41.748046875
606667,44.00634765625
606841,51.26953125
607142,53.77197265625
607738,43.212890625
609763,44.12841796875
611260,44.49462890625
612326,47.607421875
614662,46.630859375
617440,44.37255859375
617510,48.64501953125
618429,44.12841796875
619981,46.630859375
620533,41.93115234375
621066,58.53271484375
635188,47.54638671875
635896,44.677734375
640245,44.43359375
641038,44.921875
642007,48.095703125
643684,49.1943359375
644880,42.724609375
646947,42.8466796875
648694,44.12841796875
656738,42.3583984375
663628,41.50390625
666758,46.32568359375
671248,48.03466796875
672787,49.49951171875
674290,42.236328125
674621,41.50390625
675602,47.05810546875
675618,60.72998046875
675697,46.630859375
675858,62.744140625
676493,49.9267578125
676819,62.6220703125
677837,42.48046875
678350,41.8701171875
679130,42.90771484375
680495,46.93603515625
680866,51.025390625
681289,50.35400390625
684079,48.03466796875
685247,43.9453125
685413,46.0205078125
685676,45.166015625
685708,42.3583984375
686562,50.72021484375
687868,41.56494140625
687926,46.56982421875
688522,41.8701171875
689095,45.10498046875
692167,42.90771484375
692816,42.66357421875
706685,45.8984375
707760,41.8701171875
708333,42.66357421875
709700,42.54150390625
711172,43.15185546875
715165,43.64013671875
715733,42.17529296875
720505,43.27392578125
721802,41.93115234375
725206,52.001953125
728013,42.8466796875
734905,41.50390625
735166,45.47119140625
749626,46.81396484375
750043,44.0673828125
751644,45.95947265625
752424,51.69677734375
752507,60.9130859375
752556,54.62646484375
752572,56.396484375
752735,42.3583984375
752809,42.90771484375
753236,41.93115234375
753285,55.60302734375
753522,50.9033203125
754171,42.90771484375
756201,45.22705078125
756401,41.6259765625
756631,48.7060546875
757232,42.1142578125
757348,42.66357421875
757743,49.25537109375
758193,45.83740234375
758570,42.90771484375
759783,51.513671875
760420,47.66845703125
760615,43.15185546875
761343,46.38671875
764217,43.76220703125
765058,45.71533203125
765406,46.142578125
767193,48.9501953125
768249,51.3916015625
778203,43.76220703125
783932,42.54150390625
784692,43.76220703125
786098,41.748046875
786309,44.189453125
787748,42.236328125
788141,44.25048828125
803697,41.80908203125
805643,41.8701171875
807130,51.08642578125
809878,43.27392578125
811491,41.6259765625
813009,44.3115234375
818232,44.921875
818555,48.2177734375
820393,47.7294921875
821113,41.93115234375
821221,65.0634765625
821412,48.27880859375
821702,51.7578125
821860,42.6025390625
822084,44.189453125
822860,44.7998046875
825565,77.63671875
825714,42.236328125
825864,43.15185546875
826850,52.1240234375
827285,44.5556640625
828616,44.00634765625
830494,46.93603515625
831087,45.95947265625
833827,49.01123046875
839152,47.8515625
839594,42.29736328125
840155,47.54638671875
840455,46.08154296875
844056,42.48046875
850005,46.32568359375
851918,42.96875
853983,43.39599609375
862211,44.43359375
863578,49.9267578125
863814,45.8984375
865312,41.50390625
868172,43.76220703125
873471,45.2880859375
874830,43.8232421875
880798,42.41943359375
882675,46.5087890625
883143,42.17529296875
885648,42.3583984375
888063,43.64013671875
888344,47.9736328125
888393,52.79541015625
888641,46.875
889535,57.2509765625
889688,45.5322265625
891999,46.38671875
892939,54.19921875
893733,45.34912109375
895790,53.16162109375
895803,44.25048828125
899873,45.166015625
900151,43.3349609375
901446,52.490234375
901628,44.37255859375
901995,42.6025390625
903743,41.9921875
908146,43.76220703125
914533,43.8232421875
914652,42.54150390625
915144,47.05810546875
915361,42.1142578125
915738,42.29736328125
915765,45.59326171875
918296,42.05322265625
919004,51.81884765625
919156,49.31640625
919328,48.828125
919535,48.583984375
919694,43.02978515625
929038,45.95947265625
929461,41.56494140625
931336,41.68701171875
931487,44.49462890625
938160,43.15185546875
941316,42.6025390625
942150,42.8466796875
946453,45.22705078125
948125,44.3115234375
948483,43.9453125
951726,41.80908203125
958330,42.29736328125
960033,43.39599609375
963272,42.96875
964828,45.22705078125
967683,43.76220703125
968795,44.7998046875
968912,42.3583984375
969041,66.10107421875
969207,59.75341796875
969789,42.05322265625
970194,41.50390625
970624,42.90771484375
971851,41.56494140625
972739,45.59326171875
973738,43.5791015625
974391,45.5322265625
974615,43.39599609375
974963,42.48046875
975003,46.875
975047,62.31689453125
975267,43.3349609375
976334,42.8466796875
978083,44.98291015625
978775,43.88427734375
983396,42.66357421875
993674,44.12841796875
996868,49.6826171875
997646,41.50390625
1004017,41.6259765625
1004940,41.68701171875
1005859,42.90771484375
1008987,42.41943359375
1013399,43.5791015625
1015305,41.748046875
1017519,47.42431640625
1019247,43.02978515625
1019441,43.76220703125
1019486,54.87060546875
1019502,44.86083984375
1019531,52.8564453125
1019642,49.560546875
1019683,43.701171875
1019745,50.23193359375
1021096,43.5791015625
1022846,45.5322265625
1022930,41.56494140625
1023067,52.001953125
1028964,45.5322265625
1029103,41.50390625
1029410,43.88427734375
1029674,42.41943359375
1029718,41.93115234375
1029756,54.443359375
1030047,45.8984375
1030447,42.29736328125
1039078,42.17529296875
1042436,41.748046875
1044032,42.96875
1045774,42.96875
1049333,42.48046875
1050728,41.93115234375
1051202,43.64013671875
1054554,42.1142578125
1056715,42.05322265625
1059857,43.212890625
1059894,54.3212890625
1059931,50.29296875
1059959,43.0908203125
1059989,52.55126953125
1060121,58.28857421875
1060316,43.39599609375
1061033,41.50390625
1062747,44.86083984375
1063774,41.93115234375
1063804,47.05810546875
1063824,42.1142578125
1063863,47.30224609375
1065856,48.76708984375
1066374,42.1142578125
1066545,47.54638671875
1068036,42.05322265625
1068886,45.47119140625
1072025,47.05810546875
1072630,54.62646484375
1073208,41.9921875
1075541,43.27392578125
1077201,44.7998046875
1077814,43.8232421875
1078227,42.78564453125
1078475,47.54638671875
1080344,41.68701171875
1082500,44.921875
1083341,48.52294921875
1096535,42.54150390625
1099210,43.02978515625
1102081,44.00634765625
1102497,41.6259765625
1112365,43.64013671875
1121273,47.79052734375
1125260,41.50390625
1128619,45.22705078125
1129077,42.3583984375
1132862,42.1142578125
1133110,49.9267578125
1134401,45.47119140625
1134537,68.7255859375
1134592,62.744140625
1134784,52.55126953125
1135822,42.90771484375
1137465,50.47607421875
1137515,43.64013671875
1137536,52.79541015625
1137641,41.748046875
1137748,53.955078125
1137952,42.96875
1138448,45.22705078125
1142440,41.748046875
1142522,47.66845703125
1142538,75.74462890625
1142566,43.212890625
1142682,41.6259765625
1142705,52.30712890625
1142725,44.37255859375
1142908,44.3115234375
1150610,42.66357421875
1153084,45.71533203125
1154098,49.01123046875
1156095,44.49462890625
1156479,42.90771484375
1157463,46.69189453125
1157593,46.56982421875
1157673,52.6123046875
1157756,44.43359375
1157787,50.59814453125
1157815,64.208984375
1157871,49.49951171875
1158031,59.08203125
1173694,42.236328125
1175701,48.40087890625
1178719,42.6025390625
1180296,42.66357421875
1181693,45.83740234375
1184140,41.80908203125
1185281,57.7392578125
1185371,49.6826171875
1185591,41.6259765625
1185775,48.76708984375
1187511,43.88427734375
1188540,41.56494140625
1188669,57.67822265625
1189481,46.56982421875
1189734,43.76220703125
1189812,46.93603515625
1191160,49.01123046875
1191176,65.3076171875
1191188,45.10498046875
1191309,54.38232421875
1191436,51.7578125
1199522,49.13330078125
1201154,41.8701171875
1201179,43.0908203125
1202595,42.236328125
1203039,43.45703125
1204141,41.6259765625
1204576,42.29736328125
1207162,49.25537109375
1209486,44.7998046875
1209615,52.06298828125
1209653,78.61328125
1209792,50.6591796875
1209830,60.11962890625
1209840,41.6259765625
1209963,41.56494140625
1210952,42.90771484375
1212215,60.72998046875
1214469,43.27392578125
1214492,46.08154296875
1214569,63.65966796875
1214725,43.45703125
1217499,42.78564453125
1217531,68.54248046875
1217547,52.3681640625
1225582,41.6259765625
1225693,42.17529296875
1230669,41.9921875
1235396,43.39599609375
1235970,47.66845703125
1237015,59.326171875
1238288,42.96875
1240334,45.166015625
1243562,49.4384765625
1245984,41.93115234375
1246785,43.64013671875
1246807,45.8984375
1246886,98.57177734375
1246900,56.45751953125
1246947,59.75341796875
1246970,75.62255859375
1246989,80.810546875
1247073,44.7998046875
1247217,56.09130859375
1255817,47.2412109375
1258203,41.80908203125
1262525,43.212890625
1263279,47.36328125
1263346,44.49462890625
1263537,54.8095703125
1263625,41.56494140625
1263664,54.62646484375
1263722,57.12890625
1263759,51.7578125
1264347,44.7998046875
1265486,52.91748046875
1266015,47.54638671875
1266624,44.49462890625
1266643,49.49951171875
1266687,44.921875
1266713,50.23193359375
1268480,44.61669921875
1270700,52.24609375
1282164,42.90771484375
1283254,44.49462890625
1285566,44.73876953125
1286929,43.76220703125
1289018,46.0205078125
1289453,45.166015625
1292587,41.8701171875
1293188,44.0673828125
1296408,41.80908203125
1299154,50.4150390625
1299538,42.17529296875
1300004,43.701171875
1300103,46.2646484375
1301593,43.51806640625
1302914,62.07275390625
1302930,45.71533203125
1302951,44.7998046875
1303436,45.59326171875
1304411,72.8759765625
1304458,78.2470703125
1304486,55.419921875
1304530,52.06298828125
1304558,49.62158203125
1304685,48.15673828125
1304798,44.49462890625
1307029,56.0302734375
1308387,42.05322265625
1308701,46.630859375
1308987,43.45703125
1309952,41.68701171875
1320728,43.02978515625
1322629,44.677734375
1327337,42.54150390625
1327478,43.8232421875
1332404,41.6259765625
1340461,42.8466796875
1340522,56.09130859375
1340590,42.17529296875
1341385,43.9453125
1341631,47.119140625
1342070,48.828125
1342366,41.56494140625
1342602,44.73876953125
1343263,56.15234375
1343281,42.48046875
1345949,44.3115234375
1347238,44.49462890625
1347343,51.33056640625
1349307,42.48046875
1350187,68.4814453125
1350231,49.98779296875
1350297,45.59326171875
1350426,42.3583984375
1350467,43.8232421875
1350557,49.8046875
1350573,42.48046875
1350835,44.49462890625
1360635,45.2880859375
1361830,43.51806640625
1365110,42.66357421875
1366630,44.37255859375
1371235,42.3583984375
1371385,42.96875
1371567,41.748046875
1371600,57.31201171875
1371615,45.166015625
1371638,85.63232421875
1371671,54.01611328125
1371710,53.466796875
1371763,47.7294921875
1371817,42.724609375
1371833,54.13818359375
1375070,43.0908203125
1376217,55.7861328125
1376278,43.15185546875
1376384,41.8701171875
1376504,42.48046875
1376541,46.69189453125
1376993,43.8232421875
1378631,43.212890625
1378721,62.5
1378746,44.86083984375
1378773,58.2275390625
1378788,44.921875
1378819,59.99755859375
1378840,50.048828125
1378931,50.9033203125
1378987,67.9931640625
1379009,44.0673828125
1379179,48.7060546875
1379379,52.978515625
1379660,43.8232421875
1387802,45.7763671875
1389038,43.701171875
1389731,41.8701171875
1400503,42.3583984375
1401274,41.80908203125
1404855,42.66357421875
1405704,47.05810546875
1405761,43.701171875
1405792,63.3544921875
1405840,42.17529296875
1405854,52.1240234375
1405876,76.416015625
1405890,79.833984375
1405957,69.9462890625
1405996,46.32568359375
1406039,47.79052734375
1406071,42.8466796875
1406090,46.142578125
1406413,60.97412109375
1409868,42.48046875
1410579,48.583984375
1417458,42.6025390625
1421275,43.3349609375
1421810,42.90771484375
1423725,47.4853515625
1425709,44.43359375
1426875,41.50390625
1426921,43.15185546875
1430044,41.748046875
1431624,55.84716796875
1431702,42.96875
1431727,49.37744140625
1431748,49.98779296875
1431783,60.11962890625
1432012,46.44775390625
1432258,46.9970703125
1432872,47.607421875
1434147,54.13818359375
1434205,54.74853515625
1435966,44.37255859375
1436005,58.16650390625
1436051,53.3447265625
1436393,45.0439453125
1443615,43.15185546875
1445607,42.90771484375
1447490,45.71533203125
1455243,48.76708984375
1455280,48.52294921875
1455296,62.5
1455312,52.24609375
1455324,61.6455078125
1455357,89.9658203125
1455371,46.56982421875
1455424,45.59326171875
1455444,49.86572265625
1455503,53.1005859375
1455677,42.05322265625
1455918,42.05322265625
1456644,42.236328125
1459827,52.490234375
1460299,49.37744140625
1460516,44.86083984375
1460575,41.748046875
1460754,44.00634765625
1460901,45.8984375
1461624,43.76220703125
1462050,47.9736328125
1462442,41.93115234375
1462565,45.34912109375
1462606,72.20458984375
1462791,57.861328125
1463434,52.79541015625
1463457,48.52294921875
1463723,46.20361328125
1463774,41.50390625
1468135,44.189453125
1468184,56.884765625
1473628,41.748046875
1475370,42.3583984375
1477135,43.5791015625
1478135,56.57958984375
1478243,50.537109375
1478509,43.3349609375
1478905,44.0673828125
1478976,47.30224609375
1480303,49.62158203125
1480647,47.9736328125
1481172,42.90771484375
1486159,43.212890625
1488971,44.86083984375
1490629,44.12841796875
1491706,49.6826171875
1492155,42.96875
1493554,65.24658203125
1493628,42.29736328125
1493695,44.25048828125
1493900,44.98291015625
1493991,51.513671875
1494170,44.189453125
1494609,52.42919921875
1496013,59.87548828125
1497006,41.56494140625
1497075,42.1142578125
1497222,51.81884765625
1497357,43.88427734375
1504607,43.212890625
1505454,43.51806640625
1506265,43.701171875
1507580,41.6259765625
1508976,57.43408203125
1509211,42.29736328125
1509275,46.32568359375
1509308,65.12451171875
1509350,41.748046875
1509500,44.86083984375
1509839,42.8466796875
1510431,46.9970703125
1510508,42.54150390625
1516365,55.35888671875
1516379,45.83740234375
1516400,77.63671875
1516432,59.814453125
1516461,47.8515625
1516500,54.13818359375
1516577,58.4716796875
1516593,44.73876953125
1516656,51.1474609375
1516844,42.54150390625
1517105,45.0439453125
1517187,66.22314453125
1517367,60.302734375
1518992,42.1142578125
1521169,41.748046875
1521811,55.35888671875
1531480,49.1943359375
1531592,48.88916015625
1531678,71.22802734375
1532330,60.1806640625
1532570,42.1142578125
1532968,49.13330078125
1533786,59.50927734375
1533830,43.5791015625
1535229,51.81884765625
1535258,54.13818359375
1535674,44.7998046875
1535832,43.02978515625
1537439,47.30224609375
1537462,44.12841796875
1537490,41.6259765625
1537519,80.810546875
1537569,43.701171875
1537665,43.15185546875
1537784,51.08642578125
1537865,44.12841796875
1537998,54.443359375
1538016,55.60302734375
1538215,41.56494140625
1547900,41.56494140625
1549398,44.37255859375
1550212,45.41015625
1550409,49.98779296875
1550598,48.40087890625
1550625,45.47119140625
1550812,56.94580078125
1550831,43.39599609375
1551058,49.6826171875
1551636,42.236328125
1552519,56.57958984375
1552815,46.08154296875
1553456,44.61669921875
1553469,52.24609375
1553639,46.875
1553961,54.13818359375
1561344,43.15185546875
1562565,41.93115234375
1563461,44.12841796875
1563506,45.5322265625
1563529,78.7353515625
1563555,54.99267578125
1563576,66.89453125
1563595,47.66845703125
1563707,44.3115234375
1563717,42.3583984375
1563776,44.189453125
1563938,49.37744140625
1564098,43.15185546875
1564110,44.5556640625
1564271,42.41943359375
1564341,42.17529296875
1564599,41.748046875
1572009,41.6259765625
1573520,45.5322265625
1575056,44.189453125
1575711,44.61669921875
1575879,64.0869140625
1576649,42.41943359375
1577268,46.08154296875
1577293,53.89404296875
1577314,46.0205078125
1577739,44.49462890625
1584812,46.142578125
1586111,42.41943359375
1587453,49.1943359375
1589467,51.08642578125
1589544,43.15185546875
1589669,52.79541015625
1589712,62.6220703125
1589736,50.10986328125
1589749,72.75390625
1589760,49.072265625
1589806,78.30810546875
1589827,58.53271484375
1589840,67.56591796875
1589890,49.86572265625
1589925,45.22705078125
1590171,42.236328125
1594608,49.62158203125
1595921,46.69189453125
1595947,67.7490234375
1596000,69.88525390625
1596030,54.931640625
1596053,47.05810546875
1596115,51.7578125
1596163,42.724609375
1596193,44.12841796875
1596250,42.8466796875
1596372,50.47607421875
1596523,48.40087890625
1596644,41.8701171875
1596705,51.6357421875
1606474,44.49462890625
1608122,46.875
1608211,51.025390625
1608223,50.47607421875
1608266,41.8701171875
1608329,44.0673828125
1608352,42.29736328125
1608418,48.52294921875
1608572,49.560546875
1608910,56.15234375
1610177,41.9921875
1610256,63.720703125
1610280,52.001953125
1610311,44.43359375
1610328,66.95556640625
1610357,72.93701171875
1610389,56.82373046875
1610418,57.7392578125
1610480,57.06787109375
1610515,57.0068359375
1610596,53.28369140625
1610752,45.8984375
1610945,42.29736328125
1611168,43.88427734375
1618844,44.25048828125
1620597,45.166015625
1622780,43.39599609375
1624151,65.91796875
1624225,54.26025390625
1624358,60.546875
1624432,43.9453125
1624561,51.20849609375
1624698,46.0205078125
1624815,50.048828125
1624961,41.80908203125
1625114,42.1142578125
1627094,43.0908203125
1627222,53.3447265625
1627248,56.0302734375
1627277,48.583984375
1627565,45.654296875
1628761,44.189453125
1629026,53.1005859375
1629053,51.8798828125
1629088,49.98779296875
1629114,53.40576171875
1629247,45.7763671875
1629291,43.27392578125
1629595,44.61669921875
1641304,43.5791015625
1641691,42.29736328125
1644676,42.236328125
1649037,42.3583984375
1650382,47.18017578125
1651037,51.26953125
1651070,45.8984375
1651085,49.072265625
1651110,46.0205078125
1651128,45.59326171875
1651153,76.416015625
1651189,60.1806640625
1651205,59.99755859375
1651230,47.2412109375
1651255,41.93115234375
1651272,45.2880859375
1651365,47.36328125
1655631,42.54150390625
1655953,51.33056640625
1655992,55.0537109375
1656032,41.56494140625
1656051,50.96435546875
1656065,45.166015625
1656118,41.68701171875
1656164,47.18017578125
1656213,43.39599609375
1656300,59.02099609375
1656383,42.29736328125
1656472,44.921875
1656833,46.0205078125
1666962,46.32568359375
1667702,43.0908203125
1668709,42.6025390625
1670389,50.6591796875
1670407,50.10986328125
1670425,73.91357421875
1670451,51.45263671875
1670480,76.0498046875
1670499,57.0068359375
1670522,69.27490234375
1670546,41.9921875
1670570,60.6689453125
1670583,62.1337890625
1670617,49.9267578125
1670629,42.6025390625
1670658,45.2880859375
1670855,43.64013671875
1671509,42.3583984375
1671942,41.56494140625
1682301,43.701171875
1682855,43.27392578125
1682874,45.71533203125
1682940,47.8515625
1682964,45.166015625
1683015,70.1904296875
1683070,48.64501953125
1683136,58.10546875
1683227,41.9921875
1683371,46.38671875
1683531,43.27392578125
1684426,43.39599609375
1689120,64.51416015625
1690422,45.7763671875
1694322,43.51806640625
1699520,44.43359375
1699750,55.2978515625
1699833,52.3681640625
1699881,44.73876953125
1699913,44.921875
1699934,45.2880859375
1699955,46.32568359375
1700051,43.45703125
1700101,41.80908203125
1700459,50.9033203125
1700688,48.4619140625
1701068,41.56494140625
1701809,48.76708984375
1702303,67.7490234375
1702743,47.05810546875
1703033,50.96435546875
1703490,48.9501953125
1703882,52.24609375
1703990,45.8984375
1705719,43.8232421875
1705753,70.80078125
1705763,54.6875
1705821,46.5087890625
1705858,65.24658203125
1705871,46.630859375
1705890,46.0205078125
1705915,80.26123046875
1705943,55.23681640625
1705994,48.583984375
1706065,46.93603515625
1706091,44.43359375
1707058,41.8701171875
1707534,45.83740234375
1709105,43.15185546875
1710085,41.56494140625
1714320,42.6025390625
1717528,44.677734375
1717706,46.2646484375
1717883,45.166015625
1718049,63.53759765625
1718170,44.0673828125
1718222,43.02978515625
1718301,47.79052734375
1718360,48.64501953125
1718390,46.69189453125
1718428,76.72119140625
1718449,58.7158203125
1718484,58.65478515625
1718511,56.33544921875
1718543,58.10546875
1718554,59.08203125
1718618,49.25537109375
1718655,42.3583984375
1718853,49.49951171875
1719212,44.189453125
1719494,45.83740234375
1720110,43.27392578125
1720463,46.38671875
1721688,42.8466796875
1722756,42.1142578125
1729317,42.29736328125
1733028,46.44775390625
1733073,46.93603515625
1733094,76.904296875
1733125,53.52783203125
1733152,62.3779296875
1733167,52.8564453125
1733193,42.96875
1733216,43.64013671875
1733242,48.828125
1733269,69.2138671875
1733305,54.38232421875
1733325,46.630859375
1733355,44.0673828125
1733396,44.5556640625
1733482,43.9453125
1733523,42.29736328125
1734159,42.17529296875
1734522,44.7998046875
1734650,41.80908203125
1734789,46.875
1736259,43.0908203125
1737331,48.4619140625
1738037,41.80908203125
1740458,44.12841796875
1741030,49.9267578125
1741711,44.43359375
1741978,49.560546875
1742119,59.5703125
1742287,41.748046875
1742316,44.37255859375
1742389,41.8701171875
1742656,48.52294921875
1747407,41.748046875
1748210,44.7998046875
1748238,57.55615234375
1748336,42.17529296875
1748377,52.3681640625
1748397,59.50927734375
1748433,73.91357421875
1748455,46.2646484375
1748511,58.89892578125
1748548,55.0537109375
1748578,42.78564453125
1748683,41.748046875
1754123,46.08154296875
1754789,43.0908203125
1754948,42.724609375
1755234,46.5087890625
1755355,55.6640625
1759422,45.71533203125
1759666,49.6826171875
1759924,46.56982421875
1760045,44.677734375
1760294,43.45703125
1760535,41.50390625
1760578,51.57470703125
1760595,44.12841796875
1760631,42.05322265625
1760652,53.8330078125
1760667,82.33642578125
1760693,44.37255859375
1762653,43.0908203125
1762960,41.6259765625
1765671,43.3349609375
1765757,47.54638671875
1765966,43.45703125
1766841,44.86083984375
1766882,41.8701171875
1766902,49.37744140625
1767047,42.41943359375
1767062,43.701171875
1767080,46.81396484375
1767119,43.5791015625
1767134,50.78125
1767179,69.7021484375
1767200,46.32568359375
1767227,59.326171875
1767246,42.17529296875
1767276,48.03466796875
1767290,44.61669921875
1767315,42.41943359375
1767327,51.8798828125
1767372,53.89404296875
1767393,43.02978515625
1767470,43.9453125
1767580,43.0908203125
1768080,43.701171875
1774172,44.3115234375
1774477,48.40087890625
1774709,50.72021484375
1774763,42.1142578125
1774869,46.08154296875
1774911,44.677734375
1774994,63.04931640625
1775013,55.6640625
1775040,70.25146484375
1775064,41.80908203125
1775129,42.48046875
1775145,48.64501953125
1775242,47.9736328125
1780410,45.95947265625
1781069,44.677734375
1781251,42.8466796875
1781322,44.0673828125
1781389,46.08154296875
1781408,43.51806640625
1781455,52.001953125
1781514,58.28857421875
1781528,73.66943359375
1781565,65.49072265625
1781606,51.7578125
1781621,59.50927734375
1781655,46.0205078125
1781682,42.29736328125
1781720,47.4853515625
1781785,45.83740234375
1786818,46.08154296875
1788191,60.11962890625
1788392,47.18017578125
1788419,49.37744140625
1788485,42.54150390625
1788508,45.654296875
1788545,56.94580078125
1788576,45.654296875
1788609,48.40087890625
1788653,48.4619140625
1788724,60.05859375
1788842,46.875
1792234,41.93115234375
1793538,43.3349609375
1794762,42.05322265625
1794952,45.8984375
1795132,41.8701171875
1795220,42.05322265625
1795301,45.34912109375
1795355,45.5322265625
1795395,87.09716796875
1795472,53.1005859375
1795485,49.072265625
1795563,48.76708984375
1798996,47.119140625
1799899,42.05322265625
1802279,47.8515625
1802654,47.54638671875
1802664,45.22705078125
1802698,56.21337890625
1802801,50.29296875
1802888,51.57470703125
1802913,67.93212890625
1802926,41.9921875
1802961,43.5791015625
1803058,59.50927734375
1803095,44.5556640625
1803204,51.7578125
1803222,42.236328125
1808993,43.701171875
1809163,45.10498046875
1809360,42.724609375
1809428,43.3349609375
1809485,97.35107421875
1809501,60.791015625
1809535,51.3916015625
1809567,44.189453125
1809618,53.16162109375
1809647,42.48046875
1809681,43.701171875
1809797,44.921875
1815985,42.66357421875
1816107,41.3818359375
1816356,46.630859375
1816458,52.79541015625
1816517,41.56494140625
1816590,57.2509765625
1816683,47.2412109375
1816694,66.71142578125
1816726,42.1142578125
1816749,59.08203125
1822904,45.34912109375
1823119,51.45263671875
1823156,46.5087890625
1823214,47.79052734375
1823248,42.8466796875
1823261,59.5703125
1827363,41.50390625
1827956,44.73876953125
1828034,44.921875
1828096,42.48046875
1828124,41.80908203125
1828167,45.654296875
1828211,54.443359375
1828236,50.59814453125
1828249,57.18994140625
1828275,53.5888671875
1828323,42.96875
1828356,58.2275390625
1828371,42.41943359375
1828396,44.86083984375
1834685,46.32568359375
1835018,44.61669921875
1835069,58.837890625
1835120,69.580078125
1835132,59.75341796875
1835215,45.166015625
1835245,47.4853515625
1835259,45.0439453125
1841370,42.54150390625
1841428,45.34912109375
1841474,45.5322265625
1841502,62.3779296875
1841541,49.37744140625
1841583,44.00634765625
1841633,54.931640625
1847822,45.654296875
1847888,46.142578125
1847952,61.03515625
1848007,71.1669921875
1848032,41.80908203125
1848062,47.05810546875
1848143,43.39599609375
1848160,49.98779296875
1848227,48.583984375
1854140,51.1474609375
1854188,60.85205078125
1854267,76.59912109375
1854299,60.72998046875
1854357,54.5654296875
1854422,54.50439453125
1854513,42.724609375
1859092,43.45703125
1860073,44.189453125
1860156,66.650390625
1860235,41.32080078125
1860256,84.16748046875
1860312,50.84228515625
1860327,47.91259765625
1860369,56.33544921875
1860413,57.12890625
1860540,56.45751953125
1865045,41.56494140625
1865995,45.22705078125
1866235,45.2880859375
1866271,44.61669921875
1866365,75.62255859375
1866384,47.2412109375
1866412,41.50390625
1866429,42.6025390625
1866483,55.0537109375
1866507,44.73876953125
1866647,43.212890625
1872128,43.8232421875
1872148,41.56494140625
1872228,58.7158203125
1872241,51.8798828125
1872279,62.92724609375
1872328,43.8232421875
1872371,49.62158203125
1872458,41.32080078125
1872509,58.2275390625
1876454,41.3818359375
1877633,44.189453125
1878108,43.8232421875
1878139,43.45703125
1878178,50.72021484375
1878270,76.66015625
1878313,55.48095703125
1878347,61.03515625
1878363,58.349609375
1878405,45.2880859375
1878447,47.66845703125
1878521,45.22705078125
1883198,45.71533203125
1884300,50.59814453125
1884313,49.01123046875
1884331,41.9921875
1884397,52.42919921875
1884432,58.89892578125
1884461,43.15185546875
1884525,44.25048828125
1884583,57.92236328125
1884593,52.30712890625
1889561,44.0673828125
1889867,44.37255859375
1890179,48.52294921875
1890194,44.0673828125
1890262,48.03466796875
1890324,68.4814453125
1890339,45.71533203125
1890373,43.39599609375
1890412,43.701171875
1890435,55.60302734375
1890456,45.0439453125
1890501,41.9921875
1890558,46.38671875
1896297,48.095703125
1896317,42.41943359375
1896357,85.02197265625
1896397,52.30712890625
1896427,47.30224609375
1896460,42.724609375
1896491,50.59814453125
1896787,43.8232421875
1901759,42.96875
1901991,41.68701171875
1902127,49.6826171875
1902176,42.66357421875
1902255,61.21826171875
1902392,54.01611328125
1902490,41.32080078125
1907919,41.8701171875
1907995,50.47607421875
1908043,43.64013671875
1908136,43.212890625
1908158,46.142578125
1908196,59.50927734375
1908252,67.138671875
1908271,43.76220703125
1908315,55.17578125
1908475,44.00634765625
1913405,43.76220703125
1913582,41.68701171875
1913654,44.0673828125
1913666,50.59814453125
1913737,42.05322265625
1913760,49.25537109375
1913788,42.96875
1913876,52.91748046875
1913906,44.00634765625
1919080,44.25048828125
1919306,42.96875
1919433,53.1005859375
1919473,41.9921875
1919513,49.1943359375
1919556,60.9130859375
1919579,51.08642578125
1919618,56.45751953125
1919628,47.9736328125
1919661,43.51806640625
1925044,54.74853515625
1925067,53.1005859375
1925150,66.40625
1925165,44.677734375
1925216,50.10986328125
1925241,63.65966796875
1925327,43.02978515625
1925397,50.23193359375
1930146,41.80908203125
1930613,43.3349609375
1930695,46.142578125
1930717,64.02587890625
1930767,41.32080078125
1930801,42.17529296875
1930816,51.33056640625
1930843,42.724609375
1930986,42.17529296875
1936460,44.00634765625
1936512,42.48046875
1936541,44.37255859375
1936610,43.701171875
1936655,42.3583984375
1936763,53.89404296875
1941417,42.236328125
1942160,43.3349609375
1942199,54.443359375
1942220,51.8798828125
1942245,42.90771484375
1942286,44.25048828125
1942325,41.68701171875
1942357,42.96875
1942386,47.66845703125
1947920,44.98291015625
1948123,64.5751953125
1948143,42.3583984375
1948169,55.60302734375
1948191,54.0771484375
1948221,42.3583984375
1948250,50.23193359375
1948263,44.677734375
1948332,48.828125
1953966,43.45703125
1954096,43.88427734375
1954141,47.30224609375
1954161,46.38671875
1954178,45.22705078125
1954196,45.47119140625
1954223,56.45751953125
1954268,82.82470703125
1959878,43.27392578125
1960020,54.50439453125
1960049,46.142578125
1960066,61.8896484375
1960158,51.94091796875
1960179,50.1708984375
1960232,48.40087890625
1960320,42.78564453125
1965773,47.36328125
1965864,43.39599609375
1965917,53.8330078125
1965939,45.59326171875
1965954,59.02099609375
1965980,47.30224609375
1966006,47.05810546875
1966058,65.0634765625
1966100,41.80908203125
1971766,41.44287109375
1971983,52.1240234375
1971993,43.39599609375
1972062,43.9453125
1972087,47.7294921875
1972149,42.66357421875
1972204,43.3349609375
1977972,45.34912109375
1978086,41.32080078125
1978114,59.9365234375
1978132,50.84228515625
1978179,47.7294921875
1978227,71.6552734375
1983890,44.3115234375
1984039,49.74365234375
1984064,42.05322265625
1984148,59.4482421875
1984219,58.2275390625
1984261,44.5556640625
1984289,60.48583984375
1984321,45.5322265625
1984425,45.41015625
1984482,44.3115234375
1990266,42.05322265625
1990283,45.34912109375
1990393,42.3583984375
1990487,61.46240234375
1990512,49.98779296875
1990523,63.8427734375
1990563,66.650390625
1990586,48.095703125
1990604,44.98291015625
1990660,48.03466796875
1990685,41.8701171875
1990777,44.98291015625
1990834,52.734375
1996855,48.15673828125
1996957,42.17529296875
1996995,46.0205078125
1997071,48.2177734375
1997115,50.10986328125
1997140,61.03515625
1997155,52.978515625
1997204,43.15185546875
1997234,44.43359375
1997267,47.4853515625
1997302,42.6025390625
2003752,41.9921875
2003778,43.02978515625
2003810,46.44775390625
2003828,42.96875
2003857,51.6357421875
2003915,42.29736328125
2003925,69.2138671875
2003990,68.90869140625
2004050,52.67333984375
2004091,41.80908203125
2010684,41.68701171875
2010785,46.32568359375
2010837,45.71533203125
2010866,68.115234375
2010876,41.50390625
2010923,45.41015625
2010944,42.29736328125
2010956,49.1943359375
2010976,42.41943359375
2011055,41.32080078125
2017815,49.4384765625
2017828,44.00634765625
2017961,47.91259765625
2018019,42.90771484375
2018061,72.265625
2018094,51.69677734375
2018137,42.236328125
2018167,53.5888671875
2018195,68.2373046875
2018271,42.3583984375
2018304,51.7578125
2024819,49.072265625
2024902,48.03466796875
2024953,42.236328125
2025024,53.1005859375
2025049,47.36328125
2025066,46.44775390625
2025108,49.25537109375
2025136,43.5791015625
2025151,50.59814453125
2025182,47.4853515625
2025255,41.3818359375
2025292,57.92236328125
2025328,43.0908203125
2032492,46.69189453125
2032512,50.10986328125
2032552,42.90771484375
2032563,91.4306640625
2032631,50.1708984375
2032691,48.2177734375
2032760,41.8701171875
2032819,42.78564453125
2032905,42.54150390625
2040127,42.724609375
2040254,46.38671875
2040285,50.59814453125
2040325,61.46240234375
2040348,44.00634765625
2040363,43.39599609375
2040424,42.78564453125
2040453,50.72021484375
2040587,43.45703125
2040619,44.73876953125
2048295,42.236328125
2048347,59.14306640625
2048413,45.8984375
2048444,43.27392578125
2048475,61.03515625
2048491,47.91259765625
2048531,48.40087890625
2048546,61.82861328125
2048561,78.91845703125
2048634,49.4384765625
2048665,59.5703125
2048685,49.86572265625
2048698,51.81884765625
2056529,48.64501953125
2056597,45.47119140625
2056663,44.677734375
2056681,43.27392578125
2056714,63.5986328125
2056743,52.91748046875
2056762,54.50439453125
2056799,44.00634765625
2056813,65.4296875
2056842,44.677734375
2056912,45.22705078125
2056960,44.12841796875
2057002,41.44287109375
2057059,42.90771484375
2064825,44.98291015625
2065026,60.60791015625
2065039,57.55615234375
2065122,60.72998046875
2065136,61.82861328125
2065181,58.2275390625
2065195,42.236328125
2065226,44.5556640625
2065264,45.8984375
2073952,43.0908203125
2074062,67.19970703125
2074121,48.583984375
2074135,42.29736328125
2074159,45.7763671875
2074203,56.15234375
2074216,42.41943359375
2074242,45.166015625
2074254,41.3818359375
2074322,47.4853515625
2083555,54.931640625
2083607,47.18017578125
2083650,49.74365234375
2083671,44.25048828125
2083744,41.68701171875
2083774,72.3876953125
2083815,64.27001953125
2083831,56.640625
2083858,50.4150390625
2083882,46.08154296875
2084027,47.91259765625
2084181,46.0205078125
2093397,56.15234375
2093421,44.12841796875
2093490,63.78173828125
2093542,60.791015625
2093559,53.8330078125
2093588,69.39697265625
2093613,50.048828125
2093637,44.5556640625
2093690,55.2978515625
2093754,54.0771484375
2093828,46.9970703125
2093852,47.42431640625
2103906,69.4580078125
2103984,57.2509765625
2104033,47.91259765625
2104054,45.0439453125
2104133,53.64990234375
2104157,52.490234375
2104174,55.0537109375
2104206,69.76318359375
2104237,44.677734375
2104320,47.54638671875
2105395,46.5087890625
2114231,43.8232421875
2114254,42.66357421875
2114291,66.71142578125
2114379,43.8232421875
2114411,47.4853515625
2114443,58.7158203125
2114457,64.208984375
2114478,45.83740234375
2114489,43.0908203125
2114516,43.45703125
2114544,46.08154296875
2114572,44.5556640625
2114609,50.84228515625
2114640,44.0673828125
2114664,45.83740234375
2125391,42.724609375
2125429,62.744140625
2125455,45.41015625
2125486,43.5791015625
2125508,47.79052734375
2125518,41.9921875
2125548,44.73876953125
2125575,49.31640625
2125592,46.630859375
2125606,55.908203125
2125616,58.53271484375
2125640,41.3818359375
2125688,56.45751953125
2125727,47.05810546875
2127322,48.828125
2137121,41.748046875
2137160,57.67822265625
2137186,45.2880859375
2137246,43.3349609375
2137297,59.6923828125
2137307,64.453125
2137319,48.828125
2137342,43.8232421875
2137369,44.189453125
2137380,65.97900390625
2137424,74.15771484375
2137561,42.96875
2150141,51.69677734375
2150186,51.513671875
2150232,49.072265625
2150246,84.8388671875
2150272,69.4580078125
2150310,74.03564453125
2150346,61.70654296875
2150388,49.560546875
2150412,47.18017578125
2150430,59.50927734375
2150476,45.2880859375
2150512,41.93115234375
2150603,42.236328125
2163022,51.7578125
2163060,55.17578125
2163102,53.955078125
2163123,47.607421875
2163157,46.2646484375
2163168,88.68408203125
2163178,59.99755859375
2163200,42.41943359375
2163271,44.61669921875
2163282,64.27001953125
2163369,60.97412109375
2163580,41.8701171875
2176710,45.7763671875
2176772,42.90771484375
2176801,61.82861328125
2176862,79.89501953125
2176875,51.08642578125
2176888,57.06787109375
2176933,43.27392578125
2176944,60.302734375
2176982,45.654296875
2177016,61.82861328125
2177026,44.43359375
2190588,43.45703125
2190605,41.50390625
2190638,44.73876953125
2190660,49.62158203125
2190697,56.0302734375
2190743,42.1142578125
2190773,94.42138671875
2190785,64.39208984375
2190815,45.34912109375
2190833,44.00634765625
2190862,48.9501953125
2190881,54.99267578125
2190907,52.734375
2191003,44.37255859375
2204576,44.61669921875
2204598,45.47119140625
2204664,56.45751953125
2204689,85.5712890625
2204707,69.091796875
2204727,47.54638671875
2204767,54.931640625
2204819,70.6787109375
2204845,56.21337890625
2204914,41.80908203125
2204927,53.8330078125
2205035,41.3818359375
2219012,42.1142578125
2219022,51.3916015625
2219057,57.373046875
2219112,41.6259765625
2219126,89.35546875
2219154,50.78125
2219195,46.69189453125
2219213,67.93212890625
2219242,52.734375
2219277,47.9736328125
2219316,43.27392578125
2219371,47.54638671875
2219658,47.8515625
2219750,41.8701171875
2219938,43.8232421875
2233777,41.32080078125
2236293,45.22705078125
2236384,64.8193359375
2236417,44.189453125
2236455,49.9267578125
2236468,82.6416015625
2236509,89.4775390625
2236536,60.9130859375
2236581,55.84716796875
2236598,41.3818359375
2236609,48.9501953125
2236635,48.27880859375
2236692,49.01123046875
2236725,44.12841796875
2236738,46.93603515625
2236887,42.90771484375
2237262,42.724609375
2237864,42.8466796875
2238259,43.0908203125
2241532,51.20849609375
2241637,43.27392578125
2241707,42.724609375
2241746,49.1943359375
2241783,55.2978515625
2241816,50.72021484375
2241831,50.537109375
2242008,50.47607421875
2242107,41.9921875
2242587,43.45703125
2254189,49.072265625
2257087,49.072265625
2257132,47.8515625
2257157,56.21337890625
2257169,63.65966796875
2257195,63.04931640625
2257227,42.29736328125
2257250,55.60302734375
2257289,41.80908203125
2257313,41.93115234375
2257419,41.44287109375
2257586,44.00634765625
2257623,45.34912109375
2258100,41.80908203125
2258352,47.8515625
2271946,44.25048828125
2274588,42.54150390625
2276891,44.86083984375
2281516,41.68701171875
2289102,41.9921875
2290490,43.3349609375
2295027,43.51806640625
2298873,43.76220703125
2305074,42.78564453125
2317754,45.2880859375
2319982,43.02978515625
2324086,43.8232421875
2325356,41.68701171875
2327275,46.630859375
2328313,44.73876953125
2329777,42.54150390625
2330306,41.6259765625
2334485,44.00634765625
2341596,45.71533203125
2344317,45.95947265625
2345751,45.0439453125
2351215,42.8466796875
2357576,41.32080078125
2357895,53.28369140625
2357941,73.54736328125
2357977,45.10498046875
2358029,41.50390625
2358039,52.6123046875
2358063,41.32080078125
2358081,41.44287109375
2358099,46.44775390625
2358216,51.33056640625
2358301,43.8232421875
2358320,75.74462890625
2358504,51.08642578125
2358613,45.654296875
2361857,42.96875
2361899,44.921875
2362036,42.66357421875
2362078,46.32568359375
2362111,57.31201171875
2362236,46.69189453125
2374927,43.212890625
2377275,42.96875
2377292,51.513671875
2381685,42.90771484375
2381795,41.93115234375
2381853,45.166015625
2381915,44.37255859375
2395425,42.96875
2402435,41.50390625
2422441,44.37255859375
2428055,45.41015625
2433262,41.93115234375
2435210,42.48046875
2441194,43.88427734375
2454462,44.921875
2461465,43.76220703125
2467692,45.95947265625
2472430,46.81396484375
2473193,42.29736328125
2477232,42.48046875
2479957,42.90771484375
2489706,45.5322265625
2497179,42.78564453125
2501657,42.236328125
2503613,43.9453125
2506310,45.59326171875
2509462,46.56982421875
2510982,43.3349609375
2515030,41.748046875
2520514,44.49462890625
2520555,43.8232421875
2520750,43.5791015625
2521744,41.68701171875
2525701,42.90771484375
2526661,41.6259765625
2527029,41.80908203125
2527628,42.48046875
2530962,42.1142578125
2531506,50.29296875
2531966,47.18017578125
2532016,50.72021484375
2532752,42.90771484375
2533448,61.279296875
2534847,41.3818359375
2535142,48.76708984375
2545823,42.17529296875
2546618,41.50390625
2549711,41.50390625
2558167,43.45703125
2561025,43.76220703125
2576368,44.98291015625
2583448,42.1142578125
2583494,44.98291015625
2586787,41.3818359375
2589840,44.5556640625
2590538,45.5322265625
2593335,41.44287109375
2593659,45.0439453125
2593799,42.8466796875
2593827,48.828125
2593859,51.26953125
2595216,41.80908203125
2596205,48.583984375
2596390,43.27392578125
2596692,44.25048828125
2597876,61.5234375
2599026,42.48046875
2599337,53.77197265625
2601092,43.212890625
2603111,50.4150390625
2605737,49.072265625
2607267,48.76708984375
2607674,42.48046875
2609729,45.654296875
2611353,45.7763671875
2611969,60.302734375
2612262,43.88427734375
2612629,48.2177734375
2612751,43.51806640625
2613355,61.46240234375
2613649,44.25048828125
2614784,51.025390625
2614865,41.50390625
2615765,44.5556640625
2616393,42.29736328125
2625282,41.3818359375
2625348,53.7109375
2626347,48.7060546875
2626522,51.26953125
2626678,42.29736328125
2631088,47.119140625
2631276,45.0439453125
2634689,45.34912109375
2634900,41.80908203125
2635162,41.8701171875
2635760,42.05322265625
2637668,42.66357421875
2637874,47.91259765625
2647766,42.54150390625
2651301,42.17529296875
2662070,43.0908203125
2666671,45.34912109375
2669917,44.921875
2673792,41.8701171875
2678989,48.27880859375
2679104,43.0908203125
2679124,45.71533203125
2679251,46.69189453125
2680159,46.875
2681106,48.15673828125
2682012,43.02978515625
2682184,52.6123046875
2682320,52.490234375
2682637,41.3818359375
2683333,50.47607421875
2684076,42.05322265625
2686474,58.28857421875
2687920,54.50439453125
2689063,46.875
2690776,45.83740234375
2693239,47.7294921875
2694001,42.05322265625
2694019,45.2880859375
2697164,62.31689453125
2697831,45.8984375
2701768,42.41943359375
2702533,49.6826171875
2702608,46.20361328125
2702707,44.73876953125
2703050,48.7060546875
2704566,50.29296875
2704962,41.748046875
2705543,41.6259765625
2706004,41.50390625
2707497,44.61669921875
2707737,54.931640625
2708088,42.48046875
2710378,49.37744140625
2711735,46.93603515625
2712365,41.56494140625
2713968,53.16162109375
2714226,42.8466796875
2714447,44.12841796875
2714895,48.828125
2714914,41.56494140625
2715000,56.45751953125
2723728,41.6259765625
2723746,60.24169921875
2723855,56.5185546875
2723950,53.22265625
2724062,49.8046875
2734142,45.34912109375
2735477,41.6259765625
2735572,49.31640625
2735680,50.1708984375
2735707,41.6259765625
2735801,55.72509765625
2735870,43.64013671875
2735904,48.583984375
2735929,44.677734375
2740617,42.3583984375
2740714,42.17529296875
2740726,53.77197265625
2740810,41.80908203125
2740821,41.6259765625
2740842,61.03515625
2740905,43.51806640625
2740934,41.56494140625
2740956,58.9599609375
2741038,44.86083984375
2741125,47.4853515625
2741227,43.64013671875
2753138,45.41015625
2753230,57.373046875
2753297,48.76708984375
2753318,49.86572265625
2753356,44.00634765625
2753417,44.189453125
2753442,78.43017578125
2753496,47.30224609375
2764759,46.93603515625
2764833,41.32080078125
2764857,50.84228515625
2764878,55.0537109375
2764890,66.7724609375
2764998,52.30712890625
2765074,48.03466796875
2765101,61.1572265625
2765592,43.39599609375
2773533,41.68701171875
2775019,42.90771484375
2776327,41.8701171875
2776389,44.43359375
2780614,72.509765625
2780649,41.32080078125
2780741,48.40087890625
2780754,52.24609375
2780901,54.3212890625
2780913,55.0537109375
2781024,44.37255859375
2781438,45.2880859375
2782231,44.921875
2782949,46.38671875
2782995,42.3583984375
2783613,47.05810546875
2784537,41.93115234375
2785180,42.3583984375
2785327,44.25048828125
2785707,52.91748046875
2785922,42.54150390625
2786066,46.875
2789443,62.5
2790625,44.0673828125
2792079,43.39599609375
2792739,43.0908203125
2793731,44.921875
2793922,47.2412109375
2802295,42.66357421875
2804114,48.52294921875
2805331,43.3349609375
2806867,41.68701171875
2806906,49.4384765625
2806948,44.86083984375
2806970,48.7060546875
2807026,44.25048828125
2807073,46.875
2807146,42.8466796875
2807306,44.37255859375
2809542,58.349609375
2809560,53.1005859375
2809783,57.43408203125
2809890,43.02978515625
2810256,49.31640625
2817913,42.236328125
2818294,43.51806640625
2821303,41.44287109375
2825625,47.79052734375
2826595,44.5556640625
2826614,44.43359375
2826627,56.45751953125
2826681,60.48583984375
2826719,47.05810546875
2826742,48.76708984375
2826807,41.68701171875
2826908,43.15185546875
2827519,45.59326171875
2829296,44.3115234375
2829721,53.40576171875
2832921,61.4013671875
2833199,45.34912109375
2834648,43.8232421875
2835203,41.50390625
2837101,47.42431640625
2837408,44.12841796875
2837433,50.1708984375
2839737,42.41943359375
2840772,47.79052734375
2843638,41.44287109375
2850687,42.17529296875
2856901,43.51806640625
2857095,54.13818359375
2857222,71.8994140625
2857260,59.326171875
2857333,46.93603515625
2857457,57.861328125
2859832,45.0439453125
2860080,67.44384765625
2860376,42.8466796875
2860473,46.7529296875
2860528,41.93115234375
2863457,47.36328125
2863632,42.66357421875
2866069,43.5791015625
2866866,68.05419921875
2867076,66.58935546875
2867378,42.3583984375
2877648,43.3349609375
2879539,42.3583984375
2880294,43.88427734375
2882219,50.23193359375
2882374,59.50927734375
2882407,42.29736328125
2882498,48.15673828125
2882515,47.30224609375
2882745,46.69189453125
2885355,57.861328125
2885734,44.189453125
2886043,41.80908203125
2886940,41.748046875
2887007,47.30224609375
2889732,43.27392578125
2889854,43.76220703125
2892370,44.12841796875
2894348,43.88427734375
2894739,52.490234375
2896889,56.5185546875
2899697,41.56494140625
2901199,44.00634765625
2901344,41.748046875
2915093,42.41943359375
2916616,50.23193359375
2918402,41.9921875
2919344,43.15185546875
2920331,42.78564453125
2922578,42.236328125
2928948,54.8095703125
2928979,62.31689453125
2928990,42.78564453125
2929015,50.59814453125
2929040,44.0673828125
2929072,47.30224609375
2929096,53.89404296875
2929125,63.41552734375
2929164,41.50390625
2929210,52.978515625
2929225,45.41015625
2929323,42.96875
2929505,46.32568359375
2932396,43.76220703125
2932422,44.3115234375
2932435,66.58935546875
2932475,41.3818359375
2932779,46.69189453125
2932845,45.41015625
2932947,48.9501953125
2933112,47.18017578125
2933527,41.50390625
2935933,56.7626953125
2936366,41.9921875
2936728,42.1142578125
2936754,45.10498046875
2937339,46.875
2940610,47.36328125
2940653,41.32080078125
2940670,47.2412109375
2941083,49.31640625
2941397,42.66357421875
2954886,42.48046875
2960035,45.5322265625
2960727,41.44287109375
2961453,41.80908203125
2967185,45.0439453125
2967552,41.32080078125
2968373,44.43359375
2969834,55.419921875
2969872,45.41015625
2969897,53.16162109375
2969918,57.373046875
2969986,55.6640625
2970044,49.1943359375
2970199,47.7294921875
2970493,45.47119140625
2973475,43.8232421875
2973712,44.12841796875
2973788,43.88427734375
2974029,52.978515625
2974081,42.78564453125
2974282,48.2177734375
2977283,53.1005859375
2977530,56.5185546875
2977585,41.748046875
2981910,43.212890625
2982500,56.2744140625
2984575,49.86572265625
2994811,43.64013671875
2996760,41.8701171875
2998659,41.8701171875
3001201,50.048828125
3005848,51.7578125
3005871,49.49951171875
3005907,54.6875
3005931,63.8427734375
3006271,53.77197265625
3006540,50.1708984375
3009782,47.05810546875
3010457,52.3681640625
3014272,41.3818359375
3014870,42.29736328125
3014910,55.419921875
3015264,43.0908203125
3016696,46.9970703125
3017881,48.2177734375
3018835,47.2412109375
3019776,49.31640625
3020928,42.96875
3024308,52.001953125
3037973,43.76220703125
3038266,41.56494140625
3040091,43.51806640625
3041113,44.37255859375
3041374,44.86083984375
3042864,45.59326171875
3047926,44.86083984375
3048517,42.78564453125
3049438,45.166015625
3056311,42.1142578125
3059691,41.3818359375
3064277,44.0673828125
3068452,41.50390625
3070056,48.7060546875
3072053,43.64013671875
3075358,42.17529296875
3077051,45.10498046875
3081783,44.43359375
3088552,44.7998046875
3089727,43.27392578125
3089777,70.068359375
3089923,42.3583984375
3090049,67.93212890625
3090192,41.748046875
3090219,48.40087890625
3090442,42.90771484375
3094375,47.66845703125
3095019,43.0908203125
3095491,43.212890625
3096446,42.96875
3096861,53.3447265625
3097199,46.2646484375
3097713,41.6259765625
3098690,43.212890625
3098913,45.47119140625
3099615,43.88427734375
3099868,52.978515625
3100080,45.95947265625
3100343,50.23193359375
3100712,53.7109375
3101139,42.724609375
3103649,43.39599609375
3109267,51.20849609375
3126460,44.0673828125
3131111,41.6259765625
3131937,44.677734375
3133705,45.2880859375
3134677,43.701171875
3135199,44.86083984375
3140843,41.748046875
3142710,48.40087890625
3143766,45.5322265625
3144288,43.45703125
3159161,46.69189453125
3160562,44.86083984375
3163116,45.22705078125
3164122,45.0439453125
3166157,48.095703125
3167384,50.29296875
3167727,51.3916015625
3168051,42.1142578125
3168158,45.34912109375
3169145,44.5556640625
3169766,42.66357421875
3169883,48.27880859375
3171564,61.09619140625
3171941,42.8466796875
3172232,41.3818359375
3173161,42.90771484375
3173219,43.45703125
3173552,50.72021484375
3173575,44.98291015625
3173872,47.2412109375
3176305,42.90771484375
3180206,49.98779296875
3181492,43.212890625
3193859,43.02978515625
3194259,42.1142578125
3197198,44.0673828125
3199520,46.2646484375
3201885,44.677734375
3204384,47.66845703125
3209654,41.93115234375
3216997,43.9453125
3218937,42.1142578125
3220992,44.25048828125
3225917,45.166015625
3226273,41.44287109375
3226378,43.9453125
3226441,49.62158203125
3226518,46.93603515625
3226584,63.4765625
3226603,43.15185546875
3226658,48.7060546875
3226741,58.10546875
3226846,42.78564453125
3228624,42.6025390625
3229790,42.41943359375
3230196,43.88427734375
3241141,53.89404296875
3247944,42.3583984375
3251095,41.56494140625
3254788,43.88427734375
3257869,47.4853515625
3265199,47.36328125
3265243,41.93115234375
3265318,44.43359375
3265337,41.9921875
3265353,51.94091796875
3265381,41.44287109375
3265485,49.49951171875
3266966,44.37255859375
3266985,46.5087890625
3267689,42.8466796875
3268864,58.59375
3269243,51.08642578125
3269859,43.0908203125
3269950,41.32080078125
3275353,48.583984375
3278045,49.6826171875
3286473,44.49462890625
3288430,51.81884765625
3296091,43.88427734375
3299023,44.7998046875
3300546,41.56494140625
3301075,41.3818359375
3303660,41.8701171875
3306117,41.9921875
3309215,43.64013671875
3312937,41.56494140625
3314911,46.142578125
3316434,42.96875
3324064,43.0908203125
3324088,51.20849609375
3324429,42.6025390625
3324553,41.44287109375
3325854,46.20361328125
3330304,41.748046875
3343333,41.56494140625
3347526,41.32080078125
3350094,44.86083984375
3350206,42.6025390625
3354444,42.05322265625
3356193,46.08154296875
3361255,50.59814453125
3361841,43.64013671875
3362313,50.23193359375
3362357,45.166015625
3362436,41.3818359375
3362478,42.66357421875
3362896,45.654296875
3363104,44.25048828125
3364239,47.42431640625
3365785,41.8701171875
3368238,43.02978515625
3368257,64.697265625
3368461,49.98779296875
3370312,71.22802734375
3371545,45.5322265625
3371604,44.5556640625
3375311,45.59326171875
3384250,42.3583984375
3386353,41.6259765625
3392454,42.236328125
3395572,42.29736328125
3399768,43.0908203125
3403456,41.748046875
3406153,51.94091796875
3406180,43.51806640625
3406666,42.1142578125
3406705,76.416015625
3406760,52.18505859375
3406793,45.166015625
3406819,52.55126953125
3406839,42.05322265625
3406885,48.03466796875
3409613,43.9453125
3411909,42.54150390625
3412025,44.37255859375
3412085,48.2177734375
3412356,49.9267578125
3413797,42.48046875
3414193,52.734375
3415620,48.095703125
3416853,45.0439453125
3417106,54.931640625
3420326,43.02978515625
3431840,49.6826171875
3433845,48.27880859375
3436272,42.05322265625
3437192,43.5791015625
3438746,42.54150390625
3440257,41.80908203125
3444577,44.86083984375
3452457,42.66357421875
3454321,48.76708984375
3455842,43.27392578125
3458948,42.17529296875
3462624,55.419921875
3464728,48.7060546875
3464886,58.28857421875
3465690,49.9267578125
3465736,44.677734375
3466158,51.3916015625
3466168,44.43359375
3467620,46.0205078125
3470477,44.12841796875
3470630,41.3818359375
3471457,44.49462890625
3471494,51.94091796875
3471509,47.18017578125
3471538,65.97900390625
3471607,64.27001953125
3471859,53.89404296875
3476396,63.65966796875
3477461,43.5791015625
3477589,43.15185546875
3477608,60.11962890625
3477631,42.96875
3477644,49.25537109375
3487657,43.8232421875
3491310,41.8701171875
3497023,42.96875
3499643,42.05322265625
3499742,44.49462890625
3504817,42.6025390625
3509388,41.8701171875
3514134,41.68701171875
3516834,44.73876953125
3517300,47.607421875
3517320,41.748046875
3517676,43.27392578125
3517755,51.025390625
3519739,41.32080078125
3519807,47.4853515625
3519946,41.6259765625
3520052,48.52294921875
3520248,41.6259765625
3520706,41.80908203125
3521128,54.443359375
3521163,51.1474609375
3522102,44.49462890625
3522412,45.166015625
3524944,43.3349609375
3525037,42.29736328125
3525133,55.0537109375
3526360,41.8701171875
3526924,54.62646484375
3528620,52.734375
3531351,55.35888671875
3531616,43.0908203125
3531708,46.20361328125
3533197,46.2646484375
3533518,48.52294921875
3533655,48.27880859375
3533677,44.43359375
3533809,42.17529296875
3534860,44.49462890625
3534896,67.3828125
3534944,61.5234375
3535038,50.29296875
3545717,41.68701171875
3549257,45.41015625
3549600,41.9921875
3550497,42.90771484375
3566118,49.9267578125
3567815,50.72021484375
3567833,42.54150390625
3567858,45.5322265625
3567918,45.654296875
3569174,43.0908203125
3569226,56.640625
3573531,48.828125
3573660,61.09619140625
3573713,49.13330078125
3573746,50.23193359375
3573761,52.978515625
3573787,52.8564453125
3573858,50.96435546875
3573894,42.48046875
3586824,43.15185546875
3587637,44.00634765625
3594210,44.49462890625
3594245,51.20849609375
3594302,62.8662109375
3594324,42.8466796875
3594334,81.23779296875
3594348,43.15185546875
3594463,44.73876953125
3595676,43.02978515625
3596453,48.9501953125
3598421,51.33056640625
3598498,70.86181640625
3600311,42.236328125
3600323,62.5
3600374,62.01171875
3600386,51.025390625
3600418,52.1240234375
3600430,62.68310546875
3600454,46.56982421875
3600482,102.9052734375
3600492,52.1240234375
3600507,43.76220703125
3600638,64.27001953125
3600832,41.9921875
3600891,41.9921875
3600907,43.212890625
3601080,45.0439453125
3613407,44.61669921875
3617397,53.03955078125
3624647,43.8232421875
3633452,45.8984375
3634793,44.73876953125
3644555,44.00634765625
3646402,44.921875
3646710,50.1708984375
3646724,57.4951171875
3646753,85.63232421875
3646781,57.06787109375
3646798,70.37353515625
3646819,48.4619140625
3646903,42.54150390625
3646927,45.0439453125
3650442,42.236328125
3651160,51.26953125
3652046,51.69677734375
3652177,41.68701171875
3652599,41.9921875
3652691,48.9501953125
3652798,50.59814453125
3652951,44.7998046875
3653023,43.3349609375
3653167,42.236328125
3653264,49.31640625
3653523,42.236328125
3653763,47.54638671875
3653914,49.1943359375
3654125,54.931640625
3657057,42.236328125
3657097,56.09130859375
3657120,48.03466796875
3657147,56.5185546875
3657161,56.640625
3657173,50.4150390625
3657211,49.74365234375
3657240,49.8046875
3657255,65.5517578125
3657320,45.71533203125
3657489,42.8466796875
3657526,55.17578125
3657678,42.78564453125
3658052,43.5791015625
3660098,46.7529296875
3660204,50.1708984375
3660265,43.27392578125
3660311,44.189453125
3660517,45.5322265625
3660909,55.48095703125
3661527,42.3583984375
3661819,50.1708984375
3661856,44.7998046875
3662068,46.7529296875
3662340,65.61279296875
3662842,43.51806640625
3663554,43.8232421875
3664945,44.12841796875
3665083,45.0439453125
3667447,42.41943359375
3668061,42.90771484375
3669520,57.92236328125
3669721,42.96875
3670358,45.95947265625
3670784,43.02978515625
3671731,46.69189453125
3673558,42.3583984375
3686283,43.0908203125
3688034,48.52294921875
3689256,43.0908203125
3692680,45.8984375
3692707,45.41015625
3699687,46.32568359375
3707402,43.51806640625
3711709,44.25048828125
3717182,42.54150390625
3721818,45.83740234375
3722321,42.236328125
3722486,45.71533203125
3722530,41.32080078125
3722549,46.20361328125
3722630,42.05322265625
3723014,43.0908203125
3723361,41.6259765625
3723403,46.44775390625
3723458,42.54150390625
3723562,50.048828125
3723604,84.8388671875
3723620,44.37255859375
3723802,49.74365234375
3724400,49.62158203125
3726526,64.697265625
3726616,46.93603515625
3727878,67.5048828125
3729096,41.93115234375
3729144,53.40576171875
3729188,99.7314453125
3729213,53.8330078125
3729230,60.11962890625
3729252,45.95947265625
3729275,71.2890625
3729450,50.29296875
3729467,48.03466796875
3729629,51.69677734375
3729686,43.0908203125
3730002,43.45703125
3730263,47.54638671875
3743445,43.3349609375
3747184,42.724609375
3749094,47.66845703125
3752405,43.3349609375
3757578,41.68701171875
3762091,41.50390625
3767561,44.86083984375
3773316,50.59814453125
3773339,49.072265625
3774830,49.98779296875
3774852,53.8330078125
3774877,46.44775390625
3774906,44.677734375
3774923,69.51904296875
3774946,47.7294921875
3774961,56.15234375
3775012,67.2607421875
3775082,44.189453125
3775109,46.93603515625
3775137,41.50390625
3775348,46.81396484375
3778345,48.2177734375
3778515,62.5
3779091,50.35400390625
3779702,52.91748046875
3780192,42.90771484375
3780306,65.61279296875
3781579,42.6025390625
3781731,41.32080078125
3783204,44.43359375
3783291,51.69677734375
3783322,45.34912109375
3783344,59.38720703125
3783371,55.419921875
3783394,46.5087890625
3783575,41.50390625
3783851,43.27392578125
3798045,45.59326171875
3806655,44.5556640625
3812106,42.96875
3818033,42.96875
3818743,45.10498046875
3818857,57.0068359375
3819224,47.18017578125
3819237,46.08154296875
3819274,41.68701171875
3819308,62.43896484375
3819327,49.560546875
3819351,77.20947265625
3819361,57.861328125
3819418,43.8232421875
3819442,54.01611328125
3819513,41.6259765625
3822744,42.78564453125
3823195,48.095703125
3823467,43.0908203125
3823766,53.03955078125
3823784,59.2041015625
3824207,43.27392578125
3824536,42.29736328125
3824596,43.5791015625
3824697,52.42919921875
3824722,47.18017578125
3824741,45.166015625
3824845,54.931640625
3826382,41.32080078125
3826660,65.5517578125
3826695,65.7958984375
3826709,49.01123046875
3826719,41.8701171875
3826752,43.27392578125
3826779,65.185546875
3826833,56.70166015625
3836609,47.79052734375
3837322,41.3818359375
3840110,41.32080078125
3841170,44.37255859375
3850756,41.93115234375
3852676,41.748046875
3856931,51.69677734375
3856947,50.29296875
3857103,42.17529296875
3857206,51.26953125
3857319,42.05322265625
3857329,49.8046875
3857368,44.7998046875
3857384,64.88037109375
3857398,73.974609375
3857423,57.9833984375
3857449,45.47119140625
3857482,41.93115234375
3857495,47.607421875
3857553,69.4580078125
3861941,54.38232421875
3862088,49.74365234375
3862122,44.61669921875
3871856,42.90771484375
3874940,45.7763671875
3877514,58.53271484375
3878690,42.90771484375
3879634,46.630859375
3886621,44.5556640625
3888266,43.27392578125
3888323,68.2373046875
3888339,60.1806640625
3888386,76.2939453125
3888436,44.73876953125
3888453,65.73486328125
3888486,43.51806640625
3888544,46.5087890625
3888569,54.74853515625
3888609,62.8662109375
3888627,52.18505859375
3888872,60.97412109375
3889738,42.1142578125
3889813,61.09619140625
3889833,57.67822265625
3889858,54.01611328125
3889872,58.77685546875
3889990,41.50390625
3890865,48.88916015625
3890942,62.01171875
3891328,58.53271484375
3891563,47.607421875
3891642,46.44775390625
3891677,64.0869140625
3891691,55.419921875
3892039,41.56494140625
3893033,50.96435546875
3893086,47.30224609375
3893263,64.453125
3893396,62.68310546875
3893424,49.62158203125
3893567,44.12841796875
3893592,42.1142578125
3893715,43.701171875
3893738,51.57470703125
3893861,55.2978515625
3893883,65.5517578125
3894168,43.5791015625
3894815,41.80908203125
3894896,41.80908203125
3895171,46.81396484375
3896541,44.5556640625
3896574,49.4384765625
3896946,43.02978515625
3897173,43.15185546875
3897352,42.17529296875
3897762,41.3818359375
3898267,51.45263671875
3898434,47.54638671875
3898687,41.8701171875
3898943,42.90771484375
3899162,42.41943359375
3899186,45.41015625
3899352,42.78564453125
3899666,50.1708984375
3900069,67.93212890625
3900380,43.27392578125
3900411,51.513671875
3900445,42.66357421875
3900573,44.98291015625
3903304,45.166015625
3903869,50.23193359375
3904041,45.0439453125
3904766,49.6826171875
3905085,45.7763671875
3905721,42.54150390625
3906501,43.39599609375
3907152,47.30224609375
3907842,43.76220703125
3907978,50.35400390625
3908039,61.95068359375
3908156,41.50390625
3908202,41.748046875
3908306,48.7060546875
3908947,43.02978515625
3909805,42.05322265625
3911161,42.05322265625
3912781,50.78125
3913555,43.88427734375
3914670,50.96435546875
3915391,42.90771484375
3915900,45.5322265625
3916640,42.6025390625
3918046,44.25048828125
3920378,47.91259765625
3921395,43.15185546875
3922579,41.8701171875
3923697,43.39599609375
3924277,41.32080078125
3926314,41.93115234375
3928017,41.32080078125
3930699,44.61669921875
3931514,44.98291015625
3931762,44.86083984375
3932654,45.47119140625
3932886,55.419921875
3932971,48.52294921875
3933092,60.791015625
3933130,48.33984375
3937393,47.8515625
3937967,43.45703125
3938106,42.17529296875
3940190,44.677734375
3941207,56.82373046875
3941495,44.677734375
3941641,50.78125
3941826,57.861328125
3943359,43.0908203125
3944397,46.81396484375
3944623,47.05810546875
3944663,41.93115234375
3944691,51.1474609375
3944712,54.443359375
3944731,77.33154296875
3944760,54.443359375
3944801,49.13330078125
3944826,45.59326171875
3944836,54.74853515625
3944891,42.3583984375
3948569,46.20361328125
3949290,46.5087890625
3949321,47.66845703125
3949378,46.630859375
3949398,46.630859375
3949496,45.47119140625
3949592,41.748046875
3949678,49.072265625
3954703,41.68701171875
3954760,45.71533203125
3954829,51.20849609375
3954839,49.49951171875
3954890,47.4853515625
3954904,51.1474609375
3954956,42.78564453125
3954969,52.30712890625
3955029,41.44287109375
3955043,42.1142578125
3960890,48.095703125
3963687,45.166015625
3965479,43.3349609375
3968392,47.79052734375
3968450,66.71142578125
3968496,42.236328125
3968552,42.90771484375
3968568,57.7392578125
3970499,46.93603515625
3975584,43.8232421875
3975880,48.2177734375
3975943,47.18017578125
3979021,43.27392578125
3979049,45.83740234375
3979228,42.17529296875
3980425,43.212890625
3981218,45.59326171875
3981415,44.61669921875
3981510,65.49072265625
3981544,46.93603515625
3981592,43.51806640625
3981620,47.7294921875
3981747,44.12841796875
3985094,46.875
3985112,41.3818359375
3985173,43.51806640625
3985215,43.39599609375
3985269,54.38232421875
3985334,53.16162109375
3985421,42.41943359375
3985516,75.927734375
3989041,48.88916015625
3989098,44.37255859375
3989162,56.396484375
3989215,50.47607421875
3989256,44.98291015625
3989298,54.74853515625
3989382,43.39599609375
3989424,44.3115234375
3989448,56.5185546875
3993468,46.56982421875
3993886,47.8515625
3993990,52.978515625
3994025,48.03466796875
3994037,55.6640625
3994065,55.72509765625
3994085,49.74365234375
3994109,61.1572265625
3994121,66.0400390625
3994164,53.466796875
3994190,44.37255859375
3994203,73.8525390625
3994248,52.42919921875
3994274,42.41943359375
3997478,43.64013671875
3997896,42.41943359375
3998379,47.66845703125
3999340,44.49462890625
3999637,50.35400390625
3999665,54.13818359375
3999702,48.095703125
3999757,64.02587890625
3999775,43.64013671875
3999824,44.0673828125
3999857,41.93115234375
3999913,41.44287109375
3999970,42.6025390625
4005341,46.08154296875
4005388,49.13330078125
4005457,73.05908203125
4005490,66.89453125
4005535,45.71533203125
4005560,44.0673828125
4005594,44.0673828125
4010947,43.0908203125
4011029,67.626953125
4011068,44.189453125
4011106,46.08154296875
4011174,47.2412109375
4011192,55.96923828125
4011202,46.44775390625
4014844,44.677734375
4016257,42.66357421875
4016315,42.54150390625
4016334,49.01123046875
4016361,48.9501953125
4016395,55.11474609375
4016409,50.9033203125
4016455,78.7353515625
4016476,41.50390625
4016509,47.54638671875
4016532,59.6923828125
4016563,57.4951171875
4016587,43.45703125
4021766,42.66357421875
4021998,55.84716796875
4022038,47.79052734375
4022067,46.630859375
4022101,44.25048828125
4022123,56.640625
4022157,47.2412109375
4022171,46.93603515625
4022297,49.25537109375
4025693,42.54150390625
4028369,47.42431640625
4028393,54.87060546875
4028411,44.86083984375
4028428,51.513671875
4028458,49.01123046875
4028484,54.3212890625
4028528,52.55126953125
4028543,49.74365234375
4028579,46.2646484375
4028672,42.48046875
4034407,45.10498046875
4034570,42.54150390625
4034583,66.650390625
4034607,43.9453125
4034618,79.77294921875
4034658,43.27392578125
4034689,53.52783203125
4034765,51.025390625
4034797,43.76220703125
4040903,50.96435546875
4041021,43.27392578125
4041053,54.19921875
4041087,73.73046875
4041156,42.17529296875
4041179,41.80908203125
4041194,61.46240234375
4047617,41.3818359375
4047657,53.955078125
4047714,46.69189453125
4047758,54.99267578125
4047778,55.6640625
4047812,51.08642578125
4054127,42.3583984375
4054319,47.119140625
4054359,55.6640625
4054406,44.189453125
4054424,47.9736328125
4054522,47.54638671875
4054617,44.49462890625
4060733,44.677734375
4060917,86.12060546875
4060932,46.38671875
4060967,51.81884765625
4061017,57.4951171875
4061033,50.96435546875
4061080,44.86083984375
4061110,62.80517578125
4066472,41.32080078125
4067429,44.12841796875
4067442,41.748046875
4067475,52.001953125
4067532,56.57958984375
4067576,44.37255859375
4067630,45.41015625
4067647,47.54638671875
4067705,42.29736328125
4073927,47.30224609375
4074014,42.90771484375
4074053,57.4951171875
4074100,66.2841796875
4074156,47.36328125
4074225,60.60791015625
4074255,46.44775390625
4080529,41.32080078125
4080542,51.8798828125
4080644,61.34033203125
4080704,52.3681640625
4080735,53.1005859375
4080761,41.80908203125
4080772,46.630859375
4080951,46.08154296875
4087515,50.78125
4087596,42.78564453125
4087626,76.11083984375
4087638,48.15673828125
4087674,53.955078125
4087696,48.583984375
4087737,62.07275390625
4087761,49.1943359375
4087866,44.61669921875
4093999,42.54150390625
4094409,70.61767578125
4094499,72.509765625
4094512,43.39599609375
4094541,50.78125
4094628,41.56494140625
4101369,48.7060546875
4101405,70.556640625
4101427,46.875
4101441,62.01171875
4101485,51.81884765625
4101528,44.61669921875
4101569,59.14306640625
4101588,45.47119140625
4101613,45.41015625
4101738,51.025390625
4108007,52.978515625
4108333,47.18017578125
4108352,42.78564453125
4108438,41.3818359375
4108449,67.2607421875
4108491,42.236328125
4108502,43.88427734375
4108524,46.20361328125
4108563,49.13330078125
4108623,42.724609375
4108676,42.54150390625
4115546,46.81396484375
4115591,43.9453125
4115641,66.2841796875
4115665,43.5791015625
4115707,41.50390625
4115732,44.189453125
4115758,46.38671875
4115816,42.8466796875
4122883,42.05322265625
4123093,45.71533203125
4123122,41.68701171875
4123203,45.166015625
4123234,45.7763671875
4123297,58.89892578125
4123340,45.654296875
4123387,41.32080078125
4123500,42.1142578125
4130588,45.59326171875
4130733,43.15185546875
4130861,67.93212890625
4130907,54.5654296875
4130935,53.89404296875
4130952,52.67333984375
4130971,44.12841796875
4131023,47.54638671875
4131062,41.93115234375
4131083,46.875
4131121,42.724609375
4138341,46.38671875
4138497,45.5322265625
4138589,45.22705078125
4138642,45.10498046875
4138656,61.767578125
4138750,71.83837890625
4138769,57.92236328125
4138820,42.48046875
4138868,46.142578125
4139051,41.56494140625
4146572,42.90771484375
4146732,47.79052734375
4146824,42.66357421875
4146852,67.2607421875
4146888,47.42431640625
4146931,47.119140625
4146987,46.56982421875
4147026,47.7294921875
4147054,50.78125
4147087,46.93603515625
4147196,46.2646484375
4155530,42.1142578125
4155580,42.90771484375
4155692,47.79052734375
4155731,46.7529296875
4155766,58.2275390625
4155776,52.734375
4155813,46.9970703125
4155873,42.96875
4155900,46.81396484375
4155922,54.62646484375
4155972,45.166015625
4163773,48.2177734375
4164002,46.5087890625
4164080,55.35888671875
4164116,59.75341796875
4164165,51.26953125
4164188,95.03173828125
4164261,42.8466796875
4164303,60.791015625
4164317,46.0205078125
4164359,51.94091796875
4164492,43.51806640625
4173648,54.74853515625
4173664,52.978515625
4173696,72.1435546875
4173732,61.1572265625
4173749,47.54638671875
4173779,45.7763671875
4173818,52.6123046875
4183788,44.189453125
4183946,44.86083984375
4183978,55.11474609375
4184008,68.2373046875
4184030,48.40087890625
4184077,78.55224609375
4184121,43.27392578125
4184179,42.236328125
4184671,42.17529296875
4194512,46.9970703125
4194702,43.5791015625
4194734,66.0400390625
4194750,47.05810546875
4194788,57.6171875
4194811,51.94091796875
4194830,52.490234375
4194854,49.1943359375
4194903,57.4951171875
4194923,42.6025390625
4194966,42.05322265625
4195167,45.59326171875
4207444,57.0068359375
4207476,46.93603515625
4207545,70.12939453125
4207587,52.1240234375
4207599,57.7392578125
4207614,43.15185546875
4207640,53.5888671875
4207673,80.078125
4207697,53.1005859375
4207711,54.6875
4207724,49.8046875
4207797,46.2646484375
4208186,45.34912109375
4221525,46.7529296875
4221540,49.6826171875
4221580,50.9033203125
4221650,43.0908203125
4221702,47.36328125
4221722,50.78125
4221759,51.513671875
4221808,52.734375
4221894,44.43359375
4221916,43.0908203125
4222010,51.3916015625
4222144,45.8984375
4236466,67.5048828125
4236530,46.7529296875
4236566,42.54150390625
4236585,104.55322265625
4236626,60.302734375
4236645,57.18994140625
4236679,42.29736328125
4236689,56.7626953125
4236709,55.908203125
4236728,46.630859375
4236784,47.42431640625
4236870,42.78564453125
4242577,44.00634765625
4242827,67.68798828125
4242902,52.6123046875
4242953,45.22705078125
4243045,41.8701171875
4243099,50.78125
4256459,45.95947265625
4256546,70.25146484375
4256562,41.80908203125
4256596,63.65966796875
4256644,78.91845703125
4256654,48.88916015625
4256698,66.34521484375
4256710,41.50390625
4256741,54.443359375
4256753,51.1474609375
4256772,43.45703125
4256788,41.56494140625
4256874,43.27392578125
4256984,44.98291015625
4273355,42.3583984375
4273378,61.03515625
4273403,41.9921875
4273437,51.1474609375
4273458,55.419921875
4273475,46.38671875
4273495,50.1708984375
4273529,54.62646484375
4273555,51.08642578125
4273592,59.5703125
4273612,41.9921875
4273623,56.70166015625
4273682,48.76708984375
4273738,49.560546875
4273753,44.37255859375
4278701,47.66845703125
4279144,65.97900390625
4279727,52.06298828125
4279799,49.13330078125
4296784,44.49462890625
4296844,42.1142578125
4296855,49.8046875
4296896,46.69189453125
4296919,57.55615234375
4296942,53.5888671875
4296969,46.142578125
4297002,87.21923828125
4297027,49.560546875
4297042,42.17529296875
4297096,47.79052734375
4297107,55.11474609375
4297159,60.36376953125
4297194,46.5087890625
4297245,52.6123046875
4318107,47.119140625
4318147,62.07275390625
4318168,45.166015625
4318207,42.78564453125
4318233,41.50390625
4318247,41.8701171875
4318280,43.5791015625
4318290,46.56982421875
4318317,63.29345703125
4318354,58.837890625
4318380,75.98876953125
4318424,43.5791015625
4318435,52.6123046875
4318466,57.373046875
4318497,45.95947265625
4318517,51.6357421875
4318565,43.27392578125
4318595,45.95947265625
4319800,41.748046875
4319996,42.724609375
4322541,44.12841796875
4324050,42.96875
4324382,45.59326171875
4324427,41.44287109375
4324540,41.3818359375
4324778,41.6259765625
4324924,41.68701171875
4325014,53.64990234375
4325077,47.54638671875
4325106,44.189453125
4363312,43.27392578125
4378836,45.41015625
4390038,42.17529296875
4405849,41.8701171875
4407594,41.8701171875
4412237,44.5556640625
4414585,43.3349609375
4415936,46.20361328125
4422985,43.02978515625
4425797,46.81396484375
4426097,41.6259765625
4428184,43.3349609375
4431376,43.51806640625
4435527,51.08642578125
4437699,45.5322265625
4442798,42.8466796875
4458083,42.66357421875
4465338,42.29736328125
4465676,43.51806640625
4467436,42.54150390625
4472333,44.0673828125
4474316,41.8701171875
4476470,41.3818359375
4478041,44.98291015625
4481108,45.8984375
4483683,43.8232421875
4483917,41.3818359375
4485712,42.17529296875
4487138,41.50390625
4501883,44.43359375
4509690,44.00634765625
4512459,44.49462890625
4513332,42.6025390625
4513363,44.677734375
4519498,42.29736328125
4530502,42.90771484375
4534062,46.32568359375
4534626,42.48046875
4535286,44.0673828125
4535363,47.607421875
4535466,45.41015625
4535492,41.6259765625
4535525,42.96875
4535560,52.8564453125
4535710,42.41943359375
4535939,43.02978515625
4536164,44.0673828125
4536428,41.8701171875
4539499,42.78564453125
4539804,43.76220703125
4541530,44.3115234375
4542612,43.212890625
4544238,47.7294921875
4544380,45.71533203125
4544424,49.072265625
4548180,41.68701171875
4550168,49.86572265625
4551396,43.9453125
4551934,44.189453125
4560261,42.8466796875
4561266,41.56494140625
4570735,43.02978515625
4590519,41.44287109375
4605695,41.44287109375
4615680,43.15185546875
4622854,44.37255859375
4624366,45.59326171875
4649595,41.32080078125
4656964,45.71533203125
4668371,45.0439453125
4670738,42.3583984375
4671169,43.0908203125
4678313,42.90771484375
4678614,50.78125
4683795,49.4384765625
4683826,43.15185546875
4685297,41.68701171875
4686716,47.2412109375
4688632,51.94091796875
4688702,44.677734375
4688726,55.11474609375
4689956,42.8466796875
4697676,41.44287109375
4704848,42.54150390625
4707772,41.80908203125
4709432,41.32080078125
4712041,42.236328125
4712516,43.15185546875
4719919,41.56494140625
4720398,45.7763671875
4723978,49.6826171875
4734257,42.29736328125
4737742,45.71533203125
4741154,41.748046875
4753228,45.654296875
4753372,46.56982421875
4755121,46.20361328125
4759642,61.4013671875
4760891,42.54150390625
4761596,44.25048828125
4763504,42.48046875
4763647,46.81396484375
4766086,48.64501953125
4768331,41.8701171875
4774582,49.072265625
4775627,42.05322265625
4778721,42.1142578125
4788434,48.9501953125
4791011,46.20361328125
4797026,44.921875
