4799201,0
43905,44.25048828125
47973,37.59765625
76420,35.5224609375
102081,33.38623046875
103997,32.16552734375
104033,37.59765625
104178,36.2548828125
187397,44.73876953125
219810,35.21728515625
219854,39.73388671875
220414,36.31591796875
225875,36.376953125
225913,38.9404296875
225968,35.2783203125
226235,34.1796875
259664,47.66845703125
259709,37.29248046875
259770,33.203125
259815,33.38623046875
260616,39.36767578125
260922,32.5927734375
362309,33.26416015625
362346,34.66796875
363364,33.5693359375
363847,40.22216796875
432412,34.97314453125
433256,33.447265625
433280,40.83251953125
433314,35.46142578125
434040,32.53173828125
434448,32.3486328125
434617,32.65380859375
439084,37.65869140625
439150,32.2265625
439228,38.14697265625
439355,32.53173828125
439748,32.65380859375
440222,33.63037109375
501677,35.94970703125
501715,59.26513671875
501755,50.6591796875
502492,34.24072265625
502594,41.44287109375
502730,41.56494140625
503048,37.109375
570526,37.2314453125
570558,37.59765625
571140,36.56005859375
571254,33.69140625
571443,33.63037109375
571725,32.16552734375
589450,34.7900390625
589486,38.87939453125
589530,34.66796875
590202,36.43798828125
590929,34.11865234375
640764,44.98291015625
640797,45.41015625
640814,36.92626953125
640830,33.8134765625
641434,36.376953125
642041,33.5693359375
642292,37.2314453125
661876,37.78076171875
661929,41.68701171875
662057,35.5224609375
662843,35.21728515625
663546,38.02490234375
715818,42.90771484375
715858,48.2177734375
715871,36.43798828125
715882,32.71484375
716648,35.46142578125
814098,35.888671875
814138,41.8701171875
1035419,42.54150390625
1035479,34.72900390625
1035562,35.400390625
1098666,37.9638671875
1098709,32.5927734375
1098748,37.4755859375
1098914,34.1796875
1190706,43.88427734375
1190756,36.92626953125
1190868,36.31591796875
1191100,36.56005859375
1265610,45.47119140625
1265660,39.61181640625
1265737,33.75244140625
1319292,41.32080078125
1319332,35.58349609375
1319759,33.935546875
1399771,39.00146484375
1399803,51.08642578125
1399884,32.2265625
1400167,32.5927734375
1480198,32.2265625
1480220,45.34912109375
1480253,45.71533203125
1480289,33.8134765625
1577437,59.326171875
1577479,39.61181640625
1577543,36.19384765625
1673858,53.7109375
1673888,40.10009765625
1673922,33.447265625
1769089,60.791015625
1769123,32.65380859375
1769797,36.80419921875
1769919,37.7197265625
1854266,42.17529296875
1854303,40.771484375
1854330,40.6494140625
1854365,33.69140625
1854941,35.46142578125
1855142,32.3486328125
1855350,41.3818359375
1943687,47.7294921875
1943720,36.0107421875
1943751,33.203125
1944460,39.9169921875
1944755,34.5458984375
1944996,42.1142578125
1948971,35.2783203125
1949047,40.10009765625
1949133,32.89794921875
1949249,32.958984375
1949410,36.376953125
1949976,34.3017578125
2029091,40.71044921875
2029138,40.10009765625
2029248,36.31591796875
2029879,35.58349609375
2030204,33.63037109375
2030364,33.5693359375
2131811,44.189453125
2131851,54.931640625
2131884,33.50830078125
2132012,33.26416015625
2132485,32.65380859375
2132611,33.75244140625
2239121,32.3486328125
2285439,52.24609375
2285470,45.59326171875
2286070,35.94970703125
2286222,33.38623046875
2286479,33.3251953125
2398531,46.0205078125
2398547,47.7294921875
2398561,35.94970703125
2398584,32.65380859375
2399390,36.92626953125
2399897,33.50830078125
2420042,35.64453125
2420676,33.5693359375
2421265,33.8134765625
2421363,37.7197265625
2541059,32.3486328125
2541100,36.62109375
2541790,37.2314453125
2542150,33.3251953125
2542454,36.4990234375
2617959,36.07177734375
2617989,43.27392578125
2618636,38.39111328125
2619024,34.5458984375
2743020,32.16552734375
2743064,44.00634765625
2743105,43.701171875
2743956,32.8369140625
2853070,36.07177734375
2853101,35.64453125
2853548,32.40966796875
2853665,33.447265625
2854093,39.55078125
2975383,54.99267578125
2975413,44.98291015625
2975473,34.5458984375
2975912,34.11865234375
2976114,33.87451171875
2976417,32.958984375
3104848,40.58837890625
3104867,32.65380859375
3105550,32.28759765625
3105830,34.60693359375
3106116,34.85107421875
3191978,33.38623046875
3192010,46.875
3192039,50.048828125
3192530,35.94970703125
3192958,34.48486328125
3193047,32.16552734375
3193456,35.82763671875
3327994,53.5888671875
3328021,44.189453125
3328629,34.48486328125
3328858,33.87451171875
3329192,33.0810546875
3423508,34.66796875
3423548,32.8369140625
3423579,33.75244140625
3423622,32.16552734375
3424211,35.0341796875
3424438,34.7900390625
3424560,32.77587890625
3476473,41.68701171875
3476503,35.82763671875
3477293,37.78076171875
3477383,36.68212890625
3477849,38.2080078125
3660239,44.921875
3660294,33.50830078125
3660985,33.5693359375
3661080,34.912109375
3661145,32.3486328125
3661389,33.14208984375
3729719,33.75244140625
3729790,44.5556640625
3729821,37.7197265625
3730438,37.2314453125
3730615,35.64453125
3731314,33.935546875
3896642,50.9033203125
3896669,38.87939453125
3896696,34.423828125
3897233,34.48486328125
3897433,34.36279296875
3897614,32.77587890625
4044005,33.26416015625
4044054,54.99267578125
4044083,36.4990234375
4044820,33.203125
4045424,32.53173828125
4175020,51.1474609375
4175048,48.2177734375
4175792,39.61181640625
4176400,32.40966796875
4266216,40.8935546875
4266243,34.97314453125
4266943,33.3251953125
4267505,32.71484375
4267669,32.53173828125
4267797,32.470703125
4268081,34.24072265625
4421936,33.26416015625
4428944,38.02490234375
4428976,46.5087890625
4428999,33.935546875
4429975,33.8134765625
4430093,34.66796875
4430309,34.7900390625
4530345,32.40966796875
4564368,36.62109375
4564409,36.07177734375
4565430,32.8369140625
4566646,39.12353515625
4661211,32.470703125
4661269,48.03466796875
4661295,33.38623046875
4661320,35.5224609375
4662198,40.10009765625
4662315,34.423828125
4662612,33.5693359375
4663190,42.78564453125
4663291,35.64453125
4663427,37.9638671875
