4799201,0
12151,44.98291015625
12182,50.23193359375
12205,33.14208984375
12220,51.69677734375
12237,139.70947265625
12254,72.6318359375
12272,42.29736328125
12303,77.33154296875
12324,165.771484375
12359,90.33203125
12379,161.43798828125
12400,148.98681640625
12410,53.16162109375
12426,248.84033203125
12441,165.0390625
12452,170.0439453125
12466,222.5341796875
12489,128.72314453125
12511,356.8115234375
12526,157.958984375
12547,187.255859375
12561,125.9765625
12591,172.4853515625
12608,130.4931640625
12619,36.43798828125
12629,56.45751953125
12639,87.70751953125
12663,91.49169921875
12693,85.14404296875
12709,47.7294921875
12720,107.91015625
12744,39.1845703125
12755,139.7705078125
12783,57.0068359375
12793,45.2880859375
12808,102.4169921875
12827,60.791015625
12843,42.66357421875
12866,91.30859375
12883,50.9033203125
12899,65.12451171875
12917,122.802734375
12942,41.80908203125
12964,108.0322265625
13003,34.7900390625
13020,90.6982421875
13038,35.09521484375
13052,39.00146484375
13065,33.50830078125
13082,124.81689453125
13122,44.49462890625
13152,99.7314453125
13191,33.5693359375
13211,33.99658203125
13242,122.1923828125
13262,47.9736328125
13306,131.65283203125
13334,42.78564453125
13362,39.55078125
13377,120.1171875
13394,37.29248046875
13406,35.21728515625
13439,36.1328125
13461,132.9345703125
13510,37.78076171875
13521,35.94970703125
13560,131.77490234375
13644,35.888671875
13673,33.14208984375
13688,34.24072265625
13719,34.66796875
13772,124.1455078125
13839,58.89892578125
13919,113.70849609375
14086,48.33984375
14236,127.50244140625
14386,50.35400390625
14464,124.69482421875
44053,36.4990234375
126077,49.560546875
126109,33.203125
126150,54.5654296875
126164,54.3212890625
126180,148.98681640625
126195,66.46728515625
126223,42.8466796875
126240,46.56982421875
126251,188.17138671875
126277,72.021484375
126288,90.14892578125
126316,144.775390625
126335,143.12744140625
126356,201.23291015625
126370,86.9140625
126396,319.27490234375
126414,135.009765625
126427,82.03125
126458,160.888671875
126483,181.45751953125
126494,47.7294921875
126508,75.1953125
126525,167.724609375
126558,79.65087890625
126569,73.486328125
126583,59.50927734375
126593,77.45361328125
126617,47.30224609375
126629,94.970703125
126641,50.23193359375
126656,117.00439453125
126679,67.87109375
126703,57.67822265625
126719,88.9892578125
126729,42.236328125
126760,115.90576171875
126785,56.70166015625
126806,96.435546875
126867,101.1962890625
126889,42.48046875
126902,33.14208984375
126916,52.24609375
126928,66.0400390625
126943,52.24609375
126980,139.46533203125
126993,53.89404296875
127005,38.0859375
127028,38.63525390625
127048,123.779296875
127065,36.865234375
127078,50.47607421875
127094,57.2509765625
127114,121.2158203125
127183,127.01416015625
127199,35.15625
127248,107.666015625
127271,35.70556640625
127314,54.6875
127327,156.982421875
127408,122.98583984375
127468,36.9873046875
127510,130.67626953125
127548,32.65380859375
127665,47.9736328125
127678,128.60107421875
127846,116.14990234375
127993,37.2314453125
128022,36.865234375
128059,121.58203125
128301,60.546875
128963,32.16552734375
139589,32.53173828125
205052,45.22705078125
231265,32.28759765625
231337,39.9169921875
231379,58.65478515625
231405,51.025390625
231433,155.57861328125
231444,50.59814453125
231473,48.33984375
231499,54.3212890625
231529,200.98876953125
231562,74.40185546875
231573,113.6474609375
231590,178.89404296875
231606,150.390625
231617,161.56005859375
231640,175.59814453125
231655,54.8095703125
231669,286.56005859375
231691,118.65234375
231714,278.74755859375
231746,201.416015625
231775,186.1572265625
231798,134.765625
231824,76.416015625
231839,68.7255859375
231868,75.68359375
231895,74.0966796875
231917,57.6171875
231930,83.984375
231946,37.04833984375
231965,39.00146484375
231975,73.30322265625
231990,39.36767578125
232002,112.6708984375
232027,53.64990234375
232046,45.166015625
232063,90.63720703125
232096,36.7431640625
232107,110.65673828125
232123,33.935546875
232156,96.923828125
232187,44.0673828125
232199,54.74853515625
232216,127.8076171875
232236,52.79541015625
232280,114.501953125
232338,112.12158203125
232385,57.6171875
232411,121.4599609375
232441,39.73388671875
232459,34.7900390625
232499,33.8134765625
232516,62.31689453125
232526,54.50439453125
232574,111.99951171875
232613,39.00146484375
232632,38.75732421875
232649,125.42724609375
232731,123.59619140625
232835,135.31494140625
232857,33.8134765625
232950,62.1337890625
232973,121.09375
233088,113.28125
233113,70.80078125
233219,39.73388671875
233254,35.09521484375
233431,50.96435546875
233508,112.79296875
233660,53.28369140625
233856,36.19384765625
257900,32.8369140625
258237,33.0810546875
263064,32.1044921875
357612,32.958984375
357648,35.21728515625
357690,35.70556640625
357713,33.0810546875
357728,49.560546875
357746,38.57421875
357757,76.171875
357792,154.35791015625
357812,47.9736328125
357839,68.2373046875
357857,71.10595703125
357870,221.49658203125
357893,67.44384765625
357913,80.6884765625
357929,199.951171875
357940,105.3466796875
357955,111.99951171875
357968,238.34228515625
357988,174.62158203125
358005,137.20703125
358027,91.12548828125
358047,135.68115234375
358074,234.7412109375
358086,58.04443359375
358101,34.912109375
358112,110.7177734375
358129,73.30322265625
358152,37.841796875
358166,78.61328125
358183,78.79638671875
358202,61.4013671875
358228,47.05810546875
358248,118.95751953125
358275,62.80517578125
358320,60.9130859375
358363,69.76318359375
358386,93.6279296875
358410,62.6220703125
358438,88.43994140625
358470,38.0859375
358493,128.90625
358521,41.1376953125
358533,36.376953125
358548,126.64794921875
358584,40.1611328125
358605,108.5205078125
358655,61.46240234375
358668,101.318359375
358703,35.33935546875
358739,144.47021484375
358749,41.07666015625
358768,33.38623046875
358800,42.6025390625
358817,125.9765625
358897,127.50244140625
358911,41.93115234375
358925,43.88427734375
358972,110.90087890625
359028,32.28759765625
359061,113.22021484375
359140,106.201171875
359195,41.50390625
359208,38.51318359375
359245,144.83642578125
359347,105.40771484375
359559,33.75244140625
359734,101.5625
359751,40.4052734375
359796,33.935546875
360000,50.1708984375
362330,32.470703125
364850,35.2783203125
460355,34.11865234375
460431,49.01123046875
460462,53.3447265625
460491,174.560546875
460506,46.44775390625
460522,40.58837890625
460532,54.26025390625
460558,36.56005859375
460570,56.396484375
460594,177.8564453125
460610,56.0302734375
460624,67.07763671875
460642,57.92236328125
460656,64.8193359375
460670,190.12451171875
460682,48.03466796875
460695,301.45263671875
460734,278.4423828125
460764,167.236328125
460775,225.64697265625
460806,196.4111328125
460818,51.81884765625
460831,150.2685546875
460844,52.91748046875
460859,132.26318359375
460881,76.35498046875
460897,80.50537109375
460914,86.24267578125
460929,104.00390625
460942,73.54736328125
460959,94.17724609375
460979,40.83251953125
460991,100.2197265625
461018,56.15234375
461035,86.97509765625
461048,61.6455078125
461076,113.28125
461103,48.27880859375
461123,108.70361328125
461147,60.11962890625
461158,65.12451171875
461173,112.060546875
461196,47.42431640625
461207,32.958984375
461229,128.84521484375
461284,108.3984375
461304,65.00244140625
461352,109.06982421875
461369,55.7861328125
461418,118.10302734375
461447,52.734375
461461,42.1142578125
461488,120.1171875
461500,35.33935546875
461512,35.70556640625
461522,36.80419921875
461552,128.23486328125
461622,119.93408203125
461650,37.04833984375
461706,110.9619140625
461753,35.09521484375
461775,44.677734375
461785,130.0048828125
461878,140.0146484375
461925,37.53662109375
462043,100.09765625
462078,63.4765625
462324,112.24365234375
462373,38.4521484375
462578,51.7578125
462635,120.54443359375
472542,33.87451171875
522148,36.43798828125
550744,35.82763671875
550803,55.84716796875
550829,62.744140625
550856,41.56494140625
550875,188.1103515625
550888,75.5615234375
550902,32.8369140625
550921,45.59326171875
550940,49.31640625
550961,194.88525390625
550988,70.61767578125
551007,38.02490234375
551032,166.9921875
551063,134.33837890625
551080,210.51025390625
551093,242.431640625
551120,172.42431640625
551130,215.75927734375
551145,80.26123046875
551173,289.4287109375
551187,51.8798828125
551202,211.97509765625
551216,137.451171875
551229,127.62451171875
551246,88.31787109375
551267,61.82861328125
551282,117.37060546875
551307,74.03564453125
551321,60.48583984375
551343,78.857421875
551366,72.509765625
551379,82.1533203125
551402,52.001953125
551414,74.52392578125
551434,57.92236328125
551467,109.19189453125
551477,44.86083984375
551493,58.837890625
551518,99.2431640625
551550,67.19970703125
551566,112.6708984375
551583,43.88427734375
551598,34.97314453125
551626,109.43603515625
551636,38.51318359375
551661,43.88427734375
551687,93.6279296875
551700,39.0625
551732,54.62646484375
551765,50.96435546875
551803,129.39453125
551814,35.15625
551848,35.15625
551869,39.00146484375
551883,130.67626953125
551895,33.75244140625
551922,33.38623046875
551940,32.71484375
551953,150.81787109375
552028,142.76123046875
552048,45.41015625
552088,51.025390625
552102,105.77392578125
552122,36.92626953125
552139,58.9599609375
552182,120.2392578125
552195,46.2646484375
552235,38.39111328125
552250,120.1171875
552271,37.53662109375
552333,51.08642578125
552344,173.27880859375
552468,128.23486328125
552495,53.1005859375
552590,110.107421875
552749,101.74560546875
552818,50.537109375
553060,59.63134765625
569595,32.65380859375
635087,35.0341796875
671813,34.36279296875
671966,38.330078125
671993,38.2080078125
672024,45.71533203125
672036,132.62939453125
672053,68.66455078125
672076,35.888671875
672098,52.6123046875
672116,43.701171875
672139,171.0205078125
672153,54.50439453125
672167,77.33154296875
672196,202.20947265625
672206,87.46337890625
672229,112.4267578125
672241,244.5068359375
672264,153.076171875
672277,234.7412109375
672315,340.39306640625
672329,171.2646484375
672348,163.14697265625
672364,133.7890625
672383,41.6259765625
672399,126.40380859375
672416,81.787109375
672433,68.54248046875
672450,43.51806640625
672471,104.18701171875
672493,50.23193359375
672503,86.73095703125
672530,44.0673828125
672541,67.626953125
672561,73.66943359375
672575,100.7080078125
672593,45.5322265625
672625,98.81591796875
672637,54.26025390625
672669,102.9052734375
672686,38.39111328125
672702,76.904296875
672724,103.02734375
672735,48.88916015625
672765,40.771484375
672789,156.43310546875
672807,37.7197265625
672844,61.58447265625
672854,136.3525390625
672912,135.43701171875
672942,44.98291015625
672959,53.8330078125
672975,121.2158203125
672988,42.3583984375
673013,32.04345703125
673031,36.2548828125
673042,126.03759765625
673059,58.837890625
673078,40.0390625
673110,103.271484375
673167,40.4052734375
673182,129.0283203125
673200,35.888671875
673239,61.6455078125
673274,168.51806640625
673305,35.64453125
673378,118.408203125
673409,37.109375
673445,33.75244140625
673485,33.935546875
673498,37.7197265625
673566,70.9228515625
673691,114.80712890625
673786,33.02001953125
673852,34.1796875
674036,126.708984375
674110,36.1328125
674125,55.72509765625
674910,37.2314453125
800794,33.26416015625
823433,39.55078125
823455,42.54150390625
823476,35.09521484375
823506,54.6875
823535,148.4375
823546,49.01123046875
823559,38.330078125
823590,55.60302734375
823617,178.22265625
823632,54.13818359375
823654,76.2939453125
823676,162.65869140625
823703,115.17333984375
823715,222.22900390625
823727,277.89306640625
823743,132.568359375
823758,275.32958984375
823774,72.8759765625
823796,339.17236328125
823821,205.2001953125
823852,180.2978515625
823864,34.85107421875
823880,112.79296875
823906,102.5390625
823942,87.158203125
823967,57.31201171875
823981,58.28857421875
823998,93.07861328125
824034,58.59375
824059,65.49072265625
824079,91.796875
824102,57.06787109375
824135,129.69970703125
824151,42.6025390625
824170,47.7294921875
824183,91.9189453125
824199,59.6923828125
824240,102.294921875
824267,33.0810546875
824284,143.73779296875
824328,48.15673828125
824339,84.5947265625
824379,41.259765625
824394,111.63330078125
824457,126.220703125
824481,39.55078125
824501,48.095703125
824526,122.55859375
824554,37.9638671875
824587,124.69482421875
824603,54.26025390625
824661,117.3095703125
824690,45.59326171875
824741,114.3798828125
824758,35.33935546875
824770,41.93115234375
824864,123.59619140625
824876,45.59326171875
824953,127.50244140625
824997,50.10986328125
825010,55.6640625
825043,135.55908203125
825162,136.3525390625
825342,110.53466796875
825558,52.978515625
825700,32.470703125
825870,55.5419921875
825976,41.9921875
866031,32.65380859375
942061,36.0107421875
942097,38.818359375
942164,34.85107421875
942188,42.54150390625
942211,186.34033203125
942228,76.11083984375
942264,65.91796875
942276,61.03515625
942302,56.2744140625
942318,151.91650390625
942340,41.93115234375
942351,85.99853515625
942384,155.029296875
942397,61.6455078125
942408,127.62451171875
942434,198.73046875
942450,85.75439453125
942463,233.21533203125
942481,67.626953125
942498,179.443359375
942523,156.982421875
942537,115.53955078125
942563,174.74365234375
942588,102.72216796875
942620,65.85693359375
942634,42.41943359375
942657,74.15771484375
942677,68.90869140625
942689,63.41552734375
942703,107.421875
942734,47.607421875
942744,76.23291015625
942771,67.626953125
942792,57.12890625
942807,40.46630859375
942839,101.9287109375
942855,40.1611328125
942879,33.99658203125
942896,33.69140625
942916,34.36279296875
942932,106.689453125
942961,38.330078125
942982,95.03173828125
943017,34.0576171875
943037,126.15966796875
943058,33.447265625
943072,49.560546875
943086,40.771484375
943111,110.41259765625
943133,34.11865234375
943149,50.96435546875
943180,88.68408203125
943221,33.87451171875
943240,115.90576171875
943268,35.82763671875
943278,43.88427734375
943311,99.79248046875
943322,45.71533203125
943375,134.521484375
943409,47.36328125
943427,40.95458984375
943439,111.81640625
943534,125.67138671875
943581,48.27880859375
943619,130.126953125
943636,32.1044921875
943696,48.33984375
943716,113.8916015625
943772,62.19482421875
943813,115.66162109375
943948,107.48291015625
943973,38.0859375
944128,126.46484375
944272,45.95947265625
944412,32.2265625
944554,68.42041015625
945377,43.51806640625
958808,37.353515625
960841,32.5927734375
974758,32.2265625
1079039,32.1044921875
1079108,41.50390625
1079145,41.93115234375
1079173,34.85107421875
1079186,74.0966796875
1079215,159.48486328125
1079236,59.08203125
1079260,41.07666015625
1079290,158.75244140625
1079328,107.48291015625
1079352,141.357421875
1079366,106.8115234375
1079384,62.80517578125
1079404,264.83154296875
1079416,156.79931640625
1079437,175.537109375
1079456,143.1884765625
1079466,200.25634765625
1079479,149.71923828125
1079515,231.201171875
1079527,108.82568359375
1079543,68.17626953125
1079557,88.7451171875
1079571,91.61376953125
1079598,85.8154296875
1079616,83.251953125
1079630,89.2333984375
1079657,123.84033203125
1079687,43.8232421875
1079710,51.3916015625
1079730,53.77197265625
1079745,46.875
1079759,87.70751953125
1079785,40.0390625
1079796,52.978515625
1079820,87.890625
1079831,43.8232421875
1079864,99.12109375
1079882,35.33935546875
1079892,36.07177734375
1079915,112.3046875
1079926,35.46142578125
1079954,38.9404296875
1079972,130.43212890625
1079991,64.27001953125
1080015,42.66357421875
1080041,124.69482421875
1080084,82.70263671875
1080104,133.4228515625
1080117,51.513671875
1080161,106.99462890625
1080179,48.88916015625
1080219,32.53173828125
1080229,126.52587890625
1080241,43.02978515625
1080262,36.56005859375
1080294,40.22216796875
1080310,111.38916015625
1080385,126.52587890625
1080456,51.7578125
1080467,76.59912109375
1080540,136.53564453125
1080584,35.7666015625
1080627,101.62353515625
1080706,46.142578125
1080733,38.39111328125
1080793,46.2646484375
1080850,103.21044921875
1080969,127.86865234375
1081151,32.8369140625
1081220,53.64990234375
1081311,125.42724609375
1081450,60.1806640625
1081537,32.5927734375
1099104,34.5458984375
1174231,33.935546875
1174339,37.841796875
1174382,44.7998046875
1174394,41.80908203125
1174413,167.96875
1174427,36.68212890625
1174450,108.88671875
1174461,58.837890625
1174487,41.9921875
1174501,45.34912109375
1174528,163.0859375
1174548,104.18701171875
1174564,74.64599609375
1174581,145.20263671875
1174601,96.37451171875
1174612,34.48486328125
1174625,202.94189453125
1174647,240.478515625
1174672,154.84619140625
1174687,103.82080078125
1174706,236.083984375
1174723,266.7236328125
1174756,158.447265625
1174769,157.8369140625
1174788,82.03125
1174810,90.14892578125
1174831,73.1201171875
1174845,87.7685546875
1174871,51.8798828125
1174890,83.19091796875
1174906,48.88916015625
1174919,111.38916015625
1174940,44.49462890625
1174955,102.294921875
1174976,47.36328125
1174988,68.05419921875
1175015,65.3076171875
1175044,104.67529296875
1175059,32.3486328125
1175091,100.9521484375
1175126,61.8896484375
1175139,100.64697265625
1175159,37.109375
1175171,38.57421875
1175182,42.41943359375
1175201,108.45947265625
1175212,40.8935546875
1175237,35.82763671875
1175256,120.78857421875
1175269,36.0107421875
1175299,57.31201171875
1175337,148.92578125
1175353,37.4755859375
1175400,102.5390625
1175412,57.92236328125
1175444,51.20849609375
1175465,106.62841796875
1175521,36.19384765625
1175533,62.19482421875
1175551,50.84228515625
1175580,36.7431640625
1175591,32.8369140625
1175605,120.17822265625
1175624,39.0625
1175687,104.00390625
1175776,134.6435546875
1175916,103.515625
1175940,37.90283203125
1175984,45.83740234375
1176108,128.96728515625
1176159,73.66943359375
1176370,37.17041015625
1176636,61.767578125
1176849,134.58251953125
1302850,43.212890625
1302865,37.4755859375
1302883,49.31640625
1302905,50.4150390625
1302929,190.61279296875
1302955,54.8095703125
1302982,65.36865234375
1303016,83.1298828125
1303032,132.62939453125
1303047,61.767578125
1303080,77.63671875
1303094,188.3544921875
1303136,203.79638671875
1303154,267.02880859375
1303182,141.54052734375
1303207,301.3916015625
1303235,210.8154296875
1303250,115.6005859375
1303271,106.0791015625
1303281,51.8798828125
1303303,80.87158203125
1303331,78.30810546875
1303352,73.18115234375
1303371,61.5234375
1303391,61.5234375
1303419,88.623046875
1303441,86.5478515625
1303458,88.07373046875
1303478,82.1533203125
1303491,48.40087890625
1303526,124.267578125
1303545,60.48583984375
1303574,98.14453125
1303595,35.70556640625
1303624,132.32421875
1303641,33.3251953125
1303651,40.4052734375
1303676,111.38916015625
1303702,49.13330078125
1303716,37.04833984375
1303738,145.3857421875
1303768,38.02490234375
1303791,93.81103515625
1303830,52.24609375
1303853,125.67138671875
1303897,41.50390625
1303913,105.04150390625
1303973,37.90283203125
1303986,154.84619140625
1304044,123.046875
1304061,40.283203125
1304086,42.1142578125
1304114,108.7646484375
1304176,129.33349609375
1304193,32.71484375
1304219,41.56494140625
1304315,34.72900390625
1304336,40.52734375
1304358,35.5224609375
1304424,33.3251953125
1304435,121.76513671875
1304479,60.9130859375
1304537,117.7978515625
1304801,128.35693359375
1304915,39.61181640625
1305152,61.6455078125
1305164,34.97314453125
1387627,34.5458984375
1387684,38.63525390625
1387701,37.90283203125
1387724,43.88427734375
1387743,38.9404296875
1387762,149.169921875
1387786,43.701171875
1387802,46.142578125
1387824,46.69189453125
1387841,47.8515625
1387866,192.9931640625
1387887,67.81005859375
1387906,44.00634765625
1387932,215.9423828125
1387952,68.4814453125
1387962,129.7607421875
1387977,165.283203125
1387996,206.60400390625
1388010,269.22607421875
1388040,174.31640625
1388066,287.41455078125
1388087,133.48388671875
1388100,114.19677734375
1388121,93.44482421875
1388131,100.2197265625
1388151,109.130859375
1388169,90.63720703125
1388181,70.73974609375
1388201,115.1123046875
1388234,64.697265625
1388247,131.7138671875
1388262,45.41015625
1388277,89.111328125
1388318,41.80908203125
1388328,57.4951171875
1388339,56.82373046875
1388369,99.30419921875
1388395,44.921875
1388416,101.07421875
1388433,39.12353515625
1388449,51.69677734375
1388466,111.38916015625
1388485,43.5791015625
1388526,138.00048828125
1388536,54.13818359375
1388559,39.0625
1388575,36.2548828125
1388590,139.22119140625
1388628,47.79052734375
1388642,115.966796875
1388661,36.07177734375
1388708,85.63232421875
1388721,54.50439453125
1388741,50.72021484375
1388762,106.3232421875
1388795,39.306640625
1388839,129.21142578125
1388893,131.7138671875
1388903,37.04833984375
1388929,32.65380859375
1388943,32.2265625
1388975,112.1826171875
1389049,113.525390625
1389122,34.0576171875
1389148,158.0810546875
1389161,32.5927734375
1389174,34.66796875
1389226,124.45068359375
1389268,54.0771484375
1389288,38.26904296875
1389345,38.51318359375
1389415,35.0341796875
1389436,124.32861328125
1389463,63.17138671875
1389628,34.60693359375
1389660,110.04638671875
1389808,33.63037109375
1389850,53.52783203125
1390141,63.5986328125
1390199,135.986328125
1543922,37.2314453125
1543953,35.82763671875
1543971,60.791015625
1543982,34.423828125
1544002,36.80419921875
1544030,38.39111328125
1544041,160.2783203125
1544065,49.4384765625
1544079,56.884765625
1544105,55.84716796875
1544130,149.59716796875
1544140,87.0361328125
1544153,38.6962890625
1544182,80.87158203125
1544198,174.072265625
1544209,111.328125
1544226,146.54541015625
1544247,131.591796875
1544259,201.59912109375
1544293,224.9755859375
1544303,289.36767578125
1544332,153.86962890625
1544368,146.240234375
1544384,167.54150390625
1544408,36.80419921875
1544429,80.01708984375
1544445,100.76904296875
1544465,41.748046875
1544487,138.18359375
1544502,51.45263671875
1544523,89.78271484375
1544543,53.40576171875
1544561,76.96533203125
1544589,40.71044921875
1544607,72.265625
1544620,59.02099609375
1544652,81.60400390625
1544672,64.27001953125
1544686,32.40966796875
1544698,52.42919921875
1544749,34.97314453125
1544765,119.2626953125
1544775,40.58837890625
1544795,52.978515625
1544813,46.5087890625
1544833,37.2314453125
1544854,39.4287109375
1544865,58.349609375
1544882,104.55322265625
1544911,55.23681640625
1544928,36.865234375
1544941,122.802734375
1545007,105.1025390625
1545074,109.619140625
1545139,89.05029296875
1545152,59.5703125
1545174,36.9873046875
1545204,151.42822265625
1545237,36.56005859375
1545289,104.43115234375
1545305,36.56005859375
1545364,34.11865234375
1545388,35.94970703125
1545441,47.54638671875
1545459,115.3564453125
1545570,135.68115234375
1545697,141.2353515625
1545854,112.79296875
1545894,32.89794921875
1546000,45.41015625
1546201,132.080078125
1546307,58.89892578125
1546365,32.16552734375
1666092,32.89794921875
1666113,36.62109375
1666137,42.96875
1666165,33.02001953125
1666180,32.77587890625
1666212,162.29248046875
1666234,78.79638671875
1666252,35.33935546875
1666281,49.25537109375
1666310,190.185546875
1666321,79.4677734375
1666355,139.58740234375
1666381,161.1328125
1666393,45.0439453125
1666416,118.22509765625
1666427,195.068359375
1666442,54.19921875
1666452,250.42724609375
1666488,326.35498046875
1666506,121.15478515625
1666522,149.84130859375
1666533,136.71875
1666550,110.77880859375
1666568,36.31591796875
1666578,81.23779296875
1666595,96.0693359375
1666614,91.85791015625
1666625,95.03173828125
1666642,103.33251953125
1666669,54.0771484375
1666679,89.9658203125
1666691,35.64453125
1666702,95.52001953125
1666729,61.58447265625
1666739,132.4462890625
1666770,75.74462890625
1666804,98.7548828125
1666821,59.38720703125
1666842,102.47802734375
1666865,47.30224609375
1666885,108.82568359375
1666914,39.00146484375
1666931,75.1953125
1666955,44.73876953125
1666969,36.1328125
1666991,124.3896484375
1667049,46.2646484375
1667073,41.07666015625
1667115,143.61572265625
1667151,39.55078125
1667172,114.3798828125
1667182,43.27392578125
1667208,35.82763671875
1667243,100.76904296875
1667271,34.3017578125
1667296,41.80908203125
1667323,47.2412109375
1667340,37.41455078125
1667350,33.02001953125
1667361,129.2724609375
1667434,111.6943359375
1667445,36.7431640625
1667472,58.77685546875
1667483,36.43798828125
1667514,126.52587890625
1667605,38.75732421875
1667714,117.0654296875
1667785,60.60791015625
1667843,118.408203125
1667965,79.28466796875
1668002,33.14208984375
1668148,119.81201171875
1668163,35.58349609375
1668406,80.6884765625
1668656,33.87451171875
1813979,34.24072265625
1814841,35.2783203125
1832238,34.7900390625
1832251,38.2080078125
1832281,40.283203125
1832311,142.51708984375
1832325,34.72900390625
1832342,36.68212890625
1832357,33.63037109375
1832389,40.34423828125
1832419,60.05859375
1832432,60.11962890625
1832447,68.29833984375
1832470,136.23046875
1832492,143.24951171875
1832507,107.72705078125
1832524,175.6591796875
1832545,168.701171875
1832571,93.56689453125
1832583,197.81494140625
1832600,129.45556640625
1832616,139.16015625
1832637,124.0234375
1832651,72.93701171875
1832668,99.18212890625
1832697,71.35009765625
1832707,77.57568359375
1832722,33.99658203125
1832734,92.529296875
1832763,119.384765625
1832781,58.59375
1832800,80.9326171875
1832825,130.7373046875
1832853,45.59326171875
1832867,83.19091796875
1832890,64.27001953125
1832923,112.60986328125
1832950,63.4765625
1832968,110.83984375
1833002,44.921875
1833029,81.9091796875
1833066,49.6826171875
1833087,93.26171875
1833143,104.79736328125
1833164,44.5556640625
1833179,35.33935546875
1833206,108.09326171875
1833220,34.72900390625
1833241,33.203125
1833263,32.470703125
1833299,42.17529296875
1833309,43.51806640625
1833342,140.68603515625
1833363,59.9365234375
1833407,125.30517578125
1833426,35.7666015625
1833475,121.27685546875
1833518,65.36865234375
1833535,112.24365234375
1833610,96.923828125
1833655,32.2265625
1833713,132.568359375
1833727,38.4521484375
1833796,96.74072265625
1833873,33.50830078125
1833891,134.521484375
1833963,49.74365234375
1834007,120.1171875
1834133,140.0146484375
1834182,47.42431640625
1834208,37.2314453125
1834228,33.02001953125
1834353,52.3681640625
1834581,33.75244140625
1852525,36.0107421875
1869692,32.04345703125
1882885,35.2783203125
1883203,34.3017578125
1903738,32.2265625
1907319,32.04345703125
1911846,34.5458984375
1946058,33.935546875
1963480,39.794921875
1963532,36.0107421875
1963564,47.9736328125
1963585,179.8095703125
1963600,46.08154296875
1963628,48.52294921875
1963657,69.51904296875
1963671,53.28369140625
1963690,204.4677734375
1963703,60.97412109375
1963720,42.96875
1963731,81.6650390625
1963750,129.150390625
1963775,89.599609375
1963802,169.189453125
1963828,238.1591796875
1963838,120.30029296875
1963861,158.38623046875
1963881,285.64453125
1963909,234.9853515625
1963923,143.6767578125
1963937,56.82373046875
1963951,80.13916015625
1963989,58.10546875
1964011,52.24609375
1964024,97.10693359375
1964042,53.03955078125
1964055,79.58984375
1964072,45.41015625
1964092,69.9462890625
1964110,142.27294921875
1964136,63.29345703125
1964173,119.32373046875
1964185,79.1015625
1964217,89.9658203125
1964229,45.2880859375
1964260,121.03271484375
1964286,42.236328125
1964315,87.158203125
1964326,38.39111328125
1964346,52.1240234375
1964371,110.3515625
1964407,32.53173828125
1964423,106.99462890625
1964447,47.05810546875
1964477,32.89794921875
1964505,47.607421875
1964520,46.32568359375
1964546,120.361328125
1964593,40.83251953125
1964605,138.5498046875
1964681,127.99072265625
1964692,71.22802734375
1964751,107.0556640625
1964769,62.19482421875
1964786,45.5322265625
1964822,39.794921875
1964855,54.26025390625
1964879,41.32080078125
1964893,119.2626953125
1964928,35.70556640625
1964996,113.76953125
1965024,57.9833984375
1965061,44.677734375
1965113,126.52587890625
1965188,35.888671875
1965244,59.87548828125
1965307,41.3818359375
1965420,122.0703125
1965566,117.24853515625
1965707,130.615234375
1965786,53.955078125
1974938,35.33935546875
2098986,35.70556640625
2099059,36.19384765625
2099089,33.75244140625
2099100,74.5849609375
2099125,161.9873046875
2099146,50.537109375
2099172,36.1328125
2099190,43.02978515625
2099218,39.85595703125
2099228,136.65771484375
2099247,100.28076171875
2099269,73.05908203125
2099298,147.3388671875
2099311,169.43359375
2099333,176.69677734375
2099344,174.74365234375
2099362,246.76513671875
2099391,191.22314453125
2099403,234.31396484375
2099431,202.81982421875
2099443,139.83154296875
2099457,64.63623046875
2099474,57.9833984375
2099488,100.2197265625
2099517,49.4384765625
2099532,43.76220703125
2099550,86.48681640625
2099571,54.74853515625
2099583,70.80078125
2099603,60.72998046875
2099615,111.75537109375
2099639,67.87109375
2099650,92.7734375
2099677,65.73486328125
2099705,114.013671875
2099717,38.87939453125
2099749,127.25830078125
2099772,37.17041015625
2099782,46.630859375
2099793,116.455078125
2099826,33.38623046875
2099841,144.83642578125
2099871,50.59814453125
2099901,115.90576171875
2099928,45.47119140625
2099964,145.99609375
2100006,59.99755859375
2100023,118.59130859375
2100036,39.4287109375
2100093,103.1494140625
2100114,45.47119140625
2100143,39.36767578125
2100162,138.97705078125
2100202,46.20361328125
2100237,119.81201171875
2100259,46.44775390625
2100311,109.619140625
2100360,44.0673828125
2100376,127.197265625
2100401,34.48486328125
2100453,146.6064453125
2100498,39.48974609375
2100526,44.00634765625
2100554,113.76953125
2100564,37.53662109375
2100617,34.11865234375
2100653,132.62939453125
2100670,95.52001953125
2100774,68.29833984375
2100849,71.10595703125
2100941,113.09814453125
2100957,41.6259765625
2101187,44.37255859375
2101464,32.470703125
2101483,125.3662109375
2112430,32.1044921875
2145828,33.87451171875
2170678,36.68212890625
2217246,32.65380859375
2217328,36.62109375
2217354,35.7666015625
2217381,77.63671875
2217403,130.06591796875
2217425,79.52880859375
2217458,48.15673828125
2217477,55.17578125
2217503,166.68701171875
2217514,100.52490234375
2217535,71.1669921875
2217555,41.015625
2217569,161.9873046875
2217587,138.48876953125
2217612,226.806640625
2217622,175.048828125
2217644,155.09033203125
2217658,190.5517578125
2217675,473.20556640625
2217691,141.05224609375
2217709,233.154296875
2217719,144.775390625
2217732,60.9130859375
2217752,102.96630859375
2217763,91.12548828125
2217779,77.33154296875
2217791,82.03125
2217806,136.65771484375
2217826,64.697265625
2217839,98.876953125
2217866,91.97998046875
2217884,53.7109375
2217902,83.43505859375
2217919,32.53173828125
2217937,116.0888671875
2217958,36.56005859375
2217995,131.65283203125
2218015,65.3076171875
2218041,107.36083984375
2218073,62.80517578125
2218092,87.7685546875
2218104,38.75732421875
2218135,60.1806640625
2218153,101.5625
2218169,61.21826171875
2218195,41.19873046875
2218213,115.234375
2218227,59.326171875
2218271,118.34716796875
2218293,39.306640625
2218309,40.34423828125
2218346,112.24365234375
2218367,48.76708984375
2218399,43.212890625
2218427,32.71484375
2218447,59.87548828125
2218464,111.02294921875
2218547,151.55029296875
2218572,38.87939453125
2218605,33.935546875
2218618,153.1982421875
2218631,35.888671875
2218666,35.64453125
2218690,36.07177734375
2218702,114.501953125
2218722,69.64111328125
2218788,106.26220703125
2218847,37.59765625
2218886,109.43603515625
2218918,38.0859375
2218938,51.57470703125
2219015,125.244140625
2219038,76.47705078125
2219058,32.71484375
2219108,83.1298828125
2219143,120.1171875
2219177,37.841796875
2219370,44.7998046875
2219554,141.2353515625
2219588,54.13818359375
2219761,35.21728515625
2365789,34.912109375
2366650,34.48486328125
2366660,54.62646484375
2366717,178.40576171875
2366739,32.5927734375
2366758,50.048828125
2366784,46.5087890625
2366807,165.10009765625
2366829,102.47802734375
2366841,59.6923828125
2366851,61.6455078125
2366868,136.77978515625
2366882,122.802734375
2366893,35.888671875
2366908,187.80517578125
2366927,221.13037109375
2366942,321.4111328125
2366977,225.40283203125
2366998,280.57861328125
2367012,152.7099609375
2367022,74.951171875
2367043,117.61474609375
2367067,66.7724609375
2367089,80.74951171875
2367106,93.6279296875
2367117,34.11865234375
2367131,99.2431640625
2367162,71.533203125
2367173,80.50537109375
2367187,61.21826171875
2367207,61.95068359375
2367223,86.12060546875
2367245,98.69384765625
2367257,46.69189453125
2367274,84.5947265625
2367297,44.00634765625
2367313,33.5693359375
2367331,90.9423828125
2367343,75.13427734375
2367382,101.5625
2367398,49.98779296875
2367437,120.05615234375
2367450,63.232421875
2367487,42.48046875
2367501,67.87109375
2367551,110.595703125
2367567,48.03466796875
2367601,98.14453125
2367634,55.0537109375
2367648,49.49951171875
2367673,104.91943359375
2367695,32.16552734375
2367706,74.3408203125
2367716,55.48095703125
2367736,119.93408203125
2367788,57.0068359375
2367798,40.34423828125
2367814,44.3115234375
2367849,118.2861328125
2367861,35.7666015625
2367922,36.1328125
2367932,160.58349609375
2368001,98.5107421875
2368085,100.5859375
2368100,83.31298828125
2368163,110.9619140625
2368209,33.87451171875
2368240,54.62646484375
2368256,61.6455078125
2368321,129.39453125
2368395,34.912109375
2368500,109.92431640625
2368512,41.07666015625
2368579,32.16552734375
2368732,58.53271484375
2368781,36.31591796875
2368954,61.5234375
2369004,33.3251953125
2376026,32.5927734375
2449774,35.2783203125
2450167,37.29248046875
2497738,48.27880859375
2497798,42.54150390625
2497815,45.10498046875
2497837,168.9453125
2497857,47.9736328125
2497889,39.73388671875
2497900,47.36328125
2497925,37.17041015625
2497938,152.40478515625
2497971,58.04443359375
2497981,59.2041015625
2497997,141.6015625
2498028,58.10546875
2498039,144.4091796875
2498055,153.3203125
2498067,127.8076171875
2498079,275.634765625
2498110,212.0361328125
2498128,213.68408203125
2498139,214.2333984375
2498165,68.359375
2498185,135.498046875
2498203,95.88623046875
2498217,117.7978515625
2498230,78.43017578125
2498259,122.74169921875
2498270,73.05908203125
2498293,42.48046875
2498305,91.4306640625
2498330,81.35986328125
2498345,63.8427734375
2498359,90.9423828125
2498383,35.21728515625
2498395,51.20849609375
2498417,58.04443359375
2498433,74.951171875
2498460,105.40771484375
2498484,54.26025390625
2498506,115.3564453125
2498525,32.77587890625
2498540,50.29296875
2498568,122.314453125
2498594,42.66357421875
2498618,114.92919921875
2498633,47.119140625
2498648,37.353515625
2498665,48.15673828125
2498676,105.8349609375
2498724,35.888671875
2498741,95.458984375
2498761,54.3212890625
2498782,53.16162109375
2498813,129.0283203125
2498851,37.109375
2498872,43.02978515625
2498890,98.876953125
2498951,127.62451171875
2498987,36.9873046875
2499021,110.16845703125
2499031,52.55126953125
2499053,32.16552734375
2499079,32.3486328125
2499098,49.49951171875
2499132,100.341796875
2499152,35.70556640625
2499207,124.69482421875
2499266,43.64013671875
2499307,117.00439453125
2499317,38.87939453125
2499334,34.7900390625
2499474,70.00732421875
2499508,127.38037109375
2499613,38.4521484375
2499667,145.32470703125
2499814,46.20361328125
2500085,67.07763671875
2500189,123.4130859375
2539916,35.09521484375
2569105,33.203125
2573576,32.1044921875
2589537,33.69140625
2599249,38.6962890625
2676368,40.95458984375
2676394,36.62109375
2676424,163.9404296875
2676439,46.142578125
2676472,38.4521484375
2676485,58.9599609375
2676517,99.609375
2676539,106.4453125
2676551,68.4814453125
2676579,148.92578125
2676595,119.0185546875
2676618,219.970703125
2676638,214.9658203125
2676654,138.916015625
2676684,186.46240234375
2676698,88.2568359375
2676710,155.3955078125
2676741,138.5498046875
2676754,65.12451171875
2676765,95.76416015625
2676786,52.978515625
2676804,87.0361328125
2676820,79.1015625
2676833,120.78857421875
2676855,131.4697265625
2676884,50.048828125
2676898,76.0498046875
2676925,58.77685546875
2676941,108.70361328125
2676962,88.0126953125
2676975,90.576171875
2677008,56.7626953125
2677038,74.64599609375
2677066,46.44775390625
2677088,132.62939453125
2677114,59.9365234375
2677127,32.04345703125
2677141,110.9619140625
2677162,34.97314453125
2677175,35.33935546875
2677212,137.939453125
2677230,43.8232421875
2677255,32.65380859375
2677273,128.47900390625
2677324,113.8916015625
2677342,36.1328125
2677383,97.412109375
2677400,33.5693359375
2677426,41.3818359375
2677448,115.05126953125
2677473,39.794921875
2677490,34.7900390625
2677519,114.2578125
2677596,105.3466796875
2677611,49.1943359375
2677671,119.20166015625
2677709,41.32080078125
2677744,124.81689453125
2677757,37.109375
2677853,92.71240234375
2677868,71.1669921875
2677903,33.38623046875
2677945,95.3369140625
2678011,74.89013671875
2678067,116.5771484375
2678176,34.60693359375
2678195,100.341796875
2678214,37.65869140625
2678399,47.66845703125
2678411,118.65234375
2678623,46.7529296875
2678914,64.51416015625
2744125,34.912109375
2760708,33.5693359375
2833487,32.5927734375
2833505,66.40625
2833525,41.56494140625
2833552,179.19921875
2833581,61.03515625
2833594,52.30712890625
2833621,51.26953125
2833642,186.34033203125
2833654,88.92822265625
2833680,70.1904296875
2833698,174.62158203125
2833712,84.1064453125
2833723,310.1806640625
2833742,129.57763671875
2833753,202.20947265625
2833785,183.837890625
2833796,117.37060546875
2833830,194.3359375
2833859,184.9365234375
2833870,48.7060546875
2833882,131.40869140625
2833914,67.9931640625
2833924,79.58984375
2833934,52.490234375
2833945,99.42626953125
2833967,44.73876953125
2833984,42.54150390625
2833999,92.28515625
2834029,55.419921875
2834047,72.57080078125
2834068,60.546875
2834078,79.65087890625
2834107,67.19970703125
2834130,105.46875
2834149,37.109375
2834174,116.8212890625
2834209,38.4521484375
2834225,83.3740234375
2834241,33.38623046875
2834258,36.43798828125
2834285,119.32373046875
2834321,57.43408203125
2834346,108.154296875
2834392,45.0439453125
2834406,114.990234375
2834472,128.84521484375
2834500,32.1044921875
2834534,42.29736328125
2834547,116.5771484375
2834569,36.0107421875
2834607,133.72802734375
2834629,45.654296875
2834676,116.51611328125
2834701,39.48974609375
2834718,32.2265625
2834748,124.3896484375
2834766,41.9921875
2834794,32.77587890625
2834831,120.42236328125
2834883,38.14697265625
2834902,111.4501953125
2834992,46.630859375
2835014,108.2763671875
2835047,48.40087890625
2835124,34.85107421875
2835150,135.3759765625
2835379,39.24560546875
2835398,108.642578125
2835664,42.96875
2835674,109.92431640625
2876513,32.04345703125
2935736,38.4521484375
2965508,32.28759765625
2967471,35.0341796875
2967502,33.26416015625
2967532,53.7109375
2967548,190.7958984375
2967582,41.44287109375
2967595,57.06787109375
2967612,37.17041015625
2967640,158.02001953125
2967659,38.9404296875
2967687,105.77392578125
2967702,153.1982421875
2967714,79.7119140625
2967735,267.76123046875
2967756,243.95751953125
2967766,212.158203125
2967790,194.39697265625
2967800,189.02587890625
2967818,222.7783203125
2967828,76.5380859375
2967840,119.32373046875
2967869,104.736328125
2967892,86.7919921875
2967915,93.44482421875
2967929,85.51025390625
2967940,112.3046875
2967972,51.45263671875
2967990,96.13037109375
2968006,69.51904296875
2968019,65.0634765625
2968034,63.53759765625
2968044,113.46435546875
2968079,55.908203125
2968092,97.35107421875
2968104,35.82763671875
2968137,116.14990234375
2968149,58.10546875
2968177,57.31201171875
2968187,94.7265625
2968197,53.89404296875
2968223,39.4287109375
2968240,111.38916015625
2968293,140.0146484375
2968314,33.447265625
2968347,51.20849609375
2968364,48.4619140625
2968397,44.73876953125
2968425,132.14111328125
2968447,50.1708984375
2968476,41.44287109375
2968496,123.35205078125
2968509,64.94140625
2968536,39.9169921875
2968553,136.962890625
2968570,32.5927734375
2968598,59.4482421875
2968621,141.845703125
2968690,132.99560546875
2968704,38.87939453125
2968768,117.7978515625
2968786,37.2314453125
2968854,129.57763671875
2968869,48.095703125
2968950,124.267578125
2968989,59.08203125
2969040,63.1103515625
2969113,72.44873046875
2969233,121.39892578125
2969278,36.62109375
2969334,36.865234375
2969447,43.0908203125
2969688,56.2744140625
2969983,103.6376953125
2970065,34.11865234375
2970987,48.828125
3016502,56.57958984375
3020789,54.931640625
3022817,62.255859375
3114372,34.60693359375
3140862,33.8134765625
3140872,60.9130859375
3140902,34.72900390625
3140925,55.908203125
3140953,147.52197265625
3140975,82.3974609375
3140992,66.71142578125
3141020,49.6826171875
3141033,42.78564453125
3141046,197.1435546875
3141069,60.48583984375
3141085,153.9306640625
3141112,103.1494140625
3141122,303.03955078125
3141141,234.9853515625
3141156,174.01123046875
3141172,146.6064453125
3141188,257.8125
3141208,185.6689453125
3141229,182.18994140625
3141247,74.0966796875
3141272,76.59912109375
3141291,88.56201171875
3141304,99.853515625
3141332,78.61328125
3141373,51.7578125
3141406,112.12158203125
3141428,92.4072265625
3141451,92.95654296875
3141465,46.2646484375
3141498,84.89990234375
3141509,61.46240234375
3141540,89.9658203125
3141573,78.4912109375
3141587,97.10693359375
3141598,40.0390625
3141611,52.734375
3141633,43.9453125
3141647,105.52978515625
3141702,110.83984375
3141723,60.1806640625
3141757,38.9404296875
3141768,112.1826171875
3141779,57.373046875
3141826,104.43115234375
3141841,38.6962890625
3141855,45.8984375
3141887,35.33935546875
3141903,43.5791015625
3141927,32.04345703125
3141958,37.59765625
3142013,34.11865234375
3142030,116.69921875
3142041,42.41943359375
3142091,33.0810546875
3142110,134.33837890625
3142141,33.3251953125
3142187,144.95849609375
3142235,50.59814453125
3142251,57.4951171875
3142262,95.5810546875
3142296,38.4521484375
3142337,62.255859375
3142360,150.32958984375
3142375,39.48974609375
3142467,128.72314453125
3142574,122.98583984375
3142717,151.0009765625
3142751,35.64453125
3142971,49.86572265625
3143218,64.14794921875
3156552,37.7197265625
3227582,120.05615234375
3228188,36.865234375
3250083,32.470703125
3353637,35.400390625
3357554,32.3486328125
3365130,34.11865234375
3365158,51.513671875
3365196,32.16552734375
3365222,36.80419921875
3365248,171.142578125
3365262,41.44287109375
3365294,89.599609375
3365320,165.6494140625
3365345,52.001953125
3365356,114.07470703125
3365374,211.97509765625
3365399,189.51416015625
3365410,226.98974609375
3365428,58.89892578125
3365439,125.54931640625
3365464,198.3642578125
3365482,161.2548828125
3365507,155.6396484375
3365517,41.80908203125
3365529,129.150390625
3365542,46.20361328125
3365561,106.62841796875
3365591,48.828125
3365601,58.837890625
3365625,60.60791015625
3365646,74.3408203125
3365675,60.9130859375
3365688,56.70166015625
3365701,44.98291015625
3365712,97.96142578125
3365738,48.76708984375
3365765,92.71240234375
3365786,35.58349609375
3365800,37.65869140625
3365822,41.9921875
3365864,91.1865234375
3365875,43.27392578125
3365914,109.06982421875
3365928,40.95458984375
3365939,45.7763671875
3365968,134.09423828125
3365986,66.83349609375
3366028,99.2431640625
3366054,37.04833984375
3366066,48.88916015625
3366106,116.8212890625
3366116,38.6962890625
3366135,34.423828125
3366161,39.85595703125
3366176,117.7978515625
3366187,38.39111328125
3366244,105.89599609375
3366287,34.60693359375
3366311,125
3366366,89.41650390625
3366386,40.58837890625
3366449,152.89306640625
3366494,38.14697265625
3366504,41.259765625
3366521,136.8408203125
3366546,50.47607421875
3366596,98.44970703125
3366620,34.66796875
3366685,101.6845703125
3366722,38.26904296875
3366734,32.89794921875
3366791,55.23681640625
3366842,128.23486328125
3366872,80.99365234375
3366926,35.33935546875
3367064,113.525390625
3367107,32.77587890625
3367323,44.0673828125
3367501,32.8369140625
3367724,136.77978515625
3437678,121.03271484375
3469483,34.0576171875
3529681,33.38623046875
3566300,34.36279296875
3566313,39.24560546875
3566336,41.80908203125
3566368,37.109375
3566391,163.4521484375
3566405,53.7109375
3566437,44.37255859375
3566462,89.29443359375
3566472,208.19091796875
3566502,67.56591796875
3566518,152.16064453125
3566549,243.0419921875
3566560,196.533203125
3566577,184.63134765625
3566605,167.8466796875
3566619,181.45751953125
3566632,132.75146484375
3566649,126.0986328125
3566659,115.478515625
3566688,87.21923828125
3566708,80.01708984375
3566735,95.21484375
3566758,76.59912109375
3566771,101.01318359375
3566782,55.35888671875
3566803,83.49609375
3566816,87.2802734375
3566849,41.1376953125
3566869,88.37890625
3566884,47.30224609375
3566916,102.1728515625
3566927,72.32666015625
3566952,96.6796875
3566980,54.0771484375
3566998,97.59521484375
3567021,45.8984375
3567042,47.607421875
3567053,86.5478515625
3567082,45.41015625
3567094,42.41943359375
3567146,47.7294921875
3567157,90.51513671875
3567186,35.94970703125
3567218,132.6904296875
3567234,44.00634765625
3567253,36.07177734375
3567282,124.8779296875
3567318,33.447265625
3567336,119.140625
3567388,49.01123046875
3567402,145.6298828125
3567430,51.08642578125
3567484,101.37939453125
3567508,36.2548828125
3567533,35.09521484375
3567544,112.060546875
3567573,37.7197265625
3567636,128.72314453125
3567650,34.97314453125
3567703,38.818359375
3567757,61.8896484375
3567795,34.912109375
3567810,106.26220703125
3567900,57.861328125
3567920,32.28759765625
3567930,127.86865234375
3568052,122.314453125
3568089,66.95556640625
3568174,123.1689453125
3568211,37.65869140625
3568398,43.02978515625
3568578,141.54052734375
3568661,66.10107421875
3614551,32.89794921875
3682494,33.75244140625
3712141,36.1328125
3722973,34.912109375
3726153,35.46142578125
3726169,49.1943359375
3726199,52.42919921875
3726230,171.5087890625
3726243,43.3349609375
3726268,51.8798828125
3726288,33.8134765625
3726301,45.166015625
3726322,119.68994140625
3726332,48.76708984375
3726356,75.927734375
3726370,150.634765625
3726383,184.08203125
3726406,202.57568359375
3726430,234.86328125
3726446,140.93017578125
3726471,179.5654296875
3726504,221.923828125
3726514,56.57958984375
3726531,120.05615234375
3726542,33.38623046875
3726555,134.521484375
3726573,75.439453125
3726589,66.83349609375
3726605,59.326171875
3726617,85.26611328125
3726636,41.6259765625
3726649,53.3447265625
3726663,55.0537109375
3726676,110.90087890625
3726694,40.8935546875
3726707,110.16845703125
3726728,77.392578125
3726738,116.0888671875
3726779,54.99267578125
3726801,82.58056640625
3726827,46.32568359375
3726847,73.2421875
3726865,36.2548828125
3726889,110.90087890625
3726953,134.70458984375
3726978,36.1328125
3726993,35.21728515625
3727018,115.72265625
3727068,152.03857421875
3727119,46.2646484375
3727157,36.68212890625
3727175,39.24560546875
3727196,114.2578125
3727241,33.69140625
3727261,130.92041015625
3727280,44.5556640625
3727303,35.64453125
3727326,109.55810546875
3727398,112.060546875
3727413,55.23681640625
3727455,45.0439453125
3727475,119.56787109375
3727520,39.794921875
3727574,111.083984375
3727644,39.36767578125
3727662,130.67626953125
3727688,33.26416015625
3727761,114.07470703125
3727778,43.64013671875
3727830,52.001953125
3727934,112.1826171875
3728090,33.447265625
3728138,44.61669921875
3728150,139.0380859375
3728357,55.17578125
3728458,35.400390625
3728698,120.78857421875
3743065,32.8369140625
3753175,34.1796875
3884055,40.52734375
3884066,41.68701171875
3884090,56.640625
3884121,71.533203125
3884136,204.52880859375
3884154,35.7666015625
3884174,38.818359375
3884189,34.48486328125
3884213,61.46240234375
3884227,174.6826171875
3884243,79.52880859375
3884274,268.06640625
3884297,140.80810546875
3884316,278.6865234375
3884336,276.0009765625
3884358,67.68798828125
3884369,260.009765625
3884392,113.28125
3884408,169.49462890625
3884421,39.794921875
3884431,50.23193359375
3884455,90.2099609375
3884485,83.1298828125
3884508,74.5849609375
3884520,75.13427734375
3884543,77.45361328125
3884571,69.39697265625
3884581,76.11083984375
3884602,49.8046875
3884613,107.36083984375
3884627,81.97021484375
3884660,88.37890625
3884672,42.724609375
3884694,63.65966796875
3884704,105.40771484375
3884737,58.59375
3884751,114.07470703125
3884789,66.2841796875
3884808,34.60693359375
3884825,154.9072265625
3884843,46.32568359375
3884865,53.16162109375
3884887,85.99853515625
3884899,56.2744140625
3884944,137.39013671875
3884962,44.86083984375
3884994,46.44775390625
3885010,128.662109375
3885025,47.119140625
3885037,39.55078125
3885080,106.3232421875
3885099,60.85205078125
3885145,130.4931640625
3885174,71.22802734375
3885206,104.55322265625
3885226,41.56494140625
3885272,113.525390625
3885295,44.37255859375
3885329,37.65869140625
3885361,126.220703125
3885392,53.16162109375
3885468,122.314453125
3885480,36.865234375
3885560,117.85888671875
3885589,35.70556640625
3885673,121.09375
3885692,37.353515625
3885779,114.3798828125
3885833,33.50830078125
3885959,107.2998046875
3886029,41.56494140625
3886361,47.30224609375
3886591,142.4560546875
3927275,34.0576171875
3928214,33.26416015625
3931611,33.69140625
3940292,34.85107421875
4023821,37.7197265625
4023865,33.75244140625
4023897,44.49462890625
4023917,47.2412109375
4023946,41.259765625
4023965,32.2265625
4023981,60.24169921875
4024031,45.34912109375
4024048,53.52783203125
4024070,87.7685546875
4024083,178.40576171875
4024094,76.59912109375
4024118,179.01611328125
4024135,175.10986328125
4024149,174.6826171875
4024172,205.50537109375
4024182,321.35009765625
4024218,150.69580078125
4024241,188.1103515625
4024255,115.78369140625
4024269,73.79150390625
4024294,76.59912109375
4024304,65.3076171875
4024333,71.96044921875
4024347,50.72021484375
4024368,102.294921875
4024392,56.2744140625
4024406,94.29931640625
4024423,67.5048828125
4024437,111.083984375
4024460,58.10546875
4024481,72.265625
4024499,51.26953125
4024513,48.15673828125
4024538,97.35107421875
4024552,48.9501953125
4024564,33.63037109375
4024587,118.10302734375
4024623,63.232421875
4024643,142.08984375
4024670,66.7724609375
4024680,38.6962890625
4024714,131.28662109375
4024740,69.76318359375
4024779,122.00927734375
4024789,39.1845703125
4024825,43.212890625
4024840,112.3046875
4024851,46.0205078125
4024885,46.2646484375
4024919,125.06103515625
4024929,45.166015625
4024948,32.40966796875
4024986,106.75048828125
4025013,32.470703125
4025052,117.73681640625
4025066,32.65380859375
4025088,42.3583984375
4025105,38.818359375
4025123,107.72705078125
4025157,42.54150390625
4025185,38.39111328125
4025201,123.046875
4025224,43.27392578125
4025287,114.990234375
4025376,40.1611328125
4025446,62.19482421875
4025479,114.68505859375
4025502,37.4755859375
4025624,104.43115234375
4025695,37.4755859375
4025762,122.00927734375
4025918,48.33984375
4026152,69.091796875
4026979,37.7197265625
4100502,32.28759765625
4101632,32.77587890625
4201085,33.5693359375
4201114,45.41015625
4201148,38.4521484375
4201169,62.5
4201181,35.58349609375
4201204,72.1435546875
4201217,59.63134765625
4201240,111.4501953125
4201251,89.66064453125
4201273,92.1630859375
4201289,145.1416015625
4201311,219.6044921875
4201324,201.66015625
4201340,239.1357421875
4201356,120.4833984375
4201378,179.74853515625
4201395,69.4580078125
4201405,80.56640625
4201424,106.0791015625
4201438,84.8388671875
4201454,41.68701171875
4201469,94.78759765625
4201506,112.36572265625
4201518,73.05908203125
4201546,71.8994140625
4201567,70.12939453125
4201577,42.3583984375
4201591,80.62744140625
4201613,53.22265625
4201629,85.02197265625
4201657,63.04931640625
4201673,63.90380859375
4201687,39.6728515625
4201712,113.1591796875
4201725,43.45703125
4201751,55.7861328125
4201765,119.68994140625
4201798,48.2177734375
4201819,118.2861328125
4201834,48.9501953125
4201853,50.537109375
4201868,132.01904296875
4201899,33.87451171875
4201921,123.53515625
4201938,46.93603515625
4201954,32.1044921875
4201976,37.65869140625
4202003,38.02490234375
4202044,119.5068359375
4202093,34.60693359375
4202108,122.6806640625
4202132,38.51318359375
4202152,37.78076171875
4202175,103.57666015625
4202218,45.83740234375
4202228,106.5673828125
4202295,36.43798828125
4202315,126.28173828125
4202386,135.68115234375
4202433,34.5458984375
4202451,40.1611328125
4202475,137.20703125
4202501,34.5458984375
4202546,130.79833984375
4202573,39.24560546875
4202636,125.06103515625
4202737,57.67822265625
4202789,116.88232421875
4202940,50.048828125
4203103,112.9150390625
4203187,53.16162109375
4203434,38.75732421875
4318340,41.44287109375
4428920,32.2265625
4428955,33.99658203125
4428967,70.4345703125
4428981,65.24658203125
4428995,58.9599609375
4429007,194.51904296875
4429023,80.26123046875
4429050,63.5986328125
4429069,149.7802734375
4429082,100.89111328125
4429093,59.2041015625
4429114,62.5
4429128,129.69970703125
4429139,225.52490234375
4429154,241.8212890625
4429183,167.29736328125
4429206,326.59912109375
4429226,146.240234375
4429238,67.9931640625
4429254,78.61328125
4429281,108.3984375
4429294,37.04833984375
4429306,69.2138671875
4429327,77.2705078125
4429341,45.41015625
4429357,101.806640625
4429374,68.78662109375
4429388,101.74560546875
4429410,64.5751953125
4429425,80.4443359375
4429438,61.95068359375
4429452,96.00830078125
4429475,90.88134765625
4429494,63.720703125
4429510,39.24560546875
4429542,74.5849609375
4429563,45.34912109375
4429592,120.17822265625
4429648,100.4638671875
4429677,47.79052734375
4429687,39.0625
4429709,110.9619140625
4429738,40.58837890625
4429760,145.3857421875
4429770,36.2548828125
4429823,129.8828125
4429845,40.34423828125
4429870,43.212890625
4429884,39.00146484375
4429901,110.65673828125
4429921,33.203125
4429959,130.06591796875
4429970,45.95947265625
4430003,43.9453125
4430015,128.41796875
4430075,39.97802734375
4430094,44.7998046875
4430125,41.3818359375
4430150,109.31396484375
4430164,33.26416015625
4430195,37.78076171875
4430213,35.64453125
4430228,120.42236328125
4430272,42.17529296875
4430308,102.11181640625
4430322,44.677734375
4430406,129.8828125
4430418,51.33056640625
4430542,65.85693359375
4430564,116.02783203125
4430623,35.7666015625
4430705,133.30078125
4430761,82.33642578125
4430871,97.83935546875
4430904,40.4052734375
4431109,53.7109375
4442289,33.38623046875
4487643,32.77587890625
4642141,34.66796875
4642203,46.0205078125
4642250,34.66796875
4642261,155.1513671875
4642277,69.03076171875
4642304,67.9931640625
4642334,152.03857421875
4642344,73.91357421875
4642366,66.58935546875
4642387,180.7861328125
4642406,163.0859375
4642423,238.46435546875
4642437,284.24072265625
4642457,119.873046875
4642472,247.13134765625
4642483,188.53759765625
4642504,137.39013671875
4642523,95.76416015625
4642543,96.74072265625
4642556,74.40185546875
4642585,90.51513671875
4642598,45.41015625
4642616,92.7734375
4642639,80.13916015625
4642656,48.52294921875
4642674,99.365234375
4642698,69.7021484375
4642716,141.4794921875
4642734,62.6220703125
4642755,55.23681640625
4642768,45.22705078125
4642800,98.2666015625
4642819,41.19873046875
4642845,131.7138671875
4642880,32.16552734375
4642897,141.357421875
4642949,115.17333984375
4642964,40.1611328125
4642975,41.07666015625
4642999,95.76416015625
4643014,46.630859375
4643035,40.1611328125
4643060,132.080078125
4643086,48.9501953125
4643107,42.236328125
4643127,136.29150390625
4643158,45.8984375
4643187,120.54443359375
4643248,118.59130859375
4643317,148.5595703125
4643333,40.10009765625
4643346,32.16552734375
4643384,117.00439453125
4643418,35.888671875
4643445,122.86376953125
4643478,38.6962890625
4643500,49.01123046875
4643538,152.03857421875
4643597,38.9404296875
4643630,94.17724609375
4643641,33.87451171875
4643671,37.78076171875
4643689,36.2548828125
4643713,111.75537109375
4643782,37.90283203125
4643824,107.60498046875
4643946,73.1201171875
4643972,135.498046875
4644268,44.00634765625
4644485,65.7958984375
4705685,51.81884765625
4705701,168.51806640625
4705718,46.08154296875
4705737,35.21728515625
4705750,45.8984375
4705766,32.16552734375
4705776,41.07666015625
4705793,32.89794921875
4705808,182.43408203125
4705832,66.89453125
4705864,52.67333984375
4705882,48.15673828125
4705896,87.646484375
4705916,98.388671875
4705938,173.33984375
4705960,293.9453125
4705975,88.07373046875
4705991,142.578125
4706004,127.5634765625
4706016,245.9716796875
4706041,152.7099609375
4706063,168.76220703125
4706074,78.06396484375
4706084,114.3798828125
4706109,124.69482421875
4706132,48.64501953125
4706151,97.59521484375
4706164,105.04150390625
4706192,45.2880859375
4706206,69.4580078125
4706226,73.6083984375
4706240,116.69921875
4706255,51.7578125
4706272,94.66552734375
4706297,68.42041015625
4706331,104.6142578125
4706364,74.70703125
4706378,91.36962890625
4706400,47.79052734375
4706427,124.51171875
4706444,33.63037109375
4706461,32.04345703125
4706484,122.1923828125
4706511,41.748046875
4706524,33.50830078125
4706550,148.98681640625
4706562,33.0810546875
4706616,139.16015625
4706641,50.10986328125
4706667,50.59814453125
4706679,122.0703125
4706703,41.8701171875
4706735,128.60107421875
4706763,44.189453125
4706797,118.83544921875
4706811,49.98779296875
4706832,34.11865234375
4706850,34.24072265625
4706861,117.5537109375
4706877,40.283203125
4706928,135.986328125
4706960,48.095703125
4706999,141.2353515625
4707010,42.1142578125
4707028,49.86572265625
4707071,135.7421875
4707089,44.73876953125
4707101,32.28759765625
4707137,120.78857421875
4707161,35.33935546875
4707176,50.96435546875
4707224,114.3798828125
4707260,35.15625
4707287,42.41943359375
4707314,122.37548828125
4707335,54.99267578125
4707364,40.52734375
4707432,53.22265625
4707443,144.47021484375
4707519,38.57421875
4707556,112.97607421875
4707672,87.0361328125
4707703,133.60595703125
4707746,49.86572265625
4708084,32.470703125
4708301,35.70556640625
4708449,132.8125
