4799001,0
6475,23.01025390625
6669,20.56884765625
6845,21.42333984375
100630,21.484375
147585,20.93505859375
192853,20.32470703125
192969,21.3623046875
239886,20.263671875
283725,20.263671875
284591,20.20263671875
330312,23.13232421875
330441,20.81298828125
380014,20.32470703125
427758,21.91162109375
518796,21.484375
609767,22.216796875
611315,20.6298828125
698954,22.03369140625
787030,21.78955078125
877155,22.4609375
923703,25.5126953125
923792,20.32470703125
967740,20.263671875
1060452,22.03369140625
1060569,21.1181640625
1108484,22.3388671875
1108790,22.216796875
1240109,20.32470703125
1285812,21.728515625
1375239,23.0712890625
1375387,24.169921875
1419130,21.1181640625
1419268,21.3623046875
1507699,22.4609375
1596168,21.1181640625
1685830,21.05712890625
1685929,21.05712890625
1686237,20.56884765625
1771554,21.17919921875
1771673,20.751953125
1815338,22.39990234375
1863762,21.78955078125
1864084,21.484375
1907971,21.3623046875
1989309,23.5595703125
2031120,22.64404296875
2031260,21.3623046875
2068523,20.93505859375
2107042,21.30126953125
2108447,20.56884765625
2149082,20.5078125
2149201,23.13232421875
2320928,29.4189453125
2407020,22.76611328125
2451277,20.32470703125
2579788,27.587890625
2666110,20.20263671875
2709970,21.97265625
2754909,23.37646484375
2890874,23.49853515625
2890991,20.56884765625
2935250,23.49853515625
2979198,21.6064453125
3021955,21.05712890625
3152180,21.1181640625
3152284,20.6298828125
3196436,20.263671875
3282326,22.52197265625
3326875,28.80859375
3412266,21.42333984375
3458799,20.44677734375
3550043,23.49853515625
3594121,20.93505859375
3637086,20.32470703125
3637196,21.240234375
3723138,24.0478515625
3762428,27.28271484375
3892063,21.30126953125
3969617,25.32958984375
4151376,20.44677734375
4195447,20.56884765625
4240718,20.99609375
4283104,20.20263671875
4283217,20.44677734375
4412932,23.62060546875
4413191,20.56884765625
4413972,20.44677734375
4457736,21.91162109375
4501558,22.3388671875
4501672,21.240234375
4545679,20.32470703125
4744083,23.37646484375
