4799001,0
2153,21.6064453125
6447,22.88818359375
7181,22.15576171875
51746,21.66748046875
69432,21.8505859375
100372,23.0712890625
239572,23.25439453125
379850,21.8505859375
655350,21.66748046875
698833,22.0947265625
877040,22.3388671875
956773,22.15576171875
967574,22.03369140625
994783,22.52197265625
1014982,23.25439453125
1059951,21.8505859375
1108240,21.728515625
1332124,21.91162109375
1374914,23.01025390625
1375020,22.5830078125
1375113,23.13232421875
1419257,23.5595703125
1507660,22.3388671875
1570428,21.78955078125
1582488,22.15576171875
1596099,21.6064453125
1634939,22.15576171875
1642455,27.099609375
1771078,21.8505859375
1946176,26.67236328125
2068473,21.91162109375
2106835,21.6064453125
2107095,22.15576171875
2192698,22.8271484375
2439501,22.0947265625
2451117,24.4140625
2532728,21.728515625
2535948,22.216796875
2665970,23.0712890625
2709299,22.15576171875
2754618,24.7802734375
2798576,22.3388671875
3021857,21.78955078125
3151955,21.78955078125
3196343,21.6064453125
3370344,22.94921875
3371260,21.6064453125
3392977,21.6064453125
3411939,22.27783203125
3412656,21.6064453125
3458245,22.52197265625
3503426,21.728515625
3503529,22.64404296875
3592644,21.91162109375
3636813,23.5595703125
3669809,21.66748046875
3722815,23.13232421875
3722862,22.4609375
3762288,24.23095703125
3804786,22.0947265625
3804875,26.4892578125
3891926,22.216796875
4094148,23.86474609375
4104330,24.5361328125
4151111,22.52197265625
4196382,22.3388671875
4561955,22.27783203125
4609465,22.15576171875
4658313,22.52197265625
