4799001,0
632,24.90234375
5658,21.3623046875
6172,24.4140625
6246,27.16064453125
6357,54.87060546875
6495,21.97265625
7402,20.99609375
7787,21.97265625
42206,21.3623046875
42982,21.91162109375
51143,21.484375
51599,21.240234375
51638,23.01025390625
51705,20.93505859375
51786,25.08544921875
51875,23.37646484375
51935,28.076171875
52170,24.2919921875
52560,21.05712890625
54057,21.240234375
94784,22.88818359375
100261,25.390625
100340,28.1982421875
100475,21.05712890625
100527,23.5595703125
100739,23.0712890625
101134,22.88818359375
101327,22.27783203125
103262,23.5595703125
131689,21.54541015625
146886,25.08544921875
147161,23.25439453125
147197,23.92578125
147224,28.3203125
147368,24.59716796875
147504,23.01025390625
148587,24.658203125
148733,21.78955078125
192266,24.5361328125
192568,22.15576171875
192578,21.78955078125
192615,28.076171875
192665,22.15576171875
192734,27.34375
192797,20.8740234375
192953,23.681640625
193216,22.88818359375
194907,22.705078125
232085,23.13232421875
236117,25.20751953125
239626,23.86474609375
239656,24.84130859375
239763,24.169921875
239785,23.25439453125
239912,24.10888671875
239982,22.8271484375
240097,22.705078125
242277,22.216796875
277021,24.47509765625
283253,21.3623046875
283506,24.0478515625
283543,25.93994140625
283581,27.77099609375
283627,24.90234375
283695,23.92578125
283762,24.59716796875
283916,22.3388671875
284108,21.1181640625
284204,20.99609375
284312,25.08544921875
284570,21.6064453125
285229,21.54541015625
285547,21.1181640625
286290,22.88818359375
311807,23.4375
329652,21.240234375
329918,20.8740234375
330032,21.240234375
330051,24.84130859375
330077,21.8505859375
330139,22.216796875
330209,25.20751953125
330332,22.64404296875
330397,21.78955078125
330486,21.6064453125
330871,22.39990234375
331008,21.91162109375
331127,21.05712890625
331182,22.4609375
331406,24.35302734375
332339,21.1181640625
361422,22.216796875
366757,23.13232421875
371897,24.47509765625
376443,24.35302734375
379746,21.42333984375
379776,26.30615234375
379849,25.45166015625
379878,21.8505859375
379920,21.484375
379969,27.587890625
380062,21.91162109375
380215,22.216796875
380301,22.03369140625
380396,21.42333984375
380653,23.62060546875
380911,22.705078125
381068,21.3623046875
381217,21.484375
381270,21.1181640625
381311,20.8740234375
382943,22.5830078125
414877,26.67236328125
416093,21.66748046875
417371,22.8271484375
418597,22.64404296875
425509,21.1181640625
427177,22.15576171875
427526,23.62060546875
427588,22.52197265625
427648,30.45654296875
427700,25.390625
427850,21.240234375
428019,25.2685546875
428033,23.49853515625
428110,29.23583984375
429077,21.78955078125
429702,27.64892578125
430336,21.240234375
463755,21.66748046875
464400,21.8505859375
466646,23.37646484375
472716,22.216796875
472880,28.62548828125
472941,24.0478515625
472957,21.05712890625
473063,27.099609375
473150,26.7333984375
473267,22.3388671875
473940,22.94921875
474386,22.94921875
474931,22.8271484375
476083,21.1181640625
502318,23.49853515625
508420,20.99609375
512492,26.55029296875
515701,21.42333984375
518239,21.484375
518624,29.60205078125
518655,26.3671875
518671,23.74267578125
518716,23.5595703125
518771,21.484375
518781,23.25439453125
518927,25.20751953125
518941,21.91162109375
518994,28.74755859375
519258,22.76611328125
519917,21.30126953125
520454,22.52197265625
521002,24.10888671875
545434,21.240234375
554590,21.484375
557723,22.5830078125
563443,22.39990234375
563740,22.8271484375
563809,20.93505859375
563822,23.74267578125
563859,25.634765625
563912,21.54541015625
564001,21.240234375
564321,20.8740234375
565053,22.52197265625
565183,23.4375
565313,22.64404296875
565446,23.0712890625
567030,28.564453125
596029,23.86474609375
602724,20.93505859375
604058,22.64404296875
609496,27.16064453125
609525,21.728515625
609565,30.6396484375
609623,23.01025390625
609653,25.2685546875
609727,31.18896484375
609876,28.564453125
609916,21.1181640625
610122,22.88818359375
610662,21.97265625
612704,22.15576171875
642420,21.42333984375
651867,23.74267578125
655359,21.78955078125
655480,20.93505859375
655500,29.541015625
655538,25.93994140625
655627,25.93994140625
655813,26.611328125
656246,26.18408203125
656378,22.3388671875
656895,25.2685546875
689673,22.76611328125
698359,22.88818359375
698450,21.3623046875
698677,33.26416015625
698710,23.4375
698792,28.076171875
698850,23.5595703125
699425,21.05712890625
699796,22.216796875
700322,24.35302734375
700771,23.0712890625
701270,21.3623046875
701593,22.03369140625
730170,21.42333984375
741649,21.78955078125
741705,23.37646484375
741734,20.8740234375
741803,21.91162109375
741858,21.240234375
741908,21.91162109375
742090,21.05712890625
742631,24.10888671875
742820,24.10888671875
743515,21.78955078125
744562,21.17919921875
744864,21.91162109375
772349,21.8505859375
776647,22.94921875
781486,21.54541015625
784574,22.0947265625
786429,21.240234375
786592,26.0009765625
786692,24.5361328125
786723,25.57373046875
786791,34.36279296875
787050,25.32958984375
787245,22.3388671875
787475,26.30615234375
787904,21.6064453125
788033,21.240234375
824310,23.681640625
831808,23.193359375
832038,23.37646484375
832095,26.7333984375
832128,22.4609375
832151,25.634765625
832216,21.240234375
832284,22.94921875
832382,22.705078125
833221,26.06201171875
833541,21.17919921875
833748,21.54541015625
863362,21.3623046875
866104,25.08544921875
867840,23.25439453125
869090,22.5830078125
873172,21.8505859375
876436,26.91650390625
876580,22.4609375
876908,23.3154296875
876948,21.6064453125
877042,22.15576171875
877096,29.541015625
877116,25.69580078125
877442,21.54541015625
877659,22.5830078125
877882,21.42333984375
878117,22.88818359375
912011,22.39990234375
917225,24.7802734375
923188,21.30126953125
923626,23.193359375
923685,21.1181640625
924211,21.66748046875
924445,21.728515625
925323,21.42333984375
925473,26.7333984375
926099,21.240234375
965864,20.99609375
967153,24.10888671875
967410,22.52197265625
967558,22.0947265625
967588,22.8271484375
967632,21.54541015625
967687,22.27783203125
967767,21.97265625
968206,21.728515625
968468,21.17919921875
968596,22.03369140625
969318,22.15576171875
969587,21.66748046875
969730,25.390625
969909,22.5830078125
999647,20.8740234375
1004227,21.8505859375
1008977,22.4609375
1013354,22.39990234375
1013663,31.79931640625
1013692,25.32958984375
1013729,24.658203125
1013820,22.52197265625
1013852,23.37646484375
1013881,24.59716796875
1014244,22.94921875
1014284,21.54541015625
1014450,20.93505859375
1014519,24.10888671875
1014748,22.0947265625
1014902,21.78955078125
1015047,24.4140625
1015197,25.2685546875
1058659,21.3623046875
1060058,21.54541015625
1060135,21.30126953125
1060222,24.7802734375
1060290,22.64404296875
1060360,25.5126953125
1060399,31.43310546875
1060442,25.0244140625
1060577,25.20751953125
1060680,21.66748046875
1060907,21.78955078125
1061027,21.8505859375
1061343,20.99609375
1090583,21.728515625
1098845,21.05712890625
1102851,21.05712890625
1105283,21.17919921875
1108204,22.15576171875
1108284,21.728515625
1108329,27.52685546875
1108363,30.8837890625
1108503,21.728515625
1108576,20.8740234375
1108745,21.30126953125
1108972,21.6064453125
1109105,21.54541015625
1109606,22.0947265625
1109885,22.88818359375
1110149,23.01025390625
1138686,25.08544921875
1144333,23.92578125
1146571,23.193359375
1150298,23.25439453125
1150530,22.94921875
1150562,25.32958984375
1150636,23.25439453125
1150909,22.27783203125
1151709,22.64404296875
1153242,20.99609375
1153611,21.54541015625
1182637,21.30126953125
1190227,24.47509765625
1191197,22.52197265625
1192876,24.169921875
1196287,23.193359375
1196341,23.3154296875
1196365,25.81787109375
1196380,23.8037109375
1196427,20.93505859375
1196459,27.77099609375
1196540,24.0478515625
1196588,24.47509765625
1196613,22.8271484375
1196960,30.8837890625
1197188,21.78955078125
1198094,22.52197265625
1230110,22.705078125
1238978,22.4609375
1239527,23.37646484375
1239778,22.4609375
1239845,28.38134765625
1239905,23.01025390625
1239936,23.13232421875
1240065,24.90234375
1240083,22.4609375
1240150,25.0244140625
1240382,20.93505859375
1240487,21.05712890625
1240594,21.97265625
1240681,25.0244140625
1240703,21.3623046875
1241456,20.8740234375
1241692,21.3623046875
1241854,22.39990234375
1272806,21.91162109375
1273842,20.93505859375
1285196,21.8505859375
1285489,25.5126953125
1285530,23.5595703125
1285600,22.5830078125
1285668,21.240234375
1285736,25.146484375
1285764,33.935546875
1285879,20.99609375
1286268,25.0244140625
1286515,21.1181640625
1287030,20.99609375
1287328,20.99609375
1287398,21.05712890625
1288209,25.32958984375
1317481,23.25439453125
1318782,26.3671875
1329443,21.3623046875
1332204,21.728515625
1332436,27.03857421875
1332476,23.681640625
1332532,31.8603515625
1332575,22.216796875
1332703,30.94482421875
1332879,20.8740234375
1333021,24.96337890625
1333389,28.74755859375
1334121,22.4609375
1334415,21.97265625
1334683,20.8740234375
1369500,21.91162109375
1369746,24.47509765625
1370864,22.5830078125
1373497,21.66748046875
1373784,21.42333984375
1374682,23.3154296875
1374996,25.69580078125
1375034,23.49853515625
1375075,22.15576171875
1375148,22.5830078125
1375366,23.62060546875
1375576,24.10888671875
1375683,21.91162109375
1376427,22.64404296875
1377003,30.2734375
1407177,23.92578125
1418546,23.193359375
1418804,23.49853515625
1418890,24.4140625
1418928,26.0009765625
1419004,21.484375
1419032,21.17919921875
1419073,21.8505859375
1419384,22.5830078125
1419605,24.169921875
1419754,22.15576171875
1420375,21.1181640625
1420431,23.49853515625
1420580,21.240234375
1420707,21.240234375
1420877,21.78955078125
1455048,25.08544921875
1463279,21.240234375
1463589,26.18408203125
1463658,27.77099609375
1463736,25.93994140625
1463895,23.3154296875
1464132,21.484375
1464176,21.05712890625
1464258,21.1181640625
1464403,20.8740234375
1464530,23.13232421875
1465077,21.30126953125
1465150,26.611328125
1465179,22.4609375
1499442,23.92578125
1506521,22.94921875
1507136,25.32958984375
1507399,28.564453125
1507468,22.8271484375
1507505,26.67236328125
1507643,21.1181640625
1508232,23.5595703125
1509920,25.2685546875
1542846,23.13232421875
1548726,20.93505859375
1552438,24.90234375
1552714,21.3623046875
1552742,27.099609375
1552763,30.45654296875
1552840,21.54541015625
1552893,23.13232421875
1552970,22.3388671875
1553871,24.96337890625
1553899,21.8505859375
1554252,22.76611328125
1554410,24.5361328125
1554691,25.146484375
1594503,21.240234375
1594983,22.15576171875
1595542,21.91162109375
1595578,22.94921875
1595847,21.17919921875
1595859,36.62109375
1595877,22.3388671875
1595894,26.67236328125
1595922,23.8037109375
1595951,23.13232421875
1596048,29.052734375
1596166,29.60205078125
1596237,29.11376953125
1596362,22.0947265625
1597234,21.6064453125
1597512,21.78955078125
1597988,21.66748046875
1630039,22.52197265625
1637836,22.216796875
1641889,27.7099609375
1641954,21.91162109375
1642071,20.8740234375
1642200,23.01025390625
1642256,33.8134765625
1642291,22.8271484375
1642342,23.5595703125
1642411,22.705078125
1642499,22.76611328125
1642544,23.98681640625
1642617,24.84130859375
1643954,22.5830078125
1644792,21.1181640625
1678718,24.4140625
1683046,25.7568359375
1685235,27.83203125
1685629,25.0244140625
1685646,22.0947265625
1685694,23.8037109375
1685747,23.92578125
1685757,21.3623046875
1685825,21.05712890625
1686025,25.32958984375
1686065,21.8505859375
1686190,23.49853515625
1686330,20.93505859375
1687034,28.6865234375
1687340,26.9775390625
1687660,21.91162109375
1688839,21.1181640625
1714804,21.78955078125
1727306,23.74267578125
1728095,26.0009765625
1728133,21.484375
1728384,21.8505859375
1728480,26.9775390625
1728511,21.484375
1728545,25.69580078125
1728639,29.541015625
1728700,26.67236328125
1728800,27.83203125
1729214,21.66748046875
1729484,22.8271484375
1729726,22.39990234375
1730698,26.611328125
1730968,21.1181640625
1764572,24.23095703125
1767266,22.705078125
1770968,22.76611328125
1771179,24.59716796875
1771217,22.64404296875
1771246,22.5830078125
1771311,23.8037109375
1771349,21.30126953125
1771379,21.42333984375
1771465,21.05712890625
1771495,22.0947265625
1771523,22.0947265625
1771847,27.34375
1772711,21.728515625
1773316,21.17919921875
1773465,21.91162109375
1773678,22.8271484375
1774438,21.30126953125
1811342,23.01025390625
1814827,21.1181640625
1814891,22.64404296875
1815084,22.0947265625
1815104,28.1982421875
1815151,21.42333984375
1815210,29.23583984375
1815267,26.611328125
1815336,25.5126953125
1815351,23.01025390625
1815419,31.79931640625
1815508,21.240234375
1815861,26.30615234375
1816102,25.08544921875
1816270,22.88818359375
1816624,21.6064453125
1817017,22.94921875
1848578,21.484375
1856149,23.4375
1861047,24.47509765625
1863215,22.39990234375
1863355,21.05712890625
1863509,21.66748046875
1863609,21.97265625
1863649,28.6865234375
1863708,23.5595703125
1863846,21.484375
1863932,21.240234375
1864108,20.8740234375
1864220,21.240234375
1864251,22.39990234375
1864762,22.94921875
1864844,21.1181640625
1864903,26.611328125
1865015,21.30126953125
1865216,21.17919921875
1865366,24.10888671875
1897165,21.8505859375
1898749,22.8271484375
1902078,23.13232421875
1907334,22.216796875
1907649,23.37646484375
1907707,23.5595703125
1907737,24.59716796875
1907779,23.98681640625
1907835,22.94921875
1907863,21.05712890625
1907907,28.13720703125
1907933,26.123046875
1908151,21.240234375
1908314,26.30615234375
1908735,26.42822265625
1908945,25.81787109375
1909110,21.728515625
1909951,21.484375
1931325,22.705078125
1946099,23.62060546875
1946137,34.0576171875
1946222,23.62060546875
1946287,25.93994140625
1946302,23.13232421875
1946346,21.66748046875
1946760,21.17919921875
1946891,21.66748046875
1947185,21.66748046875
1947526,21.30126953125
1947838,21.6064453125
1947961,22.52197265625
1983111,22.03369140625
1988682,30.1513671875
1988750,23.4375
1988891,21.3623046875
1989036,27.28271484375
1989100,24.47509765625
1989130,29.4189453125
1989186,24.5361328125
1989275,23.86474609375
1989462,22.76611328125
1989577,22.5830078125
1990820,22.39990234375
1991403,23.92578125
2026247,24.59716796875
2030364,21.8505859375
2030441,23.681640625
2030632,23.25439453125
2030874,29.96826171875
2030952,21.42333984375
2031029,26.06201171875
2031104,22.216796875
2031169,22.216796875
2031850,21.05712890625
2032030,20.99609375
2032208,20.8740234375
2032499,20.99609375
2032673,24.47509765625
2066163,23.86474609375
2067890,21.1181640625
2068348,23.13232421875
2068396,27.03857421875
2068434,24.658203125
2068499,24.96337890625
2068563,22.76611328125
2068639,22.94921875
2069132,20.93505859375
2070945,21.6064453125
2071203,22.3388671875
2099349,22.27783203125
2105160,22.88818359375
2106574,21.8505859375
2106689,22.64404296875
2106779,22.94921875
2106815,22.76611328125
2106879,25.81787109375
2106944,23.8037109375
2107113,22.76611328125
2107228,25.5126953125
2107564,21.3623046875
2107694,21.6064453125
2107801,20.99609375
2108475,23.86474609375
2108774,21.8505859375
2140442,21.54541015625
2148396,23.98681640625
2148470,20.93505859375
2148530,22.3388671875
2148731,21.42333984375
2148774,32.71484375
2148877,29.052734375
2149015,20.99609375
2149027,21.484375
2149168,22.216796875
2149240,21.78955078125
2150081,21.8505859375
2150897,21.240234375
2151864,21.05712890625
2182174,24.0478515625
2190919,24.4140625
2192266,23.74267578125
2192395,23.86474609375
2192479,21.3623046875
2192655,23.49853515625
2192668,25.32958984375
2192713,33.75244140625
2192750,30.33447265625
2192764,22.03369140625
2192837,20.93505859375
2192913,37.41455078125
2193147,21.1181640625
2193285,21.6064453125
2193699,22.94921875
2193802,20.99609375
2194111,21.6064453125
2195085,21.30126953125
2195701,21.54541015625
2228820,20.99609375
2229904,21.728515625
2235118,22.03369140625
2235322,30.3955078125
2235436,28.4423828125
2235501,24.0478515625
2235598,21.78955078125
2235638,22.8271484375
2236215,21.66748046875
2236776,21.728515625
2237729,20.99609375
2270677,26.3671875
2273349,21.54541015625
2276785,23.49853515625
2277035,20.8740234375
2277089,23.681640625
2277157,21.3623046875
2277185,32.40966796875
2277260,23.8037109375
2277311,21.728515625
2277348,23.49853515625
2278301,22.03369140625
2278464,22.0947265625
2278561,23.37646484375
2279447,28.25927734375
2279569,22.52197265625
2279999,21.1181640625
2310328,23.8037109375
2317472,22.4609375
2319114,25.2685546875
2320238,21.91162109375
2320500,21.66748046875
2320516,21.3623046875
2320593,20.99609375
2320641,31.18896484375
2320699,24.23095703125
2320764,23.37646484375
2320774,29.541015625
2320923,21.91162109375
2321198,29.052734375
2322228,21.42333984375
2322704,25.69580078125
2323530,21.30126953125
2356812,22.3388671875
2362764,21.42333984375
2362997,23.3154296875
2363124,21.42333984375
2363171,22.15576171875
2363188,20.93505859375
2363264,20.93505859375
2363781,22.216796875
2363915,21.728515625
2364224,24.35302734375
2365020,21.97265625
2366241,23.5595703125
2395488,22.3388671875
2406423,23.681640625
2406811,22.5830078125
2406901,30.6396484375
2406970,26.0009765625
2406991,25.20751953125
2407260,21.728515625
2408309,22.15576171875
2409644,23.01025390625
2438322,21.728515625
2446185,23.25439453125
2450669,22.0947265625
2450718,21.240234375
2450767,22.0947265625
2450779,23.4375
2450958,21.484375
2451023,29.47998046875
2451159,26.91650390625
2451226,27.7099609375
2451358,23.13232421875
2452303,22.705078125
2453185,23.92578125
2486305,21.728515625
2491423,23.98681640625
2492438,22.27783203125
2494201,24.23095703125
2494652,23.13232421875
2494762,21.484375
2494943,20.99609375
2495111,22.705078125
2495361,24.35302734375
2495721,21.3623046875
2495977,22.15576171875
2496704,20.93505859375
2497297,21.3623046875
2528257,22.705078125
2535896,32.470703125
2536004,21.78955078125
2536035,25.93994140625
2536070,24.658203125
2536095,22.76611328125
2536152,23.4375
2536164,28.3203125
2536232,21.91162109375
2536312,24.169921875
2537057,23.3154296875
2537443,21.42333984375
2537830,22.15576171875
2538133,23.0712890625
2538470,22.03369140625
2539083,22.03369140625
2569060,22.94921875
2573359,21.91162109375
2579244,23.25439453125
2579258,22.39990234375
2579552,27.03857421875
2579573,21.8505859375
2579635,23.0712890625
2580406,24.47509765625
2580585,21.54541015625
2580875,21.1181640625
2581278,21.728515625
2582499,26.85546875
2622954,25.87890625
2623211,22.0947265625
2623304,23.86474609375
2623454,35.0341796875
2623668,22.4609375
2623764,21.17919921875
2623858,21.97265625
2624709,22.15576171875
2625012,23.4375
2660924,23.86474609375
2662542,22.3388671875
2665532,23.37646484375
2665614,22.03369140625
2665743,24.35302734375
2665820,25.146484375
2665859,25.81787109375
2665908,29.541015625
2666057,26.0009765625
2666246,23.74267578125
2666982,22.216796875
2667105,22.216796875
2667213,21.05712890625
2668629,23.37646484375
2698894,21.30126953125
2700601,20.93505859375
2709292,23.25439453125
2709596,35.70556640625
2709706,21.8505859375
2709777,23.86474609375
2709832,23.49853515625
2709881,22.0947265625
2709899,22.705078125
2710048,21.728515625
2710134,21.42333984375
2710326,21.17919921875
2711522,21.30126953125
2712434,21.3623046875
2742375,21.8505859375
2743351,20.99609375
2754082,24.2919921875
2754357,27.4658203125
2754479,25.32958984375
2754630,25.5126953125
2754747,23.681640625
2754793,27.77099609375
2755628,22.216796875
2757008,21.728515625
2757195,21.8505859375
2757727,23.13232421875
2778067,21.30126953125
2793616,23.3154296875
2798363,23.25439453125
2798419,22.64404296875
2798491,21.30126953125
2798558,25.08544921875
2798589,25.57373046875
2798642,31.3720703125
2798676,23.681640625
2798705,21.30126953125
2798735,27.099609375
2798809,23.0712890625
2799340,23.3154296875
2799919,22.0947265625
2800030,21.30126953125
2800168,21.66748046875
2800427,21.54541015625
2801160,21.8505859375
2801596,22.8271484375
2832055,23.37646484375
2834617,20.8740234375
2841426,22.8271484375
2843029,28.564453125
2843297,23.01025390625
2843320,20.99609375
2843370,24.59716796875
2843414,38.2080078125
2843472,24.96337890625
2843536,22.3388671875
2843771,21.240234375
2843964,20.93505859375
2845453,22.52197265625
2845936,22.4609375
2875603,21.8505859375
2879668,21.05712890625
2890287,28.01513671875
2890508,24.4140625
2890545,21.42333984375
2890627,27.03857421875
2890637,29.60205078125
2890724,25.20751953125
2890799,35.15625
2890864,21.3623046875
2891100,22.8271484375
2891479,21.05712890625
2892030,21.97265625
2892146,22.3388671875
2892320,22.03369140625
2892840,21.3623046875
2893638,21.8505859375
2928204,23.01025390625
2934739,23.62060546875
2934832,21.3623046875
2935005,21.484375
2935068,20.8740234375
2935130,27.28271484375
2935164,21.97265625
2935384,21.42333984375
2935899,22.52197265625
2936427,22.27783203125
2936662,21.728515625
2936817,21.1181640625
2936976,21.8505859375
2969267,24.47509765625
2972669,21.6064453125
2978681,23.62060546875
2978806,23.98681640625
2978944,21.484375
2978989,31.8603515625
2979073,32.53173828125
2979152,27.16064453125
2979217,21.66748046875
2979302,22.52197265625
2979729,20.93505859375
2981159,22.03369140625
3012284,23.0712890625
3021535,25.146484375
3021655,23.62060546875
3021699,20.8740234375
3021760,24.2919921875
3021788,23.193359375
3021855,29.4189453125
3021884,23.01025390625
3021995,25.87890625
3022152,21.728515625
3024109,21.17919921875
3056809,22.52197265625
3058245,22.705078125
3065382,23.3154296875
3065647,22.52197265625
3065705,22.88818359375
3065727,28.13720703125
3065812,27.83203125
3065946,22.15576171875
3066143,21.6064453125
3066563,21.17919921875
3066950,20.99609375
3068338,21.484375
3106074,21.6064453125
3107073,21.1181640625
3107112,20.93505859375
3107159,21.6064453125
3107270,28.01513671875
3107286,21.91162109375
3107886,21.97265625
3108055,22.705078125
3108466,26.79443359375
3108597,22.27783203125
3108765,21.484375
3109196,25.32958984375
3109608,22.4609375
3142714,22.4609375
3151733,22.64404296875
3151789,21.30126953125
3151839,20.99609375
3152028,28.25927734375
3152117,23.01025390625
3152191,25.20751953125
3153166,22.52197265625
3153299,23.92578125
3153819,25.0244140625
3154132,22.705078125
3183446,21.484375
3186122,21.91162109375
3196002,23.5595703125
3196107,26.2451171875
3196244,32.470703125
3196321,31.31103515625
3196350,23.3154296875
3196474,27.83203125
3196544,23.01025390625
3196658,21.30126953125
3196800,22.4609375
3196905,21.3623046875
3197294,21.240234375
3197962,23.5595703125
3198161,24.5361328125
3198782,23.49853515625
3230172,21.8505859375
3237029,26.06201171875
3237048,25.93994140625
3237090,23.62060546875
3237133,34.66796875
3237184,22.3388671875
3237489,20.8740234375
3237581,23.681640625
3237792,21.30126953125
3237815,23.681640625
3237939,22.03369140625
3238088,20.8740234375
3238374,21.97265625
3238790,24.169921875
3281809,22.0947265625
3281923,21.78955078125
3282048,22.94921875
3282079,21.97265625
3282151,25.634765625
3282510,23.13232421875
3282594,23.681640625
3282692,22.5830078125
3282820,20.93505859375
3282910,25.69580078125
3283064,23.3154296875
3283556,22.52197265625
3284642,22.705078125
3318288,21.1181640625
3323817,21.484375
3326334,24.0478515625
3326545,21.54541015625
3326718,23.62060546875
3326757,24.90234375
3326848,24.59716796875
3326954,24.47509765625
3327109,21.30126953125
3327692,21.78955078125
3327823,24.2919921875
3328599,21.30126953125
3361077,23.3154296875
3368528,23.0712890625
3370063,26.2451171875
3370114,26.3671875
3370258,23.681640625
3370324,22.27783203125
3370438,26.2451171875
3370504,22.15576171875
3370605,23.01025390625
3371205,24.7802734375
3371508,22.39990234375
3372056,22.88818359375
3372155,23.3154296875
3372444,20.99609375
3373416,22.15576171875
3411563,22.88818359375
3411665,21.6064453125
3411993,23.98681640625
3412030,23.74267578125
3412158,21.17919921875
3412368,21.54541015625
3412526,21.728515625
3412633,20.99609375
3413008,21.97265625
3413266,22.4609375
3413496,21.240234375
3413614,22.76611328125
3414577,22.0947265625
3414768,24.71923828125
3414844,22.0947265625
3446381,23.49853515625
3453122,21.484375
3458151,26.18408203125
3458497,21.66748046875
3458561,27.7099609375
3458628,25.32958984375
3458648,25.390625
3458661,22.27783203125
3458687,21.30126953125
3458771,23.4375
3458848,22.216796875
3459261,21.6064453125
3459672,22.8271484375
3460073,20.93505859375
3460191,22.705078125
3460498,24.2919921875
3461201,22.52197265625
3461816,21.66748046875
3494004,21.1181640625
3495946,22.88818359375
3496653,21.1181640625
3502311,21.54541015625
3503154,24.7802734375
3503435,22.8271484375
3503526,25.634765625
3503602,27.587890625
3503661,24.90234375
3503737,21.05712890625
3503837,24.169921875
3504451,22.8271484375
3505326,23.92578125
3546038,23.37646484375
3548305,20.99609375
3549509,23.01025390625
3549569,23.4375
3549749,20.8740234375
3549811,25.57373046875
3549854,27.52685546875
3549950,21.728515625
3549979,23.49853515625
3550374,23.193359375
3550553,23.0712890625
3550789,21.17919921875
3551333,21.6064453125
3551460,22.3388671875
3585998,22.5830078125
3587678,23.86474609375
3592354,21.91162109375
3592625,22.705078125
3592707,21.97265625
3592730,23.37646484375
3592807,23.25439453125
3592855,25.08544921875
3592875,31.31103515625
3593087,21.17919921875
3593462,21.484375
3594533,21.240234375
3628537,23.0712890625
3636532,23.92578125
3636585,21.6064453125
3636633,21.05712890625
3636648,23.681640625
3636783,21.05712890625
3636835,25.08544921875
3636881,31.67724609375
3636905,33.50830078125
3636957,24.23095703125
3637009,23.25439453125
3637090,22.4609375
3637172,22.4609375
3637270,22.94921875
3637364,25.87890625
3637711,23.01025390625
3638076,28.25927734375
3638302,26.06201171875
3638564,21.54541015625
3638707,21.42333984375
3638849,20.99609375
3639467,23.86474609375
3673078,22.8271484375
3680598,25.2685546875
3680991,29.72412109375
3681087,29.35791015625
3681114,24.59716796875
3681155,23.98681640625
3681210,28.62548828125
3681293,22.88818359375
3681371,23.681640625
3681450,23.4375
3681976,23.01025390625
3682515,23.92578125
3716780,21.42333984375
3722369,22.94921875
3722574,28.4423828125
3722621,22.03369140625
3722890,23.74267578125
3722912,25.0244140625
3722968,28.01513671875
3723036,21.78955078125
3723071,24.71923828125
3723106,31.06689453125
3723184,21.42333984375
3723249,20.8740234375
3723744,21.91162109375
3724126,20.99609375
3724254,23.01025390625
3724459,21.484375
3724764,24.7802734375
3757872,21.78955078125
3761765,21.1181640625
3761835,22.216796875
3762133,25.634765625
3762243,20.99609375
3762320,23.74267578125
3762407,21.484375
3762426,22.27783203125
3762526,21.97265625
3762567,22.15576171875
3762695,22.88818359375
3763328,21.484375
3763712,27.77099609375
3763742,22.705078125
3804513,22.0947265625
3804560,25.20751953125
3804774,23.01025390625
3804842,20.93505859375
3804977,21.240234375
3804994,21.97265625
3805139,21.17919921875
3805956,21.17919921875
3806458,22.76611328125
3806788,21.3623046875
3833133,22.3388671875
3842636,22.0947265625
3847035,27.64892578125
3847119,23.8037109375
3847286,27.4658203125
3847317,25.5126953125
3847400,26.91650390625
3847422,24.10888671875
3847550,29.9072265625
3847601,21.97265625
3847714,21.91162109375
3847745,22.52197265625
3847827,23.01025390625
3848403,23.86474609375
3848571,21.91162109375
3849390,22.0947265625
3881950,23.681640625
3891652,21.30126953125
3891709,20.99609375
3891929,24.7802734375
3891971,25.0244140625
3892022,21.6064453125
3892088,21.240234375
3892143,22.8271484375
3893394,22.3388671875
3893512,23.25439453125
3935370,28.38134765625
3935424,23.74267578125
3935465,21.1181640625
3935623,22.94921875
3935656,25.2685546875
3935706,21.66748046875
3935733,22.52197265625
3935801,21.54541015625
3936049,21.30126953125
3936738,28.80859375
3937827,22.4609375
3962871,21.484375
3969099,25.634765625
3969167,21.30126953125
3969222,21.1181640625
3969290,22.216796875
3969390,24.4140625
3969411,29.541015625
3969449,29.052734375
3969479,21.30126953125
3969560,29.60205078125
3969646,24.90234375
3969906,27.89306640625
3970192,22.0947265625
3970320,25.08544921875
3970833,22.15576171875
3971120,22.03369140625
3971414,20.99609375
3971604,22.03369140625
3972032,20.8740234375
4003634,22.216796875
4016060,21.6064453125
4016324,21.78955078125
4016334,21.8505859375
4016401,27.2216796875
4016492,22.216796875
4016541,23.01025390625
4016723,22.52197265625
4017009,22.705078125
4018238,20.99609375
4018489,21.728515625
4018847,23.8037109375
4048577,24.47509765625
4060943,23.92578125
4060992,22.0947265625
4061149,23.0712890625
4061211,33.26416015625
4061242,23.5595703125
4061278,24.84130859375
4061316,29.11376953125
4061347,22.88818359375
4061379,22.705078125
4061449,27.28271484375
4061480,22.216796875
4061628,24.90234375
4061664,21.30126953125
4061796,23.681640625
4061855,22.5830078125
4062070,21.54541015625
4062223,24.4140625
4062610,22.94921875
4062791,23.62060546875
4063382,22.52197265625
4088535,20.93505859375
4096937,23.681640625
4104248,27.9541015625
4104505,29.23583984375
4104606,21.66748046875
4104631,28.86962890625
4104736,20.99609375
4104951,29.11376953125
4105598,27.4658203125
4140830,21.6064453125
4145706,23.62060546875
4150835,26.0009765625
4151123,27.83203125
4151168,21.78955078125
4151189,23.49853515625
4151222,24.96337890625
4151246,24.47509765625
4151281,21.66748046875
4151315,28.3203125
4151391,22.216796875
4151766,21.6064453125
4153844,20.8740234375
4179350,21.78955078125
4184989,24.47509765625
4191200,23.62060546875
4194882,21.66748046875
4195176,42.724609375
4195237,22.705078125
4195280,27.03857421875
4195361,29.96826171875
4195391,21.484375
4195564,21.3623046875
4195983,22.4609375
4196246,22.15576171875
4197136,21.6064453125
4197382,21.240234375
4197564,24.169921875
4238463,23.74267578125
4238503,23.681640625
4238516,21.91162109375
4238582,21.05712890625
4238657,20.93505859375
4238738,23.681640625
4238829,21.30126953125
4238916,27.099609375
4238987,23.13232421875
4239006,25.32958984375
4239299,22.705078125
4240142,22.8271484375
4240424,21.1181640625
4240911,22.0947265625
4272667,21.728515625
4275179,24.96337890625
4282595,26.18408203125
4282620,21.6064453125
4282703,20.99609375
4282847,23.49853515625
4282884,24.0478515625
4282925,24.658203125
4282942,30.21240234375
4283007,23.37646484375
4283072,24.90234375
4283311,21.728515625
4284358,21.484375
4284800,22.76611328125
4284940,23.3154296875
4285088,23.62060546875
4316221,20.8740234375
4327282,27.03857421875
4327358,21.42333984375
4327375,23.37646484375
4327405,35.64453125
4327421,20.8740234375
4327562,21.6064453125
4327677,22.03369140625
4327847,23.98681640625
4328173,22.8271484375
4328440,20.99609375
4328883,23.25439453125
4329119,23.92578125
4329188,21.1181640625
4330145,20.8740234375
4364885,21.484375
4367913,24.0478515625
4368453,20.99609375
4368469,24.169921875
4368555,24.5361328125
4368690,23.3154296875
4368803,26.18408203125
4369540,21.91162109375
4369818,27.9541015625
4369942,24.2919921875
4370371,21.97265625
4371054,21.1181640625
4400752,21.97265625
4402201,21.8505859375
4409515,23.193359375
4412374,28.076171875
4412573,21.97265625
4412675,22.4609375
4412715,20.99609375
4412733,23.3154296875
4412840,21.17919921875
4412901,21.91162109375
4413274,22.4609375
4440153,23.25439453125
4445822,23.01025390625
4457210,23.13232421875
4457266,25.93994140625
4457405,23.13232421875
4457477,32.470703125
4457487,21.6064453125
4457521,21.728515625
4457567,22.52197265625
4457603,33.75244140625
4457816,22.216796875
4457985,20.8740234375
4458308,20.99609375
4493380,21.30126953125
4499789,21.8505859375
4501018,21.78955078125
4501071,21.8505859375
4501344,27.52685546875
4501367,22.27783203125
4501388,27.4658203125
4501437,25.81787109375
4501547,21.05712890625
4501636,24.2919921875
4501726,21.05712890625
4501801,21.66748046875
4502428,24.0478515625
4503648,21.05712890625
4504087,22.52197265625
4537050,23.193359375
4537181,22.0947265625
4539044,22.3388671875
4545029,34.97314453125
4545100,23.25439453125
4545352,24.169921875
4545403,25.146484375
4545443,28.6865234375
4545577,27.7099609375
4545644,26.0009765625
4545717,24.658203125
4545800,21.97265625
4546161,20.93505859375
4546303,21.42333984375
4546429,22.39990234375
4547074,23.13232421875
4547880,20.99609375
4561636,27.34375
4561752,27.4658203125
4561881,23.62060546875
4561902,23.5595703125
4561968,23.5595703125
4562048,22.705078125
4562081,29.60205078125
4562203,28.99169921875
4562424,31.18896484375
4562642,25.81787109375
4562957,22.27783203125
4563261,21.54541015625
4563815,20.93505859375
4600111,25.45166015625
4604207,22.216796875
4604500,22.705078125
4609060,22.94921875
4609112,21.66748046875
4609417,23.62060546875
4609448,21.1181640625
4609509,21.54541015625
4609574,27.7099609375
4609714,23.62060546875
4609791,25.08544921875
4610081,23.4375
4610162,21.05712890625
4610202,21.78955078125
4610443,20.8740234375
4611035,23.25439453125
4612160,24.84130859375
4642010,24.169921875
4647942,21.30126953125
4657882,25.634765625
4657909,21.97265625
4657959,24.90234375
4658134,30.45654296875
4658171,24.23095703125
4658256,30.029296875
4658278,28.62548828125
4658472,25.146484375
4658523,23.681640625
4659484,22.216796875
4659616,22.03369140625
4681769,23.37646484375
4699828,22.705078125
4699880,23.37646484375
4699960,21.05712890625
4700082,22.39990234375
4700116,22.52197265625
4700151,22.88818359375
4700176,22.39990234375
4700227,26.611328125
4700329,28.38134765625
4700350,21.240234375
4700429,22.4609375
4700495,24.2919921875
4701119,21.728515625
4701294,21.17919921875
4701588,22.0947265625
4702026,21.30126953125
4702309,21.42333984375
4743589,21.240234375
4743832,31.31103515625
4743865,27.099609375
4743880,28.01513671875
4743945,31.494140625
4743966,25.20751953125
4744011,24.658203125
4744206,25.32958984375
4744729,21.91162109375
4745022,22.39990234375
4745178,23.4375
4746135,22.03369140625
4776008,21.484375
4788653,21.66748046875
4788703,24.71923828125
4788928,22.216796875
4788963,36.80419921875
4789013,22.27783203125
4789033,23.0712890625
4789122,23.37646484375
4789151,22.52197265625
4789897,21.66748046875
4790140,25.146484375
4790249,22.94921875
4790634,21.3623046875
