4798001,0
2033,48.27880859375
3062,45.5322265625
5907,51.513671875
6858,40.95458984375
8451,41.80908203125
10181,40.10009765625
10995,45.5322265625
13046,43.39599609375
13267,45.59326171875
13861,48.40087890625
14710,55.2978515625
15297,42.29736328125
16342,46.2646484375
25492,39.12353515625
27379,44.12841796875
31655,39.55078125
31936,42.236328125
35127,58.837890625
37814,40.71044921875
38935,42.3583984375
40106,41.56494140625
43446,53.7109375
47862,52.24609375
49341,40.52734375
50933,40.8935546875
51411,39.4287109375
55361,44.3115234375
55916,45.83740234375
56320,43.212890625
56763,49.37744140625
56773,45.8984375
57111,49.25537109375
57276,39.0625
57321,42.3583984375
57402,45.5322265625
57603,40.83251953125
57801,39.0625
58328,40.8935546875
58354,40.1611328125
58731,40.771484375
58787,42.724609375
58956,57.55615234375
59754,39.24560546875
71584,42.96875
74120,41.68701171875
78344,40.1611328125
79894,46.7529296875
80710,41.56494140625
80813,39.24560546875
81036,50.23193359375
81120,39.97802734375
81138,39.36767578125
81439,59.38720703125
81759,63.90380859375
82136,42.6025390625
82171,45.59326171875
83186,40.771484375
83295,40.34423828125
93057,48.7060546875
93214,43.27392578125
94063,46.93603515625
95813,44.3115234375
96070,45.41015625
99287,46.69189453125
100482,43.45703125
102591,47.54638671875
102665,44.49462890625
108531,39.4287109375
108783,49.1943359375
110127,48.095703125
117165,39.12353515625
120658,39.12353515625
121538,41.259765625
121725,40.95458984375
126785,39.9169921875
127195,39.85595703125
128164,44.3115234375
128559,40.22216796875
134661,42.29736328125
135536,52.67333984375
138200,41.50390625
140647,39.12353515625
141658,39.48974609375
144563,41.68701171875
145500,39.0625
152254,43.0908203125
157273,46.630859375
157328,41.56494140625
158529,39.306640625
161109,39.0625
163209,49.4384765625
163554,39.6728515625
164698,41.1376953125
171472,53.77197265625
171497,40.71044921875
171653,40.0390625
171995,42.724609375
172014,40.4052734375
172086,60.6689453125
172367,44.00634765625
172422,41.6259765625
172493,44.7998046875
172537,41.259765625
172660,46.56982421875
172876,50.47607421875
172902,40.10009765625
172957,40.22216796875
173459,40.283203125
173525,53.22265625
178969,41.80908203125
182892,40.71044921875
185870,48.64501953125
195718,41.19873046875
196048,39.55078125
197122,43.88427734375
202016,40.22216796875
210590,42.6025390625
210608,39.55078125
214553,40.771484375
217893,40.1611328125
218810,47.18017578125
223639,40.46630859375
225496,39.73388671875
233291,39.73388671875
234752,42.54150390625
234826,45.59326171875
234958,46.875
235084,39.24560546875
235102,44.12841796875
235185,43.76220703125
235227,41.68701171875
235271,45.34912109375
235294,42.66357421875
235326,39.73388671875
235407,40.771484375
235527,42.3583984375
235597,46.32568359375
235618,49.072265625
235781,40.22216796875
235843,41.8701171875
235920,50.1708984375
236025,41.3818359375
236118,39.61181640625
236377,41.3818359375
236444,41.44287109375
236607,43.212890625
236928,52.1240234375
245056,39.61181640625
252859,39.6728515625
254021,44.5556640625
257701,44.98291015625
258828,41.44287109375
260375,39.00146484375
262766,41.015625
263339,40.83251953125
266231,43.02978515625
268145,43.27392578125
269700,62.255859375
270671,41.6259765625
275971,40.283203125
280395,44.921875
280459,42.41943359375
280620,39.4287109375
280724,49.74365234375
280851,41.1376953125
280901,40.1611328125
280961,65.185546875
280998,47.30224609375
281078,41.9921875
281091,39.9169921875
281292,42.6025390625
281400,46.81396484375
281460,39.306640625
281565,47.91259765625
281902,41.80908203125
281979,46.0205078125
282175,39.55078125
282631,40.34423828125
294699,39.0625
297340,39.00146484375
297374,45.5322265625
299098,50.96435546875
299847,41.015625
300154,39.97802734375
303215,65.673828125
303756,41.748046875
310227,44.61669921875
311032,44.00634765625
314599,42.236328125
316884,41.19873046875
322289,41.19873046875
330603,43.27392578125
330768,41.68701171875
332098,42.54150390625
332322,50.23193359375
332832,44.43359375
333311,43.3349609375
333786,52.6123046875
334178,41.32080078125
334596,43.701171875
340049,45.10498046875
348940,40.83251953125
349025,43.88427734375
351023,56.15234375
351494,41.07666015625
351952,41.93115234375
352329,47.4853515625
352698,41.015625
359218,42.6025390625
365431,47.7294921875
367086,43.45703125
367318,39.6728515625
368576,42.96875
370079,40.283203125
370662,39.6728515625
370804,44.25048828125
371015,61.279296875
371083,40.58837890625
371211,41.6259765625
371283,39.0625
371344,39.48974609375
371401,39.1845703125
371810,43.9453125
371881,41.1376953125
372400,45.34912109375
372852,45.59326171875
381193,39.48974609375
382032,39.24560546875
383561,39.306640625
384861,39.6728515625
385602,49.25537109375
386179,44.43359375
386632,44.677734375
387746,49.37744140625
394925,41.50390625
396493,41.56494140625
396793,53.89404296875
397098,40.83251953125
398415,43.45703125
398597,39.00146484375
399244,42.236328125
399742,46.2646484375
400805,40.52734375
400890,40.10009765625
400926,43.15185546875
401133,44.12841796875
408273,47.2412109375
410287,43.5791015625
411405,41.07666015625
411925,44.5556640625
412201,39.4287109375
412443,40.4052734375
412607,42.1142578125
412656,40.46630859375
413025,41.1376953125
413072,41.9921875
421854,39.24560546875
423097,47.18017578125
423536,39.48974609375
423947,41.19873046875
424093,43.64013671875
424137,42.48046875
424257,41.68701171875
424408,44.25048828125
424726,40.83251953125
424951,39.12353515625
434568,45.41015625
434743,39.1845703125
435213,44.25048828125
435418,41.80908203125
440874,47.18017578125
442220,46.32568359375
443675,40.71044921875
444050,42.236328125
444693,45.71533203125
446960,40.4052734375
455377,44.25048828125
455583,39.48974609375
455600,42.41943359375
456206,48.4619140625
456346,39.12353515625
456359,51.33056640625
456914,44.98291015625
457666,40.771484375
464718,41.50390625
465031,41.748046875
466192,43.45703125
472035,46.5087890625
472540,39.00146484375
474105,42.724609375
474573,41.68701171875
475849,39.61181640625
481860,50.35400390625
482002,40.771484375
482254,39.24560546875
482453,40.52734375
483687,44.49462890625
484141,41.19873046875
484227,40.283203125
491693,42.724609375
492498,44.86083984375
499316,39.85595703125
499778,47.79052734375
500005,42.6025390625
500638,39.36767578125
507518,45.34912109375
507534,42.05322265625
515660,39.85595703125
515832,42.3583984375
515924,43.27392578125
516114,40.52734375
516405,39.9169921875
516998,39.0625
517381,40.46630859375
517916,39.36767578125
523870,43.88427734375
524781,41.07666015625
524945,39.6728515625
528898,39.794921875
532083,39.55078125
532539,42.41943359375
532602,39.73388671875
533100,40.771484375
539991,39.24560546875
540048,41.80908203125
540479,46.142578125
540728,39.85595703125
540770,40.46630859375
541336,42.54150390625
541503,41.32080078125
549628,44.00634765625
549748,39.00146484375
549866,49.62158203125
550304,40.34423828125
550403,40.10009765625
550965,40.283203125
557477,39.6728515625
558663,39.00146484375
558732,39.48974609375
559128,49.25537109375
559626,39.85595703125
559771,40.0390625
568046,40.6494140625
568157,42.236328125
568637,39.97802734375
568895,41.9921875
569176,39.306640625
569227,44.677734375
577188,40.0390625
577634,39.12353515625
578227,43.88427734375
578550,41.3818359375
587685,39.00146484375
587825,47.91259765625
598310,39.6728515625
598609,41.6259765625
608488,39.9169921875
608588,43.0908203125
609174,51.94091796875
609209,42.66357421875
609338,49.4384765625
610059,41.19873046875
619760,39.4287109375
620070,39.36767578125
620092,39.97802734375
620608,40.46630859375
620788,39.61181640625
621124,44.12841796875
630352,39.00146484375
631777,41.56494140625
632153,41.9921875
632484,42.3583984375
642353,40.1611328125
642626,42.17529296875
642668,41.9921875
642975,41.68701171875
645647,41.8701171875
652097,42.41943359375
652661,42.6025390625
654131,41.8701171875
655083,43.3349609375
666176,41.44287109375
678216,42.6025390625
678383,40.0390625
679533,44.49462890625
690292,39.794921875
690736,43.45703125
691663,40.71044921875
704555,39.794921875
704606,48.52294921875
705101,39.9169921875
716812,46.142578125
717353,40.58837890625
718846,39.9169921875
725342,39.6728515625
726746,41.50390625
729210,39.73388671875
729525,40.58837890625
730042,41.748046875
745206,44.98291015625
761614,40.4052734375
761734,39.6728515625
761848,39.24560546875
762872,42.724609375
763054,39.6728515625
779722,41.68701171875
782378,39.36767578125
782682,39.6728515625
782722,40.71044921875
782812,41.015625
783181,43.701171875
794560,39.85595703125
803052,40.22216796875
803110,39.24560546875
803293,39.85595703125
803962,40.10009765625
832939,39.00146484375
837387,43.51806640625
851403,39.12353515625
860833,40.46630859375
868892,39.73388671875
886256,41.748046875
913279,39.24560546875
913626,40.4052734375
918551,39.12353515625
929810,39.24560546875
933965,42.8466796875
937732,40.22216796875
942842,39.61181640625
946083,45.8984375
947635,39.9169921875
958834,41.8701171875
967702,45.10498046875
967939,39.306640625
988801,39.1845703125
989758,40.52734375
991213,44.0673828125
992796,40.22216796875
998677,39.36767578125
1000778,43.02978515625
1007175,40.8935546875
1012135,40.1611328125
1012956,45.7763671875
1017953,46.9970703125
1025424,41.1376953125
1026531,40.6494140625
1027647,39.55078125
1027733,46.44775390625
1041412,41.9921875
1042772,43.5791015625
1042804,39.48974609375
1043054,45.41015625
1043086,41.19873046875
1043288,39.6728515625
1043308,40.58837890625
1043411,68.29833984375
1043560,39.0625
1043667,39.97802734375
1043757,39.0625
1043793,43.39599609375
1043989,45.166015625
1044162,47.7294921875
1044503,41.32080078125
1065247,41.68701171875
1068835,41.68701171875
1069366,39.12353515625
1097279,41.9921875
1098108,46.81396484375
1104738,43.3349609375
1112333,42.724609375
1134745,41.8701171875
1136438,40.10009765625
1143530,39.12353515625
1149080,41.748046875
1156642,43.02978515625
1173419,43.51806640625
1182299,42.1142578125
1182554,39.00146484375
1183114,40.8935546875
1184061,41.32080078125
1191538,40.10009765625
1191802,41.07666015625
1191821,39.1845703125
1191881,57.06787109375
1192061,42.17529296875
1192119,53.3447265625
1192296,45.83740234375
1192419,46.0205078125
1192588,41.68701171875
1192653,54.99267578125
1192850,41.44287109375
1192937,40.0390625
1192973,40.283203125
1193146,41.44287109375
1193345,44.73876953125
1208987,39.9169921875
1210907,43.27392578125
1219829,42.8466796875
1224107,45.10498046875
1224761,39.1845703125
1225155,43.9453125
1225501,42.17529296875
1225597,41.32080078125
1225709,44.49462890625
1225852,40.0390625
1226074,40.58837890625
1226168,44.98291015625
1226571,42.66357421875
1231935,41.07666015625
1242181,39.6728515625
1243517,39.61181640625
1245506,40.58837890625
1254717,42.724609375
1256477,39.9169921875
1257141,42.90771484375
1263260,42.05322265625
1265135,41.19873046875
1266389,42.29736328125
1268452,42.48046875
1268543,40.52734375
1268622,55.96923828125
1268696,42.78564453125
1268763,44.25048828125
1268803,39.61181640625
1268894,41.68701171875
1268978,47.7294921875
1268989,41.19873046875
1269013,41.93115234375
1269105,39.36767578125
1269327,46.7529296875
1269513,39.61181640625
1269672,56.15234375
1269719,39.12353515625
1270859,40.83251953125
1277426,39.97802734375
1283414,40.0390625
1287484,39.0625
1288499,39.55078125
1289734,40.71044921875
1294086,39.1845703125
1300270,47.54638671875
1300334,61.21826171875
1311509,39.12353515625
1314867,39.4287109375
1315900,44.00634765625
1317222,47.18017578125
1317343,43.3349609375
1317686,42.29736328125
1317828,43.64013671875
1317935,46.5087890625
1317971,40.22216796875
1318154,54.13818359375
1318559,46.44775390625
1319284,42.78564453125
1333310,44.5556640625
1333369,50.59814453125
1333535,42.05322265625
1333569,40.58837890625
1333606,43.39599609375
1333700,45.8984375
1333812,40.95458984375
1333969,40.4052734375
1334292,39.0625
1334302,45.95947265625
1334379,54.0771484375
1334521,43.3349609375
1335062,43.02978515625
1343628,42.78564453125
1347156,40.34423828125
1347177,39.1845703125
1347535,39.0625
1347660,50.9033203125
1348050,39.4287109375
1354859,41.19873046875
1358472,43.39599609375
1360363,39.12353515625
1360511,40.1611328125
1360626,58.837890625
1360683,39.6728515625
1360731,39.794921875
1360745,44.7998046875
1360789,45.95947265625
1360811,39.97802734375
1361049,41.19873046875
1361105,39.306640625
1361376,40.0390625
1361516,44.43359375
1361612,40.10009765625
1371970,47.54638671875
1373260,40.6494140625
1373386,48.15673828125
1373573,39.306640625
1373636,41.32080078125
1373712,49.1943359375
1373819,43.5791015625
1373846,43.0908203125
1373858,41.56494140625
1374162,44.98291015625
1374209,40.22216796875
1375098,45.8984375
1386621,51.8798828125
1386835,42.48046875
1386972,39.794921875
1387009,39.12353515625
1387044,55.35888671875
1387215,46.32568359375
1387247,39.73388671875
1387403,39.00146484375
1387579,39.306640625
1387837,44.677734375
1398413,47.9736328125
1399712,41.9921875
1399821,52.490234375
1399986,48.03466796875
1400087,56.7626953125
1400263,52.91748046875
1400314,47.30224609375
1400512,41.50390625
1400564,42.41943359375
1400683,40.58837890625
1400736,40.34423828125
1401979,39.00146484375
1402664,39.61181640625
1412134,52.91748046875
1412609,49.74365234375
1412758,45.83740234375
1412904,47.8515625
1412972,40.52734375
1413206,39.24560546875
1413890,43.15185546875
1422309,54.26025390625
1428485,42.66357421875
1432077,42.724609375
1432274,40.4052734375
1432377,44.0673828125
1432579,62.744140625
1432939,59.2041015625
1432992,41.56494140625
1433056,41.44287109375
1443090,39.24560546875
1443523,44.00634765625
1443605,48.27880859375
1443707,58.53271484375
1444547,58.28857421875
1451941,41.56494140625
1453352,40.771484375
1454599,39.1845703125
1454617,43.27392578125
1466301,39.97802734375
1466324,45.83740234375
1466340,44.25048828125
1466367,40.46630859375
1466486,45.59326171875
1466865,45.8984375
1476155,44.25048828125
1478502,42.17529296875
1478875,41.50390625
1478905,51.57470703125
1479164,49.6826171875
1479232,44.921875
1479374,39.9169921875
1479407,55.2978515625
1490797,42.05322265625
1491009,48.15673828125
1491372,63.3544921875
1491394,41.748046875
1491618,41.015625
1491736,42.66357421875
1491809,40.34423828125
1492328,39.1845703125
1502158,41.80908203125
1505186,43.3349609375
1505430,39.306640625
1505501,39.1845703125
1505551,42.05322265625
1505735,41.8701171875
1505792,40.95458984375
1505971,41.32080078125
1515460,40.52734375
1517709,39.55078125
1517831,46.08154296875
1517989,39.1845703125
1518079,44.73876953125
1518424,42.724609375
1518656,44.43359375
1526471,43.212890625
1527119,45.0439453125
1527252,39.794921875
1531408,39.24560546875
1532947,40.58837890625
1533399,40.83251953125
1533453,60.9130859375
1533469,46.56982421875
1533517,48.64501953125
1533546,40.10009765625
1533666,39.55078125
1533762,67.9931640625
1533861,39.9169921875
1533873,39.00146484375
1534004,42.90771484375
1534054,40.4052734375
1534140,65.85693359375
1534216,39.00146484375
1535395,39.0625
1544991,39.97802734375
1547398,44.00634765625
1547410,39.306640625
1547613,47.119140625
1547796,43.64013671875
1547838,39.0625
1548009,47.607421875
1548175,39.1845703125
1548519,39.12353515625
1548553,39.61181640625
1557273,43.51806640625
1559640,42.66357421875
1561205,45.654296875
1561453,66.0400390625
1561672,40.283203125
1569099,41.80908203125
1573484,40.4052734375
1574035,42.1142578125
1574124,54.5654296875
1574267,40.771484375
1574330,39.12353515625
1579415,39.73388671875
1580305,39.24560546875
1582257,40.771484375
1583187,42.54150390625
1583658,40.22216796875
1584506,54.5654296875
1585141,41.015625
1586118,39.61181640625
1591661,39.97802734375
1595143,47.79052734375
1595186,39.00146484375
1595450,39.97802734375
1595802,54.01611328125
1595868,52.978515625
1595980,52.24609375
1596015,39.00146484375
1596342,40.6494140625
1606348,40.34423828125
1607671,43.02978515625
1614911,40.1611328125
1615147,44.189453125
1615962,39.00146484375
1617399,41.19873046875
1617506,41.748046875
1617857,41.68701171875
1617932,46.142578125
1618225,53.64990234375
1618377,44.00634765625
1625210,42.96875
1626173,41.19873046875
1626659,39.00146484375
1628960,39.00146484375
1628972,45.5322265625
1631493,44.37255859375
1636175,46.38671875
1646227,39.12353515625
1656174,40.52734375
1661795,42.17529296875
1671102,42.54150390625
1677553,40.283203125
1684921,40.4052734375
1690220,51.3916015625
1699508,46.2646484375
1705818,39.1845703125
1705931,41.32080078125
1707145,51.57470703125
1711274,47.05810546875
1711853,50.96435546875
1716592,39.48974609375
1719117,39.6728515625
1740652,42.236328125
1744313,39.0625
1744672,47.54638671875
1750757,39.48974609375
1752105,42.17529296875
1757344,43.0908203125
1757866,43.9453125
1760200,42.236328125
1767568,41.07666015625
1768118,49.560546875
1768378,41.80908203125
1769209,40.52734375
1772109,39.12353515625
1777849,41.19873046875
1779648,39.306640625
1785421,60.6689453125
1794831,40.0390625
1796314,40.8935546875
1799408,40.52734375
1801248,39.12353515625
1801837,51.57470703125
1802121,42.66357421875
1802554,39.306640625
1802750,49.6826171875
1802811,48.7060546875
1802996,43.27392578125
1803175,42.17529296875
1803312,47.607421875
1803326,38.51318359375
1803421,49.13330078125
1803471,48.52294921875
1803762,44.5556640625
1803820,49.1943359375
1803865,39.48974609375
1803891,38.51318359375
1804005,41.748046875
1804157,41.56494140625
1804847,39.73388671875
1811169,39.306640625
1814520,38.75732421875
1815973,38.6962890625
1818709,44.25048828125
1819625,44.73876953125
1828796,47.05810546875
1831432,39.6728515625
1831917,40.8935546875
1832009,40.22216796875
1832882,44.37255859375
1832896,39.4287109375
1833496,57.7392578125
1834321,38.4521484375
1837986,40.0390625
1839752,48.76708984375
1847599,40.71044921875
1855181,39.55078125
1860273,43.8232421875
1875601,44.43359375
1879695,40.22216796875
1882731,39.1845703125
1893909,52.06298828125
1900895,38.75732421875
1905546,39.24560546875
1913352,39.12353515625
1914137,40.83251953125
1919342,43.76220703125
1920416,39.306640625
1921181,39.306640625
1925380,39.4287109375
1925707,39.61181640625
1932006,46.0205078125
1937131,38.6962890625
1947465,39.794921875
1955264,39.73388671875
1962187,45.0439453125
1970536,43.76220703125
1975130,44.61669921875
1975183,47.42431640625
1978053,40.4052734375
1978135,41.07666015625
1982300,38.63525390625
1983399,39.97802734375
1987469,41.44287109375
1992702,47.05810546875
1995214,46.630859375
2000696,42.66357421875
2001357,39.4287109375
2002963,43.64013671875
2016304,40.10009765625
2021884,42.6025390625
2027087,38.87939453125
2028699,51.025390625
2029110,44.677734375
2029148,42.96875
2039822,43.88427734375
2041029,38.63525390625
2043085,39.794921875
2045355,38.4521484375
2047332,39.794921875
2051651,40.10009765625
2055032,40.46630859375
2065586,40.34423828125
2067853,41.3818359375
2084074,44.43359375
2084503,41.32080078125
2088888,42.48046875
2090346,43.212890625
2108227,53.03955078125
2108335,41.8701171875
2108383,40.1611328125
2108487,39.97802734375
2108509,40.52734375
2108551,43.64013671875
2108564,56.15234375
2108677,40.22216796875
2108707,39.9169921875
2108734,57.06787109375
2108793,46.56982421875
2108836,51.08642578125
2108875,45.22705078125
2108973,52.490234375
2109012,41.1376953125
2109028,44.921875
2109132,41.07666015625
2109185,39.55078125
2109229,41.015625
2109256,44.7998046875
2109282,40.46630859375
2109481,41.1376953125
2109491,41.1376953125
2109520,60.36376953125
2109567,41.68701171875
2109588,38.39111328125
2109662,40.10009765625
2109827,39.6728515625
2110131,40.22216796875
2110632,39.6728515625
2111265,47.66845703125
2112192,46.32568359375
2127195,42.96875
2128091,39.4287109375
2128103,39.36767578125
2128749,38.6962890625
2130967,38.9404296875
2136605,39.00146484375
2139614,44.73876953125
2145393,39.00146484375
2146362,38.818359375
2148783,41.748046875
2152246,40.34423828125
2164732,38.87939453125
2179050,43.8232421875
2190924,39.48974609375
2192047,38.6962890625
2197636,40.4052734375
2201126,38.6962890625
2201883,41.19873046875
2202463,44.49462890625
2209161,43.51806640625
2211558,42.54150390625
2212829,46.142578125
2218547,41.748046875
2218580,48.03466796875
2218629,54.26025390625
2218678,41.1376953125
2218759,39.97802734375
2218787,51.025390625
2218808,38.4521484375
2218874,38.63525390625
2218898,40.10009765625
2218917,50.048828125
2218935,40.83251953125
2218986,39.0625
2219046,38.75732421875
2219057,42.78564453125
2219089,42.05322265625
2219125,48.7060546875
2219137,46.81396484375
2219178,65.3076171875
2219226,52.6123046875
2219237,38.39111328125
2219316,48.583984375
2219359,50.1708984375
2219394,39.9169921875
2219434,50.9033203125
2219463,42.78564453125
2219590,41.56494140625
2219606,44.98291015625
2219691,48.095703125
2219725,47.30224609375
2219939,42.3583984375
2220028,46.7529296875
2220331,38.818359375
2220399,42.48046875
2220485,47.66845703125
2220807,46.56982421875
2220832,40.22216796875
2221007,39.97802734375
2221114,41.80908203125
2221287,55.35888671875
2231686,40.34423828125
2235554,39.00146484375
2236172,39.48974609375
2242512,38.39111328125
2243750,41.748046875
2246398,41.32080078125
2248504,39.73388671875
2249124,39.12353515625
2249665,42.8466796875
2250003,42.29736328125
2251506,41.259765625
2251684,40.34423828125
2251783,40.52734375
2253974,39.97802734375
2255162,38.57421875
2257413,39.0625
2268154,38.39111328125
2268657,41.07666015625
2271348,41.259765625
2276497,42.6025390625
2286444,41.3818359375
2291535,39.306640625
2293226,38.39111328125
2295106,39.85595703125
2299853,40.4052734375
2299895,40.22216796875
2302761,41.19873046875
2303053,38.6962890625
2312569,41.3818359375
2315170,40.0390625
2316923,41.32080078125
2325183,40.46630859375
2332238,41.015625
2333915,44.00634765625
2336447,52.490234375
2336556,45.47119140625
2336655,40.4052734375
2336696,41.80908203125
2336717,41.8701171875
2336829,52.24609375
2336858,49.1943359375
2336925,40.6494140625
2336977,43.3349609375
2336998,43.02978515625
2337076,40.52734375
2337127,41.1376953125
2337171,52.1240234375
2337199,50.4150390625
2337213,39.4287109375
2337246,46.32568359375
2337303,41.93115234375
2337336,47.119140625
2337418,43.15185546875
2337457,45.2880859375
2337486,39.61181640625
2337510,50.048828125
2337607,44.3115234375
2337669,45.2880859375
2337702,44.25048828125
2337793,43.701171875
2337872,39.9169921875
2337967,39.73388671875
2337982,52.67333984375
2338077,51.20849609375
2338214,45.71533203125
2338417,40.95458984375
2338433,60.85205078125
2338661,41.50390625
2338895,38.75732421875
2347692,40.4052734375
2349847,39.97802734375
2349864,38.51318359375
2350094,38.75732421875
2353519,42.29736328125
2362826,44.677734375
2373139,39.55078125
2374356,50.10986328125
2378263,43.8232421875
2380174,49.560546875
2383224,40.52734375
2385158,38.4521484375
2393275,40.6494140625
2397723,40.46630859375
2399570,38.87939453125
2399660,54.443359375
2399676,41.19873046875
2399703,42.3583984375
2399749,44.7998046875
2399786,44.189453125
2399820,39.61181640625
2399850,46.875
2399888,38.818359375
2399924,45.654296875
2399964,43.51806640625
2400010,51.7578125
2400038,44.189453125
2400118,45.71533203125
2400141,38.51318359375
2400202,39.48974609375
2400224,59.4482421875
2400244,50.72021484375
2400273,43.45703125
2400288,39.4287109375
2400307,45.2880859375
2400318,45.8984375
2400506,60.85205078125
2400625,47.18017578125
2400655,44.86083984375
2400720,38.9404296875
2400796,43.27392578125
2400847,40.4052734375
2400980,42.3583984375
2401098,45.34912109375
2401348,48.9501953125
2401582,39.48974609375
2401644,39.36767578125
2401705,39.4287109375
2402058,40.58837890625
2402130,41.44287109375
2412142,40.6494140625
2413481,42.54150390625
2414539,38.4521484375
2421450,48.828125
2427195,43.15185546875
2433978,46.81396484375
2437655,46.875
2438610,40.4052734375
2443768,39.9169921875
2446398,43.9453125
2448946,47.79052734375
2450093,38.39111328125
2450844,48.15673828125
2452887,73.42529296875
2452910,40.8935546875
2454328,46.56982421875
2456691,44.7998046875
2460611,40.283203125
2467838,56.396484375
2469114,39.24560546875
2473403,44.73876953125
2474557,39.24560546875
2486780,38.39111328125
2487853,43.15185546875
2489812,42.6025390625
2494679,43.8232421875
2499265,40.283203125
2500725,39.306640625
2507923,51.20849609375
2510997,43.64013671875
2512948,43.15185546875
2518674,41.32080078125
2521352,40.52734375
2524649,45.41015625
2527598,49.1943359375
2529146,39.85595703125
2533256,39.794921875
2533776,40.95458984375
2538343,49.13330078125
2544947,51.45263671875
2550168,46.630859375
2552081,46.875
2562263,51.513671875
2565638,38.63525390625
2566491,39.0625
2574944,40.1611328125
2576000,39.0625
2577699,55.6640625
2582189,40.22216796875
2586178,50.4150390625
2588141,39.6728515625
2594867,45.47119140625
2595092,50.537109375
2598759,45.5322265625
2600260,45.22705078125
2601571,45.0439453125
2608075,40.58837890625
2608109,39.48974609375
2610845,48.9501953125
2610874,40.1611328125
2610889,41.68701171875
2610906,41.19873046875
2610941,38.39111328125
2610993,41.80908203125
2611064,49.62158203125
2611077,52.18505859375
2611100,39.55078125
2611119,55.72509765625
2611140,43.8232421875
2611180,46.69189453125
2611193,45.59326171875
2611220,40.6494140625
2611253,46.2646484375
2611278,48.52294921875
2611309,51.26953125
2611336,48.9501953125
2611372,52.978515625
2611397,39.1845703125
2611420,40.46630859375
2611437,44.677734375
2611469,42.6025390625
2611499,48.03466796875
2611523,39.12353515625
2611551,39.6728515625
2611606,44.43359375
2611622,71.77734375
2611667,42.78564453125
2611730,40.8935546875
2611824,40.10009765625
2611846,46.81396484375
2611892,48.03466796875
2612019,45.166015625
2612045,39.6728515625
2612197,47.607421875
2612212,46.20361328125
2612505,42.6025390625
2612787,41.1376953125
2612802,41.93115234375
2612911,40.34423828125
2613053,38.51318359375
2613345,40.4052734375
2613484,41.6259765625
2622969,39.794921875
2625682,47.607421875
2627877,43.15185546875
2628511,53.28369140625
2628777,39.55078125
2631708,40.771484375
2631808,50.35400390625
2632042,39.73388671875
2632067,47.4853515625
2632110,54.38232421875
2632257,43.88427734375
2632308,40.83251953125
2632332,41.32080078125
2632386,58.9599609375
2632517,39.36767578125
2632548,43.3349609375
2632575,41.19873046875
2632667,41.6259765625
2632686,44.3115234375
2632723,40.46630859375
2632776,40.22216796875
2632918,41.3818359375
2632937,51.69677734375
2632962,42.48046875
2633015,41.19873046875
2633145,46.630859375
2633156,39.12353515625
2633204,48.583984375
2633229,41.19873046875
2633250,42.236328125
2633283,39.00146484375
2633403,39.00146484375
2633508,44.677734375
2633575,39.55078125
2633661,42.6025390625
2633804,42.66357421875
2644715,43.76220703125
2646593,38.57421875
2646612,51.26953125
2653556,41.3818359375
2654126,38.6962890625
2654604,41.68701171875
2656789,40.771484375
2658426,47.18017578125
2660771,45.2880859375
2662079,41.80908203125
2662939,50.59814453125
2663468,40.771484375
2663710,40.22216796875
2664081,42.1142578125
2664108,45.0439453125
2664155,41.19873046875
2664216,64.02587890625
2664237,43.45703125
2664248,41.07666015625
2664273,46.38671875
2664284,38.4521484375
2664301,40.1611328125
2664413,43.15185546875
2664454,46.630859375
2664601,43.9453125
2664818,40.46630859375
2664857,40.58837890625
2665004,40.0390625
2665046,41.56494140625
2665128,46.44775390625
2675412,45.47119140625
2675770,40.71044921875
2676561,39.24560546875
2677681,54.62646484375
2679611,39.794921875
2680482,41.3818359375
2680558,39.73388671875
2683173,45.0439453125
2683693,39.55078125
2686726,52.06298828125
2687546,38.87939453125
2690710,51.33056640625
2691345,39.24560546875
2692969,51.3916015625
2693486,39.61181640625
2694002,42.05322265625
2699932,41.56494140625
2702559,43.5791015625
2703381,47.607421875
2703846,40.8935546875
2706455,38.63525390625
2709087,40.6494140625
2713213,40.46630859375
2716099,40.283203125
2716238,40.1611328125
2718041,46.08154296875
2718567,40.52734375
2722901,44.189453125
2727293,39.6728515625
2729627,39.36767578125
2731119,41.3818359375
2731972,41.07666015625
2738210,40.83251953125
2740166,44.00634765625
2741809,45.5322265625
2747036,40.771484375
2748815,43.51806640625
2752206,47.119140625
2753563,42.1142578125
2754607,40.34423828125
2760423,39.55078125
2762829,40.1611328125
2764801,43.02978515625
2766733,46.81396484375
2773199,43.51806640625
2775390,44.3115234375
2775788,41.44287109375
2778795,39.9169921875
2781432,46.81396484375
2784143,44.37255859375
2787387,39.794921875
2787960,42.6025390625
2791436,41.19873046875
2793194,44.921875
2795763,49.9267578125
2797963,40.52734375
2799756,48.9501953125
2803056,48.64501953125
2804602,42.29736328125
2807360,42.3583984375
2807977,38.39111328125
2809360,58.77685546875
2811251,39.306640625
2811908,44.43359375
2814690,38.63525390625
2815017,41.44287109375
2816822,51.025390625
2821240,44.7998046875
2827738,46.93603515625
2830535,49.25537109375
2844603,42.29736328125
2844630,44.61669921875
2844640,42.96875
2844675,38.4521484375
2844711,46.630859375
2844743,40.6494140625
2844757,41.259765625
2844797,53.466796875
2844832,58.77685546875
2844854,44.0673828125
2844880,39.85595703125
2844895,58.04443359375
2844927,46.08154296875
2844964,38.39111328125
2844997,45.22705078125
2845037,39.00146484375
2845078,40.95458984375
2845110,51.7578125
2845147,40.71044921875
2845166,38.818359375
2845182,43.51806640625
2845209,44.61669921875
2845248,38.9404296875
2845282,43.0908203125
2845340,41.259765625
2845399,41.44287109375
2845411,45.5322265625
2845448,43.27392578125
2845473,53.3447265625
2845582,45.0439453125
2845666,39.9169921875
2845700,50.6591796875
2845984,50.59814453125
2846178,38.6962890625
2846219,39.306640625
2846270,41.8701171875
2846358,38.63525390625
2846589,39.12353515625
2846772,48.33984375
2846943,46.56982421875
2847044,39.73388671875
2847166,38.39111328125
2847182,39.0625
2847290,39.24560546875
2861670,46.9970703125
2862022,44.677734375
2862081,39.794921875
2862893,40.34423828125
2864218,47.607421875
2866217,41.32080078125
2867907,44.7998046875
2871211,42.05322265625
2873127,54.5654296875
2874090,43.701171875
2874645,44.73876953125
2875921,44.921875
2880010,39.85595703125
2883316,39.97802734375
2885941,38.51318359375
2889730,51.94091796875
2891017,45.10498046875
2895130,38.4521484375
2896444,44.0673828125
2902058,44.677734375
2902763,40.771484375
2904493,38.9404296875
2904989,48.27880859375
2905037,46.7529296875
2906751,41.9921875
2907568,41.93115234375
2907893,41.8701171875
2912368,47.7294921875
2916403,49.4384765625
2918785,39.9169921875
2918917,43.88427734375
2922829,49.560546875
2924343,52.18505859375
2929012,43.3349609375
2930229,38.63525390625
2930835,39.6728515625
2932004,44.49462890625
2933603,39.61181640625
2935785,52.978515625
2939790,38.51318359375
2940139,40.95458984375
2943885,38.75732421875
2948996,43.51806640625
2951017,39.48974609375
2953064,45.95947265625
2953562,51.8798828125
2953591,40.58837890625
2953618,39.00146484375
2953636,53.955078125
2953670,52.18505859375
2953697,48.40087890625
2953754,53.7109375
2953769,40.0390625
2953807,46.32568359375
2953824,45.71533203125
2953834,52.8564453125
2953867,43.701171875
2953882,70.9228515625
2953899,48.095703125
2953940,54.62646484375
2953960,64.208984375
2953989,44.677734375
2954008,41.6259765625
2954028,42.90771484375
2954046,49.6826171875
2954062,46.93603515625
2954085,45.34912109375
2954212,44.00634765625
2954233,61.4013671875
2954278,39.00146484375
2954372,41.80908203125
2954390,43.76220703125
2954473,40.83251953125
2954520,48.095703125
2954583,39.6728515625
2954621,38.63525390625
2954708,39.4287109375
2954759,55.7861328125
2954963,40.283203125
2955040,41.32080078125
2955059,43.27392578125
2955336,47.119140625
2955592,38.818359375
2955684,40.71044921875
2956188,38.4521484375
2956369,40.4052734375
2965527,47.36328125
2969568,51.81884765625
2970031,42.90771484375
2972409,44.00634765625
2973765,43.51806640625
2975979,42.54150390625
2978280,46.142578125
2979657,45.2880859375
2980433,43.212890625
2982237,39.24560546875
2984523,39.1845703125
2988084,43.0908203125
2989342,40.22216796875
2992438,39.794921875
2995248,39.4287109375
2996702,41.3818359375
2998284,46.5087890625
3004812,43.15185546875
3007634,39.1845703125
3009334,41.93115234375
3011416,40.283203125
3011822,39.00146484375
3013001,39.1845703125
3014637,39.6728515625
3022447,39.306640625
3025006,38.87939453125
3028244,47.66845703125
3031496,38.51318359375
3032041,40.95458984375
3035457,52.42919921875
3036315,39.24560546875
3036744,44.00634765625
3036849,39.0625
3041047,41.80908203125
3045250,42.48046875
3045381,38.63525390625
3045500,52.91748046875
3045555,40.83251953125
3045628,42.54150390625
3045646,42.6025390625
3045716,41.07666015625
3045732,43.15185546875
3045756,39.73388671875
3045806,39.306640625
3045841,53.5888671875
3045885,47.79052734375
3045918,60.36376953125
3045947,48.88916015625
3045970,38.87939453125
3045998,41.259765625
3046008,46.56982421875
3046072,38.57421875
3046100,63.232421875
3046118,40.83251953125
3046304,45.71533203125
3046321,45.41015625
3046361,38.4521484375
3046423,38.63525390625
3046454,41.015625
3046480,47.119140625
3046729,38.4521484375
3046745,50.47607421875
3047116,55.908203125
3047130,39.306640625
3047201,38.9404296875
3047426,38.63525390625
3047832,41.07666015625
3048189,52.8564453125
3048448,38.57421875
3049112,46.2646484375
3050813,45.166015625
3059668,40.34423828125
3060420,48.27880859375
3061186,42.96875
3062031,40.34423828125
3063043,39.6728515625
3064418,38.6962890625
3064551,53.1005859375
3066278,39.85595703125
3067569,44.5556640625
3068726,40.83251953125
3069109,38.818359375
3070420,38.39111328125
3072447,42.17529296875
3075729,42.236328125
3075934,45.10498046875
3077709,41.68701171875
3079024,39.00146484375
3079947,49.072265625
3082160,39.85595703125
3083725,44.921875
3085350,39.97802734375
3086238,38.87939453125
3086964,39.0625
3088650,38.57421875
3091869,42.54150390625
3093881,39.0625
3096690,41.015625
3098901,39.73388671875
3102238,41.93115234375
3104904,40.1611328125
3107080,38.57421875
3109428,38.87939453125
3111127,39.24560546875
3127889,40.34423828125
3129310,45.10498046875
3134025,45.8984375
3134635,39.24560546875
3134788,43.64013671875
3134844,43.64013671875
3134884,55.5419921875
3134908,40.71044921875
3134920,51.3916015625
3134934,42.78564453125
3134957,48.583984375
3134975,41.9921875
3134995,58.349609375
3135009,44.73876953125
3135029,39.306640625
3135086,41.8701171875
3135107,42.29736328125
3135132,39.97802734375
3135167,40.4052734375
3135217,38.75732421875
3135266,40.22216796875
3135307,40.8935546875
3135363,40.71044921875
3135402,45.41015625
3135428,55.6640625
3135461,40.6494140625
3135501,57.18994140625
3135513,49.072265625
3135789,40.1611328125
3135869,44.921875
3135897,50.29296875
3136016,43.02978515625
3136122,39.00146484375
3136333,38.6962890625
3136434,39.55078125
3136837,42.41943359375
3137254,39.00146484375
3138188,42.48046875
3147991,41.56494140625
3151504,39.794921875
3153351,44.12841796875
3156385,44.61669921875
3159028,39.0625
3163096,46.630859375
3164018,42.29736328125
3164209,43.3349609375
3165314,39.4287109375
3165461,41.93115234375
3165475,40.771484375
3165557,40.46630859375
3165572,47.66845703125
3165619,40.1611328125
3165632,50.10986328125
3165672,44.73876953125
3165714,46.20361328125
3165725,63.41552734375
3165747,48.828125
3165758,41.50390625
3165782,38.75732421875
3165806,41.68701171875
3165843,45.47119140625
3165883,39.85595703125
3165921,38.57421875
3165972,46.08154296875
3165996,43.51806640625
3166022,43.27392578125
3166041,52.8564453125
3166064,38.63525390625
3166148,42.41943359375
3166163,42.3583984375
3166188,41.1376953125
3166290,58.77685546875
3166385,44.49462890625
3166461,39.6728515625
3166560,42.29736328125
3166695,42.8466796875
3166841,42.78564453125
3167136,40.8935546875
3167493,49.9267578125
3167618,39.85595703125
3177506,40.52734375
3179988,40.22216796875
3181721,53.3447265625
3183204,46.56982421875
3183498,38.57421875
3184443,44.73876953125
3184766,40.1611328125
3184792,41.56494140625
3184803,41.93115234375
3184904,42.54150390625
3184949,38.39111328125
3185032,39.73388671875
3185070,46.2646484375
3185100,59.87548828125
3185212,51.57470703125
3185244,38.87939453125
3185259,40.10009765625
3185319,38.9404296875
3185373,45.47119140625
3185403,53.7109375
3185446,39.306640625
3185467,53.77197265625
3185500,39.48974609375
3185541,45.34912109375
3185588,47.18017578125
3185731,40.22216796875
3185807,40.22216796875
3185907,41.50390625
3185973,38.39111328125
3186040,41.8701171875
3186056,39.1845703125
3186306,42.54150390625
3186430,40.58837890625
3186546,41.259765625
3186882,39.0625
3187250,40.10009765625
3195290,38.87939453125
3200449,39.24560546875
3200715,48.828125
3202964,39.36767578125
3203028,44.3115234375
3203044,56.70166015625
3203155,39.9169921875
3203293,50.9033203125
3203362,55.60302734375
3203380,42.236328125
3203409,44.12841796875
3203459,46.69189453125
3203510,44.25048828125
3203534,41.19873046875
3203596,44.00634765625
3203607,43.5791015625
3203754,47.9736328125
3203771,40.8935546875
3203802,38.6962890625
3203913,38.51318359375
3203990,40.6494140625
3204388,38.75732421875
3204636,47.18017578125
3204739,42.724609375
3204943,39.6728515625
3205265,44.61669921875
3213780,43.51806640625
3215299,46.56982421875
3216689,45.71533203125
3218086,38.87939453125
3219286,49.49951171875
3219741,38.39111328125
3220369,43.88427734375
3221006,47.54638671875
3221022,39.1845703125
3221042,39.61181640625
3221065,41.015625
3221089,44.7998046875
3221100,39.00146484375
3221170,40.771484375
3221200,47.7294921875
3221232,47.18017578125
3221266,44.189453125
3221305,56.396484375
3221342,55.0537109375
3221362,40.283203125
3221387,44.7998046875
3221406,43.5791015625
3221426,41.80908203125
3221465,40.0390625
3221490,51.20849609375
3221589,39.4287109375
3221608,55.48095703125
3221640,39.85595703125
3221880,38.39111328125
3221906,39.00146484375
3222169,41.1376953125
3222462,44.43359375
3222672,38.818359375
3222874,40.8935546875
3230585,43.45703125
3232599,38.87939453125
3233546,39.61181640625
3235107,41.015625
3235355,40.4052734375
3236242,46.0205078125
3236781,40.58837890625
3236879,54.443359375
3236973,41.44287109375
3236997,56.884765625
3237064,41.748046875
3237152,47.7294921875
3237191,58.77685546875
3237222,43.3349609375
3237252,44.73876953125
3237334,46.69189453125
3237360,41.80908203125
3237399,38.6962890625
3237468,43.51806640625
3237512,58.16650390625
3237643,43.88427734375
3237804,41.07666015625
3237838,38.57421875
3237919,46.08154296875
3237967,38.9404296875
3238326,53.16162109375
3238577,46.0205078125
3238893,39.24560546875
3238996,39.85595703125
3244930,38.51318359375
3249169,41.1376953125
3251327,39.85595703125
3251757,43.9453125
3251784,41.015625
3251804,38.51318359375
3251885,51.45263671875
3251907,42.48046875
3251943,39.9169921875
3252052,57.12890625
3252066,38.4521484375
3252095,40.771484375
3252105,43.64013671875
3252218,41.50390625
3252240,39.4287109375
3252339,41.6259765625
3252398,40.4052734375
3252410,39.0625
3252440,39.0625
3252454,48.27880859375
3252509,40.8935546875
3252528,44.677734375
3252623,44.3115234375
3252645,46.0205078125
3265407,49.4384765625
3265524,42.05322265625
3265536,40.4052734375
3265688,41.19873046875
3265777,38.75732421875
3265838,41.80908203125
3265851,51.513671875
3265937,43.9453125
3266024,40.58837890625
3266196,45.10498046875
3266246,47.54638671875
3266325,42.41943359375
3266428,41.80908203125
3266961,44.61669921875
3267223,39.6728515625
3267730,41.07666015625
3277614,39.9169921875
3277781,44.3115234375
3277897,45.5322265625
3278031,45.83740234375
3278207,38.9404296875
3278226,38.9404296875
3278273,41.748046875
3278314,47.91259765625
3278350,43.45703125
3278396,42.54150390625
3278408,42.17529296875
3278550,44.86083984375
3278937,43.27392578125
3278957,40.6494140625
3279000,40.6494140625
3279410,39.24560546875
3291713,49.01123046875
3292043,38.57421875
3292098,47.2412109375
3292240,46.9970703125
3292303,38.39111328125
3292319,57.9833984375
3292370,42.78564453125
3292500,44.61669921875
3292537,48.583984375
3293028,48.64501953125
3293167,45.59326171875
3304994,38.51318359375
3305448,42.05322265625
3305509,38.75732421875
3305722,44.49462890625
3305788,40.95458984375
3305907,38.6962890625
3305983,48.7060546875
3306177,51.025390625
3306434,41.50390625
3306554,58.16650390625
3318335,44.3115234375
3319191,42.90771484375
3319293,46.7529296875
3319345,43.212890625
3319479,47.66845703125
3319545,39.306640625
3319688,40.1611328125
3319783,44.86083984375
3319907,39.1845703125
3320078,41.6259765625
3320217,47.54638671875
3320454,41.80908203125
3333292,38.57421875
3334151,38.818359375
3334178,40.283203125
3334285,39.9169921875
3334306,42.54150390625
3334526,39.36767578125
3349115,43.02978515625
3349149,38.39111328125
3349194,40.283203125
3349266,40.1611328125
3349302,45.654296875
3349911,38.63525390625
3363695,42.48046875
3364269,51.69677734375
3364348,45.8984375
3364504,41.9921875
3364536,38.87939453125
3364766,40.771484375
3364839,44.49462890625
3364852,41.6259765625
3364925,41.6259765625
3364974,44.3115234375
3365117,43.51806640625
3365132,39.97802734375
3365157,44.73876953125
3366086,39.9169921875
3366119,39.85595703125
3376315,38.87939453125
3380641,43.3349609375
3381090,42.48046875
3381503,39.306640625
3381650,41.259765625
3381689,40.22216796875
3381729,43.27392578125
3381872,42.236328125
3381898,38.4521484375
3381926,40.1611328125
3381950,39.00146484375
3381966,40.34423828125
3382022,41.44287109375
3382064,40.10009765625
3382126,44.00634765625
3382209,46.9970703125
3382275,39.85595703125
3382602,41.748046875
3383343,39.1845703125
3400988,39.1845703125
3413940,38.57421875
3415634,40.8935546875
3419728,46.142578125
3426096,38.51318359375
3431289,39.1845703125
3431340,39.61181640625
3434073,41.8701171875
3436344,38.87939453125
3438141,41.3818359375
3443443,39.00146484375
3444648,39.36767578125
3456589,39.9169921875
3461467,41.56494140625
3484429,41.19873046875
3492465,45.59326171875
3496195,41.68701171875
3501306,41.9921875
3513640,42.1142578125
3533134,39.97802734375
3545332,41.1376953125
3573863,39.12353515625
3587808,38.63525390625
3616180,44.49462890625
3633475,47.54638671875
3714884,45.654296875
3785681,41.8701171875
3832693,41.1376953125
3912453,40.771484375
3912562,49.25537109375
3912667,43.45703125
3912748,40.83251953125
3912819,45.59326171875
3912848,38.57421875
3912869,41.748046875
3912892,42.8466796875
3912919,78.4912109375
3912948,39.48974609375
3912997,50.048828125
3913052,39.1845703125
3913102,44.189453125
3913139,45.7763671875
3913156,53.77197265625
3913183,59.5703125
3913193,39.36767578125
3913215,41.19873046875
3913273,42.05322265625
3913305,43.64013671875
3913336,40.771484375
3913347,47.36328125
3913400,49.62158203125
3913427,41.748046875
3913443,53.466796875
3913475,57.06787109375
3913504,48.15673828125
3913552,38.75732421875
3913574,42.29736328125
3913648,39.55078125
3913726,47.8515625
3913795,40.52734375
3913845,38.818359375
3913931,44.25048828125
3913963,40.0390625
3914036,38.57421875
3914227,41.44287109375
3914237,44.677734375
3914481,66.89453125
3915105,47.9736328125
3932161,41.32080078125
3940460,46.32568359375
3958144,39.6728515625
3977586,38.87939453125
4007741,49.072265625
4011435,45.59326171875
4020130,42.236328125
4020699,41.1376953125
4023635,39.97802734375
4024747,46.9970703125
4024810,42.3583984375
4024843,41.3818359375
4024870,39.48974609375
4024933,50.537109375
4024995,49.072265625
4025025,47.119140625
4025043,38.63525390625
4025075,41.07666015625
4025109,41.50390625
4025139,63.53759765625
4025169,40.283203125
4025185,50.29296875
4025215,48.27880859375
4025228,39.9169921875
4025260,51.7578125
4025335,71.044921875
4025356,46.81396484375
4025385,58.89892578125
4025417,42.78564453125
4025509,40.771484375
4025524,41.80908203125
4025618,45.2880859375
4025644,50.23193359375
4025659,39.9169921875
4025674,49.37744140625
4025690,44.73876953125
4025725,39.73388671875
4025835,49.13330078125
4025890,52.001953125
4025969,39.306640625
4026016,41.9921875
4026035,43.9453125
4026052,59.2041015625
4026162,41.32080078125
4026192,48.4619140625
4026258,42.96875
4026499,41.80908203125
4026532,61.5234375
4045524,42.48046875
4046092,38.63525390625
4048485,39.0625
4048946,46.08154296875
4049337,38.75732421875
4049831,39.0625
4054004,43.88427734375
4061582,38.75732421875
4062706,40.83251953125
4066191,41.8701171875
4082564,42.29736328125
4097894,38.4521484375
4103155,39.00146484375
4103704,40.8935546875
4103771,42.17529296875
4103844,47.2412109375
4103864,45.34912109375
4103932,41.44287109375
4104003,76.171875
4104053,40.83251953125
4104135,40.52734375
4104241,60.60791015625
4104266,40.58837890625
4104341,40.34423828125
4104368,38.57421875
4104397,45.7763671875
4104454,39.794921875
4104473,48.9501953125
4104501,64.27001953125
4104561,43.45703125
4104595,43.02978515625
4104620,41.8701171875
4104691,42.1142578125
4104809,42.96875
4104917,42.29736328125
4104985,57.80029296875
4105042,43.64013671875
4105294,40.83251953125
4105387,52.30712890625
4105763,45.47119140625
4106165,49.49951171875
4117426,43.02978515625
4117483,45.22705078125
4122496,41.44287109375
4130081,38.6962890625
4150455,40.1611328125
4153713,42.1142578125
4161377,40.46630859375
4162043,41.19873046875
4168920,40.83251953125
4186883,39.6728515625
4194156,38.6962890625
4194835,39.55078125
4194877,46.08154296875
4226075,38.87939453125
4226702,50.23193359375
4241388,43.02978515625
4247126,43.5791015625
4247179,41.68701171875
4247212,38.87939453125
4247260,41.32080078125
4247335,38.6962890625
4247365,46.56982421875
4247388,55.17578125
4247412,44.0673828125
4247431,62.6220703125
4247469,40.4052734375
4247498,62.1337890625
4247508,73.1201171875
4247546,47.66845703125
4247568,41.56494140625
4247583,52.3681640625
4247636,38.57421875
4247660,71.6552734375
4247690,43.64013671875
4247734,45.22705078125
4247759,62.3779296875
4247787,45.22705078125
4247836,56.33544921875
4247848,43.64013671875
4247877,43.88427734375
4247891,39.306640625
4247902,43.27392578125
4247923,39.0625
4247963,39.97802734375
4247990,40.83251953125
4248040,40.95458984375
4248060,39.24560546875
4248109,41.50390625
4248142,46.38671875
4248292,38.4521484375
4248426,44.37255859375
4248454,43.9453125
4248479,38.818359375
4248550,50.84228515625
4248706,39.794921875
4248909,43.0908203125
4249122,51.8798828125
4260353,42.48046875
4264281,42.54150390625
4284565,39.73388671875
4291696,51.69677734375
4292722,42.8466796875
4294211,42.41943359375
4327248,45.0439453125
4327695,43.39599609375
4327739,40.6494140625
4327809,38.63525390625
4327851,42.236328125
4327921,47.18017578125
4327972,43.701171875
4327984,49.31640625
4328026,48.27880859375
4328054,44.5556640625
4328088,46.44775390625
4328149,42.3583984375
4328172,53.5888671875
4328193,44.86083984375
4328232,39.6728515625
4328249,40.283203125
4328270,79.9560546875
4328280,55.17578125
4328355,59.63134765625
4328375,41.68701171875
4328400,49.37744140625
4328426,41.56494140625
4328512,39.6728515625
4328522,47.7294921875
4328544,45.10498046875
4328590,44.43359375
4328623,40.771484375
4328636,39.48974609375
4328757,42.96875
4328777,43.3349609375
4328865,53.466796875
4328886,49.1943359375
4328896,42.8466796875
4328923,39.0625
4328971,40.4052734375
4329052,47.2412109375
4329077,41.56494140625
4329184,39.24560546875
4329230,56.0302734375
4329248,40.6494140625
4329341,38.75732421875
4329358,61.70654296875
4329635,65.00244140625
4330482,52.6123046875
4342398,49.560546875
4349170,48.2177734375
4353133,38.39111328125
4355866,38.818359375
4355961,40.52734375
4359453,44.7998046875
4370636,43.27392578125
4371484,44.98291015625
4372792,41.259765625
4381817,43.701171875
4383751,44.00634765625
4386205,46.69189453125
4386581,38.39111328125
4394598,48.4619140625
4428347,41.19873046875
4441611,41.80908203125
4441630,39.1845703125
4441644,38.9404296875
4441663,44.73876953125
4441676,39.12353515625
4441709,40.283203125
4441762,56.45751953125
4441798,45.59326171875
4441814,46.56982421875
4441861,42.78564453125
4441933,43.15185546875
4441952,39.48974609375
4441978,52.1240234375
4441998,44.43359375
4442011,47.4853515625
4442062,41.68701171875
4442093,50.537109375
4442145,40.52734375
4442172,43.212890625
4442184,92.22412109375
4442227,39.0625
4442254,41.19873046875
4442280,86.9140625
4442385,41.93115234375
4442403,48.88916015625
4442434,67.81005859375
4442449,54.87060546875
4442513,40.95458984375
4442544,49.8046875
4442582,55.96923828125
4442631,49.98779296875
4442716,54.5654296875
4442733,38.51318359375
4442759,54.443359375
4442922,39.794921875
4442947,38.818359375
4442996,41.32080078125
4443047,50.6591796875
4444185,53.64990234375
4444547,50.84228515625
4466207,40.6494140625
4469050,39.61181640625
4469883,42.41943359375
4471351,42.96875
4488879,38.6962890625
4489379,39.1845703125
4489439,38.63525390625
4489452,53.64990234375
4489477,43.0908203125
4489490,45.8984375
4489556,47.4853515625
4489623,53.52783203125
4489644,65.5517578125
4489719,44.0673828125
4489736,42.90771484375
4489763,48.03466796875
4489779,43.212890625
4489798,42.3583984375
4489834,39.55078125
4489871,41.07666015625
4489883,61.4013671875
4489909,47.05810546875
4490003,68.05419921875
4490040,58.2275390625
4490062,55.5419921875
4490107,41.93115234375
4490128,46.38671875
4490157,46.5087890625
4490184,41.07666015625
4490210,50.537109375
4490253,47.9736328125
4490274,47.2412109375
4490325,49.13330078125
4490377,60.4248046875
4490478,41.56494140625
4490709,70.00732421875
4490908,38.4521484375
4490942,54.19921875
4491149,45.34912109375
4524542,46.69189453125
4562838,60.48583984375
4562872,55.5419921875
4562902,45.654296875
4562960,41.1376953125
4562983,43.88427734375
4563002,42.1142578125
4563057,42.48046875
4563089,41.6259765625
4563117,40.283203125
4563205,52.001953125
4563216,41.50390625
4563305,41.50390625
4563389,64.0869140625
4563410,46.142578125
4563439,59.50927734375
4563544,40.4052734375
4563583,50.29296875
4563691,40.8935546875
4563808,38.6962890625
4563823,61.279296875
4563841,40.8935546875
4563909,39.0625
4564080,38.57421875
4564223,46.5087890625
4683519,42.90771484375
4683582,42.17529296875
4683627,41.07666015625
4683701,52.490234375
4683727,40.8935546875
4683767,44.7998046875
4683883,38.4521484375
4683894,46.08154296875
4683918,40.71044921875
4683972,43.76220703125
4684000,42.96875
4684117,39.12353515625
4684237,44.61669921875
4684280,63.8427734375
4684328,38.51318359375
4684521,43.51806640625
4684563,48.583984375
4684577,39.12353515625
4684670,66.2841796875
4685143,57.92236328125
4685163,39.306640625
4685288,48.2177734375
4742633,43.51806640625
4742806,44.43359375
4742837,40.4052734375
4742853,56.94580078125
4742931,41.19873046875
4742983,38.9404296875
4743013,41.6259765625
4743062,43.45703125
4743095,49.1943359375
4743172,42.05322265625
4743218,66.89453125
4743249,55.5419921875
4743264,43.88427734375
4743301,47.7294921875
4743437,38.39111328125
4743474,47.54638671875
4743515,40.6494140625
4743572,40.34423828125
4743598,59.08203125
4743744,38.4521484375
4743813,46.44775390625
4743863,39.48974609375
