4799001,0
14908,17.15087890625
15096,20.3857421875
15228,19.1650390625
15398,17.02880859375
15548,15.5029296875
15722,17.4560546875
16567,16.11328125
21990,18.61572265625
22128,21.1181640625
22176,15.44189453125
22278,17.63916015625
22317,17.76123046875
22334,16.7236328125
22451,25.390625
22533,17.27294921875
22565,16.2353515625
22594,15.5029296875
22618,15.19775390625
22690,18.4326171875
22786,19.47021484375
22888,17.333984375
39919,15.93017578125
40041,19.8974609375
40176,18.798828125
40580,19.71435546875
40928,15.07568359375
41113,16.6015625
41345,15.31982421875
41390,14.95361328125
41460,16.845703125
41617,18.00537109375
41630,17.333984375
41705,16.9677734375
41792,16.7236328125
41938,15.56396484375
42206,15.869140625
56927,15.31982421875
57393,14.892578125
57613,15.7470703125
57953,15.2587890625
58028,16.6015625
58103,27.28271484375
58124,15.0146484375
58212,15.13671875
58235,17.51708984375
58269,15.56396484375
58331,15.625
58426,16.845703125
58480,23.49853515625
58984,19.59228515625
77454,16.66259765625
77598,20.99609375
77726,21.78955078125
77753,22.52197265625
77854,15.31982421875
77873,16.66259765625
77974,18.310546875
78080,17.08984375
78091,15.625
98362,23.5595703125
98389,20.01953125
98491,18.5546875
98510,21.240234375
98579,17.578125
98611,16.6015625
98655,21.8505859375
98770,17.333984375
98874,16.6015625
121079,21.728515625
121250,21.30126953125
121281,15.80810546875
121298,17.02880859375
121318,14.95361328125
121354,15.5029296875
121400,17.2119140625
121440,20.56884765625
121517,18.37158203125
121560,21.6064453125
121617,15.56396484375
121659,17.7001953125
121669,16.357421875
121795,15.2587890625
122251,16.41845703125
143847,16.357421875
144320,15.93017578125
144430,15.625
144507,20.6298828125
144828,18.1884765625
144989,16.41845703125
145041,16.9677734375
145726,16.41845703125
146027,16.2353515625
146203,15.13671875
152442,18.73779296875
152610,23.62060546875
152770,19.47021484375
152906,15.7470703125
153027,16.78466796875
167168,16.29638671875
167447,15.625
167801,16.66259765625
167947,18.00537109375
168078,16.9677734375
168192,15.0146484375
168263,17.4560546875
168531,16.78466796875
179661,15.2587890625
184778,23.25439453125
184964,20.32470703125
184974,17.08984375
185063,17.7001953125
185135,16.41845703125
185168,18.6767578125
185366,15.31982421875
185535,15.13671875
185576,16.7236328125
185638,16.66259765625
185725,15.19775390625
185846,27.2216796875
185969,15.19775390625
186088,15.625
204248,16.11328125
204386,20.3857421875
204512,23.0712890625
204550,17.08984375
204594,18.798828125
204615,15.80810546875
204677,16.17431640625
204706,17.333984375
204731,20.20263671875
204799,23.3154296875
204849,18.00537109375
204879,14.892578125
204895,16.4794921875
204945,20.8740234375
205020,15.19775390625
205209,15.68603515625
205359,20.56884765625
224963,14.83154296875
224996,20.32470703125
225175,18.00537109375
225250,20.01953125
225292,18.6767578125
225445,15.19775390625
225457,33.447265625
225595,16.2353515625
225606,22.94921875
225696,18.1884765625
225740,15.80810546875
225840,20.93505859375
225962,16.54052734375
226116,15.0146484375
226252,17.08984375
226328,15.31982421875
226490,15.19775390625
246687,16.2353515625
246699,31.3720703125
246791,14.83154296875
246851,21.78955078125
246885,18.06640625
246997,20.56884765625
247015,27.40478515625
247141,19.34814453125
247171,14.892578125
247264,17.02880859375
247354,15.80810546875
247370,16.78466796875
247533,15.7470703125
269932,18.6767578125
270210,15.9912109375
270356,15.9912109375
270527,21.3623046875
270638,17.15087890625
270663,29.23583984375
270799,18.24951171875
270817,17.333984375
270876,24.84130859375
270910,21.484375
270940,15.0146484375
271067,16.41845703125
271112,18.9208984375
271206,17.4560546875
271370,14.95361328125
296165,15.93017578125
296339,21.91162109375
296559,23.8037109375
296646,14.83154296875
296719,16.05224609375
296733,14.95361328125
296851,16.4794921875
296866,15.869140625
296969,21.66748046875
297123,27.03857421875
297258,15.19775390625
297311,23.92578125
297374,18.98193359375
297486,17.39501953125
316232,16.357421875
316482,14.892578125
316638,15.625
316710,17.2119140625
317095,17.2119140625
317135,19.1650390625
317392,17.88330078125
326602,18.9208984375
326746,16.2353515625
327548,16.2353515625
328153,15.5029296875
328284,21.78955078125
328317,18.00537109375
328335,15.07568359375
328447,17.578125
328584,19.59228515625
328697,17.2119140625
328827,15.5029296875
328935,15.80810546875
329198,16.845703125
339289,17.39501953125
348744,15.7470703125
348887,16.54052734375
348990,15.31982421875
349066,23.49853515625
349183,20.20263671875
349295,16.357421875
349355,18.5546875
349385,15.2587890625
349424,15.869140625
349515,16.4794921875
349580,16.4794921875
349724,16.11328125
349885,15.9912109375
350513,15.0146484375
362497,15.44189453125
369681,21.240234375
369856,21.6064453125
369907,16.29638671875
369979,23.13232421875
370001,16.2353515625
370126,15.31982421875
370190,14.83154296875
370230,16.7236328125
370252,19.53125
370305,15.869140625
370319,16.2353515625
370399,15.31982421875
370462,18.9208984375
370564,18.00537109375
370645,14.95361328125
370786,14.892578125
384600,16.11328125
384867,16.7236328125
385032,16.357421875
392986,19.53125
393032,15.68603515625
393075,23.193359375
393150,19.83642578125
393222,14.83154296875
393249,14.95361328125
393277,16.357421875
393325,18.49365234375
393366,15.93017578125
393469,14.892578125
393480,19.53125
393589,16.17431640625
393604,15.5029296875
407521,17.51708984375
407773,16.66259765625
417629,16.66259765625
417924,20.1416015625
417982,15.5029296875
418145,15.68603515625
418158,15.5029296875
418272,18.6767578125
418285,14.892578125
418349,20.6298828125
418392,38.14697265625
418480,17.4560546875
418584,19.47021484375
418788,15.07568359375
418887,15.9912109375
419252,15.68603515625
430809,14.892578125
430992,15.2587890625
439555,15.44189453125
439897,15.68603515625
441075,16.2353515625
448801,16.78466796875
449011,16.66259765625
449114,15.869140625
449157,17.27294921875
449821,18.24951171875
450025,20.44677734375
450103,17.08984375
450220,19.4091796875
450381,14.83154296875
450437,16.54052734375
450585,20.6298828125
450692,18.37158203125
450778,16.4794921875
451058,16.6015625
451647,18.9208984375
451773,15.31982421875
470022,15.93017578125
470154,20.5078125
470314,18.6767578125
470390,15.869140625
470420,15.5029296875
470438,18.1884765625
470542,16.66259765625
470575,15.80810546875
470592,21.1181640625
470664,19.71435546875
470706,15.07568359375
470803,15.9912109375
470854,17.88330078125
471065,16.29638671875
471421,14.83154296875
489530,15.56396484375
489648,22.64404296875
489666,15.80810546875
489778,20.1416015625
489799,25.69580078125
489821,17.9443359375
489876,16.17431640625
489973,15.56396484375
489993,15.44189453125
490070,17.08984375
490135,20.6298828125
490164,17.63916015625
490284,15.380859375
510879,16.357421875
511112,16.66259765625
511292,18.798828125
511457,21.728515625
511602,18.49365234375
511628,16.41845703125
511648,14.83154296875
511738,16.05224609375
511759,15.625
511840,17.39501953125
511874,19.4091796875
511931,15.93017578125
512007,16.7236328125
512020,23.25439453125
512268,19.59228515625
534420,23.0712890625
534486,17.63916015625
534515,15.9912109375
534606,17.27294921875
534663,18.06640625
534736,19.8974609375
534763,16.11328125
534783,15.07568359375
534860,21.240234375
534877,15.19775390625
534914,15.93017578125
534935,16.05224609375
534966,20.20263671875
535064,22.8271484375
559072,19.4091796875
559421,17.76123046875
559731,17.2119140625
559814,16.05224609375
559875,28.50341796875
560017,16.11328125
560138,19.1650390625
560154,22.216796875
560173,17.88330078125
560251,17.9443359375
560295,23.0712890625
560320,15.2587890625
560354,16.78466796875
560429,18.61572265625
560551,15.869140625
560785,18.24951171875
585611,17.4560546875
585750,15.5029296875
585911,15.44189453125
586052,15.44189453125
589781,18.49365234375
589804,16.4794921875
590016,17.2119140625
590145,16.17431640625
590269,15.93017578125
590408,15.2587890625
590461,15.13671875
590502,16.845703125
590692,15.13671875
590753,25.57373046875
590872,15.07568359375
590906,23.37646484375
591017,20.01953125
591108,18.24951171875
609539,17.9443359375
609929,19.4091796875
610259,15.13671875
610317,23.5595703125
610480,31.005859375
610512,18.61572265625
610609,16.2353515625
610665,21.66748046875
610714,19.47021484375
610865,17.08984375
611099,17.76123046875
611275,17.333984375
611292,17.15087890625
611388,16.66259765625
611447,17.578125
611718,16.2353515625
629569,19.59228515625
629722,16.9677734375
629832,25.32958984375
629868,20.69091796875
629901,15.80810546875
629917,15.869140625
630026,29.72412109375
630067,15.7470703125
630106,18.310546875
630154,15.0146484375
630273,15.625
630326,16.17431640625
630342,17.51708984375
630421,16.17431640625
630496,21.17919921875
630579,14.95361328125
651433,17.15087890625
651463,20.01953125
651502,17.822265625
651620,19.10400390625
651657,20.8740234375
651808,19.34814453125
651905,20.81298828125
652016,15.56396484375
652048,20.32470703125
652075,21.1181640625
652111,16.357421875
652174,15.5029296875
652227,15.869140625
652312,15.0146484375
652376,16.66259765625
652479,19.10400390625
673446,22.216796875
673692,18.310546875
673909,19.1650390625
674163,19.22607421875
674182,17.2119140625
674301,18.61572265625
674498,17.02880859375
674636,15.5029296875
674809,18.798828125
674847,16.357421875
674891,15.07568359375
675063,19.22607421875
675085,18.9208984375
675222,16.29638671875
675275,15.44189453125
675325,16.41845703125
675373,14.95361328125
699607,16.4794921875
699841,15.7470703125
700000,16.4794921875
703274,19.8974609375
703742,18.00537109375
703941,19.287109375
704152,16.4794921875
704178,14.83154296875
704358,15.56396484375
704446,18.73779296875
704586,14.892578125
704838,16.11328125
704983,23.49853515625
705058,17.27294921875
705134,22.52197265625
705247,16.90673828125
705333,17.578125
723318,15.380859375
724514,19.47021484375
724600,18.310546875
724702,18.5546875
724733,17.7001953125
724869,31.06689453125
725039,15.0146484375
725079,20.01953125
725185,16.6015625
725257,17.2119140625
725356,17.88330078125
725464,16.357421875
742043,15.31982421875
742656,18.98193359375
742726,24.5361328125
742804,17.08984375
742835,17.76123046875
742867,20.751953125
742925,16.66259765625
742969,16.78466796875
743046,17.51708984375
743095,18.85986328125
743113,16.90673828125
743173,17.88330078125
743237,19.8974609375
743411,16.845703125
743528,15.44189453125
743568,15.19775390625
744321,15.5029296875
763687,14.892578125
764140,14.892578125
764275,18.4326171875
764347,18.4326171875
764363,19.4091796875
764502,15.56396484375
764635,16.11328125
764727,16.78466796875
764766,29.47998046875
764882,15.44189453125
764919,28.13720703125
765061,15.869140625
765209,18.61572265625
765328,17.76123046875
765546,17.88330078125
765800,17.39501953125
785734,19.6533203125
785879,21.05712890625
785993,17.333984375
786110,17.333984375
786219,19.59228515625
786323,26.2451171875
786438,19.34814453125
786449,18.9208984375
786505,18.06640625
786620,23.13232421875
786641,17.4560546875
786732,21.17919921875
786774,17.51708984375
786916,25.93994140625
808708,18.85986328125
808950,16.54052734375
809074,28.3203125
809183,17.9443359375
809200,15.56396484375
809314,15.19775390625
809348,16.66259765625
809367,21.728515625
809497,26.91650390625
809589,15.0146484375
809643,18.00537109375
809792,15.80810546875
809911,16.66259765625
829650,15.68603515625
830524,14.95361328125
831028,14.83154296875
831173,19.775390625
831321,15.5029296875
831366,29.72412109375
831386,16.78466796875
831433,19.04296875
831468,15.31982421875
831510,24.4140625
831577,17.578125
831590,20.56884765625
831630,21.6064453125
831716,16.357421875
831732,15.07568359375
831897,15.07568359375
851982,16.357421875
852124,17.76123046875
852359,15.5029296875
852509,23.98681640625
852542,16.78466796875
853141,17.4560546875
853525,15.7470703125
853784,15.13671875
860933,23.0712890625
861100,16.2353515625
861201,18.12744140625
861391,17.39501953125
861657,15.56396484375
862750,22.0947265625
862930,19.287109375
863087,20.93505859375
863233,15.93017578125
863341,16.90673828125
874637,18.6767578125
880368,16.9677734375
880955,23.5595703125
881278,14.95361328125
882175,21.6064453125
882215,20.1416015625
882322,20.08056640625
882338,24.71923828125
882443,19.6533203125
882552,14.83154296875
882702,15.5029296875
882832,15.13671875
897495,16.357421875
897694,15.13671875
900469,14.95361328125
900716,15.31982421875
900999,17.15087890625
901216,15.80810546875
901269,16.54052734375
901337,27.83203125
901361,17.9443359375
901456,24.10888671875
901514,16.17431640625
901584,17.7001953125
901758,16.05224609375
901879,15.9912109375
901932,16.05224609375
920083,16.6015625
921746,25.2685546875
921922,18.310546875
921959,21.8505859375
922049,18.24951171875
922069,15.80810546875
922109,19.4091796875
922170,15.56396484375
922208,19.59228515625
922282,15.2587890625
922359,17.39501953125
922381,16.357421875
922510,15.2587890625
943363,15.380859375
943483,15.56396484375
943615,22.5830078125
943651,20.3857421875
943732,16.90673828125
943809,19.71435546875
943882,18.37158203125
943907,15.56396484375
943925,16.41845703125
943945,18.12744140625
944036,18.00537109375
944077,15.07568359375
944122,20.01953125
944206,15.869140625
944258,19.71435546875
944415,15.68603515625
965359,17.578125
965541,20.263671875
965704,15.5029296875
966143,15.07568359375
966243,15.2587890625
966509,16.78466796875
976739,19.8974609375
976993,18.9208984375
977145,15.56396484375
977277,19.287109375
977405,15.5029296875
979828,16.4794921875
979980,16.11328125
988699,20.20263671875
989096,15.56396484375
989135,16.66259765625
989531,17.578125
989934,15.2587890625
990052,15.44189453125
990583,15.44189453125
1002960,18.9208984375
1003137,20.01953125
1003245,19.4091796875
1003381,15.5029296875
1003521,14.95361328125
1003803,16.78466796875
1004028,18.310546875
1004156,16.9677734375
1004284,15.93017578125
1004483,15.13671875
1004809,20.81298828125
1005503,14.892578125
1005757,16.845703125
1005802,17.63916015625
1006017,23.62060546875
1006210,15.0146484375
1020990,16.9677734375
1021130,14.95361328125
1023406,21.1181640625
1023577,22.3388671875
1023621,20.01953125
1023651,14.83154296875
1023690,20.20263671875
1023745,16.9677734375
1023800,16.66259765625
1023857,18.6767578125
1024006,18.6767578125
1024049,17.51708984375
1024079,21.05712890625
1024180,18.49365234375
1042182,17.333984375
1042503,17.4560546875
1042620,17.4560546875
1042818,15.56396484375
1042862,26.3671875
1042967,20.1416015625
1042999,18.98193359375
1043041,15.2587890625
1043089,16.9677734375
1043154,17.822265625
1043216,19.1650390625
1043236,16.78466796875
1043350,16.9677734375
1043506,15.9912109375
1043576,14.892578125
1043692,16.05224609375
1062527,15.44189453125
1062550,22.76611328125
1062698,21.484375
1062746,20.6298828125
1062793,15.9912109375
1062855,18.310546875
1062946,16.66259765625
1062973,16.357421875
1063001,17.7001953125
1063109,19.95849609375
1063123,16.41845703125
1083573,16.54052734375
1083633,25.20751953125
1083753,20.751953125
1083829,16.9677734375
1084034,15.380859375
1084108,14.892578125
1084178,19.287109375
1084233,17.76123046875
1084307,15.68603515625
1084404,16.78466796875
1106050,18.06640625
1106090,15.19775390625
1106273,18.1884765625
1106296,19.04296875
1106311,16.357421875
1106363,15.56396484375
1106415,21.240234375
1106433,21.8505859375
1106477,17.51708984375
1106511,24.169921875
1106529,18.4326171875
1106586,15.93017578125
1106613,18.85986328125
1106632,20.6298828125
1106727,17.333984375
1107154,15.31982421875
1128174,25.87890625
1128235,16.29638671875
1128334,15.80810546875
1128518,20.56884765625
1128666,16.9677734375
1128765,14.83154296875
1128819,15.07568359375
1128917,17.63916015625
1129277,21.1181640625
1129477,22.8271484375
1129653,18.9208984375
1129935,16.29638671875
1130064,18.49365234375
1130591,14.892578125
1148535,24.35302734375
1148777,17.02880859375
1148935,20.93505859375
1148972,18.06640625
1149004,18.00537109375
1149132,14.83154296875
1149253,24.35302734375
1149335,16.90673828125
1166168,15.31982421875
1167700,15.13671875
1167801,15.93017578125
1167824,18.798828125
1167882,18.12744140625
1167911,17.08984375
1167978,18.12744140625
1168095,25.69580078125
1168254,19.95849609375
1168323,16.78466796875
1168403,16.29638671875
1168461,15.44189453125
1168775,15.31982421875
1187170,21.1181640625
1187293,15.7470703125
1187326,19.95849609375
1187445,15.44189453125
1187468,16.7236328125
1187502,16.05224609375
1187537,15.7470703125
1187568,17.51708984375
1187583,18.12744140625
1187639,23.193359375
1187671,17.822265625
1187760,21.728515625
1187770,25.32958984375
1187962,15.31982421875
1188052,21.3623046875
1188089,18.310546875
1208378,16.4794921875
1208431,19.4091796875
1208540,21.728515625
1208583,31.67724609375
1208698,28.4423828125
1208749,22.0947265625
1208801,16.11328125
1208814,16.29638671875
1208869,15.56396484375
1208880,18.98193359375
1208953,17.76123046875
1209132,16.4794921875
1230036,17.4560546875
1230238,17.4560546875
1230357,28.38134765625
1230482,20.8740234375
1230512,20.8740234375
1230540,17.15087890625
1230596,21.30126953125
1230634,16.29638671875
1230658,16.66259765625
1230684,24.71923828125
1230749,15.2587890625
1230766,15.56396484375
1230818,19.775390625
1230951,15.0146484375
1250716,16.9677734375
1250760,17.02880859375
1250964,16.2353515625
1250999,15.56396484375
1251017,19.04296875
1251093,20.69091796875
1251170,21.30126953125
1251182,19.4091796875
1251296,16.41845703125
1251357,17.7001953125
1251412,16.29638671875
1251457,19.1650390625
1251492,17.08984375
1251620,14.83154296875
1251644,18.00537109375
1271383,16.2353515625
1271825,15.44189453125
1272422,16.4794921875
1272535,20.93505859375
1272550,18.85986328125
1272658,17.08984375
1272687,16.6015625
1272746,20.81298828125
1272817,18.1884765625
1272876,17.15087890625
1273036,17.39501953125
1291700,19.04296875
1291949,14.892578125
1291985,15.56396484375
1291997,20.20263671875
1292135,22.39990234375
1292270,22.3388671875
1292288,16.41845703125
1292390,18.310546875
1292426,20.5078125
1292542,17.822265625
1292663,17.51708984375
1292783,16.41845703125
1292943,14.83154296875
1311809,15.869140625
1312161,18.61572265625
1312274,15.2587890625
1312381,20.81298828125
1312527,26.79443359375
1312561,18.85986328125
1312573,15.13671875
1312653,16.41845703125
1312703,21.240234375
1312756,22.52197265625
1312841,16.6015625
1313006,16.54052734375
1313122,17.63916015625
1334465,17.822265625
1334631,20.81298828125
1334674,23.62060546875
1334703,19.6533203125
1334838,19.53125
1334859,17.63916015625
1334904,15.0146484375
1334940,23.13232421875
1334980,15.2587890625
1335022,14.83154296875
1335059,15.44189453125
1335080,20.20263671875
1335103,25.32958984375
1353163,18.85986328125
1353231,15.44189453125
1353309,15.13671875
1353398,19.04296875
1353421,16.9677734375
1353520,17.4560546875
1353561,15.68603515625
1353625,21.3623046875
1353667,23.5595703125
1353799,15.2587890625
1353827,19.287109375
1353961,20.6298828125
1354225,18.1884765625
1354394,15.44189453125
1354550,19.22607421875
1371830,17.02880859375
1372009,18.9208984375
1372143,20.3857421875
1372168,18.24951171875
1372229,18.5546875
1372295,17.39501953125
1372333,15.869140625
1372391,17.88330078125
1372471,18.37158203125
1372482,22.4609375
1372558,15.68603515625
1372600,16.9677734375
1372626,18.06640625
1372684,15.19775390625
1372721,18.310546875
1392910,15.5029296875
1392972,16.2353515625
1393012,22.64404296875
1393063,16.05224609375
1393143,19.8974609375
1393154,14.892578125
1393167,16.41845703125
1393201,16.845703125
1393283,38.6962890625
1393323,17.39501953125
1393380,26.30615234375
1393482,16.66259765625
1393574,15.07568359375
1414384,18.24951171875
1414703,18.37158203125
1414722,23.5595703125
1414802,16.9677734375
1414870,20.99609375
1414900,19.1650390625
1414921,16.4794921875
1414978,18.73779296875
1415025,18.00537109375
1415070,15.44189453125
1415173,17.822265625
1415273,20.263671875
1415539,16.2353515625
1434590,15.2587890625
1434679,19.95849609375
1434831,19.04296875
1434913,19.4091796875
1435028,27.64892578125
1435046,14.95361328125
1435073,15.31982421875
1435122,15.31982421875
1435198,20.44677734375
1435315,17.51708984375
1435490,15.9912109375
1454345,15.56396484375
1456244,15.07568359375
1456442,15.2587890625
1456590,45.10498046875
1456724,34.0576171875
1456767,19.53125
1456824,20.08056640625
1456892,16.11328125
1456923,15.19775390625
1457013,15.44189453125
1477028,20.08056640625
1477219,16.90673828125
1477248,16.17431640625
1477309,20.263671875
1477382,17.39501953125
1477409,15.380859375
1477454,20.20263671875
1477504,18.12744140625
1477546,15.5029296875
1477563,16.78466796875
1477608,18.9208984375
1477662,14.892578125
1477713,15.0146484375
1477849,14.83154296875
1478024,15.2587890625
1498398,16.41845703125
1498474,15.19775390625
1498540,24.5361328125
1498611,15.7470703125
1498621,19.10400390625
1498637,20.20263671875
1498658,16.4794921875
1498724,15.07568359375
1498756,20.20263671875
1498768,28.99169921875
1498823,16.78466796875
1498852,15.68603515625
1498914,17.2119140625
1498947,15.80810546875
1498959,19.53125
1499003,16.90673828125
1499042,16.05224609375
1499191,17.88330078125
1519173,16.54052734375
1519395,30.82275390625
1519546,39.12353515625
1519603,16.29638671875
1519640,16.54052734375
1519655,14.95361328125
1519679,15.2587890625
1519701,15.2587890625
1519745,24.10888671875
1519765,14.95361328125
1519825,15.869140625
1519900,16.357421875
1519942,20.20263671875
1520158,16.9677734375
1540056,15.5029296875
1540237,19.34814453125
1540335,15.31982421875
1540391,16.17431640625
1540410,15.7470703125
1540431,18.310546875
1540499,23.01025390625
1540544,17.9443359375
1540582,16.11328125
1540636,16.6015625
1540673,15.93017578125
1540708,20.93505859375
1540751,20.01953125
1540827,16.7236328125
1540857,15.9912109375
1540956,18.798828125
1561346,14.83154296875
1561580,23.74267578125
1561609,24.7802734375
1561682,17.2119140625
1561723,17.822265625
1561803,15.0146484375
1561823,24.71923828125
1561912,22.76611328125
1561946,16.54052734375
1562015,16.6015625
1562046,18.5546875
1562102,15.31982421875
1562190,15.44189453125
1562217,18.49365234375
1562756,15.869140625
1582375,17.822265625
1582573,29.78515625
1582594,16.11328125
1582604,18.98193359375
1582662,14.892578125
1582689,17.9443359375
1582716,17.02880859375
1582810,27.89306640625
1582892,15.68603515625
1582904,26.42822265625
1582978,16.2353515625
1582992,16.54052734375
1583214,17.2119140625
1602877,16.2353515625
1603035,15.68603515625
1603164,18.06640625
1603184,27.40478515625
1603209,15.0146484375
1603339,19.22607421875
1603365,17.333984375
1603397,18.1884765625
1603455,16.54052734375
1603540,31.55517578125
1603574,18.6767578125
1603659,14.83154296875
1603760,19.04296875
1603973,14.95361328125
1625008,15.56396484375
1625058,18.37158203125
1625142,21.17919921875
1625181,18.85986328125
1625232,32.8369140625
1625317,22.52197265625
1625370,15.625
1625393,16.05224609375
1625413,20.20263671875
1625487,18.6767578125
1625500,18.37158203125
1625573,18.00537109375
1625708,16.05224609375
1643780,16.17431640625
1644464,21.728515625
1644495,19.83642578125
1644595,17.578125
1644660,16.845703125
1644708,15.44189453125
1644765,18.798828125
1644830,16.11328125
1644852,19.95849609375
1644900,16.29638671875
1644945,15.5029296875
1644981,14.83154296875
1645007,15.0146484375
1645083,17.02880859375
1645166,16.11328125
1645356,18.37158203125
1663764,16.05224609375
1663940,18.9208984375
1664185,20.6298828125
1664196,15.44189453125
1664232,17.08984375
1664277,19.775390625
1664326,21.66748046875
1664423,28.80859375
1664525,18.6767578125
1664535,18.37158203125
1664617,15.07568359375
1664648,16.6015625
1664733,14.95361328125
1664880,15.0146484375
1664918,15.7470703125
1684768,16.9677734375
1685064,15.80810546875
1685196,14.95361328125
1685326,16.6015625
1685441,17.51708984375
1685508,28.50341796875
1685626,26.7333984375
1685637,15.93017578125
1685728,19.10400390625
1685765,20.32470703125
1685775,16.54052734375
1685858,15.56396484375
1685947,15.869140625
1685997,20.6298828125
1705890,15.07568359375
1706777,16.357421875
1706835,17.88330078125
1706936,19.04296875
1707080,19.04296875
1707107,15.625
1707119,20.01953125
1707244,29.78515625
1707346,25.0244140625
1707356,15.5029296875
1707429,15.44189453125
1707523,17.88330078125
1707603,16.357421875
1728211,17.578125
1728369,15.2587890625
1728423,17.51708984375
1728483,17.2119140625
1728567,24.0478515625
1728602,15.2587890625
1728698,16.2353515625
1728745,15.9912109375
1728791,22.5830078125
1728822,14.95361328125
1728875,16.845703125
1728983,23.4375
1748997,14.83154296875
1749052,15.68603515625
1749137,14.83154296875
1749192,15.80810546875
1749216,25.69580078125
1749343,21.91162109375
1749397,15.5029296875
1749419,17.15087890625
1749485,19.95849609375
1749566,16.845703125
1749597,25.57373046875
1749696,17.27294921875
1749793,17.63916015625
1749862,15.80810546875
1749884,15.2587890625
1770661,17.578125
1770696,18.73779296875
1770795,21.240234375
1770857,16.90673828125
1770874,18.00537109375
1770947,18.310546875
1770968,19.83642578125
1770999,14.892578125
1771069,18.4326171875
1771110,17.88330078125
1771201,15.5029296875
1771274,17.08984375
1771426,15.2587890625
1790560,16.41845703125
1790584,15.44189453125
1790766,22.15576171875
1790782,22.3388671875
1790833,15.0146484375
1790914,20.8740234375
1790950,15.56396484375
1790981,17.333984375
1791045,20.1416015625
1791102,18.73779296875
1791150,14.83154296875
1791298,17.08984375
1791450,20.751953125
1791581,15.5029296875
1811675,15.93017578125
1811992,17.27294921875
1812109,16.05224609375
1812133,25.7568359375
1812149,17.578125
1812217,16.66259765625
1812256,19.83642578125
1812316,30.3955078125
1812355,24.5361328125
1812447,20.5078125
1812464,24.2919921875
1812496,16.9677734375
1812536,20.263671875
1812734,17.08984375
1833208,15.93017578125
1833224,15.13671875
1833362,17.27294921875
1833372,15.380859375
1833441,33.26416015625
1833472,15.7470703125
1833538,20.8740234375
1833588,16.90673828125
1833616,16.4794921875
1833640,26.18408203125
1833724,16.357421875
1833769,17.88330078125
1833858,15.44189453125
1833961,18.85986328125
1834199,15.380859375
1834497,16.66259765625
1854749,16.6015625
1854922,16.11328125
1855010,15.93017578125
1855030,15.13671875
1855054,15.56396484375
1855120,21.728515625
1855154,15.07568359375
1855172,16.66259765625
1855284,30.21240234375
1855358,21.6064453125
1855451,16.05224609375
1855522,17.08984375
1875134,19.10400390625
1875280,18.6767578125
1875365,16.9677734375
1875461,19.83642578125
1875496,16.17431640625
1875546,15.0146484375
1875594,20.5078125
1875604,15.9912109375
1875631,15.625
1875711,14.83154296875
1875788,23.193359375
1875826,15.44189453125
1875893,17.39501953125
1875927,15.2587890625
1876008,15.5029296875
1876173,16.845703125
1896549,16.78466796875
1896709,24.2919921875
1896809,20.6298828125
1896824,26.30615234375
1896921,19.287109375
1896944,17.822265625
1896966,15.0146484375
1897006,15.0146484375
1897048,19.4091796875
1897142,17.7001953125
1897230,15.13671875
1897250,15.07568359375
1897374,16.7236328125
1916838,21.17919921875
1917071,32.40966796875
1917195,17.88330078125
1917211,19.95849609375
1917235,17.7001953125
1917305,18.5546875
1917369,18.49365234375
1917422,16.78466796875
1917456,17.27294921875
1917569,15.07568359375
1917611,18.00537109375
1938132,17.76123046875
1938339,15.380859375
1938704,30.70068359375
1938792,36.4990234375
1938808,18.06640625
1938881,15.07568359375
1938911,22.4609375
1938971,16.11328125
1939008,16.66259765625
1939092,15.9912109375
1939135,17.51708984375
1958326,18.06640625
1958540,22.03369140625
1958596,21.97265625
1958650,16.90673828125
1958661,22.705078125
1958711,15.5029296875
1958764,23.4375
1958792,15.13671875
1958892,15.380859375
1958915,20.93505859375
1958979,16.41845703125
1959006,19.04296875
1959189,16.845703125
1959303,19.4091796875
1979749,16.05224609375
1979910,17.15087890625
1980019,16.66259765625
1980080,27.83203125
1980158,15.19775390625
1980206,15.7470703125
1980228,22.15576171875
1980246,15.44189453125
1980322,23.86474609375
1980355,16.357421875
1980378,15.07568359375
1980414,17.02880859375
1980430,19.10400390625
1980511,16.78466796875
1980523,17.76123046875
2000379,16.11328125
2000616,16.2353515625
2000683,17.51708984375
2000734,23.13232421875
2000824,25.32958984375
2000909,17.63916015625
2000946,16.4794921875
2000984,16.7236328125
2001021,15.380859375
2001039,18.61572265625
2001087,18.98193359375
2001126,19.1650390625
2001195,19.04296875
2001375,14.95361328125
2001549,14.95361328125
2021930,14.892578125
2022201,15.5029296875
2022269,15.2587890625
2022486,18.06640625
2022507,22.03369140625
2022535,20.3857421875
2022566,14.892578125
2022614,20.6298828125
2022655,18.06640625
2022692,18.4326171875
2022739,17.39501953125
2022774,15.56396484375
2022823,17.2119140625
2022837,15.625
2022954,15.19775390625
2042046,17.333984375
2042058,20.6298828125
2042125,21.30126953125
2042288,19.6533203125
2042321,22.216796875
2042356,25.0244140625
2042418,21.728515625
2042482,20.56884765625
2042504,16.41845703125
2042531,29.541015625
2042617,14.83154296875
2042644,19.10400390625
2042740,21.8505859375
2043616,15.80810546875
2062913,16.78466796875
2063268,16.29638671875
2063412,19.95849609375
2063453,18.798828125
2063491,18.06640625
2063543,18.61572265625
2063581,16.357421875
2063638,14.892578125
2063662,16.4794921875
2063687,15.5029296875
2063771,18.24951171875
2063783,21.91162109375
2063836,17.39501953125
2063934,14.95361328125
2084442,16.05224609375
2084657,17.7001953125
2084921,18.310546875
2085014,18.9208984375
2085045,15.31982421875
2085130,23.37646484375
2085179,15.19775390625
2085236,16.6015625
2085250,24.59716796875
2085334,25.45166015625
2085374,17.7001953125
2085428,23.681640625
2085609,18.798828125
2085668,14.892578125
2105839,18.798828125
2105873,18.310546875
2105918,22.03369140625
2105997,19.71435546875
2106008,15.7470703125
2106065,15.56396484375
2106087,16.54052734375
2106119,16.2353515625
2106181,15.56396484375
2106223,19.34814453125
2106258,23.4375
2106338,17.333984375
2106437,16.845703125
2106491,21.05712890625
2106541,18.49365234375
2127762,22.5830078125
2127780,15.44189453125
2127872,40.1611328125
2127883,20.5078125
2127980,22.52197265625
2127992,15.93017578125
2128026,17.9443359375
2128044,15.80810546875
2128076,17.4560546875
2128164,16.6015625
2128275,16.845703125
2128849,15.13671875
2147774,22.27783203125
2147974,17.88330078125
2148006,15.7470703125
2148033,19.775390625
2148057,17.27294921875
2148097,15.0146484375
2148164,21.42333984375
2148187,14.892578125
2148204,15.19775390625
2148224,16.78466796875
2148291,18.310546875
2148414,15.93017578125
2148620,17.08984375
2148817,16.845703125
2148912,14.83154296875
2169641,30.09033203125
2169675,16.2353515625
2169699,17.578125
2169729,18.61572265625
2169831,15.380859375
2169869,16.11328125
2169901,16.6015625
2169917,16.7236328125
2169955,17.63916015625
2170009,14.95361328125
2170093,15.07568359375
2190247,17.76123046875
2190335,20.01953125
2190377,15.19775390625
2190462,14.95361328125
2190504,15.44189453125
2190535,15.9912109375
2190572,14.892578125
2190675,16.05224609375
2190687,20.99609375
2190755,15.869140625
2190767,14.95361328125
2190800,16.6015625
2190869,18.310546875
2191157,18.5546875
2212025,17.4560546875
2212202,22.39990234375
2212297,35.400390625
2212327,17.39501953125
2212401,22.0947265625
2212451,15.7470703125
2212496,21.1181640625
2212568,15.56396484375
2212588,16.41845703125
2212624,19.10400390625
2212640,16.6015625
2212674,17.822265625
2212750,15.7470703125
2212885,16.6015625
2231992,18.4326171875
2232075,17.51708984375
2232132,17.27294921875
2232154,16.2353515625
2232239,19.1650390625
2232317,18.37158203125
2232350,17.333984375
2232429,15.0146484375
2232458,20.56884765625
2232477,19.775390625
2232601,20.263671875
2232851,18.6767578125
2232999,15.07568359375
2253445,16.78466796875
2253607,23.01025390625
2253639,18.9208984375
2253732,17.27294921875
2253770,15.93017578125
2253857,22.4609375
2253939,18.24951171875
2254039,15.80810546875
2254060,15.31982421875
2254184,22.27783203125
2274805,34.1796875
2274852,15.56396484375
2274913,22.52197265625
2274934,18.310546875
2274989,14.83154296875
2275015,24.96337890625
2275036,19.53125
2275121,16.17431640625
2275210,23.4375
2275234,19.59228515625
2275300,16.78466796875
2275341,17.51708984375
2296296,17.88330078125
2296356,19.10400390625
2296425,19.47021484375
2296479,19.59228515625
2296507,19.47021484375
2296625,26.611328125
2296736,17.51708984375
2296756,16.17431640625
2296817,19.22607421875
2296880,17.51708984375
2296977,23.74267578125
2297092,15.2587890625
2317246,15.80810546875
2317259,15.56396484375
2317297,17.9443359375
2317447,17.02880859375
2317474,19.59228515625
2317487,20.751953125
2317610,22.0947265625
2317650,16.357421875
2317742,16.17431640625
2317784,15.13671875
2317950,14.95361328125
2318192,17.51708984375
2338111,16.41845703125
2338981,15.9912109375
2339147,16.29638671875
2339280,21.17919921875
2339409,20.44677734375
2339532,22.216796875
2339623,18.85986328125
2339643,25.57373046875
2339756,25.93994140625
2339923,17.7001953125
2340101,17.08984375
2359211,15.869140625
2359281,17.02880859375
2359431,15.0146484375
2359448,17.2119140625
2359487,18.4326171875
2359601,20.3857421875
2359626,19.34814453125
2359656,16.845703125
2359741,19.10400390625
2359759,21.54541015625
2359865,15.07568359375
2359969,15.5029296875
2360065,16.05224609375
2360086,15.80810546875
2360203,16.2353515625
2360344,16.6015625
2360481,15.56396484375
2380408,15.13671875
2380658,22.0947265625
2380697,18.4326171875
2380811,19.83642578125
2380824,20.81298828125
2380948,23.62060546875
2380995,20.6298828125
2381006,17.333984375
2381043,15.56396484375
2381110,15.93017578125
2381158,17.08984375
2381236,16.357421875
2381292,18.1884765625
2381415,17.7001953125
2401511,26.85546875
2401632,17.333984375
2401666,19.4091796875
2401718,15.2587890625
2401774,17.2119140625
2401822,17.578125
2401858,15.44189453125
2401893,22.216796875
2401974,17.39501953125
2402031,16.78466796875
2402078,19.8974609375
2402128,18.5546875
2402158,15.625
2402361,17.7001953125
2422787,15.93017578125
2422973,15.44189453125
2423105,19.1650390625
2423142,17.08984375
2423188,20.3857421875
2423205,18.6767578125
2423301,28.74755859375
2423391,23.8037109375
2423471,24.0478515625
2423481,17.08984375
2423538,14.892578125
2423638,16.4794921875
2443377,16.66259765625
2443449,15.5029296875
2443582,17.51708984375
2443597,20.56884765625
2443728,19.95849609375
2443741,20.99609375
2443852,19.10400390625
2443862,24.169921875
2443905,16.78466796875
2443963,23.0712890625
2444128,17.88330078125
2444179,15.7470703125
2464120,36.2548828125
2464161,17.63916015625
2464283,24.90234375
2464403,14.83154296875
2464417,16.17431640625
2464474,20.99609375
2464509,22.3388671875
2464534,15.380859375
2464602,15.44189453125
2464689,15.5029296875
2464721,18.37158203125
2464862,18.12744140625
2464882,18.9208984375
2465085,15.380859375
2484660,16.4794921875
2484696,16.357421875
2484813,15.0146484375
2484843,18.24951171875
2484949,20.1416015625
2484960,18.4326171875
2485109,19.6533203125
2485134,15.380859375
2485239,19.1650390625
2485284,16.7236328125
2485324,19.04296875
2485349,16.17431640625
2506405,15.2587890625
2506547,14.83154296875
2506592,20.8740234375
2506626,19.6533203125
2506668,23.0712890625
2506736,17.333984375
2506770,18.98193359375
2506790,16.05224609375
2506901,15.13671875
2507018,15.07568359375
2507070,16.2353515625
2526638,16.11328125
2526665,21.728515625
2526770,33.447265625
2526866,15.625
2526893,20.01953125
2526986,19.287109375
2527058,17.27294921875
2527126,17.51708984375
2527138,21.78955078125
2527262,15.31982421875
2527294,14.83154296875
2527314,15.07568359375
2527367,20.01953125
2527481,14.892578125
2527911,15.13671875
2547392,15.19775390625
2547459,15.0146484375
2547584,15.7470703125
2547658,18.9208984375
2547692,24.84130859375
2547727,17.333984375
2547777,17.39501953125
2547861,15.93017578125
2547923,16.90673828125
2547962,22.5830078125
2548069,16.41845703125
2548124,18.310546875
2548215,16.29638671875
2567752,21.728515625
2567763,15.9912109375
2567924,21.1181640625
2567934,18.00537109375
2568009,16.11328125
2568056,16.11328125
2568119,18.37158203125
2568189,16.54052734375
2568199,14.892578125
2568210,23.01025390625
2568256,14.83154296875
2568339,15.0146484375
2568366,14.83154296875
2568414,16.54052734375
2568482,20.263671875
2587988,17.02880859375
2588043,16.9677734375
2588107,15.80810546875
2588143,31.25
2588195,18.00537109375
2588218,18.00537109375
2588293,16.78466796875
2588307,17.9443359375
2588366,16.54052734375
2588494,15.07568359375
2588657,18.73779296875
2605809,15.0146484375
2608443,19.10400390625
2608620,21.17919921875
2608657,17.63916015625
2608697,22.76611328125
2608770,15.0146484375
2608803,16.6015625
2608880,15.7470703125
2608954,22.0947265625
2609093,21.1181640625
2609168,16.2353515625
2609191,15.19775390625
2609639,17.63916015625
2629891,15.68603515625
2629923,18.6767578125
2630020,18.37158203125
2630061,20.01953125
2630072,18.12744140625
2630120,17.2119140625
2630159,15.5029296875
2630191,16.845703125
2630204,21.30126953125
2630280,14.95361328125
2630305,25.08544921875
2630399,17.02880859375
2630493,17.7001953125
2630566,15.44189453125
2630750,16.845703125
2649394,14.892578125
2649648,15.44189453125
2649826,16.17431640625
2649896,18.9208984375
2650005,21.42333984375
2650044,21.484375
2650069,23.4375
2650161,15.68603515625
2650197,15.93017578125
2650285,18.06640625
2650345,16.41845703125
2650495,22.64404296875
2650602,16.17431640625
2670389,20.20263671875
2670445,15.0146484375
2670497,24.47509765625
2670553,15.31982421875
2670631,21.78955078125
2670687,15.31982421875
2670776,19.287109375
2670829,18.12744140625
2670984,16.78466796875
2671020,16.17431640625
2691897,20.08056640625
2691988,17.08984375
2692025,21.1181640625
2692081,19.8974609375
2692129,15.5029296875
2692158,15.625
2692224,17.578125
2692325,16.845703125
2692372,15.380859375
2692523,18.310546875
2712797,15.44189453125
2712879,15.44189453125
2712918,16.7236328125
2712990,20.6298828125
2713102,17.51708984375
2713128,16.11328125
2713178,18.37158203125
2713288,18.98193359375
2713321,16.90673828125
2713371,15.2587890625
2713390,15.9912109375
2713475,15.44189453125
2713536,15.07568359375
2713795,17.2119140625
2733835,14.95361328125
2733979,17.51708984375
2734133,19.8974609375
2734153,16.90673828125
2734256,31.06689453125
2734290,17.27294921875
2734356,21.17919921875
2734366,23.3154296875
2734468,14.83154296875
2734511,18.9208984375
2734553,15.13671875
2734609,17.02880859375
2734630,17.822265625
2734676,17.2119140625
2734942,15.80810546875
2754763,27.40478515625
2754810,21.6064453125
2754901,19.95849609375
2754915,14.83154296875
2754946,17.333984375
2754960,15.380859375
2755015,17.08984375
2755072,24.35302734375
2755183,25.57373046875
2755231,17.08984375
2755273,16.2353515625
2755485,23.0712890625
2755669,15.80810546875
2775389,19.4091796875
2775516,18.98193359375
2775529,18.310546875
2775576,16.11328125
2775611,17.4560546875
2775653,21.17919921875
2775708,19.59228515625
2775751,20.3857421875
2775869,17.51708984375
2776260,14.95361328125
2796326,25.7568359375
2796398,23.681640625
2796448,21.42333984375
2796465,15.93017578125
2796528,22.15576171875
2796546,15.7470703125
2796597,16.4794921875
2796668,14.95361328125
2796689,18.4326171875
2796739,16.7236328125
2796781,16.41845703125
2796915,18.9208984375
2796969,18.85986328125
2797242,15.07568359375
2816429,17.39501953125
2816493,21.1181640625
2816545,19.4091796875
2816655,19.287109375
2816715,16.9677734375
2816765,17.822265625
2816831,22.8271484375
2816865,15.380859375
2816929,15.07568359375
2816990,17.27294921875
2817019,16.17431640625
2817071,16.54052734375
2817516,15.19775390625
2837208,16.41845703125
2837295,18.798828125
2837334,19.83642578125
2837345,23.681640625
2837425,20.69091796875
2837484,14.83154296875
2837497,15.0146484375
2837537,18.24951171875
2837603,15.2587890625
2837625,28.076171875
2837708,17.2119140625
2837752,18.9208984375
2837807,16.29638671875
2858451,18.61572265625
2858481,21.484375
2858507,14.892578125
2858567,16.845703125
2858601,26.67236328125
2858700,23.193359375
2858749,17.822265625
2858806,19.775390625
2858825,17.2119140625
2858842,17.08984375
2858913,15.9912109375
2858930,18.6767578125
2859021,17.51708984375
2879094,17.15087890625
2879124,23.01025390625
2879185,29.60205078125
2879257,15.5029296875
2879298,17.63916015625
2879321,16.9677734375
2879408,15.625
2879455,21.8505859375
2879475,15.13671875
2879555,20.1416015625
2879572,15.44189453125
2879901,15.0146484375
2899472,14.83154296875
2899619,15.380859375
2899651,17.7001953125
2899702,15.13671875
2899852,22.64404296875
2899945,17.76123046875
2899974,27.16064453125
2900086,16.41845703125
2900112,19.83642578125
2900138,15.380859375
2900231,17.08984375
2900251,16.90673828125
2900301,15.68603515625
2900554,15.0146484375
2920454,17.51708984375
2920644,15.93017578125
2920730,19.04296875
2920742,32.53173828125
2920856,24.5361328125
2920918,18.4326171875
2920961,21.8505859375
2920971,19.4091796875
2920989,17.9443359375
2921069,23.3154296875
2921150,15.9912109375
2921164,17.578125
2921642,16.11328125
2941139,17.02880859375
2941163,15.80810546875
2941258,19.83642578125
2941291,25.20751953125
2941385,17.76123046875
2941409,24.47509765625
2941450,16.17431640625
2941542,24.71923828125
2941582,18.798828125
2941678,15.0146484375
2941844,16.9677734375
2962216,16.9677734375
2962289,22.216796875
2962357,19.59228515625
2962402,15.68603515625
2962486,18.85986328125
2962541,17.02880859375
2962558,17.4560546875
2962586,16.845703125
2962655,20.5078125
2962754,27.4658203125
2962859,14.95361328125
2962941,16.9677734375
2982664,23.3154296875
2982775,18.98193359375
2982807,16.78466796875
2982846,15.5029296875
2982879,30.029296875
2982967,17.7001953125
2983076,25.93994140625
2983096,15.0146484375
2983301,15.93017578125
2983316,14.892578125
2983392,14.892578125
2983497,15.2587890625
3003438,15.07568359375
3003561,19.04296875
3003723,18.1884765625
3003780,21.6064453125
3003799,17.39501953125
3003835,19.22607421875
3003908,16.2353515625
3003953,27.4658203125
3004019,21.42333984375
3004053,20.81298828125
3004094,15.19775390625
3004144,17.39501953125
3004509,14.95361328125
3022956,15.07568359375
3023462,18.4326171875
3023511,17.08984375
3023556,15.380859375
3023579,23.193359375
3023598,16.2353515625
3023742,23.4375
3023798,17.39501953125
3023834,15.380859375
3023911,16.41845703125
3023962,16.41845703125
3024072,18.798828125
3024248,15.7470703125
3043493,25.81787109375
3043514,18.5546875
3043545,18.85986328125
3043629,19.8974609375
3043666,20.69091796875
3043736,23.8037109375
3043747,16.11328125
3043845,16.29638671875
3043857,16.05224609375
3043931,23.3154296875
3043969,24.2919921875
3044063,15.19775390625
3044102,15.869140625
3044136,15.44189453125
3044673,15.44189453125
3064258,19.287109375
3064482,19.83642578125
3064504,16.9677734375
3064539,15.625
3064599,19.34814453125
3064667,19.47021484375
3064677,24.5361328125
3064719,15.625
3064797,19.775390625
3064955,15.44189453125
3065096,16.845703125
3084504,14.892578125
3084692,21.3623046875
3084708,17.9443359375
3084787,16.41845703125
3084845,28.076171875
3084885,18.61572265625
3084963,19.71435546875
3084994,26.3671875
3085035,25.146484375
3085079,16.357421875
3085164,20.81298828125
3085211,16.78466796875
3085264,20.3857421875
3085276,15.44189453125
3085340,16.2353515625
3105298,16.845703125
3105350,23.49853515625
3105418,15.7470703125
3105431,15.380859375
3105469,16.90673828125
3105552,15.0146484375
3105593,23.37646484375
3105655,20.20263671875
3105686,18.00537109375
3105723,20.1416015625
3105742,16.9677734375
3105755,16.66259765625
3106221,14.83154296875
3125500,16.54052734375
3125598,18.49365234375
3125702,14.83154296875
3125730,16.6015625
3125771,26.55029296875
3125853,16.7236328125
3125891,15.56396484375
3125961,14.892578125
3126007,15.68603515625
3126058,26.42822265625
3126092,15.56396484375
3126158,19.71435546875
3126252,15.380859375
3146357,21.6064453125
3146463,15.869140625
3146509,16.4794921875
3146588,15.93017578125
3146683,27.7099609375
3146710,20.81298828125
3146799,22.0947265625
3146830,17.7001953125
3146855,15.07568359375
3146895,14.83154296875
3146911,23.0712890625
3146988,18.61572265625
3147158,19.83642578125
3166745,15.0146484375
3166760,29.72412109375
3166897,15.07568359375
3166941,28.01513671875
3166998,16.54052734375
3167073,23.3154296875
3167131,16.7236328125
3167184,19.22607421875
3167272,14.95361328125
3167332,25.146484375
3167385,16.90673828125
3167555,23.01025390625
3187631,18.798828125
3187666,18.98193359375
3187742,21.42333984375
3187776,21.30126953125
3187819,20.20263671875
3187872,19.59228515625
3187908,15.13671875
3187926,18.1884765625
3187983,24.5361328125
3188027,17.2119140625
3188135,15.7470703125
3188166,15.13671875
3188266,17.27294921875
3207608,15.44189453125
3208003,18.310546875
3208178,17.76123046875
3208246,19.8974609375
3208320,19.775390625
3208334,15.869140625
3208380,15.9912109375
3208461,15.13671875
3208493,16.54052734375
3208515,21.484375
3208606,16.90673828125
3208776,20.69091796875
3228726,15.56396484375
3228849,15.869140625
3228874,19.8974609375
3229020,22.216796875
3229110,17.51708984375
3229131,15.56396484375
3229179,24.0478515625
3229194,15.13671875
3229212,16.78466796875
3229385,16.78466796875
3248882,19.71435546875
3248927,16.7236328125
3249023,15.56396484375
3249057,20.5078125
3249091,17.9443359375
3249112,15.56396484375
3249210,18.24951171875
3249233,16.41845703125
3249256,17.39501953125
3249331,19.287109375
3249384,17.578125
3249427,16.7236328125
3249641,16.05224609375
3269580,20.32470703125
3269719,15.93017578125
3269762,26.55029296875
3269900,16.4794921875
3269911,16.29638671875
3269973,16.7236328125
3270027,23.13232421875
3270113,16.2353515625
3270137,15.31982421875
3270166,15.869140625
3270243,14.95361328125
3270377,20.1416015625
3289214,15.56396484375
3289513,22.15576171875
3289568,17.02880859375
3289637,26.9775390625
3289726,17.08984375
3289787,26.4892578125
3289910,17.76123046875
3289948,14.892578125
3290016,16.6015625
3290054,15.0146484375
3290139,22.94921875
3290180,15.80810546875
3290273,17.822265625
3309751,17.2119140625
3310207,15.380859375
3310454,16.7236328125
3310481,14.892578125
3310551,21.91162109375
3310641,16.845703125
3310672,17.9443359375
3310786,15.80810546875
3310797,15.44189453125
3310911,15.31982421875
3310959,15.68603515625
3311148,15.93017578125
3330681,21.728515625
3330722,18.310546875
3330788,15.380859375
3330905,15.625
3330951,17.578125
3330979,18.06640625
3331053,17.15087890625
3331104,22.76611328125
3331232,21.05712890625
3331339,14.95361328125
3331373,15.31982421875
3331413,16.05224609375
3331491,15.68603515625
3331639,15.93017578125
3351326,17.63916015625
3351395,21.6064453125
3351449,15.869140625
3351508,19.6533203125
3351553,17.578125
3351571,17.822265625
3351646,18.73779296875
3351688,15.5029296875
3351732,16.78466796875
3351793,15.0146484375
3351859,16.17431640625
3351937,26.91650390625
3352219,15.44189453125
3371786,29.47998046875
3371813,17.63916015625
3371910,26.123046875
3371958,21.8505859375
3371975,15.68603515625
3372100,19.775390625
3372134,14.95361328125
3372200,18.24951171875
3372224,20.01953125
3372520,16.2353515625
3392427,16.17431640625
3392525,25.45166015625
3392691,24.71923828125
3392753,15.07568359375
3392776,16.66259765625
3392827,16.66259765625
3392862,15.0146484375
3392952,17.51708984375
3393000,18.5546875
3393023,19.4091796875
3393086,17.7001953125
3393101,16.05224609375
3393148,19.71435546875
3412245,19.95849609375
3412325,18.61572265625
3412339,15.13671875
3412462,15.07568359375
3412491,18.49365234375
3412548,17.51708984375
3412636,23.86474609375
3412663,15.07568359375
3412704,17.76123046875
3412837,16.2353515625
3412912,16.41845703125
3412959,16.9677734375
3413124,22.0947265625
3413222,16.2353515625
3432543,15.7470703125
3432659,24.23095703125
3432778,19.6533203125
3432825,20.99609375
3432845,19.53125
3432876,16.78466796875
3432907,15.9912109375
3432932,17.63916015625
3432964,18.00537109375
3433052,19.53125
3433066,17.63916015625
3433206,15.44189453125
3433306,16.2353515625
3433336,16.845703125
3433506,15.44189453125
3452329,15.68603515625
3452553,15.44189453125
3452684,17.15087890625
3452798,16.05224609375
3452826,18.49365234375
3452855,17.578125
3452868,24.71923828125
3452943,15.19775390625
3453022,23.74267578125
3453047,15.31982421875
3453070,16.90673828125
3453152,17.76123046875
3453215,15.80810546875
3453236,18.37158203125
3453345,22.52197265625
3472992,15.07568359375
3473397,15.44189453125
3473500,20.20263671875
3473600,19.59228515625
3473624,14.83154296875
3473650,18.85986328125
3473751,15.68603515625
3473792,15.31982421875
3473883,16.845703125
3473909,15.19775390625
3474005,16.54052734375
3474081,16.11328125
3474140,14.892578125
3474185,20.81298828125
3474196,18.12744140625
3474334,15.13671875
3474419,15.80810546875
3493390,22.15576171875
3493463,17.63916015625
3493554,15.625
3493647,18.00537109375
3493659,19.34814453125
3493770,19.47021484375
3493845,17.822265625
3493872,15.380859375
3493910,17.4560546875
3493920,15.625
3494028,23.0712890625
3494040,18.4326171875
3494136,15.869140625
3494169,17.7001953125
3494228,16.05224609375
3494528,19.10400390625
3494690,16.90673828125
3514203,15.2587890625
3514333,19.59228515625
3514366,25.2685546875
3514480,17.63916015625
3514496,18.5546875
3514518,15.56396484375
3514633,18.61572265625
3514680,16.4794921875
3514715,14.95361328125
3514772,17.39501953125
3534158,16.2353515625
3534178,16.78466796875
3534333,20.81298828125
3534377,16.78466796875
3534455,15.44189453125
3534476,17.02880859375
3534563,16.29638671875
3534617,17.76123046875
3534681,15.2587890625
3534940,14.83154296875
3535375,16.845703125
3535545,17.15087890625
3554350,23.3154296875
3554497,26.55029296875
3554627,21.1181640625
3554668,15.0146484375
3554737,18.4326171875
3554829,18.310546875
3554841,18.9208984375
3554891,15.2587890625
3554932,14.892578125
3554995,18.1884765625
3555045,17.76123046875
3555147,15.44189453125
3574660,19.8974609375
3574707,21.17919921875
3574782,21.17919921875
3574822,14.95361328125
3574866,26.30615234375
3574946,28.25927734375
3574991,19.287109375
3575048,19.1650390625
3575072,15.2587890625
3575100,16.78466796875
3575151,15.68603515625
3575196,15.5029296875
3575219,19.71435546875
3575371,17.27294921875
3595428,16.17431640625
3595479,16.11328125
3595555,18.37158203125
3595587,15.625
3595604,17.4560546875
3595679,25.93994140625
3595742,15.7470703125
3595834,16.6015625
3595850,16.29638671875
3595908,21.30126953125
3595923,15.31982421875
3595965,17.2119140625
3596043,15.380859375
3615105,22.0947265625
3615249,15.0146484375
3615289,18.9208984375
3615313,16.17431640625
3615361,15.80810546875
3615397,21.240234375
3615425,17.63916015625
3615548,24.90234375
3615608,19.95849609375
3615679,14.95361328125
3615694,17.88330078125
3615787,14.892578125
3615815,23.193359375
3615946,14.892578125
3635696,15.13671875
3635943,14.83154296875
3635967,17.4560546875
3636084,18.73779296875
3636172,16.05224609375
3636195,18.37158203125
3636290,16.29638671875
3636320,15.19775390625
3636358,20.01953125
3636411,16.90673828125
3636492,23.25439453125
3636609,16.17431640625
3656493,15.07568359375
3656771,17.88330078125
3656833,22.4609375
3656872,15.625
3656964,18.37158203125
3656994,19.22607421875
3657010,15.07568359375
3657072,17.2119140625
3657095,15.56396484375
3657193,19.287109375
3657237,16.6015625
3657337,23.92578125
3657451,18.9208984375
3657794,15.07568359375
3677723,15.5029296875
3677869,19.10400390625
3677947,16.9677734375
3677972,17.63916015625
3678022,22.216796875
3678139,15.7470703125
3678173,20.69091796875
3678271,20.1416015625
3678298,17.333984375
3678342,14.95361328125
3678454,21.8505859375
3678483,15.0146484375
3678524,15.80810546875
3678551,15.869140625
3678656,18.61572265625
3678752,15.56396484375
3698681,15.2587890625
3698854,18.49365234375
3698878,20.44677734375
3698904,14.83154296875
3698992,28.9306640625
3699134,16.2353515625
3699219,16.17431640625
3699240,14.95361328125
3699275,14.95361328125
3699483,15.19775390625
3699555,15.93017578125
3699659,16.78466796875
3700036,15.19775390625
3718684,15.19775390625
3718770,16.4794921875
3718835,16.66259765625
3718931,25.93994140625
3719155,24.4140625
3719205,21.30126953125
3719290,20.44677734375
3719341,20.3857421875
3719396,16.4794921875
3719457,16.41845703125
3719559,14.95361328125
3719661,19.775390625
3719834,15.0146484375
3738346,18.00537109375
3738547,14.892578125
3738677,20.93505859375
3738689,18.24951171875
3738860,23.13232421875
3738896,17.2119140625
3738957,18.85986328125
3738991,16.05224609375
3739093,17.88330078125
3739125,19.287109375
3739283,18.4326171875
3739433,15.0146484375
3739574,17.9443359375
3758397,17.27294921875
3758573,18.9208984375
3758643,16.9677734375
3758699,16.6015625
3758754,20.99609375
3758911,16.9677734375
3758947,27.83203125
3759037,18.37158203125
3759098,25.634765625
3759183,15.13671875
3759226,19.59228515625
3778383,15.2587890625
3778851,17.4560546875
3779176,15.07568359375
3779191,25.32958984375
3779288,15.0146484375
3779360,22.15576171875
3779402,14.83154296875
3779428,17.15087890625
3779499,22.88818359375
3779650,28.1982421875
3779710,15.380859375
3780077,15.07568359375
3780972,16.29638671875
3799319,17.2119140625
3799456,16.7236328125
3799513,15.19775390625
3799596,15.380859375
3799710,17.4560546875
3799787,19.1650390625
3799859,18.9208984375
3799901,16.845703125
3799966,14.892578125
3800003,14.892578125
3800048,17.02880859375
3800151,20.8740234375
3800295,15.19775390625
3819447,16.11328125
3819843,15.380859375
3820000,19.59228515625
3820023,15.625
3820077,20.01953125
3820256,25.87890625
3820393,19.10400390625
3820417,21.91162109375
3820517,17.578125
3820538,16.41845703125
3820621,20.44677734375
3820645,22.216796875
3820801,15.68603515625
3821008,15.68603515625
3840678,17.63916015625
3840856,15.80810546875
3840884,23.49853515625
3841026,18.24951171875
3841047,24.658203125
3841130,15.31982421875
3841151,14.892578125
3841210,15.625
3841277,17.7001953125
3841360,19.4091796875
3841389,16.4794921875
3841497,15.7470703125
3861522,18.00537109375
3861613,17.88330078125
3861692,20.99609375
3861848,26.123046875
3861967,16.41845703125
3861979,15.13671875
3861997,27.587890625
3862058,15.68603515625
3862079,26.79443359375
3862125,17.7001953125
3862216,14.95361328125
3862285,14.83154296875
3862336,14.95361328125
3862479,16.11328125
3882395,16.7236328125
3882517,19.22607421875
3882538,17.08984375
3882578,23.193359375
3882705,21.05712890625
3882741,16.54052734375
3882806,17.88330078125
3882856,14.95361328125
3882972,14.892578125
3883090,17.08984375
3883146,15.07568359375
3883628,15.0146484375
3901890,16.2353515625
3901976,15.44189453125
3902008,15.44189453125
3902074,17.51708984375
3902097,15.7470703125
3902196,19.53125
3902220,19.83642578125
3902230,19.287109375
3902260,17.39501953125
3902406,14.95361328125
3902554,18.12744140625
3902726,16.05224609375
3903032,14.95361328125
3903172,15.07568359375
3903554,17.51708984375
3921657,17.88330078125
3921694,18.73779296875
3921718,15.80810546875
3921763,17.333984375
3921792,15.380859375
3921835,18.310546875
3921870,20.01953125
3921902,17.333984375
3921979,15.5029296875
3922021,21.78955078125
3922136,16.6015625
3942469,17.15087890625
3942585,16.11328125
3942676,19.59228515625
3942773,25.08544921875
3942825,18.24951171875
3942868,17.39501953125
3942943,22.76611328125
3942966,18.49365234375
3943075,16.4794921875
3943146,16.9677734375
3943176,15.7470703125
3943312,15.68603515625
3961599,16.29638671875
3961960,15.7470703125
3962155,15.625
3962315,21.42333984375
3962437,15.2587890625
3962508,18.00537109375
3962538,16.05224609375
3962569,14.892578125
3962586,18.37158203125
3962706,14.83154296875
3962739,19.47021484375
3962969,17.578125
3963004,16.54052734375
3963079,14.892578125
3963304,14.95361328125
3982098,15.0146484375
3982438,17.02880859375
3982918,15.19775390625
3983036,24.658203125
3983149,17.39501953125
3983167,17.333984375
3983189,17.76123046875
3983283,16.66259765625
3983297,16.9677734375
3983320,16.357421875
3983403,17.51708984375
3983499,15.380859375
3983511,20.08056640625
3983691,20.6298828125
3983711,14.892578125
3983774,15.869140625
4003590,15.93017578125
4003802,25.7568359375
4003962,16.9677734375
4003986,17.15087890625
4004101,20.8740234375
4004177,26.30615234375
4004223,19.34814453125
4004296,15.44189453125
4004363,15.2587890625
4004468,19.22607421875
4004576,19.8974609375
4024016,18.4326171875
4024198,16.05224609375
4024376,15.0146484375
4024403,22.705078125
4024596,15.44189453125
4024609,25.5126953125
4024639,17.39501953125
4024768,18.61572265625
4024785,22.64404296875
4024956,15.44189453125
4025109,21.484375
4025201,16.2353515625
4044667,15.7470703125
4044858,14.95361328125
4045154,15.7470703125
4045744,15.0146484375
4045799,15.625
4045870,25.32958984375
4045915,18.5546875
4045952,17.63916015625
4045965,18.24951171875
4046090,16.9677734375
4046165,16.29638671875
4046200,15.31982421875
4046214,16.05224609375
4046287,17.88330078125
4046346,16.17431640625
4066304,25.69580078125
4066358,16.54052734375
4066423,20.93505859375
4066481,15.13671875
4066520,23.98681640625
4066564,20.8740234375
4066623,18.798828125
4066638,17.2119140625
4066697,15.13671875
4066718,18.310546875
4066751,19.53125
4066873,22.03369140625
4067009,15.68603515625
4086835,16.7236328125
4086872,17.15087890625
4087013,31.31103515625
4087169,16.357421875
4087199,18.61572265625
4087376,18.24951171875
4087425,22.15576171875
4087442,16.66259765625
4087494,24.71923828125
4087558,15.31982421875
4087762,20.81298828125
4087773,16.41845703125
4106972,18.49365234375
4107209,15.56396484375
4107256,16.54052734375
4107369,16.9677734375
4107479,19.34814453125
4107541,16.7236328125
4107619,16.90673828125
4107699,18.1884765625
4107794,15.13671875
4107816,21.42333984375
4107922,18.6767578125
4108273,15.0146484375
4108625,19.34814453125
4127787,15.2587890625
4127961,15.7470703125
4128029,20.8740234375
4128295,16.4794921875
4128346,16.78466796875
4128400,18.49365234375
4128433,16.9677734375
4128529,17.63916015625
4128599,19.53125
4128653,14.95361328125
4128670,16.845703125
4128763,16.54052734375
4128784,18.61572265625
4128798,19.1650390625
4128982,16.78466796875
4129014,15.0146484375
4148713,15.0146484375
4148889,15.93017578125
4148960,15.93017578125
4148974,16.357421875
4149108,20.01953125
4149150,16.41845703125
4149220,16.357421875
4149240,17.822265625
4149262,17.578125
4149410,16.78466796875
4149531,22.88818359375
4149609,15.44189453125
4149642,15.869140625
4149776,15.44189453125
4169855,15.0146484375
4170068,16.66259765625
4170242,19.4091796875
4170330,21.17919921875
4170359,17.2119140625
4170472,28.74755859375
4170495,18.73779296875
4170570,18.98193359375
4170583,24.4140625
4170688,17.822265625
4170755,14.83154296875
4170791,17.51708984375
4170992,17.4560546875
4190340,14.95361328125
4190556,17.08984375
4190625,18.37158203125
4190665,16.7236328125
4190880,20.3857421875
4191042,22.27783203125
4191061,22.3388671875
4191130,19.04296875
4191225,18.4326171875
4191249,18.5546875
4191370,16.78466796875
4191747,16.2353515625
4192541,15.19775390625
4211544,14.892578125
4211709,21.1181640625
4211792,20.32470703125
4211837,23.25439453125
4211916,17.15087890625
4211949,15.625
4212053,17.578125
4212097,18.5546875
4231488,17.9443359375
4231559,20.56884765625
4231723,18.98193359375
4231748,16.845703125
4231812,20.5078125
4231893,16.41845703125
4231991,15.7470703125
4232059,17.15087890625
4232147,14.83154296875
4232202,19.59228515625
4232309,14.83154296875
4252131,15.0146484375
4252180,15.7470703125
4252216,18.98193359375
4252235,15.31982421875
4252254,15.5029296875
4252317,16.29638671875
4252352,28.38134765625
4252463,16.357421875
4252483,15.0146484375
4252564,15.7470703125
4252693,15.869140625
4252773,15.19775390625
4271747,15.93017578125
4271956,16.11328125
4272023,21.42333984375
4272130,21.97265625
4272143,20.01953125
4272193,17.27294921875
4272273,17.15087890625
4272356,26.611328125
4272412,23.5595703125
4272555,15.869140625
4272675,15.5029296875
4272754,15.56396484375
4272828,15.869140625
4272865,18.9208984375
4273016,14.83154296875
4292223,18.24951171875
4292309,22.15576171875
4292351,15.31982421875
4292383,15.31982421875
4292466,16.2353515625
4292553,15.869140625
4292627,15.68603515625
4292671,14.83154296875
4292894,15.31982421875
4293008,16.2353515625
4311417,16.11328125
4312242,15.13671875
4312417,31.31103515625
4312467,15.31982421875
4312573,15.0146484375
4312718,16.9677734375
4312821,30.76171875
4312855,17.7001953125
4313006,15.7470703125
4313185,16.90673828125
4313551,16.7236328125
4333475,20.3857421875
4333530,18.798828125
4333593,22.4609375
4333609,16.357421875
4333657,15.0146484375
4333676,15.31982421875
4333727,17.27294921875
4333741,20.751953125
4333868,19.22607421875
4333879,17.88330078125
4333966,19.775390625
4334002,19.71435546875
4334169,15.44189453125
4334230,15.0146484375
4353477,17.02880859375
4353643,15.68603515625
4353717,19.10400390625
4354163,19.10400390625
4354206,17.02880859375
4354253,16.78466796875
4354270,17.7001953125
4354436,18.61572265625
4354539,18.06640625
4354651,16.357421875
4354750,15.625
4374424,15.7470703125
4374727,18.00537109375
4374770,18.12744140625
4374889,15.44189453125
4374973,20.01953125
4375033,16.90673828125
4375066,18.798828125
4375164,16.90673828125
4375220,21.30126953125
4375260,14.892578125
4375304,17.822265625
4375410,16.7236328125
4393621,14.83154296875
4393939,15.19775390625
4393981,19.8974609375
4394098,16.41845703125
4394256,23.8037109375
4394282,16.54052734375
4394430,16.357421875
4394467,18.37158203125
4394684,20.751953125
4394760,20.1416015625
4395214,19.71435546875
4395546,18.00537109375
4395861,16.357421875
4396602,16.845703125
4412631,16.78466796875
4412886,18.12744140625
4413042,19.10400390625
4413085,15.56396484375
4413113,16.7236328125
4413134,15.9912109375
4413320,15.0146484375
4413341,19.83642578125
4413489,20.01953125
4413520,17.9443359375
4413602,15.13671875
4413933,15.9912109375
4414011,16.17431640625
4432981,17.02880859375
4433988,19.4091796875
4434076,18.61572265625
4434208,15.93017578125
4434354,16.9677734375
4434412,18.06640625
4434452,16.78466796875
4434487,15.44189453125
4434567,17.578125
4434666,15.31982421875
4434756,17.63916015625
4453144,14.892578125
4453408,17.333984375
4453501,18.24951171875
4453535,18.06640625
4453625,19.53125
4453682,15.56396484375
4453697,20.3857421875
4453795,16.11328125
4453838,18.310546875
4453974,18.06640625
4453984,18.798828125
4454002,19.287109375
4454104,18.61572265625
4454382,17.39501953125
4473852,17.7001953125
4474148,16.54052734375
4474216,17.578125
4474271,15.80810546875
4474336,15.2587890625
4474441,15.80810546875
4474546,16.11328125
4474558,15.0146484375
4474602,15.869140625
4474664,19.6533203125
4474702,17.15087890625
4474776,18.00537109375
4474865,20.69091796875
4494106,16.4794921875
4494312,23.62060546875
4494498,17.822265625
4494512,15.93017578125
4494675,15.625
4494704,20.32470703125
4494778,17.27294921875
4494847,22.94921875
4494896,18.798828125
4495010,16.78466796875
4495050,17.88330078125
4495189,19.34814453125
4514955,16.29638671875
4515143,17.333984375
4515260,16.41845703125
4515310,18.1884765625
4515356,15.5029296875
4515479,20.1416015625
4515514,16.66259765625
4515582,30.517578125
4515664,17.08984375
4515681,21.91162109375
4515726,18.4326171875
4515788,16.29638671875
4515886,16.66259765625
4516066,15.93017578125
4534528,17.822265625
4534603,16.2353515625
4534746,16.29638671875
4534801,17.88330078125
4534870,28.01513671875
4534984,18.12744140625
4535046,19.04296875
4535180,16.66259765625
4535300,14.892578125
4535411,15.7470703125
4535465,21.484375
4535527,14.892578125
4535634,20.08056640625
4535652,15.31982421875
4535816,16.357421875
4535993,24.23095703125
4536169,18.1884765625
4536311,16.90673828125
4555155,17.76123046875
4555349,15.2587890625
4555475,14.95361328125
4555538,21.1181640625
4555662,18.49365234375
4555704,17.578125
4555778,19.53125
4555813,15.93017578125
4555825,21.05712890625
4555905,17.333984375
4555945,15.9912109375
4555973,16.7236328125
4556012,17.9443359375
4556141,15.13671875
4556240,15.625
4556250,14.892578125
4556349,15.380859375
4575171,19.53125
4575293,16.90673828125
4575366,15.869140625
4575441,15.5029296875
4575572,20.81298828125
4575616,18.310546875
4575681,19.10400390625
4575740,17.51708984375
4575805,19.10400390625
4575850,17.51708984375
4575932,20.01953125
4575964,15.93017578125
4576060,20.93505859375
4576181,15.07568359375
4595097,16.6015625
4595357,15.869140625
4595702,18.73779296875
4595808,18.798828125
4595860,18.06640625
4595883,16.2353515625
4595971,21.97265625
4596006,15.5029296875
4596066,18.85986328125
4596082,15.19775390625
4596100,17.9443359375
4596110,16.11328125
4596209,14.892578125
4596317,15.7470703125
4596328,24.23095703125
4616517,32.5927734375
4616594,21.05712890625
4616679,20.44677734375
4616726,18.00537109375
4616764,16.78466796875
4616851,14.892578125
4616865,15.2587890625
4616907,26.0009765625
4617150,15.44189453125
4635995,15.31982421875
4636216,17.63916015625
4636391,16.54052734375
4636548,16.7236328125
4636653,32.8369140625
4636913,19.95849609375
4636996,18.06640625
4637079,17.27294921875
4637118,18.12744140625
4637168,22.76611328125
4637197,15.44189453125
4637252,17.333984375
4637316,18.85986328125
4637374,14.892578125
4637455,17.76123046875
4637525,14.83154296875
4637587,15.625
4637626,15.2587890625
4637816,14.95361328125
4656565,15.869140625
4656719,14.95361328125
4656858,15.07568359375
4657057,18.37158203125
4657111,16.2353515625
4657254,15.56396484375
4657350,15.68603515625
4657464,23.49853515625
4657536,17.822265625
4657606,16.66259765625
4657679,16.7236328125
4657755,15.5029296875
4657787,14.892578125
4657819,15.9912109375
4657900,15.80810546875
4657999,15.31982421875
4658122,18.1884765625
4658456,17.15087890625
4673062,15.869140625
4676174,21.42333984375
4676504,15.07568359375
4677524,19.95849609375
4677687,14.95361328125
4677712,15.13671875
4677734,15.80810546875
4677880,19.4091796875
4677912,23.98681640625
4678022,14.83154296875
4678051,17.08984375
4678178,15.380859375
4678242,15.2587890625
4678295,16.357421875
4697199,21.78955078125
4697455,16.357421875
4698373,22.88818359375
4698547,15.9912109375
4698593,21.6064453125
4698681,25.45166015625
4698722,17.02880859375
4698767,15.625
4698794,17.15087890625
4698892,17.27294921875
4699000,17.88330078125
4699394,15.80810546875
4718101,17.08984375
4718269,26.4892578125
4718523,23.5595703125
4718537,17.76123046875
4718604,21.17919921875
4718624,15.31982421875
4718691,17.2119140625
4718703,16.9677734375
4718754,16.66259765625
4718789,18.98193359375
4718819,15.93017578125
4718901,18.06640625
4718969,14.83154296875
4718991,15.56396484375
4719102,17.63916015625
4719157,15.7470703125
4719216,18.6767578125
4737372,16.11328125
4737626,14.83154296875
4738115,14.83154296875
4738361,18.1884765625
4738434,15.31982421875
4738607,20.44677734375
4738693,19.775390625
4738808,28.62548828125
4738878,15.2587890625
4738928,17.822265625
4738939,17.9443359375
4739058,17.63916015625
4739129,17.27294921875
4758317,16.41845703125
4758485,18.12744140625
4759168,21.484375
4759292,15.44189453125
4759342,19.34814453125
4759439,18.5546875
4759511,26.30615234375
4759628,17.822265625
4759748,17.39501953125
4759758,19.83642578125
4778973,15.380859375
4779198,16.7236328125
4779376,19.34814453125
4779523,23.92578125
4779560,26.06201171875
4779622,19.71435546875
4779742,19.59228515625
4779776,30.09033203125
4779884,16.78466796875
4779895,16.78466796875
4780108,15.0146484375
