4799001,0
22916,16.11328125
76932,16.7236328125
118712,15.0146484375
121185,16.29638671875
121305,16.845703125
121441,15.625
142512,16.05224609375
159022,14.95361328125
185231,23.4375
239883,15.380859375
246969,15.56396484375
247133,15.2587890625
247522,14.95361328125
271120,16.05224609375
271896,15.31982421875
316992,15.5029296875
326592,17.76123046875
329930,15.9912109375
349108,15.625
349234,15.19775390625
349299,15.0146484375
349355,16.66259765625
393657,15.07568359375
394060,16.11328125
418229,16.78466796875
418488,18.06640625
451043,15.07568359375
459441,16.4794921875
467693,15.44189453125
467841,15.93017578125
489636,15.56396484375
534192,15.380859375
535394,16.41845703125
559895,17.39501953125
587307,15.13671875
590528,16.357421875
610283,15.5029296875
652037,15.0146484375
674931,16.78466796875
675055,15.07568359375
675209,17.76123046875
725032,15.68603515625
738170,14.95361328125
744144,15.625
764657,18.1884765625
786407,16.7236328125
786854,15.68603515625
786990,16.2353515625
809091,16.54052734375
882120,17.02880859375
882247,16.6015625
896952,15.9912109375
902380,15.7470703125
943971,15.2587890625
945400,15.44189453125
965924,16.11328125
966418,15.625
984314,15.7470703125
984506,15.5029296875
990600,16.11328125
1023846,19.53125
1023991,15.869140625
1024152,15.07568359375
1042883,16.7236328125
1043104,17.02880859375
1043205,15.0146484375
1043882,15.13671875
1062967,16.29638671875
1063122,17.333984375
1106886,15.44189453125
1128680,15.68603515625
1149348,16.7236328125
1168214,16.9677734375
1187335,15.80810546875
1188618,16.17431640625
1208806,17.76123046875
1230968,15.07568359375
1251054,16.90673828125
1272731,16.6015625
1334718,16.54052734375
1334834,14.95361328125
1353231,15.0146484375
1353425,16.4794921875
1353701,15.5029296875
1353859,15.0146484375
1372077,16.29638671875
1392767,15.80810546875
1392902,15.9912109375
1413880,15.56396484375
1414838,15.19775390625
1415381,15.07568359375
1434751,15.2587890625
1434874,16.6015625
1435011,16.29638671875
1435149,15.380859375
1457086,18.61572265625
1477610,16.11328125
1498678,16.11328125
1540426,17.2119140625
1540680,16.6015625
1540785,16.54052734375
1561734,19.83642578125
1562860,16.4794921875
1581635,16.90673828125
1603470,15.56396484375
1603650,16.41845703125
1603923,16.29638671875
1625209,15.19775390625
1644971,15.19775390625
1645135,17.76123046875
1664233,14.95361328125
1664957,15.13671875
1685771,15.625
1707058,16.9677734375
1707936,17.4560546875
1728619,20.8740234375
1729261,15.56396484375
1729560,16.66259765625
1749487,15.13671875
1812329,16.05224609375
1833828,14.95361328125
1855352,18.73779296875
1855378,15.07568359375
1875515,15.19775390625
1875643,16.845703125
1897021,15.0146484375
1897146,15.13671875
1917378,16.2353515625
1938724,15.19775390625
1958646,15.2587890625
1980088,17.08984375
1980594,15.19775390625
2001045,17.2119140625
2022512,15.869140625
2022761,14.95361328125
2042522,16.357421875
2042717,15.19775390625
2063702,15.2587890625
2064118,15.2587890625
2064355,16.11328125
2085278,15.13671875
2086233,15.44189453125
2106319,15.0146484375
2148296,15.869140625
2148348,14.95361328125
2169861,15.625
2190965,17.7001953125
2232360,15.80810546875
2232492,20.6298828125
2232790,15.56396484375
2253678,15.2587890625
2274858,15.869140625
2296814,15.5029296875
2296843,15.380859375
2297136,14.95361328125
2359593,16.6015625
2380946,16.78466796875
2381448,15.13671875
2402406,15.380859375
2485065,15.19775390625
2485848,15.2587890625
2506720,17.39501953125
2526798,16.2353515625
2547656,15.380859375
2567877,15.5029296875
2568175,15.56396484375
2588572,16.2353515625
2630150,18.6767578125
2630253,15.2587890625
2649958,18.12744140625
2651209,16.90673828125
2692286,15.44189453125
2692380,17.15087890625
2734659,15.07568359375
2754762,15.0146484375
2755139,16.845703125
2796719,16.6015625
2797633,15.0146484375
2817167,18.798828125
2817303,16.9677734375
2817429,18.1884765625
2837800,15.0146484375
2858503,16.11328125
2858923,15.44189453125
2859191,15.380859375
2860038,15.869140625
2878750,15.56396484375
2921259,17.822265625
2941257,17.4560546875
2941646,16.7236328125
2962648,16.845703125
2982784,15.13671875
2983432,15.07568359375
2984013,15.2587890625
3003849,15.0146484375
3004119,17.333984375
3004295,15.07568359375
3043973,16.78466796875
3064770,16.11328125
3065017,15.380859375
3084899,15.19775390625
3085023,20.3857421875
3085163,15.80810546875
3105652,16.54052734375
3106170,15.07568359375
3126145,15.0146484375
3146997,15.13671875
3249691,15.68603515625
3269892,18.1884765625
3290011,16.29638671875
3290289,14.95361328125
3331152,18.310546875
3352172,15.0146484375
3372174,15.7470703125
3373047,15.2587890625
3393089,15.19775390625
3412904,15.5029296875
3433226,18.00537109375
3453267,14.95361328125
3453373,15.31982421875
3474020,15.13671875
3493485,16.29638671875
3494010,18.49365234375
3514838,15.13671875
3575261,15.7470703125
3595904,16.29638671875
3596404,15.07568359375
3615659,15.625
3615945,17.02880859375
3616413,14.95361328125
3636239,16.11328125
3678480,16.11328125
3698600,16.29638671875
3758947,16.2353515625
3759171,16.11328125
3759298,15.0146484375
3779111,20.6298828125
3799939,15.7470703125
3800055,15.07568359375
3820302,15.0146484375
3882898,14.95361328125
3883070,15.9912109375
3902180,17.39501953125
3902324,15.380859375
3921616,16.90673828125
3921780,19.1650390625
3922797,15.19775390625
3942624,16.11328125
3943334,15.13671875
3962851,15.380859375
3963000,15.93017578125
3983221,23.74267578125
4004236,17.2119140625
4004789,17.08984375
4045860,16.66259765625
4046144,16.05224609375
4046462,17.88330078125
4067182,16.17431640625
4086998,15.0146484375
4087364,14.95361328125
4108087,15.625
4128644,15.13671875
4130100,17.9443359375
4150353,15.68603515625
4168830,14.95361328125
4170649,16.78466796875
4170802,14.95361328125
4189229,15.380859375
4191433,15.93017578125
4211869,15.869140625
4211986,15.869140625
4232122,16.29638671875
4232333,15.5029296875
4232514,15.19775390625
4249557,15.44189453125
4292441,16.54052734375
4292562,14.95361328125
4311654,15.13671875
4313671,15.56396484375
4333807,15.2587890625
4333901,17.333984375
4334023,16.05224609375
4354302,16.7236328125
4375499,19.83642578125
4376428,15.2587890625
4411905,14.95361328125
4413447,16.2353515625
4433806,15.380859375
4453897,15.2587890625
4454299,15.31982421875
4454444,17.08984375
4514893,15.07568359375
4535170,15.0146484375
4535338,15.80810546875
4556052,16.66259765625
4575369,15.7470703125
4575568,17.08984375
4595686,15.9912109375
4596058,15.13671875
4596093,15.80810546875
4616730,16.66259765625
4637043,15.31982421875
4637177,15.19775390625
4637383,18.37158203125
4677422,15.19775390625
4677772,16.357421875
4678126,15.380859375
4698645,16.17431640625
4718257,15.93017578125
4759684,16.29638671875
4779965,15.07568359375
4780070,16.6015625
