4799201,0
106893,46.81396484375
106955,36.376953125
106966,41.3818359375
198125,38.330078125
198162,35.2783203125
198181,34.36279296875
198262,49.01123046875
198276,38.2080078125
198330,34.7900390625
368937,37.109375
368975,40.58837890625
369005,48.9501953125
369046,46.81396484375
369100,39.9169921875
472410,48.52294921875
472440,36.376953125
472453,50.78125
472476,35.82763671875
472499,37.53662109375
472576,35.58349609375
632266,46.38671875
632353,83.0078125
723644,44.189453125
723662,34.423828125
723675,37.65869140625
723700,41.3818359375
824381,44.73876953125
824399,39.9169921875
824463,48.76708984375
824476,40.10009765625
983544,36.19384765625
983588,48.2177734375
983643,39.36767578125
1157612,42.41943359375
1157648,46.5087890625
1157697,37.41455078125
1287078,35.09521484375
1287101,43.88427734375
1287142,41.6259765625
1396091,37.9638671875
1396163,41.015625
1396185,43.15185546875
1396201,39.55078125
1554858,38.0859375
1554975,38.2080078125
1555022,54.0771484375
1702934,37.841796875
1702964,35.400390625
1702975,44.43359375
1703041,39.00146484375
1703059,37.9638671875
1760000,36.31591796875
1856366,34.423828125
1856653,37.90283203125
1856747,40.34423828125
1973978,42.96875
1973993,36.19384765625
1974029,46.142578125
1974062,36.92626953125
2155928,39.97802734375
2155979,34.72900390625
2156007,34.423828125
2156081,36.92626953125
2320728,39.6728515625
2320753,41.93115234375
2320782,42.41943359375
2320810,36.68212890625
2414722,38.2080078125
2414771,39.4287109375
2414788,36.56005859375
2414818,38.2080078125
2414871,41.56494140625
2414929,51.26953125
2414990,48.27880859375
2495136,41.19873046875
2495269,42.3583984375
2665034,54.6875
2665073,49.072265625
2665119,41.3818359375
2667976,35.0341796875
2830586,39.85595703125
2830635,35.58349609375
2907897,36.62109375
2907912,35.5224609375
2907940,47.30224609375
2907952,38.51318359375
2908000,46.5087890625
3054533,45.71533203125
3054566,48.7060546875
3054665,34.60693359375
3293438,34.60693359375
3293476,45.5322265625
3293491,53.77197265625
3293640,36.865234375
3409802,45.47119140625
3409849,47.91259765625
3409879,51.3916015625
3535821,45.5322265625
3535870,35.7666015625
3535904,43.51806640625
3535958,35.64453125
3653999,36.43798828125
3654071,39.24560546875
3654081,35.58349609375
3654120,37.109375
3654190,40.6494140625
3654221,34.5458984375
3654292,38.63525390625
3778517,53.64990234375
3778533,42.17529296875
3778553,40.1611328125
3778593,46.5087890625
3778656,37.90283203125
4022605,37.109375
4022643,44.61669921875
4022657,35.400390625
4107921,40.0390625
4107936,35.7666015625
4107962,43.02978515625
4108020,45.5322265625
4108062,35.46142578125
4338941,35.70556640625
4339004,68.17626953125
4339015,36.4990234375
4339054,36.1328125
4582650,34.66796875
4582695,35.21728515625
4582743,57.43408203125
4582771,38.51318359375
4582835,43.39599609375
4700906,40.52734375
4701022,47.54638671875
4701047,37.109375
