4799201,0
166113,50.1708984375
166162,58.65478515625
338851,45.95947265625
450218,54.5654296875
656376,66.34521484375
656398,50.96435546875
849237,48.15673828125
849285,50.1708984375
1028768,55.72509765625
1028851,47.79052734375
1243885,46.81396484375
1470684,48.76708984375
1470726,45.83740234375
1711266,49.98779296875
2040313,50.1708984375
2040347,53.22265625
2376708,47.05810546875
2376747,82.33642578125
2623713,49.31640625
2716504,63.3544921875
2778608,49.13330078125
3038059,52.001953125
3295838,47.7294921875
3712325,49.37744140625
4009847,48.15673828125
4203055,47.4853515625
4505038,48.4619140625
