4798001,0
13619,33.5693359375
13639,47.119140625
13658,64.02587890625
13671,67.87109375
13701,42.3583984375
13712,33.69140625
13723,32.3486328125
13746,23.13232421875
13758,25.08544921875
13779,26.67236328125
13792,20.20263671875
13815,21.91162109375
13844,23.0712890625
13869,19.8974609375
13881,29.23583984375
13903,23.25439453125
13918,22.705078125
14041,21.78955078125
14086,21.728515625
14134,25.20751953125
14199,24.2919921875
14363,23.37646484375
14459,25.20751953125
14522,20.6298828125
14609,22.27783203125
14958,20.3857421875
15045,19.71435546875
15092,23.8037109375
15121,26.85546875
15223,26.06201171875
15335,20.56884765625
15401,25.20751953125
15507,19.95849609375
15639,20.6298828125
15990,20.81298828125
24329,25.5126953125
25130,25.87890625
26067,22.8271484375
26543,19.95849609375
26682,21.30126953125
26694,21.91162109375
26754,21.484375
26843,29.11376953125
26879,39.6728515625
26896,24.169921875
26908,21.240234375
26919,24.169921875
26947,29.052734375
26971,43.5791015625
26987,77.7587890625
27003,31.982421875
27013,44.98291015625
27024,37.4755859375
27051,44.921875
27067,32.71484375
27083,26.3671875
27104,24.47509765625
27137,26.2451171875
27157,30.57861328125
27173,25.32958984375
27204,31.3720703125
27218,23.5595703125
27252,21.05712890625
27281,27.7099609375
27310,20.32470703125
27330,23.92578125
27450,20.93505859375
27462,29.541015625
27584,21.484375
27618,20.01953125
27672,20.01953125
27684,26.06201171875
27756,20.69091796875
27822,20.5078125
27876,25.20751953125
28051,21.54541015625
28194,26.30615234375
28225,22.76611328125
28285,22.0947265625
28472,20.08056640625
28667,19.6533203125
29002,21.05712890625
29163,21.3623046875
38969,20.20263671875
39083,22.8271484375
39977,25.32958984375
42247,20.1416015625
43895,24.23095703125
97796,19.95849609375
97807,42.29736328125
97828,35.15625
97849,25.634765625
97874,29.9072265625
97902,44.49462890625
97915,102.35595703125
97937,34.912109375
97955,46.81396484375
97973,31.67724609375
98003,20.3857421875
98024,24.4140625
98037,31.18896484375
98052,25.20751953125
98075,26.4892578125
98092,26.67236328125
98118,30.3955078125
98141,23.74267578125
98169,19.8974609375
98259,22.39990234375
98331,20.5078125
98375,20.08056640625
98738,22.15576171875
98937,23.25439453125
99161,22.3388671875
99242,25.45166015625
99415,19.59228515625
99454,20.8740234375
99495,21.05712890625
99584,25.93994140625
99700,21.1181640625
99817,21.1181640625
99954,20.56884765625
110639,21.42333984375
111520,23.4375
112579,25.57373046875
112640,23.92578125
128666,23.25439453125
214817,26.42822265625
214840,21.30126953125
214868,22.705078125
214879,22.5830078125
214920,22.94921875
214936,23.74267578125
214960,69.51904296875
214974,68.29833984375
215001,31.18896484375
215017,45.0439453125
215031,35.15625
215052,26.611328125
215074,31.43310546875
215090,20.93505859375
215118,21.78955078125
215145,28.4423828125
215173,40.95458984375
215199,33.02001953125
215226,20.751953125
215253,23.74267578125
215283,21.6064453125
215302,21.1181640625
215446,21.1181640625
215709,24.90234375
215770,22.94921875
215974,25.57373046875
216047,23.49853515625
216125,23.98681640625
216200,21.17919921875
216350,21.05712890625
216447,20.01953125
216637,21.05712890625
216738,21.6064453125
216841,29.96826171875
225078,26.18408203125
225854,20.99609375
226735,21.05712890625
227025,23.5595703125
227431,21.91162109375
227550,21.54541015625
227709,26.0009765625
227748,33.447265625
227765,23.3154296875
227793,20.44677734375
227837,24.2919921875
227847,24.5361328125
227878,22.76611328125
227891,22.52197265625
227912,37.7197265625
227931,23.49853515625
227941,28.1982421875
227962,20.99609375
227977,60.72998046875
227987,46.142578125
228010,36.07177734375
228033,46.08154296875
228046,44.3115234375
228075,28.564453125
228091,22.0947265625
228106,25.634765625
228125,24.90234375
228162,29.6630859375
228191,19.95849609375
228220,21.484375
228236,25.32958984375
228264,23.37646484375
228314,27.77099609375
228344,20.56884765625
228362,24.96337890625
228387,21.66748046875
228485,19.775390625
228575,21.8505859375
228852,19.71435546875
228889,20.08056640625
228921,25.390625
229014,24.59716796875
229076,26.123046875
229154,19.59228515625
229246,20.751953125
229332,23.0712890625
229437,22.8271484375
229451,20.56884765625
229659,22.0947265625
229757,21.42333984375
229924,20.01953125
239102,23.13232421875
239927,23.92578125
243895,25.08544921875
245003,26.91650390625
245876,21.54541015625
251986,29.60205078125
335295,21.91162109375
335339,26.30615234375
335393,20.3857421875
335442,28.13720703125
335474,25.20751953125
335492,53.5888671875
335513,83.31298828125
335545,49.9267578125
335568,46.32568359375
335579,24.169921875
335616,38.330078125
335635,35.21728515625
335658,19.6533203125
335669,25.69580078125
335695,22.27783203125
335722,31.92138671875
335750,22.27783203125
335779,19.6533203125
335806,22.27783203125
335843,22.4609375
335888,22.3388671875
335904,22.03369140625
335922,26.123046875
335934,25.390625
335946,22.8271484375
335971,20.56884765625
336020,20.1416015625
336069,27.40478515625
336117,20.8740234375
336133,22.76611328125
336168,21.97265625
336234,24.90234375
336262,20.3857421875
336298,20.93505859375
336422,29.96826171875
336498,20.1416015625
336698,20.5078125
336726,21.6064453125
336863,20.69091796875
337229,20.32470703125
337332,19.59228515625
337598,23.01025390625
337800,19.95849609375
338041,23.25439453125
345500,26.0009765625
346324,20.44677734375
347209,24.7802734375
347977,22.5830078125
348057,21.17919921875
351778,25.390625
353634,21.54541015625
354422,21.42333984375
359931,28.80859375
392700,29.052734375
392733,20.69091796875
392777,21.91162109375
392819,31.8603515625
392842,21.54541015625
392871,73.2421875
392901,25.69580078125
392919,34.48486328125
392950,31.6162109375
392963,31.31103515625
392988,22.64404296875
393001,22.5830078125
393012,29.23583984375
393038,22.94921875
393098,22.52197265625
393126,23.5595703125
393141,21.240234375
393185,23.8037109375
393215,25.93994140625
393230,21.17919921875
393245,25.5126953125
393267,21.54541015625
393282,20.751953125
393326,21.97265625
393419,21.8505859375
393469,21.66748046875
393631,19.71435546875
393953,19.775390625
394170,19.59228515625
394268,22.88818359375
394368,21.66748046875
394396,20.81298828125
394473,19.8974609375
394808,23.4375
394969,24.4140625
395120,22.76611328125
395469,23.13232421875
403220,23.193359375
404092,20.69091796875
404948,20.56884765625
405957,20.6298828125
407223,22.39990234375
413836,20.32470703125
483680,21.66748046875
483749,29.052734375
483832,22.8271484375
483847,34.85107421875
483881,22.88818359375
483909,31.494140625
483936,50.29296875
483961,47.607421875
483971,50.59814453125
484011,32.958984375
484022,35.09521484375
484040,27.77099609375
484058,24.658203125
484072,26.85546875
484100,23.37646484375
484110,23.4375
484146,24.59716796875
484160,31.67724609375
484182,20.8740234375
484217,29.541015625
484278,27.64892578125
484314,22.94921875
484326,21.97265625
484399,19.59228515625
484426,20.44677734375
484438,26.0009765625
484548,20.751953125
484689,21.3623046875
484796,20.69091796875
484885,20.01953125
484913,19.6533203125
484957,21.97265625
485042,20.93505859375
485188,20.32470703125
485254,21.728515625
485353,23.49853515625
485434,19.775390625
485464,20.1416015625
485628,20.8740234375
485868,23.193359375
486348,19.95849609375
493632,23.0712890625
494476,20.751953125
495283,25.93994140625
495953,21.728515625
496181,23.62060546875
497028,20.263671875
499165,21.78955078125
500080,20.01953125
500930,23.4375
501050,23.74267578125
502973,20.56884765625
508225,23.86474609375
528218,30.8837890625
528279,22.4609375
528324,26.2451171875
528349,33.87451171875
528382,25.93994140625
528405,22.4609375
528426,26.55029296875
528459,82.275390625
528470,41.68701171875
528511,55.419921875
528522,49.1943359375
528550,25.2685546875
528574,26.06201171875
528588,22.8271484375
528607,22.76611328125
528637,25.69580078125
528667,23.37646484375
528690,27.9541015625
528718,20.751953125
528728,21.05712890625
528758,21.484375
528774,22.216796875
528797,22.15576171875
528831,20.01953125
528869,30.33447265625
528879,23.681640625
528912,23.01025390625
528939,22.88818359375
528962,20.56884765625
529014,21.05712890625
529069,19.95849609375
529087,20.08056640625
529162,21.66748046875
529210,20.3857421875
529304,22.88818359375
529424,23.01025390625
529566,20.6298828125
529724,20.751953125
529817,23.01025390625
529906,20.20263671875
530001,21.66748046875
530084,27.4658203125
530108,23.86474609375
530389,23.25439453125
530765,20.20263671875
540984,26.3671875
541812,26.55029296875
543846,22.76611328125
613013,22.52197265625
613055,30.6396484375
613144,29.35791015625
613185,37.2314453125
613195,44.5556640625
613233,24.658203125
613244,29.47998046875
613267,50.1708984375
613291,71.044921875
613320,50.048828125
613332,31.6162109375
613356,30.57861328125
613380,33.02001953125
613406,29.9072265625
613417,28.564453125
613448,29.9072265625
613484,19.6533203125
613515,24.5361328125
613566,20.56884765625
613585,22.94921875
613606,25.87890625
613630,24.2919921875
613660,23.49853515625
613695,25.634765625
613962,22.4609375
614179,20.20263671875
614216,20.20263671875
614296,26.2451171875
614349,20.08056640625
614572,22.0947265625
614653,22.4609375
614850,21.1181640625
614945,20.56884765625
615237,21.8505859375
615576,22.5830078125
615864,20.08056640625
626474,29.60205078125
626523,22.216796875
627215,20.32470703125
628020,23.98681640625
628751,24.90234375
629721,24.0478515625
630107,22.15576171875
630629,21.78955078125
636703,22.216796875
639512,23.25439453125
640298,20.5078125
676668,24.169921875
692605,22.216796875
693681,26.79443359375
698312,29.541015625
698393,35.94970703125
698408,25.57373046875
698426,19.95849609375
698457,33.14208984375
698469,40.46630859375
698510,44.5556640625
698536,34.912109375
698548,47.18017578125
698587,32.28759765625
698611,27.34375
698637,31.005859375
698662,21.05712890625
698675,24.47509765625
698714,23.8037109375
698754,21.54541015625
698787,36.0107421875
698809,29.296875
698853,21.91162109375
698879,20.32470703125
699017,24.59716796875
699074,20.08056640625
699099,20.01953125
699149,20.3857421875
699259,19.59228515625
699323,21.30126953125
699661,21.728515625
699742,23.0712890625
699855,25.20751953125
699899,23.4375
699979,19.71435546875
700154,21.728515625
700244,19.59228515625
700468,20.8740234375
700612,22.39990234375
701134,24.47509765625
710090,24.0478515625
710966,23.25439453125
711023,28.62548828125
711771,24.35302734375
712594,21.240234375
713524,21.17919921875
714389,23.193359375
715559,27.77099609375
721625,29.296875
722028,20.8740234375
722971,23.86474609375
730377,23.193359375
778828,20.32470703125
779653,25.93994140625
824791,24.10888671875
829892,25.93994140625
829969,19.775390625
829983,32.1044921875
830004,28.9306640625
830033,23.01025390625
830063,76.0498046875
830079,30.57861328125
830097,39.12353515625
830111,22.216796875
830128,38.6962890625
830153,29.47998046875
830174,24.169921875
830195,30.82275390625
830209,22.216796875
830245,24.7802734375
830276,28.564453125
830304,28.74755859375
830335,21.240234375
830360,21.91162109375
830392,24.4140625
830418,21.1181640625
830457,20.1416015625
830507,20.1416015625
830552,29.96826171875
830622,26.611328125
830702,23.62060546875
830742,20.751953125
830910,25.45166015625
831095,20.6298828125
831164,21.78955078125
831302,20.69091796875
831466,22.39990234375
831530,22.4609375
831722,21.05712890625
831801,20.69091796875
831905,19.8974609375
832041,23.8037109375
832542,22.03369140625
840916,19.8974609375
841611,23.3154296875
841749,26.55029296875
842361,20.20263671875
843935,24.2919921875
844772,19.71435546875
844925,22.0947265625
845557,23.5595703125
846358,20.20263671875
847236,24.47509765625
848919,29.541015625
852766,30.57861328125
853654,19.71435546875
854518,24.658203125
865123,24.59716796875
869978,26.06201171875
914284,24.10888671875
935641,22.5830078125
947909,22.03369140625
948002,23.74267578125
948035,21.1181640625
948049,22.15576171875
948076,26.67236328125
948090,38.39111328125
948140,27.099609375
948161,54.0771484375
948177,76.84326171875
948208,46.32568359375
948234,39.48974609375
948248,25.93994140625
948276,38.6962890625
948311,35.33935546875
948339,24.35302734375
948352,22.03369140625
948367,23.8037109375
948377,21.1181640625
948443,19.8974609375
948470,22.5830078125
948486,21.42333984375
948516,24.35302734375
948549,22.3388671875
948569,21.30126953125
948596,23.62060546875
948860,20.5078125
948970,25.57373046875
949005,19.6533203125
949031,19.83642578125
949237,25.390625
949295,20.44677734375
949757,19.83642578125
949941,22.3388671875
950041,22.88818359375
950171,20.751953125
950431,19.775390625
950779,22.5830078125
956863,28.99169921875
957612,20.93505859375
958391,22.52197265625
959248,22.39990234375
960059,22.8271484375
960121,20.20263671875
960891,22.15576171875
961645,19.775390625
962436,22.94921875
962984,26.611328125
964150,22.39990234375
964968,21.1181640625
965695,21.728515625
965793,20.20263671875
968896,19.59228515625
969224,26.85546875
969717,21.728515625
970716,21.05712890625
973872,29.11376953125
974245,25.69580078125
987779,26.2451171875
999757,24.7802734375
1010138,23.62060546875
1011009,20.20263671875
1038037,26.85546875
1062103,22.03369140625
1070539,29.11376953125
1086006,22.5830078125
1087358,28.4423828125
1087393,24.169921875
1087412,57.6171875
1087437,20.69091796875
1087459,50.1708984375
1087472,45.41015625
1087493,43.8232421875
1087509,32.1044921875
1087534,41.259765625
1087556,30.1513671875
1087584,21.240234375
1087611,20.93505859375
1087623,23.0712890625
1087648,22.94921875
1087685,26.85546875
1087705,24.5361328125
1087733,19.6533203125
1087761,24.96337890625
1087788,24.10888671875
1087824,21.240234375
1087853,25.2685546875
1087893,26.9775390625
1087951,21.728515625
1088042,20.56884765625
1088272,20.01953125
1088289,25.45166015625
1088342,19.6533203125
1088653,20.263671875
1088735,19.59228515625
1088808,23.98681640625
1088894,21.728515625
1089149,19.8974609375
1089652,19.95849609375
1095434,21.240234375
1097496,21.66748046875
1098208,21.91162109375
1098950,25.93994140625
1099040,23.62060546875
1101468,21.97265625
1102682,27.2216796875
1103361,21.54541015625
1104118,22.03369140625
1105101,22.3388671875
1105613,23.193359375
1108521,26.67236328125
1112870,27.2216796875
1113644,22.52197265625
1113903,22.76611328125
1136287,25.08544921875
1148655,23.5595703125
1148677,19.71435546875
1148747,25.2685546875
1148775,34.85107421875
1148804,24.71923828125
1148831,103.82080078125
1148841,56.94580078125
1148861,28.3203125
1148889,42.78564453125
1148905,31.494140625
1148916,33.02001953125
1148939,21.78955078125
1148963,37.41455078125
1148975,27.2216796875
1149005,20.751953125
1149035,25.87890625
1149063,24.658203125
1149133,20.44677734375
1149163,23.8037109375
1149217,23.37646484375
1149252,19.6533203125
1149471,19.775390625
1149495,20.6298828125
1149543,20.20263671875
1149588,20.81298828125
1149651,22.705078125
1149701,20.81298828125
1149784,21.42333984375
1149840,25.69580078125
1150049,19.95849609375
1150134,20.56884765625
1150215,23.49853515625
1150249,19.83642578125
1150306,22.03369140625
1150382,23.681640625
1150467,19.775390625
1150548,19.8974609375
1150878,21.728515625
1151166,19.59228515625
1151467,20.20263671875
1159091,26.2451171875
1159866,24.2919921875
1160634,23.74267578125
1161257,27.03857421875
1161465,21.240234375
1162324,25.634765625
1164277,22.52197265625
1165066,20.81298828125
1165388,23.49853515625
1165927,24.71923828125
1172007,25.5126953125
1172935,25.7568359375
1221975,23.5595703125
1239563,26.55029296875
1248661,27.83203125
1248771,21.42333984375
1248787,28.3203125
1248821,32.04345703125
1248838,54.26025390625
1248862,83.19091796875
1248881,32.71484375
1248897,59.08203125
1248922,25.32958984375
1248945,42.48046875
1248957,31.73828125
1248986,26.30615234375
1248999,19.71435546875
1249067,20.6298828125
1249094,26.06201171875
1249152,24.0478515625
1249182,20.3857421875
1249215,21.3623046875
1249252,20.32470703125
1249283,20.08056640625
1249306,19.59228515625
1249395,27.52685546875
1249446,19.775390625
1249595,21.54541015625
1249676,25.57373046875
1250034,19.59228515625
1250101,21.42333984375
1250178,23.13232421875
1250242,25.08544921875
1250408,24.35302734375
1250572,20.263671875
1250685,19.71435546875
1250716,21.05712890625
1250782,21.54541015625
1250893,21.484375
1257880,24.23095703125
1258665,20.32470703125
1259443,22.0947265625
1260203,21.66748046875
1260988,23.98681640625
1262615,23.5595703125
1263384,23.74267578125
1264241,20.6298828125
1264380,25.69580078125
1266173,24.10888671875
1267038,21.91162109375
1267908,26.2451171875
1268458,26.06201171875
1268807,20.56884765625
1269667,24.0478515625
1294441,22.94921875
1336407,22.216796875
1357053,26.06201171875
1357077,19.95849609375
1357125,24.35302734375
1357138,36.2548828125
1357164,24.2919921875
1357194,22.0947265625
1357210,86.60888671875
1357233,31.494140625
1357260,38.51318359375
1357278,34.5458984375
1357296,23.193359375
1357328,41.80908203125
1357345,30.6396484375
1357372,28.1982421875
1357387,22.4609375
1357399,27.28271484375
1357422,36.1328125
1357451,19.6533203125
1357484,22.216796875
1357506,22.76611328125
1357518,20.5078125
1357559,20.32470703125
1357589,23.01025390625
1357607,20.5078125
1357635,30.09033203125
1357671,20.44677734375
1357750,23.13232421875
1357851,23.3154296875
1358170,20.01953125
1358231,20.56884765625
1358257,21.17919921875
1358315,23.25439453125
1358335,22.3388671875
1358445,20.751953125
1358579,19.95849609375
1358840,20.1416015625
1359106,19.95849609375
1359369,20.1416015625
1359854,21.240234375
1366312,21.17919921875
1367070,22.94921875
1367686,28.80859375
1367711,22.5830078125
1367793,21.91162109375
1367816,20.44677734375
1367842,24.23095703125
1367886,24.84130859375
1367920,22.39990234375
1367951,21.17919921875
1367971,26.2451171875
1367989,24.169921875
1368009,26.55029296875
1368038,25.81787109375
1368048,21.728515625
1368070,63.04931640625
1368103,43.45703125
1368133,33.447265625
1368154,34.7900390625
1368169,31.55517578125
1368195,25.81787109375
1368208,21.30126953125
1368269,27.2216796875
1368280,33.75244140625
1368321,26.91650390625
1368364,28.80859375
1368411,22.0947265625
1368454,19.95849609375
1368524,20.01953125
1368539,22.27783203125
1368552,21.54541015625
1368572,21.91162109375
1368609,21.3623046875
1368667,20.8740234375
1368700,19.775390625
1368990,20.32470703125
1369017,20.5078125
1369069,21.66748046875
1369149,21.17919921875
1369207,24.96337890625
1369246,19.8974609375
1369299,20.6298828125
1369420,23.62060546875
1369464,23.4375
1369505,20.1416015625
1369576,19.95849609375
1369952,25.32958984375
1370154,20.1416015625
1370719,20.56884765625
1380272,25.634765625
1381055,23.74267578125
1381826,22.8271484375
1382561,20.3857421875
1382780,23.98681640625
1383438,19.775390625
1385576,21.42333984375
1389468,25.81787109375
1402372,21.3623046875
1444465,22.216796875
1485359,29.296875
1519464,19.59228515625
1519475,42.236328125
1519498,23.49853515625
1519522,94.66552734375
1519532,59.38720703125
1519551,32.958984375
1519577,34.11865234375
1519589,45.5322265625
1519614,30.70068359375
1519632,25.69580078125
1519663,39.00146484375
1519687,33.69140625
1519704,31.005859375
1519719,28.99169921875
1519734,28.01513671875
1519764,23.74267578125
1519776,20.56884765625
1519789,26.0009765625
1519907,22.03369140625
1519995,24.59716796875
1520174,20.01953125
1520284,19.59228515625
1520439,23.193359375
1520566,25.32958984375
1520781,20.5078125
1521013,21.240234375
1521193,20.1416015625
1521290,20.32470703125
1521416,24.169921875
1521630,19.71435546875
1521777,22.64404296875
1521917,20.3857421875
1527800,21.6064453125
1528573,22.76611328125
1529404,19.95849609375
1530240,21.78955078125
1531038,22.8271484375
1531900,21.1181640625
1531974,21.6064453125
1532737,22.64404296875
1533412,24.4140625
1533627,20.3857421875
1535878,21.728515625
1536976,20.08056640625
1537737,20.751953125
1538758,30.029296875
1539604,22.216796875
1541968,22.39990234375
1545742,22.88818359375
1589095,21.1181640625
1589113,20.93505859375
1589236,20.81298828125
1589271,27.89306640625
1589283,23.25439453125
1589315,38.51318359375
1589348,23.5595703125
1589359,98.08349609375
1589382,30.94482421875
1589397,44.86083984375
1589408,36.19384765625
1589423,27.16064453125
1589450,29.4189453125
1589470,29.84619140625
1589509,29.296875
1589532,29.78515625
1589551,24.84130859375
1589579,26.67236328125
1589608,23.193359375
1589635,32.5927734375
1589665,20.44677734375
1589678,22.15576171875
1589700,20.69091796875
1589715,20.8740234375
1589766,22.5830078125
1589829,28.80859375
1589865,27.64892578125
1589897,21.6064453125
1590042,23.01025390625
1590257,20.81298828125
1590305,20.5078125
1590364,19.59228515625
1590390,19.775390625
1590620,19.775390625
1590689,21.6064453125
1590761,21.17919921875
1590844,20.3857421875
1590935,20.01953125
1591113,19.8974609375
1591400,21.30126953125
1591778,21.6064453125
1600418,26.79443359375
1601221,21.1181640625
1601882,22.88818359375
1602091,24.7802734375
1602977,24.35302734375
1605170,23.5595703125
1606373,21.1181640625
1652792,23.8037109375
1655631,26.4892578125
1655701,36.2548828125
1655774,21.3623046875
1655820,33.5693359375
1655844,36.0107421875
1655858,34.423828125
1655888,23.98681640625
1655920,98.20556640625
1655942,38.39111328125
1655971,31.06689453125
1655986,40.95458984375
1656000,27.16064453125
1656012,35.58349609375
1656038,19.83642578125
1656048,25.57373046875
1656066,22.5830078125
1656132,23.49853515625
1656160,21.30126953125
1656183,22.216796875
1656196,29.84619140625
1656335,22.705078125
1656377,20.32470703125
1656501,21.3623046875
1656558,22.5830078125
1656595,21.17919921875
1656654,24.47509765625
1656776,21.66748046875
1657021,24.0478515625
1657109,21.3623046875
1657427,21.05712890625
1658030,20.6298828125
1658365,19.8974609375
1667938,21.240234375
1668701,22.94921875
1668922,25.5126953125
1670383,22.76611328125
1672163,24.7802734375
1675899,22.64404296875
1676760,25.57373046875
1727647,30.76171875
1727727,32.3486328125
1727744,28.1982421875
1727759,29.1748046875
1727779,22.88818359375
1727796,42.90771484375
1727835,94.17724609375
1727850,34.66796875
1727882,44.98291015625
1727893,29.1748046875
1727923,44.0673828125
1727940,36.80419921875
1727959,32.2265625
1727981,22.0947265625
1727996,30.029296875
1728013,24.90234375
1728042,20.6298828125
1728065,29.9072265625
1728094,22.5830078125
1728110,21.05712890625
1728138,28.86962890625
1728166,22.705078125
1728196,29.1748046875
1728211,26.611328125
1728236,24.2919921875
1728267,22.76611328125
1728445,21.8505859375
1728548,25.08544921875
1728587,19.6533203125
1728609,19.71435546875
1728958,20.263671875
1729041,22.8271484375
1729124,19.775390625
1729267,26.611328125
1729369,20.93505859375
1729530,21.05712890625
1729719,20.08056640625
1729867,20.263671875
1730192,20.263671875
1741172,30.6396484375
1741548,24.658203125
1742001,20.1416015625
1745200,19.71435546875
1745551,28.076171875
1751392,21.728515625
1802548,24.84130859375
1844267,30.09033203125
1844361,32.71484375
1844380,23.8037109375
1844390,29.541015625
1844414,23.4375
1844442,24.0478515625
1844468,77.69775390625
1844481,26.9775390625
1844492,23.25439453125
1844518,30.3955078125
1844533,41.93115234375
1844549,39.85595703125
1844574,28.4423828125
1844591,22.216796875
1844608,28.86962890625
1844631,20.32470703125
1844675,21.728515625
1844689,22.3388671875
1844737,25.32958984375
1844765,31.31103515625
1844796,25.20751953125
1845174,21.97265625
1845474,20.3857421875
1845544,19.8974609375
1845569,20.44677734375
1845693,21.30126953125
1845770,20.6298828125
1845835,19.775390625
1846150,20.20263671875
1846239,21.30126953125
1846571,20.5078125
1846990,26.3671875
1855588,20.263671875
1856378,22.216796875
1856535,21.8505859375
1857207,26.67236328125
1858004,23.3154296875
1858844,20.56884765625
1859341,21.42333984375
1859951,20.69091796875
1860767,20.81298828125
1863412,21.05712890625
1868432,21.42333984375
1869084,23.4375
1905697,23.4375
1905758,20.08056640625
1905807,28.38134765625
1905860,22.52197265625
1905891,29.052734375
1905908,20.81298828125
1905940,19.6533203125
1905960,20.08056640625
1905973,46.0205078125
1905991,81.48193359375
1906009,43.39599609375
1906037,59.75341796875
1906059,20.6298828125
1906078,24.71923828125
1906106,28.50341796875
1906126,25.81787109375
1906146,23.8037109375
1906172,22.03369140625
1906203,28.9306640625
1906223,22.216796875
1906259,26.42822265625
1906287,19.71435546875
1906352,20.44677734375
1906385,20.44677734375
1906422,23.5595703125
1906487,22.03369140625
1906524,20.20263671875
1906577,22.76611328125
1906921,19.83642578125
1906942,23.01025390625
1906996,23.193359375
1907136,19.8974609375
1907281,21.05712890625
1907626,19.83642578125
1907806,22.27783203125
1907913,21.91162109375
1908311,21.54541015625
1915919,22.3388671875
1917083,20.32470703125
1919756,24.84130859375
1923796,20.263671875
1925560,20.751953125
1967006,19.8974609375
1967182,25.81787109375
1967193,21.78955078125
1967205,33.5693359375
1967237,24.90234375
1967265,29.4189453125
1967289,32.89794921875
1967312,96.435546875
1967338,36.19384765625
1967348,40.58837890625
1967369,35.94970703125
1967392,37.41455078125
1967426,33.935546875
1967450,25.634765625
1967482,31.31103515625
1967517,21.66748046875
1967537,22.216796875
1967550,22.64404296875
1967586,28.6865234375
1967599,19.95849609375
1967646,20.56884765625
1967789,26.2451171875
1967856,22.5830078125
1967939,20.56884765625
1967990,21.54541015625
1968056,19.83642578125
1968099,21.484375
1968123,23.86474609375
1968251,19.71435546875
1968320,20.6298828125
1968633,24.59716796875
1968720,21.6064453125
1968927,20.5078125
1969026,21.1181640625
1969114,21.66748046875
1969557,22.39990234375
1977324,23.193359375
1978542,23.25439453125
1980617,21.66748046875
1986335,26.30615234375
1988270,21.66748046875
2049368,31.31103515625
2049411,21.42333984375
2049504,20.32470703125
2049529,29.4189453125
2049567,20.69091796875
2049594,24.90234375
2049605,63.4765625
2049622,37.4755859375
2049641,21.97265625
2049660,43.64013671875
2049677,36.0107421875
2049719,35.888671875
2049738,21.91162109375
2049754,31.31103515625
2049790,21.42333984375
2049811,20.93505859375
2049829,23.13232421875
2049849,21.42333984375
2049883,20.6298828125
2049897,21.78955078125
2049914,24.59716796875
2049965,22.52197265625
2049982,20.56884765625
2049997,22.4609375
2050026,24.0478515625
2050115,26.123046875
2050152,19.95849609375
2050314,19.95849609375
2050471,23.62060546875
2050534,21.66748046875
2050608,22.03369140625
2050860,20.1416015625
2050990,21.3623046875
2051169,20.81298828125
2051271,21.6064453125
2051469,20.99609375
2051898,24.10888671875
2060416,20.3857421875
2061407,22.4609375
2062295,21.8505859375
2064915,24.10888671875
2071741,25.146484375
2072203,22.216796875
2102366,19.8974609375
2102504,24.658203125
2102623,20.81298828125
2102656,20.93505859375
2102676,20.08056640625
2102703,40.4052734375
2102723,30.8837890625
2102747,43.9453125
2102758,116.51611328125
2102781,56.82373046875
2102797,31.8603515625
2102830,45.10498046875
2102841,42.236328125
2102871,31.8603515625
2102887,25.390625
2102918,22.216796875
2102945,21.78955078125
2102976,20.44677734375
2103020,25.2685546875
2103078,30.33447265625
2103096,22.52197265625
2103146,21.66748046875
2103161,20.751953125
2103187,19.8974609375
2103229,22.39990234375
2103272,23.37646484375
2103340,20.263671875
2103371,24.35302734375
2103386,25.146484375
2103857,20.1416015625
2104078,21.42333984375
2104170,20.93505859375
2104263,20.751953125
2104418,19.95849609375
2104472,25.634765625
2104725,20.01953125
2116908,20.44677734375
2116925,26.79443359375
2116962,27.89306640625
2117016,22.3388671875
2117091,20.6298828125
2117117,21.6064453125
2117170,23.62060546875
2117190,23.86474609375
2117219,20.69091796875
2117241,20.5078125
2117258,23.3154296875
2117288,31.67724609375
2117300,35.94970703125
2117321,40.46630859375
2117344,102.60009765625
2117355,41.9921875
2117381,49.49951171875
2117395,22.216796875
2117415,21.17919921875
2117432,33.935546875
2117446,31.55517578125
2117473,29.47998046875
2117498,31.005859375
2117529,19.71435546875
2117561,25.20751953125
2117581,20.8740234375
2117594,33.203125
2117622,20.93505859375
2117658,21.240234375
2117677,22.3388671875
2117692,21.240234375
2117739,26.30615234375
2117764,20.69091796875
2117790,20.32470703125
2117804,25.93994140625
2117828,29.60205078125
2118070,21.30126953125
2118090,29.4189453125
2118158,22.39990234375
2118238,22.64404296875
2118340,21.3623046875
2118526,24.658203125
2118559,21.91162109375
2118844,24.84130859375
2118971,20.69091796875
2119116,20.6298828125
2119223,21.05712890625
2210072,22.03369140625
2210175,24.59716796875
2210202,40.6494140625
2210216,21.240234375
2210242,20.56884765625
2210257,24.59716796875
2210278,27.83203125
2210305,95.5810546875
2210321,30.82275390625
2210338,35.7666015625
2210365,29.6630859375
2210375,31.8603515625
2210399,28.4423828125
2210415,24.71923828125
2210442,31.494140625
2210463,19.775390625
2210473,26.30615234375
2210524,26.85546875
2210543,22.4609375
2210570,27.83203125
2210591,26.9775390625
2210611,20.8740234375
2210644,20.5078125
2210663,25.81787109375
2210695,25.146484375
2210731,20.81298828125
2210772,22.88818359375
2210820,20.69091796875
2211131,19.8974609375
2211191,20.3857421875
2211240,22.76611328125
2211459,28.6865234375
2211544,22.216796875
2211632,20.99609375
2212069,20.263671875
2212179,21.17919921875
2212694,20.20263671875
2219621,20.8740234375
2220565,21.1181640625
2223787,20.263671875
2224736,20.32470703125
2225697,23.25439453125
2226289,25.5126953125
2265123,21.8505859375
2265168,20.1416015625
2265186,23.98681640625
2265226,21.54541015625
2265246,25.93994140625
2265274,69.7021484375
2265284,32.65380859375
2265297,26.9775390625
2265315,24.10888671875
2265344,36.56005859375
2265360,34.7900390625
2265371,28.076171875
2265419,27.77099609375
2265446,30.2734375
2265474,34.423828125
2265496,20.99609375
2265524,30.1513671875
2265559,32.77587890625
2265597,26.18408203125
2265619,26.4892578125
2265650,21.30126953125
2265786,24.5361328125
2265825,23.4375
2265936,19.775390625
2266111,20.69091796875
2266187,19.775390625
2266401,20.69091796875
2266634,24.169921875
2266724,21.66748046875
2266807,20.263671875
2267018,21.240234375
2267122,26.3671875
2277168,20.263671875
2277987,24.2919921875
2282539,28.076171875
2345595,20.751953125
2345667,23.8037109375
2345682,28.74755859375
2345696,36.92626953125
2345742,23.98681640625
2345763,29.72412109375
2345780,92.71240234375
2345806,32.2265625
2345824,41.259765625
2345840,30.029296875
2345870,31.55517578125
2345891,28.25927734375
2345919,24.90234375
2345949,28.38134765625
2345965,21.97265625
2345983,26.3671875
2345995,20.01953125
2346009,32.3486328125
2346047,29.84619140625
2346165,20.32470703125
2346299,24.23095703125
2346473,19.95849609375
2346592,23.0712890625
2346712,19.775390625
2346935,21.54541015625
2347080,20.3857421875
2347110,20.69091796875
2347183,20.44677734375
2347475,22.88818359375
2348119,22.5830078125
2356235,19.8974609375
2357096,22.27783203125
2362795,26.9775390625
2363683,21.6064453125
2363759,21.05712890625
2406677,28.564453125
2406711,22.216796875
2406774,44.921875
2406859,35.400390625
2406883,30.82275390625
2406905,100.03662109375
2406918,47.36328125
2406945,36.62109375
2406976,33.87451171875
2406989,25.146484375
2407011,27.52685546875
2407021,39.73388671875
2407050,22.64404296875
2407084,34.36279296875
2407111,20.56884765625
2407136,26.42822265625
2407155,26.30615234375
2407170,40.6494140625
2407186,20.81298828125
2407201,24.23095703125
2407234,29.1748046875
2407282,20.81298828125
2407292,20.32470703125
2407337,22.94921875
2407426,21.05712890625
2407451,20.08056640625
2407512,23.25439453125
2407530,20.56884765625
2407679,22.3388671875
2407696,19.775390625
2407767,20.08056640625
2407781,22.94921875
2407874,19.8974609375
2407901,20.81298828125
2407973,22.64404296875
2408036,21.484375
2408112,21.66748046875
2408167,19.59228515625
2408189,20.263671875
2408278,21.17919921875
2408471,22.0947265625
2408555,20.3857421875
2408685,22.705078125
2409056,20.01953125
2409390,24.2919921875
2423000,22.94921875
2486556,20.20263671875
2486599,26.123046875
2486611,26.123046875
2486669,21.42333984375
2486684,22.15576171875
2486698,25.08544921875
2486727,20.8740234375
2486759,40.4052734375
2486787,29.72412109375
2486801,83.31298828125
2486823,46.7529296875
2486848,34.11865234375
2486865,36.43798828125
2486885,30.1513671875
2486903,27.28271484375
2486916,24.4140625
2486947,25.390625
2486961,25.93994140625
2486989,19.83642578125
2487015,23.0712890625
2487062,27.34375
2487085,25.7568359375
2487174,26.79443359375
2487200,23.98681640625
2487211,24.47509765625
2487228,19.71435546875
2487250,28.6865234375
2487332,25.0244140625
2487405,20.99609375
2487453,19.71435546875
2487463,20.1416015625
2487651,20.81298828125
2487717,20.6298828125
2487784,20.6298828125
2488094,23.01025390625
2488279,21.8505859375
2488486,25.0244140625
2488589,21.78955078125
2489157,20.99609375
2498926,19.8974609375
2499881,26.3671875
2500760,23.25439453125
2504601,24.0478515625
2546079,20.08056640625
2546214,21.91162109375
2546251,21.728515625
2546284,20.32470703125
2546298,22.94921875
2546329,32.8369140625
2546357,54.62646484375
2546388,50.537109375
2546405,46.875
2546433,23.13232421875
2546451,23.5595703125
2546469,30.2734375
2546490,21.728515625
2546518,23.193359375
2546538,22.94921875
2546569,20.56884765625
2546602,25.2685546875
2546624,22.15576171875
2546656,20.20263671875
2546725,23.0712890625
2546748,20.69091796875
2546799,21.240234375
2546813,25.0244140625
2546855,23.4375
2546924,21.3623046875
2546964,22.216796875
2547053,23.4375
2547179,26.2451171875
2547244,24.7802734375
2547315,20.56884765625
2547401,21.78955078125
2547462,20.56884765625
2547535,20.8740234375
2547602,19.6533203125
2547619,19.6533203125
2547702,20.3857421875
2547755,21.3623046875
2547973,24.47509765625
2548200,20.32470703125
2548561,20.263671875
2557880,26.9775390625
2558739,20.32470703125
2560751,26.611328125
2630518,22.15576171875
2630552,33.447265625
2630574,21.8505859375
2630649,30.8837890625
2630686,20.5078125
2630700,94.17724609375
2630729,50.29296875
2630760,52.67333984375
2630785,22.52197265625
2630813,32.470703125
2630824,32.53173828125
2630856,22.216796875
2630876,22.8271484375
2630902,19.59228515625
2630917,24.7802734375
2630943,22.39990234375
2630959,23.8037109375
2630991,29.96826171875
2631040,21.05712890625
2631126,21.8505859375
2631136,20.5078125
2631171,25.2685546875
2631285,28.01513671875
2631963,26.67236328125
2632142,20.44677734375
2632376,23.3154296875
2632709,20.263671875
2632903,21.8505859375
2633128,19.95849609375
2641539,21.240234375
2642428,20.99609375
2643451,20.20263671875
2647908,24.10888671875
2648920,24.5361328125
2710428,21.78955078125
2710502,21.05712890625
2710554,30.2734375
2710603,24.10888671875
2710630,20.32470703125
2710662,23.62060546875
2710672,19.8974609375
2710723,23.193359375
2710750,30.76171875
2710769,29.541015625
2710785,29.052734375
2710805,23.01025390625
2710820,26.9775390625
2710839,37.90283203125
2710851,21.54541015625
2710867,27.83203125
2710905,34.11865234375
2710939,22.5830078125
2710954,22.3388671875
2710974,22.4609375
2710984,22.4609375
2711019,24.0478515625
2711033,22.64404296875
2711092,21.54541015625
2711125,22.0947265625
2711197,20.56884765625
2711353,19.71435546875
2711435,20.3857421875
2711523,19.83642578125
2711554,28.6865234375
2711811,19.6533203125
2711932,20.263671875
2712129,21.54541015625
2712223,23.3154296875
2712328,22.15576171875
2712440,20.263671875
2712702,19.83642578125
2712877,21.240234375
2721672,21.240234375
2722510,21.728515625
2725854,22.27783203125
2726759,21.97265625
2727012,19.775390625
2769946,22.27783203125
2770085,25.7568359375
2770105,31.92138671875
2770120,19.6533203125
2770151,21.6064453125
2770184,28.6865234375
2770215,102.47802734375
2770243,37.2314453125
2770260,39.4287109375
2770284,26.3671875
2770306,25.634765625
2770328,23.5595703125
2770340,33.69140625
2770355,25.2685546875
2770386,23.3154296875
2770404,24.10888671875
2770432,20.3857421875
2770446,25.93994140625
2770465,21.05712890625
2770487,26.30615234375
2770519,20.08056640625
2770546,23.4375
2770586,19.95849609375
2770624,20.44677734375
2770734,19.83642578125
2770791,20.20263671875
2770828,21.1181640625
2770845,19.71435546875
2770909,19.95849609375
2770969,21.42333984375
2771028,19.95849609375
2771096,20.08056640625
2771213,21.30126953125
2771242,19.6533203125
2771462,27.099609375
2771562,21.30126953125
2771630,20.08056640625
2771720,20.08056640625
2772245,20.8740234375
2782966,21.240234375
2783982,26.123046875
2785037,20.20263671875
2794881,19.83642578125
2844220,29.1748046875
2844243,25.93994140625
2844274,31.25
2844290,29.6630859375
2844319,29.1748046875
2844349,39.73388671875
2844366,22.64404296875
2844385,40.4052734375
2844396,43.45703125
2844428,33.63037109375
2844438,30.45654296875
2844467,31.6162109375
2844479,21.66748046875
2844512,34.24072265625
2844542,21.54541015625
2844570,21.3623046875
2844590,24.59716796875
2844612,29.541015625
2844642,25.5126953125
2844669,31.67724609375
2844714,28.13720703125
2844835,19.775390625
2844851,25.390625
2844873,23.62060546875
2844941,19.59228515625
2845164,19.95849609375
2845293,22.52197265625
2845363,19.59228515625
2845617,21.30126953125
2845836,20.08056640625
2845941,21.17919921875
2846279,19.8974609375
2846438,20.08056640625
2860559,22.88818359375
2863680,24.7802734375
2864534,27.7099609375
2943778,20.69091796875
2943873,21.78955078125
2943957,26.123046875
2943977,28.13720703125
2944005,28.1982421875
2944047,24.59716796875
2944072,43.88427734375
2944090,104.30908203125
2944115,21.97265625
2944133,53.89404296875
2944148,34.48486328125
2944160,26.55029296875
2944183,39.0625
2944202,36.62109375
2944231,19.71435546875
2944249,28.13720703125
2944264,29.72412109375
2944306,23.25439453125
2944334,25.81787109375
2944363,30.6396484375
2944391,41.93115234375
2944431,21.240234375
2944457,26.30615234375
2944490,20.263671875
2944523,20.6298828125
2944577,19.775390625
2944637,20.20263671875
2944647,19.59228515625
2944677,20.5078125
2944814,22.64404296875
2944853,25.2685546875
2944901,20.08056640625
2944966,23.01025390625
2945033,23.8037109375
2945104,20.99609375
2945172,21.3623046875
2945248,20.6298828125
2945328,20.751953125
2945407,20.44677734375
2945427,20.99609375
2945678,19.83642578125
2945708,19.59228515625
2946082,20.3857421875
2946453,19.83642578125
2955634,27.28271484375
2956555,23.681640625
2957022,34.5458984375
2957135,21.97265625
2957191,30.94482421875
2957207,34.60693359375
2957244,19.59228515625
2957261,30.029296875
2957284,25.87890625
2957315,29.96826171875
2957344,42.41943359375
2957359,51.57470703125
2957381,112.79296875
2957421,60.05859375
2957438,56.0302734375
2957476,25.634765625
2957496,27.83203125
2957525,27.89306640625
2957551,21.91162109375
2957577,25.32958984375
2957606,26.7333984375
2957630,28.6865234375
2957652,22.76611328125
2957694,20.3857421875
2957707,19.83642578125
2957764,19.775390625
2957801,20.8740234375
2957811,26.55029296875
2957876,22.39990234375
2957908,20.3857421875
2957980,23.193359375
2958027,21.484375
2958064,19.59228515625
2958095,19.8974609375
2958230,21.91162109375
2958310,20.08056640625
2958497,24.2919921875
2958644,20.1416015625
2958771,20.20263671875
2958911,20.8740234375
3071242,21.91162109375
3072417,29.11376953125
3072492,19.8974609375
3072571,21.1181640625
3072602,21.17919921875
3072618,23.49853515625
3072637,20.3857421875
3072675,35.70556640625
3072693,36.07177734375
3072717,91.12548828125
3072741,55.23681640625
3072752,41.80908203125
3072776,39.48974609375
3072803,24.96337890625
3072820,21.17919921875
3072840,32.04345703125
3072856,24.10888671875
3072872,36.0107421875
3072895,33.203125
3072905,23.25439453125
3072947,26.0009765625
3072961,21.484375
3072982,20.6298828125
3072994,21.6064453125
3073033,21.1181640625
3073073,25.390625
3073090,20.93505859375
3073101,24.7802734375
3073117,19.71435546875
3073192,21.728515625
3073450,24.169921875
3073708,25.81787109375
3073862,29.296875
3073946,21.1181640625
3074023,25.5126953125
3074305,20.1416015625
3074630,20.751953125
3074963,20.5078125
3082097,25.45166015625
3082946,23.681640625
3085010,22.3388671875
3087984,21.728515625
3092019,21.6064453125
3137921,21.8505859375
3137987,22.705078125
3138052,24.96337890625
3138084,28.6865234375
3138110,26.55029296875
3138133,24.23095703125
3138156,61.279296875
3138183,50.29296875
3138208,53.77197265625
3138226,33.50830078125
3138264,29.11376953125
3138287,20.751953125
3138334,21.484375
3138353,29.6630859375
3138417,28.25927734375
3138433,19.59228515625
3138472,20.81298828125
3138502,24.10888671875
3138537,21.6064453125
3138547,20.99609375
3138575,20.6298828125
3138614,20.20263671875
3138673,19.6533203125
3138848,19.6533203125
3138876,19.83642578125
3138946,19.775390625
3139007,26.123046875
3139207,19.59228515625
3139375,20.5078125
3139442,20.56884765625
3139509,19.8974609375
3139609,21.54541015625
3139794,20.751953125
3140006,19.59228515625
3140021,22.705078125
3151195,21.30126953125
3152106,20.1416015625
3155534,22.216796875
3214082,37.53662109375
3214204,20.93505859375
3214216,28.076171875
3214248,20.69091796875
3214258,21.3623046875
3214272,20.8740234375
3214284,24.4140625
3214309,56.0302734375
3214322,60.72998046875
3214352,42.29736328125
3214379,44.7998046875
3214400,21.97265625
3214425,35.70556640625
3214448,34.423828125
3214463,22.27783203125
3214497,38.4521484375
3214512,19.775390625
3214547,27.7099609375
3214576,20.6298828125
3214592,26.91650390625
3214605,28.99169921875
3214632,20.1416015625
3214646,26.42822265625
3214696,24.59716796875
3214729,22.03369140625
3214778,21.728515625
3214808,20.44677734375
3214824,20.20263671875
3214979,19.775390625
3215023,20.99609375
3215203,21.8505859375
3215226,22.03369140625
3215265,21.66748046875
3215485,21.66748046875
3215540,23.13232421875
3215735,26.2451171875
3216110,20.20263671875
3224988,20.20263671875
3226056,20.93505859375
3227005,20.44677734375
3229229,22.64404296875
3235036,23.37646484375
3310517,21.3623046875
3310696,23.62060546875
3310757,24.84130859375
3310771,20.99609375
3310786,21.42333984375
3310811,20.56884765625
3310840,29.84619140625
3310870,41.56494140625
3310887,29.23583984375
3310897,34.36279296875
3310919,29.1748046875
3310934,25.69580078125
3310950,29.1748046875
3310964,40.1611328125
3311011,24.10888671875
3311037,19.95849609375
3311066,32.40966796875
3311079,25.5126953125
3311149,24.84130859375
3311173,22.88818359375
3311231,20.01953125
3311382,25.390625
3311547,21.91162109375
3311607,22.8271484375
3311667,21.240234375
3311728,21.66748046875
3311872,23.98681640625
3311948,21.1181640625
3312031,25.20751953125
3312242,21.30126953125
3312353,20.20263671875
3312468,24.10888671875
3320563,20.6298828125
3321446,21.91162109375
3325758,21.78955078125
3326602,25.08544921875
3327633,22.27783203125
3328232,21.30126953125
3347307,20.20263671875
3347460,21.3623046875
3347495,25.5126953125
3347509,34.85107421875
3347540,20.99609375
3347552,37.7197265625
3347590,21.8505859375
3347614,30.8837890625
3347643,34.7900390625
3347667,91.85791015625
3347683,27.77099609375
3347715,39.4287109375
3347743,34.36279296875
3347761,20.8740234375
3347792,33.50830078125
3347814,33.69140625
3347849,24.96337890625
3347892,24.96337890625
3347919,22.64404296875
3347985,20.44677734375
3347996,21.17919921875
3348045,21.42333984375
3348080,25.57373046875
3348174,20.263671875
3348219,23.681640625
3348280,20.32470703125
3348404,27.03857421875
3348414,21.8505859375
3348809,20.20263671875
3348899,21.240234375
3348936,19.59228515625
3348982,26.42822265625
3349292,20.08056640625
3349337,24.23095703125
3361962,23.98681640625
3561316,22.27783203125
3561428,19.59228515625
3561537,19.95849609375
3561553,34.66796875
3561587,26.06201171875
3561598,28.564453125
3561623,43.02978515625
3561660,27.89306640625
3561678,39.48974609375
3561695,70.9228515625
3561729,25.87890625
3561744,29.78515625
3561774,31.55517578125
3561798,37.90283203125
3561809,30.33447265625
3561832,28.80859375
3561858,34.1796875
3561875,19.8974609375
3561906,25.0244140625
3561957,24.0478515625
3561972,23.98681640625
3562016,27.52685546875
3562063,20.751953125
3562155,23.37646484375
3562204,22.64404296875
3562244,20.99609375
3562262,21.17919921875
3562341,23.681640625
3562371,19.6533203125
3562494,23.01025390625
3562630,21.91162109375
3562778,23.8037109375
3562852,20.3857421875
3562907,20.69091796875
3562930,19.95849609375
3562961,25.2685546875
3563115,20.32470703125
3563291,21.05712890625
3563397,20.01953125
3563772,20.1416015625
3564143,20.69091796875
3572284,25.87890625
3573155,21.8505859375
3574154,22.88818359375
3575168,22.52197265625
3576249,20.56884765625
3578515,23.681640625
3585543,20.08056640625
3771983,20.6298828125
3833919,23.37646484375
3833931,69.9462890625
3833953,52.001953125
3833978,31.43310546875
3834002,32.28759765625
3834014,39.48974609375
3834043,44.49462890625
3834057,22.8271484375
3834068,24.7802734375
3834083,37.2314453125
3834105,26.79443359375
3834128,22.3388671875
3834156,26.18408203125
3834187,20.8740234375
3834219,25.93994140625
3834249,26.4892578125
3834294,21.3623046875
3834318,20.99609375
3834350,19.59228515625
3834374,20.1416015625
3834479,19.59228515625
3834513,19.6533203125
3834567,25.390625
3834653,22.88818359375
3834732,21.1181640625
3834809,26.4892578125
3834841,19.71435546875
3835000,19.6533203125
3835069,19.775390625
3835217,27.83203125
3835674,21.1181640625
3835765,21.17919921875
3836116,22.8271484375
3843677,22.0947265625
3845688,26.18408203125
3846132,20.69091796875
3846527,26.2451171875
3847414,25.0244140625
3848888,22.15576171875
3851901,26.2451171875
3857305,24.35302734375
3858112,24.47509765625
3858984,27.16064453125
3859790,22.705078125
3859810,34.5458984375
3859823,22.94921875
3859851,31.1279296875
3859870,43.0908203125
3859884,60.48583984375
3859894,44.3115234375
3859933,36.07177734375
3859943,28.4423828125
3859974,25.146484375
3859992,24.96337890625
3860007,20.5078125
3860044,30.517578125
3860071,27.099609375
3860096,29.60205078125
3860118,21.91162109375
3860149,21.54541015625
3860210,20.08056640625
3860268,23.74267578125
3860368,20.01953125
3860417,22.52197265625
3860441,23.4375
3860558,21.05712890625
3860609,20.6298828125
3860675,31.73828125
3860865,20.01953125
3861168,21.78955078125
3861644,20.1416015625
3861659,25.146484375
3861919,20.1416015625
3862104,22.39990234375
3873023,26.30615234375
3880475,24.59716796875
4037604,30.1513671875
4037622,28.3203125
4037644,31.55517578125
4037669,82.6416015625
4037684,57.6171875
4037703,24.169921875
4037728,29.1748046875
4037754,39.97802734375
4037769,23.681640625
4037792,22.27783203125
4037816,25.81787109375
4037827,26.2451171875
4037860,22.3388671875
4037879,19.95849609375
4037913,24.47509765625
4037926,22.216796875
4037937,22.5830078125
4037959,25.69580078125
4038066,20.263671875
4038129,23.49853515625
4038297,23.4375
4038439,31.18896484375
4038568,20.1416015625
4038782,23.01025390625
4039090,19.59228515625
4039257,22.3388671875
4039442,20.01953125
4039562,20.5078125
4039681,21.30126953125
4039805,20.20263671875
4039921,21.6064453125
4046231,20.08056640625
4046382,20.8740234375
4050907,20.32470703125
4051459,26.9775390625
4052295,22.64404296875
4054053,25.634765625
4058466,21.05712890625
4078807,26.30615234375
4078830,23.193359375
4078866,28.01513671875
4078890,21.1181640625
4078905,22.5830078125
4078929,47.42431640625
4078956,44.37255859375
4078966,84.3505859375
4078991,41.50390625
4079021,46.9970703125
4079039,28.076171875
4079056,32.3486328125
4079135,41.80908203125
4079156,20.751953125
4079172,22.705078125
4079198,20.69091796875
4079223,22.52197265625
4079233,23.37646484375
4079261,21.78955078125
4079289,22.27783203125
4079327,26.18408203125
4079362,22.39990234375
4079452,31.06689453125
4079516,25.0244140625
4079535,20.69091796875
4079580,20.99609375
4079695,20.56884765625
4079948,19.95849609375
4080021,22.705078125
4080179,21.728515625
4080197,20.81298828125
4080571,20.6298828125
4080746,20.08056640625
4081225,20.44677734375
4091823,20.751953125
4095088,21.6064453125
4307103,21.91162109375
4307211,20.5078125
4307237,35.64453125
4307253,23.25439453125
4307273,27.099609375
4307287,26.18408203125
4307319,98.69384765625
4307338,40.771484375
4307352,33.3251953125
4307388,26.67236328125
4307398,31.18896484375
4307420,25.93994140625
4307436,21.240234375
4307458,25.93994140625
4307474,40.46630859375
4307495,27.64892578125
4307548,19.775390625
4307579,19.775390625
4307605,26.42822265625
4307636,22.8271484375
4307720,21.97265625
4307740,23.25439453125
4307797,20.20263671875
4307943,19.6533203125
4307993,21.17919921875
4308250,20.5078125
4308316,19.71435546875
4308349,20.01953125
4308388,21.42333984375
4308459,27.89306640625
4308782,22.216796875
4309126,25.87890625
4309533,20.20263671875
4315329,29.052734375
4318770,24.71923828125
4320243,21.484375
4320640,19.83642578125
4321033,21.30126953125
4323338,24.4140625
4324249,23.5595703125
4326542,26.42822265625
4330675,25.7568359375
4399742,33.69140625
4399766,53.64990234375
4399788,81.298828125
4399806,47.66845703125
4399819,33.38623046875
4399842,39.794921875
4399871,36.80419921875
4399889,26.18408203125
4399907,30.029296875
4399922,25.2685546875
4399954,25.634765625
4399975,30.3955078125
4399986,41.93115234375
4400014,20.56884765625
4400048,26.06201171875
4400093,28.80859375
4400108,22.216796875
4400143,20.99609375
4400155,25.69580078125
4400198,28.9306640625
4400229,20.8740234375
4400283,20.81298828125
4400358,23.37646484375
4400413,24.71923828125
4400439,22.5830078125
4400472,20.56884765625
4400557,19.71435546875
4400652,24.35302734375
4400676,20.69091796875
4400709,21.42333984375
4400926,20.32470703125
4401021,20.263671875
4401076,20.93505859375
4401148,20.20263671875
4401419,22.4609375
4401524,23.4375
4401753,20.01953125
4413741,23.25439453125
4415159,23.62060546875
4416129,24.84130859375
4541313,21.484375
4541344,57.55615234375
4541361,53.64990234375
4541375,73.8525390625
4541394,26.3671875
4541414,30.70068359375
4541430,29.35791015625
4541442,28.6865234375
4541466,27.099609375
4541479,36.4990234375
4541504,26.85546875
4541519,24.4140625
4541550,26.06201171875
4541564,28.99169921875
4541602,24.0478515625
4541617,24.5361328125
4541633,20.08056640625
4541672,26.3671875
4541740,27.89306640625
4541778,20.44677734375
4541828,19.8974609375
4541892,20.1416015625
4541950,21.17919921875
4542021,20.6298828125
4542093,20.751953125
4542220,30.029296875
4542351,22.27783203125
4542417,22.76611328125
4542535,20.751953125
4542679,24.90234375
4542729,20.01953125
4542810,20.01953125
4542904,21.8505859375
4542996,20.99609375
4543594,19.775390625
4543875,22.03369140625
4549681,26.3671875
4554995,26.0009765625
4559138,28.3203125
4559961,21.6064453125
4560115,21.54541015625
4718625,19.59228515625
4718642,20.56884765625
4718662,28.50341796875
4718682,35.0341796875
4718707,38.0859375
4718717,80.01708984375
4718743,34.912109375
4718765,38.57421875
4718798,43.45703125
4718809,35.400390625
4718837,30.57861328125
4718855,33.87451171875
4718884,30.57861328125
4718915,21.17919921875
4718928,24.4140625
4718938,21.54541015625
4718972,25.32958984375
4718993,25.45166015625
4719049,20.3857421875
4719081,26.4892578125
4719110,21.1181640625
4719126,21.91162109375
4719146,20.99609375
4719223,19.6533203125
4719245,28.6865234375
4719322,23.193359375
4719435,20.3857421875
4719734,20.32470703125
4719828,19.71435546875
4719987,20.81298828125
4720162,26.3671875
4720247,21.240234375
4720340,20.99609375
4720434,19.59228515625
4720760,20.751953125
4727839,22.27783203125
4730151,22.705078125
4731082,24.35302734375
4731121,23.3154296875
4734130,20.93505859375
4737980,20.20263671875
4738393,23.13232421875
4739401,22.52197265625
4747276,27.34375
4774720,23.13232421875
