4798401,0
23068,39.306640625
23092,93.1396484375
23119,199.03564453125
23138,172.2412109375
23159,213.31787109375
23186,183.41064453125
23206,136.8408203125
23229,104.98046875
23255,127.5634765625
23269,69.091796875
23285,36.4990234375
23300,103.6376953125
23342,53.955078125
23384,62.68310546875
23407,54.6875
23423,68.603515625
23441,41.1376953125
23462,48.15673828125
23481,34.85107421875
23507,39.9169921875
23557,37.29248046875
23580,35.70556640625
23593,37.841796875
23627,53.955078125
23689,58.837890625
23727,34.48486328125
23888,48.15673828125
23911,34.11865234375
23943,41.56494140625
23999,42.8466796875
24104,36.0107421875
24119,34.66796875
24142,36.7431640625
24194,49.4384765625
24226,44.43359375
24282,46.38671875
24297,43.51806640625
24317,53.3447265625
24386,49.560546875
24400,58.77685546875
24434,57.2509765625
24466,39.48974609375
24479,36.376953125
24503,44.73876953125
24551,35.33935546875
24572,57.31201171875
24585,37.41455078125
24619,42.29736328125
24638,33.87451171875
24654,40.1611328125
24680,41.1376953125
24691,67.138671875
24714,38.02490234375
24765,49.13330078125
24803,38.57421875
24871,43.88427734375
24894,44.86083984375
24919,36.1328125
24946,38.51318359375
24960,46.69189453125
25015,37.29248046875
25108,42.236328125
25128,48.583984375
25163,38.9404296875
25184,41.44287109375
25285,42.3583984375
25316,50.048828125
25346,47.9736328125
25373,37.2314453125
25392,69.9462890625
25421,45.10498046875
25433,34.48486328125
25457,41.1376953125
25473,46.7529296875
25485,57.18994140625
25500,36.19384765625
25528,33.75244140625
25539,35.7666015625
25582,43.0908203125
25605,40.771484375
25623,40.771484375
25638,35.94970703125
25651,49.560546875
25674,57.80029296875
25696,47.91259765625
25730,53.7109375
25756,61.03515625
25808,41.259765625
25837,61.6455078125
25859,41.1376953125
25877,47.4853515625
25903,34.11865234375
26036,38.9404296875
26374,37.53662109375
26616,36.68212890625
26663,34.72900390625
26755,40.83251953125
26978,53.8330078125
27109,53.466796875
27177,78.06396484375
27283,54.3212890625
27344,48.33984375
158009,35.09521484375
158021,39.794921875
158051,121.4599609375
158065,181.70166015625
158086,194.03076171875
158098,204.52880859375
158133,159.3017578125
158164,109.619140625
158179,68.90869140625
158194,77.880859375
158217,104.4921875
158227,58.28857421875
158245,58.2275390625
158260,50.96435546875
158279,80.74951171875
158293,62.31689453125
158311,57.0068359375
158324,63.41552734375
158353,55.96923828125
158377,47.7294921875
158416,37.78076171875
158454,47.2412109375
158464,35.21728515625
158507,55.908203125
158543,35.7666015625
158562,38.57421875
158605,35.64453125
158622,39.12353515625
158703,36.56005859375
158725,35.2783203125
158748,36.2548828125
158784,39.97802734375
158857,38.9404296875
158880,41.748046875
158899,35.09521484375
158979,36.31591796875
158998,35.33935546875
159014,64.5751953125
159042,42.724609375
159066,39.85595703125
159081,35.33935546875
159125,34.97314453125
159181,48.15673828125
159195,37.41455078125
159247,34.85107421875
159270,35.94970703125
159289,35.58349609375
159320,34.1796875
159338,33.69140625
159351,36.56005859375
159427,34.5458984375
159454,40.58837890625
159484,36.07177734375
159504,37.29248046875
159537,53.955078125
159547,44.61669921875
159573,34.48486328125
159592,40.46630859375
159647,37.17041015625
159669,36.43798828125
159689,38.63525390625
159717,35.09521484375
159731,46.9970703125
159757,37.17041015625
159769,46.0205078125
159798,35.888671875
159872,37.29248046875
159890,33.69140625
159959,33.935546875
160034,35.21728515625
160129,43.39599609375
160145,38.39111328125
160166,39.55078125
160186,34.912109375
160215,34.36279296875
160236,42.8466796875
160335,40.10009765625
160364,50.23193359375
160420,37.9638671875
160448,40.34423828125
160504,36.62109375
160543,37.65869140625
160562,49.31640625
160595,45.7763671875
160609,41.07666015625
160639,47.05810546875
160655,46.44775390625
160681,35.94970703125
160702,59.6923828125
160731,63.232421875
160742,35.46142578125
160758,41.9921875
160770,41.6259765625
160835,40.10009765625
160862,48.40087890625
160888,37.9638671875
161709,39.4287109375
161768,42.54150390625
161950,37.353515625
161979,48.52294921875
162000,42.6025390625
162051,66.58935546875
162089,95.88623046875
162156,36.68212890625
162184,36.80419921875
162224,83.1298828125
162239,54.0771484375
162266,50.23193359375
162291,86.24267578125
162313,56.33544921875
162328,51.81884765625
162340,51.26953125
162354,116.51611328125
162385,108.70361328125
162395,82.6416015625
162408,51.26953125
162443,41.50390625
162466,60.85205078125
162482,132.9345703125
162510,47.8515625
162529,38.0859375
162559,63.8427734375
162592,62.56103515625
162613,42.41943359375
162634,45.47119140625
162646,65.24658203125
162679,53.7109375
162715,37.04833984375
162727,34.423828125
162768,88.623046875
162842,38.02490234375
162870,42.66357421875
162892,36.19384765625
163026,35.888671875
172086,33.99658203125
228275,35.5224609375
258948,35.0341796875
280860,40.46630859375
316919,39.48974609375
323219,37.59765625
323251,120.66650390625
323265,149.2919921875
323278,165.58837890625
323298,195.12939453125
323316,58.04443359375
323326,99.365234375
323339,176.69677734375
323362,98.7548828125
323379,49.13330078125
323394,83.31298828125
323411,67.68798828125
323425,139.16015625
323442,75.74462890625
323461,68.115234375
323473,68.115234375
323494,69.15283203125
323507,51.025390625
323524,53.64990234375
323540,36.19384765625
323559,49.01123046875
323586,53.955078125
323607,46.7529296875
323643,55.35888671875
323769,39.97802734375
323866,39.1845703125
323907,41.748046875
323943,36.62109375
324011,42.3583984375
324096,34.912109375
324109,42.90771484375
324139,33.935546875
324158,38.14697265625
324171,60.11962890625
324252,36.80419921875
324288,41.3818359375
324355,35.82763671875
324429,40.0390625
324461,56.2744140625
324471,47.7294921875
324512,40.10009765625
324539,47.607421875
324589,41.19873046875
324622,36.865234375
324671,35.64453125
324712,50.47607421875
324736,41.56494140625
324756,38.87939453125
324770,34.423828125
324799,41.8701171875
324810,43.9453125
324837,58.349609375
324847,36.31591796875
324899,47.05810546875
324910,38.330078125
324941,35.400390625
324958,37.90283203125
325024,41.1376953125
325034,42.3583984375
325062,36.1328125
325085,33.8134765625
325098,48.64501953125
325137,37.4755859375
325148,39.97802734375
325172,47.607421875
325239,35.2783203125
325267,39.306640625
325292,34.60693359375
325334,33.69140625
325346,39.00146484375
325366,43.51806640625
325416,38.51318359375
325435,33.87451171875
325455,36.92626953125
325496,45.71533203125
325540,34.24072265625
325561,36.9873046875
325585,43.15185546875
325616,42.48046875
325655,42.78564453125
325670,45.166015625
325696,34.48486328125
325738,43.5791015625
325772,35.2783203125
325782,39.12353515625
325821,45.10498046875
325848,38.87939453125
325861,43.39599609375
325901,49.62158203125
325929,82.82470703125
325954,45.22705078125
325976,37.29248046875
325997,76.35498046875
326013,40.58837890625
326032,62.5
326042,58.4716796875
326074,70.98388671875
326085,38.02490234375
326111,51.57470703125
326121,36.9873046875
326131,40.0390625
326151,43.27392578125
326187,46.69189453125
326254,43.3349609375
326280,35.400390625
326964,35.58349609375
327145,56.884765625
327193,36.0107421875
387469,41.9921875
403708,39.73388671875
419883,39.55078125
443683,35.09521484375
457546,41.015625
478463,41.9921875
483937,38.26904296875
483987,65.673828125
483998,78.857421875
484023,198.486328125
484041,141.29638671875
484051,170.95947265625
484064,100.4638671875
484082,136.1083984375
484104,107.23876953125
484138,174.37744140625
484160,84.16748046875
484177,137.26806640625
484193,82.94677734375
484205,100.830078125
484223,63.41552734375
484243,55.35888671875
484253,79.4677734375
484272,54.26025390625
484290,37.29248046875
484307,42.54150390625
484317,54.13818359375
484339,40.283203125
484391,50.96435546875
484409,43.39599609375
484439,42.724609375
484450,40.95458984375
484472,37.2314453125
484531,38.63525390625
484554,34.11865234375
484578,34.7900390625
484603,35.888671875
484655,44.43359375
484667,61.82861328125
484701,44.00634765625
484752,37.2314453125
484811,45.8984375
484838,55.5419921875
484850,39.73388671875
484963,43.15185546875
484998,37.841796875
485012,35.21728515625
485100,38.14697265625
485122,38.9404296875
485197,42.724609375
485227,35.46142578125
485257,44.25048828125
485278,53.16162109375
485325,38.0859375
485377,37.109375
485388,42.90771484375
485419,35.46142578125
485449,37.2314453125
485511,35.58349609375
485547,42.96875
485582,35.94970703125
485592,51.81884765625
485661,39.12353515625
485684,34.3017578125
485703,41.19873046875
485719,35.58349609375
485750,57.55615234375
485765,44.12841796875
485810,40.771484375
485849,41.44287109375
485868,33.69140625
485878,46.9970703125
485904,37.04833984375
485939,34.48486328125
485971,34.3017578125
485981,43.0908203125
485996,38.51318359375
486025,34.72900390625
486048,36.1328125
486073,34.11865234375
486122,33.935546875
486142,44.37255859375
486189,35.70556640625
486412,45.654296875
486430,34.11865234375
486493,40.34423828125
486528,34.24072265625
486559,53.466796875
486569,52.490234375
486598,51.45263671875
486609,44.5556640625
486652,49.31640625
486671,33.99658203125
486698,35.70556640625
486712,35.70556640625
486729,33.87451171875
486747,45.7763671875
486768,40.83251953125
486808,56.0302734375
486831,46.875
486847,56.70166015625
486890,43.5791015625
486912,50.10986328125
486946,59.08203125
486977,40.283203125
487016,35.82763671875
487035,63.1103515625
487048,72.021484375
487078,35.15625
487104,50.6591796875
487118,38.4521484375
487149,38.26904296875
487160,43.51806640625
487188,33.75244140625
487210,35.0341796875
487279,34.97314453125
572423,43.0908203125
585402,36.80419921875
594870,35.09521484375
599812,40.1611328125
617396,35.21728515625
629824,37.109375
637718,34.60693359375
643038,35.5224609375
643095,43.701171875
643122,93.68896484375
643140,111.083984375
643167,201.904296875
643182,176.7578125
643196,99.91455078125
643220,169.00634765625
643236,78.125
643246,128.2958984375
643271,76.35498046875
643299,100.9521484375
643312,58.41064453125
643333,57.43408203125
643344,51.3916015625
643358,89.84375
643373,34.97314453125
643390,36.43798828125
643407,57.861328125
643433,69.2138671875
643469,42.41943359375
643500,41.80908203125
643550,37.04833984375
643570,38.2080078125
643590,54.50439453125
643610,38.4521484375
643639,39.24560546875
643669,40.58837890625
643739,39.36767578125
643759,36.7431640625
643786,42.78564453125
643833,49.01123046875
643885,40.6494140625
643945,40.34423828125
644079,40.95458984375
644124,41.3818359375
644166,39.12353515625
644219,48.64501953125
644235,47.18017578125
644258,54.87060546875
644306,49.072265625
644341,45.2880859375
644363,52.06298828125
644405,36.62109375
644423,34.97314453125
644516,54.50439453125
644528,38.2080078125
644571,39.6728515625
644582,48.828125
644599,46.81396484375
644627,37.9638671875
644678,44.189453125
644708,39.6728515625
644772,47.119140625
644798,37.59765625
644811,45.2880859375
644833,44.677734375
644877,42.05322265625
644903,39.97802734375
644934,39.00146484375
644961,34.0576171875
644997,56.45751953125
645078,38.0859375
645102,54.443359375
645119,36.0107421875
645148,33.69140625
645215,38.57421875
645300,40.58837890625
645316,35.46142578125
645340,36.4990234375
645368,39.55078125
645406,36.62109375
645423,40.34423828125
645448,35.58349609375
645489,35.09521484375
645520,55.48095703125
645558,42.17529296875
645574,37.841796875
645672,57.06787109375
645736,34.7900390625
645759,33.87451171875
645770,38.26904296875
645787,40.4052734375
645819,55.72509765625
645867,50.72021484375
645877,58.89892578125
645896,42.6025390625
645912,38.87939453125
645931,44.12841796875
645965,71.533203125
646008,42.66357421875
646029,47.91259765625
646059,36.68212890625
646073,46.0205078125
646091,38.63525390625
646110,39.73388671875
646130,42.05322265625
646147,35.33935546875
646169,41.19873046875
646186,34.0576171875
646225,39.12353515625
646292,34.11865234375
725836,39.1845703125
734714,34.24072265625
750192,36.80419921875
757014,35.46142578125
768333,35.888671875
772215,38.330078125
780396,33.75244140625
791213,41.68701171875
792714,40.95458984375
793183,35.0341796875
794794,44.43359375
796340,35.21728515625
796377,90.9423828125
796388,169.43359375
796408,145.01953125
796424,249.45068359375
796450,138.36669921875
796461,186.03515625
796485,56.640625
796495,91.4306640625
796515,69.4580078125
796537,34.0576171875
796548,117.85888671875
796576,96.00830078125
796593,83.67919921875
796603,98.388671875
796618,39.794921875
796630,55.60302734375
796657,49.62158203125
796681,54.443359375
796695,57.7392578125
796706,37.04833984375
796753,37.53662109375
796766,52.79541015625
796807,36.19384765625
796825,35.94970703125
796858,53.3447265625
796883,50.9033203125
796905,34.0576171875
796970,42.1142578125
797007,49.37744140625
797098,34.60693359375
797112,36.1328125
797143,36.56005859375
797163,48.7060546875
797178,41.9921875
797211,36.9873046875
797377,33.99658203125
797408,36.2548828125
797429,33.935546875
797462,40.95458984375
797475,41.50390625
797507,39.85595703125
797572,42.29736328125
797600,39.55078125
797627,46.56982421875
797688,43.8232421875
797748,33.935546875
797760,46.875
797775,34.60693359375
797792,43.8232421875
797802,43.8232421875
797871,34.36279296875
797887,42.90771484375
797921,47.42431640625
797975,37.59765625
798009,42.8466796875
798026,37.78076171875
798048,34.85107421875
798076,36.92626953125
798106,36.376953125
798135,36.7431640625
798146,47.9736328125
798171,35.82763671875
798213,34.60693359375
798231,48.52294921875
798254,44.61669921875
798309,46.875
798326,33.935546875
798348,34.66796875
798384,37.9638671875
798406,48.52294921875
798446,34.60693359375
798465,35.46142578125
798573,40.95458984375
798619,36.0107421875
798641,41.68701171875
798678,39.48974609375
798776,41.44287109375
798800,41.80908203125
798815,49.9267578125
798857,34.423828125
798868,35.64453125
798897,39.36767578125
798931,46.2646484375
798949,39.73388671875
798977,37.841796875
798993,41.1376953125
799015,39.97802734375
799045,35.09521484375
799080,43.212890625
799098,46.142578125
799125,35.70556640625
799162,35.33935546875
799184,49.4384765625
799201,40.283203125
799288,36.31591796875
799349,37.9638671875
799363,42.724609375
799456,37.109375
799750,38.9404296875
800047,35.0341796875
800137,40.83251953125
800218,50.9033203125
800302,47.4853515625
800405,42.54150390625
800556,75.3173828125
800634,47.42431640625
867094,33.8134765625
876496,42.3583984375
884738,34.72900390625
896717,35.5224609375
900995,37.65869140625
901055,54.50439453125
901088,43.8232421875
901106,67.19970703125
901130,153.86962890625
901147,161.2548828125
901161,41.6259765625
901178,214.41650390625
901218,160.58349609375
901235,131.04248046875
901263,128.0517578125
901289,60.85205078125
901301,121.9482421875
901336,44.73876953125
901353,75.74462890625
901368,69.9462890625
901378,74.15771484375
901396,74.89013671875
901420,66.71142578125
901436,75.98876953125
901455,40.46630859375
901467,45.2880859375
901496,52.6123046875
901514,40.95458984375
901528,38.14697265625
901564,39.85595703125
901599,34.97314453125
901625,45.5322265625
901659,74.52392578125
901765,34.60693359375
901785,46.2646484375
901817,33.8134765625
901903,36.68212890625
901966,41.80908203125
902006,44.98291015625
902102,42.17529296875
902123,37.841796875
902165,56.7626953125
902250,33.87451171875
902280,47.54638671875
902294,39.73388671875
902347,57.0068359375
902364,44.61669921875
902398,39.36767578125
902428,37.2314453125
902457,41.3818359375
902471,40.0390625
902498,44.12841796875
902566,44.49462890625
902658,47.18017578125
902678,40.52734375
902709,41.50390625
902735,49.1943359375
902750,38.9404296875
902805,48.52294921875
902845,47.4853515625
902893,48.64501953125
902914,37.65869140625
902948,34.66796875
902960,34.3017578125
903036,34.66796875
903062,35.33935546875
903096,47.42431640625
903123,34.912109375
903168,52.490234375
903238,33.935546875
903263,34.72900390625
903296,38.26904296875
903364,34.24072265625
903407,36.19384765625
903438,36.865234375
903464,40.8935546875
903499,38.39111328125
903543,38.818359375
903563,45.2880859375
903641,35.15625
903657,35.82763671875
903667,40.4052734375
903695,46.08154296875
903715,49.4384765625
903745,59.26513671875
903764,35.15625
903775,34.11865234375
903794,36.62109375
903838,40.1611328125
903853,36.62109375
903876,34.11865234375
903907,36.68212890625
903922,47.05810546875
903942,58.28857421875
904024,40.58837890625
904068,43.51806640625
904697,38.63525390625
904830,74.21875
904979,54.26025390625
905033,66.22314453125
905077,41.6259765625
905153,45.71533203125
905195,41.32080078125
905206,38.63525390625
905235,39.306640625
905281,39.306640625
905313,40.22216796875
905325,55.35888671875
905349,86.60888671875
905365,74.89013671875
905385,42.96875
905406,102.60009765625
905440,70.49560546875
905457,34.1796875
905489,69.76318359375
905501,36.376953125
905517,52.18505859375
905547,46.08154296875
905569,46.2646484375
905587,48.33984375
905600,48.33984375
905622,35.33935546875
905639,34.72900390625
905652,57.18994140625
905667,40.6494140625
905685,41.748046875
905703,83.0078125
905726,48.03466796875
905739,35.64453125
905749,41.56494140625
905759,51.025390625
905794,67.81005859375
905805,41.8701171875
905844,41.56494140625
905866,57.2509765625
905884,43.88427734375
905921,47.91259765625
905950,54.5654296875
905969,48.4619140625
905984,42.96875
906024,41.32080078125
906044,45.10498046875
906068,64.94140625
906128,48.7060546875
906169,42.90771484375
906216,45.0439453125
989035,38.2080078125
995656,35.70556640625
999360,34.72900390625
1003336,41.8701171875
1003365,34.97314453125
1003412,86.85302734375
1003429,121.88720703125
1003448,209.65576171875
1003466,164.97802734375
1003489,211.73095703125
1003518,110.3515625
1003529,124.6337890625
1003547,70.6787109375
1003564,91.9189453125
1003581,53.7109375
1003596,62.68310546875
1003607,43.27392578125
1003617,64.208984375
1003645,65.49072265625
1003665,63.53759765625
1003683,49.9267578125
1003708,41.748046875
1003721,63.8427734375
1003749,42.6025390625
1003761,46.08154296875
1003788,37.04833984375
1003801,38.02490234375
1003853,41.015625
1003951,33.8134765625
1004038,43.701171875
1004073,47.30224609375
1004091,43.8232421875
1004108,37.04833984375
1004130,37.04833984375
1004158,34.85107421875
1004169,39.36767578125
1004230,37.109375
1004263,36.1328125
1004292,42.66357421875
1004317,35.46142578125
1004334,41.259765625
1004354,44.921875
1004422,38.26904296875
1004439,40.0390625
1004550,50.72021484375
1004600,54.931640625
1004620,34.24072265625
1004639,40.71044921875
1004675,34.85107421875
1004713,36.31591796875
1004727,38.818359375
1004771,36.2548828125
1004841,60.791015625
1004855,38.330078125
1004881,42.3583984375
1004906,35.400390625
1004929,36.4990234375
1004986,38.330078125
1004996,49.86572265625
1005030,34.85107421875
1005063,50.23193359375
1005105,35.888671875
1005117,36.376953125
1005156,39.73388671875
1005196,37.53662109375
1005235,42.17529296875
1005252,40.46630859375
1005276,34.0576171875
1005296,43.212890625
1005333,41.259765625
1005432,35.58349609375
1005463,44.43359375
1005510,36.80419921875
1005547,36.19384765625
1005578,41.015625
1005597,35.400390625
1005617,47.2412109375
1005723,37.90283203125
1005786,36.92626953125
1005823,39.85595703125
1005879,50.537109375
1005893,45.5322265625
1005924,34.11865234375
1005976,34.36279296875
1006006,42.48046875
1006017,46.38671875
1006043,47.30224609375
1006073,42.1142578125
1006131,37.841796875
1006166,40.6494140625
1006176,33.69140625
1006196,41.44287109375
1006226,40.46630859375
1006241,38.57421875
1006272,57.55615234375
1006309,33.87451171875
1006360,35.64453125
1006397,34.0576171875
1006415,35.58349609375
1006645,34.97314453125
1068717,42.1142578125
1088635,62.3779296875
1088909,58.16650390625
1089080,41.9921875
1089391,49.4384765625
1091226,34.0576171875
1097967,34.72900390625
1099762,36.0107421875
1127466,33.99658203125
1135018,39.55078125
1141043,35.0341796875
1145418,36.9873046875
1158702,37.7197265625
1176721,34.48486328125
1182184,36.07177734375
1185322,34.36279296875
1185541,49.8046875
1185617,45.654296875
1185637,78.125
1185654,120.30029296875
1185683,118.7744140625
1185705,201.11083984375
1185727,140.7470703125
1185756,153.62548828125
1185772,90.2099609375
1185790,70.80078125
1185813,86.12060546875
1185825,73.79150390625
1185839,59.4482421875
1185860,66.71142578125
1185888,109.43603515625
1185898,77.2705078125
1185914,56.2744140625
1185925,63.90380859375
1185952,51.025390625
1185974,53.955078125
1185993,51.1474609375
1186004,60.48583984375
1186042,34.3017578125
1186053,38.6962890625
1186091,38.02490234375
1186146,50.6591796875
1186198,45.166015625
1186213,40.71044921875
1186252,33.8134765625
1186276,56.33544921875
1186364,35.5224609375
1186421,47.54638671875
1186437,43.64013671875
1186476,43.5791015625
1186606,33.69140625
1186683,35.09521484375
1186718,34.3017578125
1186747,34.48486328125
1186781,38.57421875
1186812,37.90283203125
1186875,38.4521484375
1186924,37.04833984375
1186955,38.75732421875
1186995,45.166015625
1187032,42.724609375
1187050,44.73876953125
1187093,34.66796875
1187105,34.24072265625
1187141,34.11865234375
1187179,44.37255859375
1187213,39.61181640625
1187232,38.57421875
1187258,39.00146484375
1187294,48.33984375
1187325,55.7861328125
1187364,36.56005859375
1187399,38.39111328125
1187433,43.8232421875
1187463,49.62158203125
1187497,35.09521484375
1187526,35.70556640625
1187568,33.75244140625
1187600,40.83251953125
1187622,46.875
1187682,35.70556640625
1187693,39.85595703125
1187721,42.90771484375
1187785,40.4052734375
1187815,43.64013671875
1187848,34.0576171875
1187870,38.14697265625
1187882,38.26904296875
1187947,38.14697265625
1187984,34.1796875
1188021,36.68212890625
1188037,34.912109375
1188068,35.888671875
1188095,36.1328125
1188132,65.673828125
1188157,48.40087890625
1188185,45.166015625
1188228,38.75732421875
1188250,39.73388671875
1188282,42.6025390625
1188308,36.0107421875
1188344,38.57421875
1188363,39.24560546875
1188446,36.376953125
1188468,49.13330078125
1188588,33.99658203125
1188968,34.97314453125
1189037,50.35400390625
1189261,52.79541015625
1242532,39.9169921875
1261164,75.0732421875
1261363,36.7431640625
1261383,37.109375
1261517,39.6728515625
1261548,121.76513671875
1261566,48.583984375
1261593,61.03515625
1261605,144.22607421875
1261638,78.61328125
1261650,38.2080078125
1261671,127.13623046875
1261698,103.08837890625
1261721,171.7529296875
1261731,153.50341796875
1261742,76.96533203125
1261764,120.17822265625
1261783,50.537109375
1261796,65.36865234375
1261819,85.0830078125
1261836,43.0908203125
1261854,97.7783203125
1261875,109.619140625
1261892,37.53662109375
1261916,55.908203125
1261930,59.87548828125
1261963,62.3779296875
1261988,50.59814453125
1262004,39.36767578125
1262021,34.7900390625
1262039,37.65869140625
1262079,43.8232421875
1262127,33.99658203125
1262180,34.48486328125
1262213,40.10009765625
1262272,34.3017578125
1262314,35.09521484375
1262358,37.841796875
1262375,44.3115234375
1262392,37.90283203125
1262458,44.12841796875
1262482,36.31591796875
1262511,39.24560546875
1262527,44.12841796875
1262592,35.0341796875
1262642,40.283203125
1262702,34.66796875
1262721,51.81884765625
1262788,35.58349609375
1262823,39.61181640625
1262859,40.83251953125
1262955,33.87451171875
1262984,34.1796875
1263047,49.49951171875
1263066,38.51318359375
1263093,33.99658203125
1263130,47.05810546875
1263155,48.15673828125
1263174,37.17041015625
1263274,35.33935546875
1263315,40.8935546875
1263337,41.32080078125
1263347,33.87451171875
1263416,34.3017578125
1263457,34.7900390625
1263519,36.9873046875
1263556,34.11865234375
1263577,35.58349609375
1263605,34.72900390625
1263627,38.26904296875
1263643,45.0439453125
1263654,42.724609375
1263720,47.607421875
1263749,37.65869140625
1263782,34.60693359375
1263851,36.92626953125
1263874,42.1142578125
1263891,37.78076171875
1263935,41.56494140625
1263966,38.75732421875
1263986,38.6962890625
1264016,35.70556640625
1264058,34.3017578125
1264100,36.92626953125
1264125,39.85595703125
1264144,40.46630859375
1264171,44.98291015625
1264212,37.04833984375
1264236,33.99658203125
1264258,36.865234375
1264307,63.17138671875
1264321,34.24072265625
1264378,51.57470703125
1264398,40.10009765625
1264426,34.0576171875
1264466,48.15673828125
1264527,44.25048828125
1264582,37.9638671875
1264798,42.3583984375
1265195,49.74365234375
1265205,35.0341796875
1265510,34.11865234375
1265547,46.93603515625
1265602,39.0625
1355026,35.33935546875
1364138,35.888671875
1373005,38.6962890625
1375931,37.109375
1379064,35.94970703125
1388310,38.87939453125
1392135,34.5458984375
1395760,34.5458984375
1405663,40.6494140625
1412897,34.423828125
1423531,34.11865234375
1425954,33.935546875
1442786,36.43798828125
1442807,41.015625
1442839,200.3173828125
1442853,85.99853515625
1442879,140.07568359375
1442903,179.13818359375
1442916,211.48681640625
1442939,160.0341796875
1442959,105.40771484375
1442991,80.078125
1443005,114.44091796875
1443031,89.111328125
1443042,78.4912109375
1443066,76.904296875
1443081,67.3828125
1443102,59.08203125
1443121,35.0341796875
1443132,46.142578125
1443151,67.68798828125
1443181,49.01123046875
1443207,33.99658203125
1443240,36.92626953125
1443265,44.3115234375
1443309,55.35888671875
1443402,51.33056640625
1443446,40.8935546875
1443550,34.3017578125
1443588,37.90283203125
1443698,41.50390625
1443715,38.0859375
1443749,43.51806640625
1443815,38.75732421875
1443853,43.8232421875
1443876,35.21728515625
1443903,35.82763671875
1443956,49.31640625
1444008,36.4990234375
1444039,43.45703125
1444121,36.1328125
1444148,46.38671875
1444169,56.640625
1444181,38.818359375
1444225,37.59765625
1444249,37.59765625
1444266,49.62158203125
1444320,37.4755859375
1444340,49.31640625
1444369,43.39599609375
1444398,52.24609375
1444429,40.46630859375
1444448,39.73388671875
1444461,44.98291015625
1444504,37.109375
1444537,45.2880859375
1444570,35.15625
1444599,40.95458984375
1444617,51.513671875
1444659,45.7763671875
1444685,37.4755859375
1444731,36.68212890625
1444773,40.8935546875
1444800,34.11865234375
1444848,38.818359375
1444909,36.865234375
1444951,37.353515625
1444965,50.9033203125
1445031,35.58349609375
1445091,49.560546875
1445114,42.3583984375
1445145,39.85595703125
1445192,33.935546875
1445222,39.24560546875
1445242,38.818359375
1445259,52.490234375
1445319,47.2412109375
1445353,44.7998046875
1445375,46.20361328125
1445391,42.54150390625
1445417,34.0576171875
1445468,38.4521484375
1445508,38.330078125
1445562,37.29248046875
1445603,36.56005859375
1445623,36.19384765625
1445640,43.64013671875
1445662,57.06787109375
1445676,48.095703125
1445704,38.02490234375
1445752,38.39111328125
1445804,37.90283203125
1445833,44.5556640625
1445915,37.59765625
1445939,45.654296875
1445956,42.17529296875
1445982,35.46142578125
1446028,40.83251953125
1446042,47.8515625
1517816,34.7900390625
1542126,34.36279296875
1550631,38.818359375
1567878,42.6025390625
1570561,40.71044921875
1583743,39.0625
1585109,48.76708984375
1585130,175.9033203125
1585140,68.17626953125
1585166,216.97998046875
1585194,206.1767578125
1585217,135.498046875
1585230,144.4091796875
1585254,126.40380859375
1585270,84.1064453125
1585294,67.56591796875
1585311,121.03271484375
1585342,88.8671875
1585354,57.31201171875
1585376,84.89990234375
1585392,85.02197265625
1585409,46.08154296875
1585432,34.0576171875
1585446,56.884765625
1585459,39.0625
1585471,45.166015625
1585509,64.51416015625
1585521,36.31591796875
1585576,44.37255859375
1585643,70.49560546875
1585683,39.00146484375
1585704,37.109375
1585732,37.59765625
1585794,54.38232421875
1585804,39.61181640625
1585828,40.22216796875
1585875,48.03466796875
1585901,34.66796875
1585926,36.865234375
1585945,41.748046875
1585961,41.259765625
1585984,35.15625
1585996,38.02490234375
1586058,38.75732421875
1586080,37.65869140625
1586093,37.2314453125
1586115,42.6025390625
1586229,45.59326171875
1586259,34.5458984375
1586304,35.46142578125
1586359,38.51318359375
1586471,34.0576171875
1586485,35.888671875
1586504,52.06298828125
1586528,35.46142578125
1586587,44.49462890625
1586601,37.9638671875
1586634,48.7060546875
1586666,41.68701171875
1586690,39.85595703125
1586717,38.14697265625
1586750,47.7294921875
1586764,41.015625
1586809,39.85595703125
1586847,42.41943359375
1586861,35.15625
1586881,40.83251953125
1586930,43.27392578125
1586957,52.79541015625
1586970,37.04833984375
1587007,43.9453125
1587043,43.3349609375
1587093,34.48486328125
1587139,58.65478515625
1587156,37.90283203125
1587197,34.72900390625
1587240,42.78564453125
1587273,41.748046875
1587283,47.05810546875
1587310,36.56005859375
1587406,37.29248046875
1587422,40.22216796875
1587465,44.3115234375
1587488,43.39599609375
1587515,37.353515625
1587559,36.19384765625
1587589,38.818359375
1587611,44.3115234375
1587647,48.76708984375
1587684,39.00146484375
1587695,35.82763671875
1587718,39.24560546875
1587733,45.8984375
1587777,35.33935546875
1587792,43.39599609375
1587819,37.04833984375
1587849,36.0107421875
1587864,36.2548828125
1587909,39.1845703125
1587932,47.42431640625
1587954,63.04931640625
1587995,40.6494140625
1588046,55.908203125
1588154,43.212890625
1588839,48.9501953125
1588967,41.8701171875
1644878,35.400390625
1671350,39.24560546875
1687660,41.8701171875
1701196,43.39599609375
1706306,36.31591796875
1708817,100.52490234375
1708839,115.966796875
1708860,158.14208984375
1708874,156.55517578125
1708904,145.93505859375
1708929,141.7236328125
1708939,68.359375
1708956,95.03173828125
1708977,113.58642578125
1708999,125.244140625
1709014,116.2109375
1709032,84.228515625
1709051,63.5986328125
1709070,39.36767578125
1709081,51.6357421875
1709103,104.30908203125
1709132,74.21875
1709143,37.53662109375
1709170,43.701171875
1709180,44.0673828125
1709192,40.58837890625
1709207,38.9404296875
1709220,39.97802734375
1709261,36.31591796875
1709318,35.46142578125
1709362,38.51318359375
1709385,41.93115234375
1709411,44.677734375
1709453,40.10009765625
1709472,35.58349609375
1709500,37.9638671875
1709524,38.02490234375
1709543,49.13330078125
1709596,38.75732421875
1709608,49.1943359375
1709652,37.29248046875
1709670,39.9169921875
1709724,35.94970703125
1709858,34.912109375
1709887,35.15625
1709918,35.33935546875
1709936,44.189453125
1709993,33.75244140625
1710016,34.36279296875
1710033,38.39111328125
1710060,49.37744140625
1710100,41.32080078125
1710137,39.794921875
1710160,39.73388671875
1710179,36.0107421875
1710238,34.3017578125
1710272,53.52783203125
1710289,50.35400390625
1710320,49.4384765625
1710336,43.15185546875
1710367,45.22705078125
1710377,55.5419921875
1710427,35.09521484375
1710469,35.58349609375
1710486,38.818359375
1710527,37.78076171875
1710558,33.935546875
1710585,49.13330078125
1710601,45.83740234375
1710634,35.2783203125
1710663,33.75244140625
1710695,39.9169921875
1710726,36.31591796875
1710746,49.8046875
1710775,39.306640625
1710827,37.29248046875
1710872,34.85107421875
1710909,33.8134765625
1710942,34.5458984375
1710965,46.20361328125
1710983,46.08154296875
1711076,46.81396484375
1711093,37.7197265625
1711104,35.888671875
1711151,57.7392578125
1711182,51.94091796875
1711195,33.87451171875
1711232,39.9169921875
1711244,43.5791015625
1711260,48.52294921875
1711297,52.42919921875
1711314,50.23193359375
1711348,48.2177734375
1711363,41.1376953125
1711404,57.373046875
1711420,47.607421875
1711445,39.1845703125
1711468,46.81396484375
1711497,37.78076171875
1711524,35.400390625
1711543,35.5224609375
1711572,49.31640625
1711596,40.46630859375
1711709,36.865234375
1712073,34.5458984375
1775070,36.2548828125
1807140,43.51806640625
1811079,36.19384765625
1834586,64.27001953125
1834710,50.9033203125
1834853,53.16162109375
1853930,40.83251953125
1868844,40.22216796875
1868862,39.61181640625
1868875,40.34423828125
1868887,33.8134765625
1868908,133.72802734375
1868925,103.57666015625
1868946,147.3388671875
1868976,216.85791015625
1869001,175.72021484375
1869031,136.53564453125
1869049,116.8212890625
1869069,92.28515625
1869081,131.28662109375
1869101,73.2421875
1869119,84.41162109375
1869147,46.44775390625
1869160,54.26025390625
1869184,80.26123046875
1869195,65.36865234375
1869211,46.69189453125
1869229,37.9638671875
1869250,39.9169921875
1869267,44.43359375
1869294,45.83740234375
1869322,41.07666015625
1869385,55.48095703125
1869408,48.64501953125
1869431,40.6494140625
1869648,38.57421875
1869671,36.9873046875
1869749,41.6259765625
1869768,34.423828125
1869788,41.748046875
1869818,43.212890625
1869862,43.3349609375
1869953,51.7578125
1869978,36.43798828125
1870005,38.818359375
1870042,48.583984375
1870078,33.69140625
1870121,38.87939453125
1870151,41.6259765625
1870194,51.94091796875
1870217,39.55078125
1870239,39.0625
1870268,35.64453125
1870305,49.4384765625
1870327,35.94970703125
1870364,33.935546875
1870408,37.841796875
1870440,55.11474609375
1870483,34.11865234375
1870513,35.46142578125
1870536,51.025390625
1870558,34.85107421875
1870601,34.0576171875
1870620,52.18505859375
1870638,36.80419921875
1870682,47.18017578125
1870717,38.818359375
1870737,44.12841796875
1870752,37.65869140625
1870768,37.353515625
1870877,40.8935546875
1870909,50.048828125
1870944,37.9638671875
1870994,38.57421875
1871110,39.36767578125
1871128,36.4990234375
1871207,39.00146484375
1871247,37.59765625
1871295,41.44287109375
1871319,34.5458984375
1871390,36.43798828125
1871519,37.9638671875
1871556,39.6728515625
1871603,38.818359375
1871625,38.51318359375
1871664,43.45703125
1871695,38.0859375
1871710,35.64453125
1871762,36.2548828125
1871845,41.80908203125
1871879,34.1796875
1871933,67.2607421875
1871958,56.396484375
1872045,46.32568359375
1872065,35.70556640625
1872079,44.5556640625
1872121,41.19873046875
1872151,35.7666015625
1872183,36.92626953125
1872211,40.46630859375
1872252,34.0576171875
1872315,33.99658203125
1872522,47.66845703125
1928170,37.53662109375
1936458,50.72021484375
1940956,44.25048828125
1955259,37.2314453125
1966168,46.2646484375
1981758,41.748046875
2024702,36.19384765625
2024987,36.0107421875
2025000,46.20361328125
2025025,44.921875
2025056,116.3330078125
2025079,82.09228515625
2025101,174.98779296875
2025116,85.26611328125
2025143,119.62890625
2025159,112.3046875
2025181,107.91015625
2025207,121.39892578125
2025220,113.22021484375
2025241,56.884765625
2025260,106.201171875
2025277,44.189453125
2025300,52.001953125
2025317,58.53271484375
2025339,73.30322265625
2025357,58.89892578125
2025372,59.814453125
2025388,86.669921875
2025417,54.74853515625
2025451,69.82421875
2025497,34.24072265625
2025509,38.39111328125
2025546,41.6259765625
2025597,69.39697265625
2025617,34.60693359375
2025722,35.21728515625
2025915,41.3818359375
2025926,38.02490234375
2026011,35.64453125
2026041,44.73876953125
2026158,33.63037109375
2026201,36.62109375
2026224,42.05322265625
2026242,46.44775390625
2026254,46.32568359375
2026271,45.166015625
2026299,40.58837890625
2026324,43.701171875
2026342,42.1142578125
2026383,35.70556640625
2026412,50.9033203125
2026430,41.80908203125
2026478,38.87939453125
2026510,40.10009765625
2026529,42.236328125
2026561,41.07666015625
2026574,34.11865234375
2026606,36.1328125
2026617,38.6962890625
2026648,34.24072265625
2026680,51.08642578125
2026692,60.97412109375
2026836,37.04833984375
2026860,36.92626953125
2026921,38.0859375
2026932,39.55078125
2026966,34.72900390625
2026986,43.701171875
2027010,35.888671875
2027020,48.15673828125
2027062,50.048828125
2027093,39.1845703125
2027108,44.49462890625
2027152,35.64453125
2027178,39.306640625
2027275,46.44775390625
2027303,36.56005859375
2027336,35.2783203125
2027374,34.36279296875
2027387,40.771484375
2027411,50.6591796875
2027446,34.97314453125
2027469,44.7998046875
2027485,39.36767578125
2027568,35.33935546875
2027586,37.90283203125
2027628,33.87451171875
2027657,48.33984375
2027732,33.63037109375
2027786,36.56005859375
2027891,33.99658203125
2027974,36.7431640625
2028017,36.68212890625
2028131,33.5693359375
2028206,41.50390625
2028386,33.5693359375
2028539,37.41455078125
2091395,36.376953125
2097527,34.36279296875
2114975,40.22216796875
2121468,35.64453125
2151390,34.1796875
2160669,35.64453125
2161679,38.51318359375
2161739,47.30224609375
2161765,114.68505859375
2161787,82.1533203125
2161811,103.69873046875
2161832,126.46484375
2161857,125.6103515625
2161870,162.90283203125
2161897,173.76708984375
2161913,83.984375
2161924,116.88232421875
2161958,116.0888671875
2161968,69.580078125
2161985,105.224609375
2162008,65.5517578125
2162024,90.75927734375
2162040,53.52783203125
2162063,91.12548828125
2162093,56.5185546875
2162121,53.1005859375
2162134,58.2275390625
2162157,44.25048828125
2162168,37.109375
2162190,58.65478515625
2162204,38.51318359375
2162253,34.60693359375
2162277,39.794921875
2162294,43.88427734375
2162321,36.68212890625
2162338,44.49462890625
2162385,43.64013671875
2162407,37.2314453125
2162467,36.0107421875
2162523,35.21728515625
2162546,40.283203125
2162569,35.5224609375
2162594,36.68212890625
2162669,39.24560546875
2162708,41.8701171875
2162720,37.9638671875
2162770,36.1328125
2162810,38.9404296875
2162855,38.02490234375
2162940,40.0390625
2162974,35.7666015625
2163037,46.93603515625
2163061,39.0625
2163077,46.08154296875
2163127,40.22216796875
2163149,35.46142578125
2163188,38.02490234375
2163222,39.6728515625
2163246,45.166015625
2163273,41.56494140625
2163345,35.15625
2163402,35.15625
2163444,38.02490234375
2163467,45.0439453125
2163507,35.70556640625
2163553,42.17529296875
2163587,42.6025390625
2163617,36.376953125
2163633,54.62646484375
2163652,46.69189453125
2163669,41.8701171875
2163701,38.75732421875
2163712,41.19873046875
2163743,38.51318359375
2163780,36.2548828125
2163800,45.5322265625
2163824,36.865234375
2163937,33.63037109375
2163961,46.93603515625
2163974,41.32080078125
2164003,37.53662109375
2164083,34.5458984375
2164115,38.02490234375
2164138,43.02978515625
2164173,41.80908203125
2164236,35.21728515625
2164261,35.64453125
2164463,36.56005859375
2164598,36.80419921875
2164652,44.7998046875
2164662,34.48486328125
2164750,44.49462890625
2164790,38.57421875
2164805,37.841796875
2164863,44.61669921875
2164939,57.0068359375
2165002,34.48486328125
2165015,37.4755859375
2165086,38.818359375
2165118,35.64453125
2165138,58.41064453125
2165173,47.79052734375
2165207,39.00146484375
2165245,35.82763671875
2165269,39.0625
2165311,49.37744140625
2165322,54.5654296875
2165342,49.8046875
2165355,75.37841796875
2165391,40.6494140625
2165416,34.85107421875
2165477,35.09521484375
2165574,35.15625
2165602,33.935546875
2227243,43.9453125
2242835,36.68212890625
2248554,38.14697265625
2271367,34.24072265625
2283107,38.87939453125
2290450,38.75732421875
2300218,48.15673828125
2300239,46.142578125
2300266,220.88623046875
2300282,58.41064453125
2300297,272.88818359375
2300329,111.9384765625
2300346,145.01953125
2300360,54.8095703125
2300377,51.7578125
2300387,82.09228515625
2300408,70.1904296875
2300423,51.8798828125
2300452,73.05908203125
2300471,79.833984375
2300498,48.76708984375
2300512,76.35498046875
2300542,35.2783203125
2300562,42.29736328125
2300588,54.13818359375
2300598,51.513671875
2300618,34.97314453125
2300633,44.3115234375
2300690,58.59375
2300714,34.97314453125
2300731,41.6259765625
2300772,48.33984375
2300815,39.794921875
2300829,44.98291015625
2300844,33.8134765625
2300865,42.3583984375
2300915,33.8134765625
2300949,35.64453125
2300988,34.912109375
2301028,50.048828125
2301100,45.47119140625
2301164,38.87939453125
2301179,34.85107421875
2301202,33.99658203125
2301246,42.96875
2301276,33.87451171875
2301410,33.75244140625
2301450,35.46142578125
2301477,45.5322265625
2301533,41.68701171875
2301566,37.41455078125
2301597,38.26904296875
2301632,35.0341796875
2301642,34.60693359375
2301671,35.5224609375
2301702,34.1796875
2301735,34.5458984375
2301755,36.62109375
2301767,37.4755859375
2301791,35.58349609375
2301828,34.72900390625
2301857,38.818359375
2301874,35.82763671875
2301911,34.1796875
2301932,48.33984375
2301978,42.29736328125
2301994,38.39111328125
2302020,45.22705078125
2302033,40.4052734375
2302050,38.75732421875
2302091,34.1796875
2302104,49.98779296875
2302135,52.001953125
2302161,34.11865234375
2302218,44.98291015625
2302286,37.841796875
2302326,41.93115234375
2302364,36.43798828125
2302396,33.69140625
2302416,36.07177734375
2302453,34.60693359375
2302467,40.52734375
2302504,42.05322265625
2302551,39.55078125
2302581,40.58837890625
2302608,38.2080078125
2302629,44.189453125
2302657,41.07666015625
2302788,35.2783203125
2302805,35.94970703125
2302831,34.3017578125
2302869,38.14697265625
2302941,45.654296875
2302988,40.1611328125
2303096,38.39111328125
2303153,38.75732421875
2303295,38.87939453125
2303851,57.43408203125
2343095,34.3017578125
2353459,37.41455078125
2374415,35.400390625
2389423,35.15625
2398299,34.36279296875
2402647,37.29248046875
2410253,38.75732421875
2415941,40.0390625
2423257,36.56005859375
2443644,35.70556640625
2444400,47.54638671875
2444428,143.24951171875
2444440,103.69873046875
2444461,224.9755859375
2444474,162.4755859375
2444502,81.54296875
2444522,139.0380859375
2444533,65.85693359375
2444557,63.04931640625
2444567,104.3701171875
2444593,42.17529296875
2444603,77.5146484375
2444629,47.18017578125
2444643,63.8427734375
2444653,76.0498046875
2444673,50.6591796875
2444687,72.3876953125
2444713,57.0068359375
2444732,62.255859375
2444761,35.82763671875
2444775,34.7900390625
2444786,64.208984375
2444823,47.54638671875
2444841,34.0576171875
2444869,62.80517578125
2444892,48.095703125
2444902,41.259765625
2444918,51.7578125
2445039,42.3583984375
2445090,34.66796875
2445100,44.37255859375
2445122,48.583984375
2445175,36.376953125
2445211,34.36279296875
2445278,40.4052734375
2445314,39.36767578125
2445409,59.50927734375
2445434,41.8701171875
2445498,48.33984375
2445522,41.3818359375
2445547,41.1376953125
2445618,48.03466796875
2445636,41.44287109375
2445650,41.07666015625
2445726,34.24072265625
2445755,35.0341796875
2445817,46.93603515625
2445832,39.97802734375
2445873,44.3115234375
2445886,34.60693359375
2445917,43.3349609375
2445950,54.99267578125
2445971,48.03466796875
2445988,35.46142578125
2446004,41.50390625
2446046,40.58837890625
2446063,44.3115234375
2446088,44.3115234375
2446114,45.47119140625
2446132,39.794921875
2446152,37.2314453125
2446186,34.0576171875
2446216,43.701171875
2446259,46.44775390625
2446271,51.6357421875
2446332,39.0625
2446358,45.10498046875
2446373,41.015625
2446418,39.61181640625
2446431,50.47607421875
2446458,34.97314453125
2446531,37.78076171875
2446553,34.36279296875
2446570,40.52734375
2446595,33.5693359375
2446637,34.11865234375
2446691,41.6259765625
2446702,34.24072265625
2446754,34.423828125
2446803,33.75244140625
2446824,34.24072265625
2446845,38.87939453125
2446934,45.41015625
2447034,36.92626953125
2447068,33.99658203125
2447106,44.37255859375
2447141,36.376953125
2447171,45.166015625
2447294,38.39111328125
2447345,40.95458984375
2447370,42.29736328125
2447381,34.48486328125
2447406,39.306640625
2447476,40.0390625
2447504,41.8701171875
2447582,44.43359375
2447594,35.33935546875
2447611,39.24560546875
2447664,34.11865234375
2447706,38.57421875
2447725,38.14697265625
2447769,50.4150390625
2447793,43.27392578125
2447848,37.353515625
2447885,56.15234375
2448264,41.1376953125
2510377,36.376953125
2513169,39.48974609375
2544838,39.6728515625
2553222,48.9501953125
2561201,33.87451171875
2565277,35.58349609375
2601500,34.24072265625
2601694,39.24560546875
2601721,119.384765625
2601748,151.7333984375
2601758,222.22900390625
2601791,98.57177734375
2601807,180.5419921875
2601843,146.97265625
2601853,112.3046875
2601866,113.22021484375
2601883,74.5849609375
2601900,121.39892578125
2601926,97.83935546875
2601945,64.94140625
2601956,51.94091796875
2601966,72.3876953125
2601988,68.29833984375
2602020,42.724609375
2602035,40.4052734375
2602065,52.18505859375
2602080,37.109375
2602108,50.4150390625
2602125,48.03466796875
2602157,44.25048828125
2602197,46.7529296875
2602246,45.34912109375
2602262,51.94091796875
2602329,36.19384765625
2602350,38.57421875
2602362,34.66796875
2602375,42.6025390625
2602429,47.54638671875
2602456,36.0107421875
2602500,43.8232421875
2602524,41.6259765625
2602575,36.2548828125
2602590,49.25537109375
2602610,36.865234375
2602627,45.22705078125
2602682,33.63037109375
2602702,38.57421875
2602721,51.3916015625
2602760,42.90771484375
2602915,48.583984375
2602943,35.21728515625
2602984,33.75244140625
2602996,42.6025390625
2603032,41.8701171875
2603057,41.68701171875
2603079,38.818359375
2603113,46.142578125
2603124,34.7900390625
2603193,36.31591796875
2603208,40.6494140625
2603248,45.95947265625
2603289,37.29248046875
2603317,38.4521484375
2603356,45.166015625
2603393,48.27880859375
2603412,40.71044921875
2603444,64.27001953125
2603512,37.53662109375
2603555,55.35888671875
2603577,45.10498046875
2603606,36.0107421875
2603635,37.41455078125
2603673,39.9169921875
2603733,67.0166015625
2603795,48.095703125
2603826,36.92626953125
2603944,44.677734375
2603965,34.48486328125
2604002,54.13818359375
2604053,37.4755859375
2604085,34.423828125
2604096,48.52294921875
2604163,39.61181640625
2604223,44.25048828125
2604278,36.376953125
2604303,36.68212890625
2604369,36.80419921875
2604390,44.61669921875
2604415,36.31591796875
2604488,38.63525390625
2604593,44.98291015625
2604643,45.71533203125
2604655,51.6357421875
2604702,47.42431640625
2604735,49.4384765625
2604745,41.50390625
2604787,33.935546875
2604813,62.92724609375
2604828,60.302734375
2604856,35.46142578125
2604869,52.24609375
2604907,48.7060546875
2604921,34.66796875
2604947,39.48974609375
2604988,46.20361328125
2605012,39.9169921875
2605044,43.15185546875
2605074,36.1328125
2605095,54.74853515625
2605107,47.18017578125
2605149,49.98779296875
2605179,41.93115234375
2605204,36.7431640625
2605214,38.14697265625
2605272,37.04833984375
2605302,39.55078125
2605325,46.56982421875
2605337,35.09521484375
2605372,34.7900390625
2605383,43.0908203125
2605404,35.21728515625
2605492,36.376953125
2605505,39.55078125
2605684,45.8984375
2683445,43.51806640625
2689078,44.7998046875
2709704,41.50390625
2721382,37.90283203125
2746937,34.3017578125
2756408,36.2548828125
2757532,37.04833984375
2757810,37.353515625
2757841,160.33935546875
2757858,113.34228515625
2757874,106.50634765625
2757890,58.837890625
2757900,65.4296875
2757925,126.5869140625
2757939,215.8203125
2757963,157.1044921875
2757990,96.74072265625
2758025,109.06982421875
2758035,101.07421875
2758052,56.21337890625
2758067,90.14892578125
2758079,52.3681640625
2758095,55.6640625
2758119,81.48193359375
2758140,71.96044921875
2758158,62.98828125
2758199,44.677734375
2758225,41.259765625
2758237,60.546875
2758279,37.353515625
2758294,40.22216796875
2758311,35.70556640625
2758343,42.90771484375
2758376,37.841796875
2758432,39.61181640625
2758464,34.11865234375
2758496,62.255859375
2758562,53.22265625
2758586,36.62109375
2758611,34.1796875
2758622,43.64013671875
2758639,45.8984375
2758680,44.43359375
2758779,37.65869140625
2758836,35.94970703125
2758875,34.66796875
2758900,42.17529296875
2758952,36.9873046875
2758982,43.88427734375
2759004,40.95458984375
2759028,47.2412109375
2759106,36.9873046875
2759121,46.32568359375
2759131,44.921875
2759146,36.376953125
2759158,33.87451171875
2759174,35.64453125
2759194,37.29248046875
2759214,34.5458984375
2759286,36.1328125
2759314,33.87451171875
2759344,47.4853515625
2759365,37.7197265625
2759380,34.11865234375
2759405,41.015625
2759426,34.423828125
2759472,41.56494140625
2759540,45.2880859375
2759601,37.109375
2759614,55.6640625
2759632,40.71044921875
2759664,36.31591796875
2759683,47.54638671875
2759716,53.466796875
2759741,43.15185546875
2759792,37.65869140625
2759832,37.29248046875
2759872,44.43359375
2759902,38.14697265625
2759964,34.5458984375
2759987,34.11865234375
2760004,65.85693359375
2760092,38.63525390625
2760162,39.306640625
2760199,47.30224609375
2760221,38.63525390625
2760246,36.376953125
2760257,44.43359375
2760294,35.0341796875
2760309,35.94970703125
2760327,33.8134765625
2760354,35.09521484375
2760429,34.912109375
2760497,42.48046875
2760525,42.3583984375
2760536,35.09521484375
2760586,35.2783203125
2760611,35.5224609375
2760630,46.142578125
2760675,52.30712890625
2760696,40.4052734375
2760714,36.4990234375
2760775,39.48974609375
2760797,33.75244140625
2760852,39.6728515625
2760878,35.33935546875
2760901,37.41455078125
2760958,33.63037109375
2761026,38.39111328125
2761050,39.55078125
2833821,33.75244140625
2839743,34.912109375
2861497,35.5224609375
2876892,33.935546875
2902214,47.05810546875
2906149,39.794921875
2909663,33.5693359375
2915833,52.06298828125
2915862,122.37548828125
2915881,116.27197265625
2915903,204.7119140625
2915917,193.359375
2915932,123.6572265625
2915959,89.7216796875
2915983,105.3466796875
2916003,111.328125
2916014,90.63720703125
2916024,43.27392578125
2916034,90.33203125
2916058,95.88623046875
2916079,44.5556640625
2916091,54.38232421875
2916112,50.10986328125
2916126,43.212890625
2916144,43.51806640625
2916179,62.01171875
2916222,42.66357421875
2916238,48.52294921875
2916267,58.28857421875
2916300,39.0625
2916317,34.85107421875
2916336,36.68212890625
2916364,36.19384765625
2916376,49.9267578125
2916471,42.29736328125
2916509,34.7900390625
2916537,42.29736328125
2916565,59.63134765625
2916615,52.18505859375
2916637,47.30224609375
2916659,35.21728515625
2916702,33.75244140625
2916734,44.43359375
2916764,36.7431640625
2916833,37.65869140625
2916851,35.46142578125
2916872,37.17041015625
2916988,36.2548828125
2917043,35.0341796875
2917083,39.85595703125
2917135,56.82373046875
2917148,38.14697265625
2917173,34.0576171875
2917287,39.36767578125
2917343,39.00146484375
2917369,59.08203125
2917384,37.841796875
2917418,50.9033203125
2917449,37.29248046875
2917461,49.4384765625
2917496,41.3818359375
2917518,48.76708984375
2917559,46.2646484375
2917569,35.58349609375
2917592,55.6640625
2917663,47.7294921875
2917674,38.2080078125
2917717,39.0625
2917746,38.2080078125
2917769,35.888671875
2917793,39.306640625
2917818,51.20849609375
2917839,39.0625
2917899,36.0107421875
2917967,41.68701171875
2917998,61.46240234375
2918041,36.2548828125
2918052,39.1845703125
2918076,43.45703125
2918093,47.30224609375
2918126,37.53662109375
2918144,52.18505859375
2918155,39.36767578125
2918297,41.259765625
2918338,34.36279296875
2918350,35.15625
2918414,37.9638671875
2918474,35.0341796875
2918516,52.8564453125
2918548,35.64453125
2918586,40.1611328125
2918618,33.87451171875
2918634,34.24072265625
2918657,37.04833984375
2918686,53.1005859375
2918704,50.10986328125
2918736,34.0576171875
2918780,39.0625
2918794,35.58349609375
2918830,38.87939453125
2918840,37.65869140625
2918851,38.87939453125
2918889,35.2783203125
2918903,34.423828125
2918925,42.66357421875
2918978,34.66796875
2918996,34.97314453125
2919073,45.34912109375
2919269,43.39599609375
2999372,36.43798828125
3008812,36.68212890625
3042007,34.24072265625
3053741,35.64453125
3063828,34.0576171875
3068748,34.36279296875
3068894,34.66796875
3069031,40.8935546875
3069055,109.92431640625
3069086,114.19677734375
3069098,85.0830078125
3069110,167.05322265625
3069132,203.67431640625
3069155,91.73583984375
3069179,119.0185546875
3069203,103.02734375
3069217,125.18310546875
3069243,98.32763671875
3069255,44.86083984375
3069271,129.638671875
3069298,105.28564453125
3069312,87.70751953125
3069343,69.4580078125
3069361,57.7392578125
3069384,42.236328125
3069416,45.47119140625
3069432,41.93115234375
3069461,41.9921875
3069478,40.46630859375
3069495,34.7900390625
3069518,39.61181640625
3069536,52.79541015625
3069559,46.142578125
3069582,34.36279296875
3069599,46.38671875
3069636,41.6259765625
3069662,41.1376953125
3069690,45.59326171875
3069745,34.24072265625
3069766,38.39111328125
3069857,49.49951171875
3069912,44.73876953125
3069931,48.03466796875
3069942,37.65869140625
3070018,38.14697265625
3070050,47.42431640625
3070138,40.83251953125
3070202,43.76220703125
3070238,35.58349609375
3070297,43.701171875
3070344,38.02490234375
3070382,35.0341796875
3070397,39.6728515625
3070445,35.64453125
3070462,35.2783203125
3070478,54.3212890625
3070538,36.0107421875
3070565,41.6259765625
3070610,35.94970703125
3070646,36.19384765625
3070720,34.423828125
3070799,37.90283203125
3070810,35.400390625
3070832,47.42431640625
3070855,42.6025390625
3070888,51.20849609375
3070905,36.2548828125
3070959,43.39599609375
3070978,34.36279296875
3071071,40.0390625
3071085,45.654296875
3071107,36.9873046875
3071118,44.7998046875
3071180,36.92626953125
3071241,35.15625
3071294,37.9638671875
3071348,34.7900390625
3071367,51.8798828125
3071424,44.12841796875
3071451,34.423828125
3071563,45.166015625
3071632,33.63037109375
3071651,35.64453125
3071680,33.99658203125
3071710,45.654296875
3071727,40.8935546875
3071800,40.83251953125
3071832,37.109375
3071859,52.42919921875
3071877,33.8134765625
3071898,50.23193359375
3071927,39.306640625
3071963,35.5224609375
3071989,35.33935546875
3072004,51.20849609375
3072048,39.73388671875
3072077,40.46630859375
3072089,37.65869140625
3072113,51.7578125
3072138,34.72900390625
3072165,39.0625
3072179,34.11865234375
3072224,35.09521484375
3072237,37.7197265625
3072273,36.4990234375
3072309,37.59765625
3072324,39.794921875
3072364,37.65869140625
3072539,42.90771484375
3148743,47.8515625
3155830,36.7431640625
3175551,34.48486328125
3205116,35.33935546875
3217178,34.0576171875
3217207,88.80615234375
3217232,167.05322265625
3217256,143.98193359375
3217267,224.67041015625
3217299,178.3447265625
3217328,152.03857421875
3217345,105.1025390625
3217362,74.03564453125
3217374,34.3017578125
3217396,109.375
3217424,101.98974609375
3217443,113.09814453125
3217463,67.138671875
3217483,83.740234375
3217500,38.9404296875
3217513,51.025390625
3217545,43.3349609375
3217558,59.38720703125
3217574,49.6826171875
3217597,47.30224609375
3217614,38.0859375
3217679,40.0390625
3217689,59.38720703125
3217721,35.94970703125
3217736,38.75732421875
3217752,43.3349609375
3217799,49.37744140625
3217812,46.7529296875
3217847,46.69189453125
3217881,66.95556640625
3217948,38.02490234375
3217970,51.81884765625
3218055,39.85595703125
3218077,43.51806640625
3218089,33.935546875
3218132,47.36328125
3218143,37.109375
3218166,38.9404296875
3218213,44.37255859375
3218245,39.9169921875
3218257,41.50390625
3218292,51.69677734375
3218409,38.26904296875
3218456,36.56005859375
3218551,39.85595703125
3218584,58.16650390625
3218630,39.12353515625
3218714,42.724609375
3218743,47.91259765625
3218759,45.47119140625
3218776,42.29736328125
3218837,35.58349609375
3218897,49.8046875
3218914,43.88427734375
3218937,59.08203125
3218966,33.935546875
3218985,52.6123046875
3219002,35.94970703125
3219014,34.1796875
3219043,41.44287109375
3219061,38.2080078125
3219088,35.400390625
3219121,39.73388671875
3219168,58.77685546875
3219193,38.6962890625
3219212,44.00634765625
3219316,40.0390625
3219337,36.62109375
3219367,60.97412109375
3219383,56.5185546875
3219434,33.8134765625
3219493,42.96875
3219516,39.24560546875
3219561,35.7666015625
3219583,36.56005859375
3219606,44.00634765625
3219652,38.26904296875
3219685,35.21728515625
3219739,34.24072265625
3219766,34.7900390625
3219807,38.51318359375
3219818,34.36279296875
3219867,46.875
3219913,36.07177734375
3219926,36.31591796875
3219981,33.8134765625
3219994,43.3349609375
3220005,37.53662109375
3220073,41.3818359375
3220107,39.1845703125
3220126,36.2548828125
3220154,40.34423828125
3220352,37.41455078125
3220422,51.08642578125
3220540,36.19384765625
3220592,33.87451171875
3220979,36.56005859375
3287755,34.1796875
3303171,34.3017578125
3310955,38.4521484375
3315709,34.66796875
3318650,36.376953125
3332006,37.841796875
3375419,33.5693359375
3375621,34.423828125
3375645,84.53369140625
3375660,79.833984375
3375672,77.1484375
3375684,136.53564453125
3375702,162.4755859375
3375714,99.609375
3375728,97.7783203125
3375754,182.2509765625
3375765,145.01953125
3375789,60.9130859375
3375801,67.87109375
3375822,117.61474609375
3375839,99.42626953125
3375857,73.6083984375
3375870,42.78564453125
3375887,83.6181640625
3375910,60.302734375
3375923,82.45849609375
3375948,43.15185546875
3375980,51.33056640625
3375996,77.0263671875
3376011,58.65478515625
3376026,45.83740234375
3376071,49.74365234375
3376098,36.1328125
3376116,42.29736328125
3376136,64.94140625
3376207,37.7197265625
3376231,40.46630859375
3376262,54.931640625
3376315,51.513671875
3376369,35.400390625
3376459,35.888671875
3376493,43.701171875
3376521,35.33935546875
3376545,44.12841796875
3376595,48.33984375
3376618,38.2080078125
3376631,41.07666015625
3376674,34.423828125
3376719,34.48486328125
3376746,39.794921875
3376780,34.11865234375
3376799,35.15625
3376820,48.40087890625
3376840,37.353515625
3376864,65.0634765625
3376893,42.41943359375
3376904,39.4287109375
3376928,36.62109375
3376985,34.24072265625
3377020,43.39599609375
3377046,51.26953125
3377068,53.40576171875
3377095,34.60693359375
3377122,39.6728515625
3377135,43.8232421875
3377188,42.41943359375
3377232,40.6494140625
3377251,41.1376953125
3377282,33.5693359375
3377308,43.0908203125
3377320,40.4052734375
3377336,36.31591796875
3377372,47.91259765625
3377402,54.3212890625
3377422,41.19873046875
3377463,48.64501953125
3377530,42.1142578125
3377548,41.68701171875
3377568,49.560546875
3377628,62.6220703125
3377650,34.5458984375
3377691,54.26025390625
3377704,35.09521484375
3377729,34.24072265625
3377750,36.07177734375
3377823,36.80419921875
3377848,47.66845703125
3377858,35.888671875
3377914,38.26904296875
3377948,33.87451171875
3378025,39.24560546875
3378102,41.07666015625
3378131,33.935546875
3378166,36.2548828125
3378199,36.92626953125
3378215,37.841796875
3378244,36.1328125
3378278,44.5556640625
3378313,34.85107421875
3378331,38.87939453125
3378374,34.60693359375
3378404,34.5458984375
3378445,36.19384765625
3378476,41.93115234375
3378513,39.9169921875
3378531,46.2646484375
3378566,39.00146484375
3378582,57.12890625
3378615,41.50390625
3378650,56.640625
3378677,51.45263671875
3378705,56.94580078125
3378728,40.8935546875
3378753,39.61181640625
3378802,34.912109375
3378829,42.3583984375
3378940,53.7109375
3379027,36.1328125
3379192,38.0859375
3475254,35.7666015625
3493946,37.17041015625
3503106,37.353515625
3526603,36.07177734375
3526615,95.52001953125
3526640,61.4013671875
3526661,120.7275390625
3526679,256.9580078125
3526689,176.08642578125
3526720,122.55859375
3526751,155.45654296875
3526782,130.7373046875
3526801,104.8583984375
3526818,112.36572265625
3526848,93.32275390625
3526858,76.84326171875
3526876,66.162109375
3526889,76.72119140625
3526909,69.64111328125
3526936,56.94580078125
3526950,53.03955078125
3526964,33.63037109375
3526979,57.31201171875
3526994,42.1142578125
3527012,50.048828125
3527047,57.18994140625
3527062,40.95458984375
3527090,65.4296875
3527124,56.09130859375
3527150,34.97314453125
3527189,34.66796875
3527203,39.9169921875
3527258,59.26513671875
3527293,37.841796875
3527323,54.01611328125
3527342,39.24560546875
3527357,38.330078125
3527394,45.7763671875
3527422,39.4287109375
3527485,42.96875
3527520,36.56005859375
3527651,37.4755859375
3527675,60.72998046875
3527690,35.09521484375
3527732,35.09521484375
3527772,35.888671875
3527828,35.2783203125
3527847,40.22216796875
3527965,34.5458984375
3528004,37.2314453125
3528016,45.22705078125
3528066,36.9873046875
3528081,42.96875
3528121,36.31591796875
3528175,48.52294921875
3528187,38.6962890625
3528240,38.63525390625
3528273,41.07666015625
3528297,43.5791015625
3528335,45.34912109375
3528349,36.92626953125
3528372,38.26904296875
3528399,60.11962890625
3528439,37.65869140625
3528481,61.6455078125
3528561,40.34423828125
3528571,33.8134765625
3528614,36.31591796875
3528646,44.189453125
3528668,34.36279296875
3528687,36.865234375
3528740,40.46630859375
3528757,39.00146484375
3528778,40.83251953125
3528828,43.27392578125
3528866,37.7197265625
3528903,46.7529296875
3528955,41.32080078125
3528994,49.37744140625
3529018,35.64453125
3529069,49.560546875
3529124,35.58349609375
3529200,41.68701171875
3529299,34.11865234375
3529340,35.5224609375
3529366,36.0107421875
3529433,37.04833984375
3529494,49.49951171875
3529516,37.17041015625
3529541,35.64453125
3529559,34.60693359375
3529584,47.05810546875
3529625,34.36279296875
3529650,35.82763671875
3529674,34.5458984375
3529722,33.5693359375
3529737,38.9404296875
3529766,49.49951171875
3529782,36.43798828125
3529793,34.423828125
3529819,34.66796875
3529845,46.56982421875
3529867,36.9873046875
3529905,38.57421875
3530039,35.15625
3604040,34.24072265625
3621355,35.7666015625
3666397,38.818359375
3671686,37.78076171875
3678487,79.16259765625
3678520,33.63037109375
3678537,58.65478515625
3678554,162.353515625
3678579,180.6640625
3678601,112.36572265625
3678612,134.82666015625
3678638,123.291015625
3678650,285.5224609375
3678678,147.94921875
3678694,78.30810546875
3678709,74.8291015625
3678723,122.6806640625
3678744,83.0078125
3678757,45.22705078125
3678776,81.11572265625
3678789,41.748046875
3678800,63.17138671875
3678828,47.91259765625
3678840,68.66455078125
3678857,65.185546875
3678873,50.96435546875
3678892,55.7861328125
3678917,35.70556640625
3678928,33.99658203125
3678965,34.0576171875
3678975,54.13818359375
3679018,33.8134765625
3679052,48.095703125
3679078,43.64013671875
3679096,38.330078125
3679112,41.9921875
3679135,37.29248046875
3679162,38.818359375
3679188,42.48046875
3679213,37.53662109375
3679321,39.00146484375
3679346,34.60693359375
3679364,42.96875
3679407,35.400390625
3679417,36.7431640625
3679433,37.65869140625
3679529,38.63525390625
3679544,35.400390625
3679565,48.9501953125
3679580,36.92626953125
3679615,52.734375
3679694,34.11865234375
3679717,46.875
3679802,48.095703125
3679819,36.865234375
3679855,33.87451171875
3679910,38.2080078125
3679938,39.0625
3679962,39.794921875
3679973,39.12353515625
3680009,48.76708984375
3680019,37.353515625
3680032,40.10009765625
3680058,40.4052734375
3680084,41.3818359375
3680131,47.119140625
3680169,38.2080078125
3680187,34.1796875
3680215,34.48486328125
3680269,41.07666015625
3680314,36.31591796875
3680332,44.189453125
3680362,41.44287109375
3680388,41.19873046875
3680419,37.65869140625
3680444,38.818359375
3680506,34.11865234375
3680535,38.39111328125
3680590,33.935546875
3680651,45.95947265625
3680685,39.85595703125
3680695,47.8515625
3680745,35.09521484375
3680786,37.109375
3680812,39.97802734375
3680858,39.97802734375
3680920,34.423828125
3680966,36.2548828125
3681085,34.3017578125
3681175,44.921875
3681211,41.1376953125
3681223,37.4755859375
3681271,40.95458984375
3681311,43.5791015625
3681413,37.59765625
3681427,37.04833984375
3681461,51.1474609375
3681479,33.63037109375
3681498,42.05322265625
3681519,35.46142578125
3681611,43.15185546875
3681638,44.189453125
3681674,51.45263671875
3681802,39.9169921875
3681860,43.88427734375
3682314,34.11865234375
3767508,35.33935546875
3774405,36.56005859375
3804716,40.34423828125
3808560,35.888671875
3817865,40.71044921875
3824564,73.974609375
3824579,185.97412109375
3824598,216.49169921875
3824616,122.9248046875
3824635,199.462890625
3824655,68.84765625
3824670,92.529296875
3824690,105.28564453125
3824700,76.84326171875
3824722,72.44873046875
3824737,43.51806640625
3824747,109.86328125
3824767,90.88134765625
3824787,84.89990234375
3824819,59.5703125
3824830,115.1123046875
3824844,40.22216796875
3824861,66.89453125
3824882,47.607421875
3824894,60.11962890625
3824939,48.7060546875
3824968,48.4619140625
3825007,35.09521484375
3825054,41.32080078125
3825082,34.0576171875
3825115,37.90283203125
3825147,35.0341796875
3825179,56.15234375
3825207,42.29736328125
3825268,41.80908203125
3825314,36.19384765625
3825374,56.33544921875
3825399,39.1845703125
3825416,34.85107421875
3825455,35.400390625
3825484,46.56982421875
3825497,36.0107421875
3825526,38.26904296875
3825546,35.33935546875
3825568,37.90283203125
3825590,40.22216796875
3825608,53.7109375
3825660,38.51318359375
3825678,35.5224609375
3825703,37.78076171875
3825735,35.5224609375
3825749,67.68798828125
3825792,37.78076171875
3825819,52.91748046875
3825833,38.63525390625
3825888,46.5087890625
3825949,38.330078125
3825972,37.353515625
3826004,43.9453125
3826016,37.2314453125
3826044,46.7529296875
3826070,39.6728515625
3826108,48.03466796875
3826170,39.61181640625
3826195,37.59765625
3826241,39.97802734375
3826266,39.12353515625
3826279,53.16162109375
3826327,42.8466796875
3826345,36.0107421875
3826392,44.00634765625
3826430,34.5458984375
3826502,44.00634765625
3826530,38.87939453125
3826560,37.65869140625
3826602,41.015625
3826710,34.97314453125
3826770,45.83740234375
3826803,36.62109375
3826837,41.748046875
3826860,36.80419921875
3826904,35.0341796875
3826930,75.98876953125
3826972,43.701171875
3826992,41.3818359375
3827005,36.0107421875
3827037,33.935546875
3827098,49.86572265625
3827118,40.0390625
3827146,48.4619140625
3827178,40.283203125
3827208,39.36767578125
3827231,39.85595703125
3827241,41.9921875
3827305,59.5703125
3827341,37.78076171875
3827354,39.4287109375
3827379,34.3017578125
3827416,42.29736328125
3827441,34.3017578125
3827506,34.24072265625
3827537,44.73876953125
3827575,36.865234375
3827602,45.34912109375
3827614,47.91259765625
3827632,37.841796875
3827650,33.63037109375
3827669,54.443359375
3827715,55.2978515625
3827762,43.02978515625
3912885,38.26904296875
3929211,37.841796875
3929240,34.423828125
3929261,46.875
3929280,141.845703125
3929293,104.79736328125
3929311,135.1318359375
3929341,136.8408203125
3929357,121.76513671875
3929371,81.11572265625
3929396,88.56201171875
3929412,53.89404296875
3929438,104.248046875
3929466,109.9853515625
3929483,101.5625
3929500,70.3125
3929520,66.83349609375
3929530,47.607421875
3929541,39.73388671875
3929567,65.673828125
3929587,41.80908203125
3929601,34.60693359375
3929612,42.41943359375
3929626,37.65869140625
3929657,46.93603515625
3929711,37.29248046875
3929748,37.90283203125
3929771,42.8466796875
3929783,36.92626953125
3929797,52.67333984375
3929810,48.9501953125
3929851,49.01123046875
3929882,56.7626953125
3929915,44.43359375
3929931,49.13330078125
3929947,47.4853515625
3929993,39.9169921875
3930017,35.64453125
3930028,41.015625
3930040,35.400390625
3930054,42.8466796875
3930087,42.66357421875
3930136,62.07275390625
3930151,35.82763671875
3930200,33.935546875
3930244,66.46728515625
3930266,36.07177734375
3930335,35.09521484375
3930362,40.10009765625
3930384,36.31591796875
3930413,44.49462890625
3930448,33.935546875
3930469,35.15625
3930501,34.60693359375
3930521,37.53662109375
3930540,38.75732421875
3930555,37.41455078125
3930605,36.376953125
3930619,34.912109375
3930646,36.376953125
3930701,34.36279296875
3930726,38.2080078125
3930738,42.54150390625
3930759,34.24072265625
3930780,46.7529296875
3930793,34.97314453125
3930821,46.56982421875
3930843,43.39599609375
3930891,43.51806640625
3930928,40.4052734375
3930957,46.20361328125
3930979,34.5458984375
3931002,35.2783203125
3931048,40.283203125
3931095,36.62109375
3931143,53.28369140625
3931157,35.46142578125
3931199,47.607421875
3931217,38.63525390625
3931250,36.9873046875
3931261,35.64453125
3931291,44.61669921875
3931315,37.4755859375
3931360,34.36279296875
3931424,36.7431640625
3931434,43.88427734375
3931468,36.376953125
3931494,36.1328125
3931504,36.31591796875
3931534,38.02490234375
3931571,55.17578125
3931611,37.2314453125
3931623,36.7431640625
3931651,46.9970703125
3931669,43.27392578125
3931690,38.51318359375
3931716,34.85107421875
3931744,35.888671875
3931804,43.9453125
3931825,44.49462890625
3931851,37.29248046875
3931895,47.54638671875
3931929,38.75732421875
3931968,35.09521484375
3931990,41.015625
3932027,47.8515625
3932038,51.7578125
3932056,43.51806640625
3932087,34.0576171875
3932097,35.46142578125
3932141,37.2314453125
3932169,38.57421875
3932193,55.11474609375
3932217,41.1376953125
3932235,34.60693359375
3932278,34.912109375
3932294,45.59326171875
3932341,37.4755859375
3932400,34.36279296875
3932423,33.75244140625
3932454,38.4521484375
4101143,35.21728515625
4115659,58.89892578125
4115693,35.888671875
4115710,34.66796875
4115729,45.166015625
4115759,111.38916015625
4115780,112.3046875
4115799,192.7490234375
4115840,192.87109375
4115854,135.986328125
4115870,107.60498046875
4115887,59.2041015625
4115904,91.97998046875
4115931,71.6552734375
4115942,90.4541015625
4115952,33.75244140625
4115971,78.2470703125
4115997,108.642578125
4116018,87.890625
4116036,36.7431640625
4116050,33.5693359375
4116067,47.30224609375
4116083,46.5087890625
4116103,47.36328125
4116121,50.23193359375
4116150,36.56005859375
4116176,34.66796875
4116201,42.66357421875
4116214,33.87451171875
4116248,46.875
4116258,37.65869140625
4116303,43.88427734375
4116322,51.33056640625
4116334,34.0576171875
4116376,41.748046875
4116440,47.9736328125
4116569,41.80908203125
4116615,48.583984375
4116632,42.54150390625
4116647,37.109375
4116728,39.55078125
4116797,44.98291015625
4116811,37.41455078125
4116837,50.78125
4116851,41.9921875
4116876,38.75732421875
4116895,39.24560546875
4116999,45.71533203125
4117047,33.8134765625
4117098,37.65869140625
4117153,34.1796875
4117200,35.15625
4117210,41.32080078125
4117236,37.04833984375
4117271,38.4521484375
4117315,44.5556640625
4117353,38.2080078125
4117370,46.81396484375
4117392,41.015625
4117422,33.935546875
4117461,36.80419921875
4117475,41.6259765625
4117528,39.1845703125
4117558,58.837890625
4117602,34.11865234375
4117641,38.14697265625
4117669,43.5791015625
4117686,36.2548828125
4117715,34.1796875
4117798,35.09521484375
4117809,54.99267578125
4117832,39.36767578125
4117857,49.25537109375
4117885,34.85107421875
4117906,34.48486328125
4117926,57.4951171875
4117942,33.63037109375
4118051,41.19873046875
4118077,39.00146484375
4118139,33.99658203125
4118375,38.39111328125
4118533,46.630859375
4118706,37.29248046875
4118724,36.19384765625
4118764,37.41455078125
4118793,45.8984375
4118818,47.8515625
4118842,55.60302734375
4118883,39.61181640625
4118900,44.73876953125
4118932,34.1796875
4118961,51.45263671875
4118972,74.8291015625
4118990,35.58349609375
4119000,54.26025390625
4119033,42.3583984375
4119064,44.12841796875
4119100,58.59375
4119132,53.22265625
4119149,35.82763671875
4119172,50.78125
4119203,37.7197265625
4119224,37.2314453125
4119234,43.0908203125
4119261,53.7109375
4119276,44.98291015625
4119300,42.41943359375
4119318,33.935546875
4119400,38.26904296875
4119423,66.58935546875
4119445,48.33984375
4119456,41.8701171875
4119496,54.87060546875
4119564,34.66796875
4119600,34.423828125
4119759,38.02490234375
4198891,33.63037109375
4204168,34.60693359375
4204228,104.91943359375
4204255,171.32568359375
4204285,173.7060546875
4204306,135.80322265625
4204319,128.35693359375
4204342,89.9658203125
4204358,71.35009765625
4204379,110.77880859375
4204391,74.3408203125
4204414,91.36962890625
4204433,65.3076171875
4204452,91.24755859375
4204480,54.0771484375
4204493,90.2099609375
4204510,52.1240234375
4204527,58.16650390625
4204543,45.59326171875
4204566,54.99267578125
4204580,52.1240234375
4204607,37.353515625
4204624,38.87939453125
4204643,40.22216796875
4204669,47.607421875
4204682,43.88427734375
4204712,47.36328125
4204730,41.50390625
4204795,49.4384765625
4204811,48.40087890625
4204833,43.51806640625
4204866,34.7900390625
4204885,54.19921875
4204907,40.22216796875
4204988,44.25048828125
4205018,36.376953125
4205076,33.87451171875
4205143,40.58837890625
4205232,44.677734375
4205243,38.0859375
4205287,33.8134765625
4205310,35.82763671875
4205329,50.1708984375
4205361,36.7431640625
4205383,48.52294921875
4205401,49.6826171875
4205420,57.31201171875
4205451,40.22216796875
4205482,39.794921875
4205499,48.88916015625
4205524,51.08642578125
4205550,33.87451171875
4205573,36.56005859375
4205598,40.6494140625
4205622,36.92626953125
4205650,40.10009765625
4205674,33.935546875
4205690,49.8046875
4205731,33.8134765625
4205768,37.04833984375
4205823,35.58349609375
4205857,43.5791015625
4205885,58.349609375
4205915,41.3818359375
4205956,37.353515625
4205992,50.96435546875
4206016,49.4384765625
4206028,59.2041015625
4206062,42.6025390625
4206075,47.2412109375
4206120,34.85107421875
4206152,35.94970703125
4206162,45.0439453125
4206203,44.98291015625
4206222,36.80419921875
4206240,34.1796875
4206287,40.22216796875
4206316,56.640625
4206346,36.56005859375
4206371,34.36279296875
4206395,54.6875
4206430,35.15625
4206445,33.5693359375
4206458,45.2880859375
4206497,41.259765625
4206515,34.24072265625
4206537,33.87451171875
4206568,36.865234375
4206582,39.97802734375
4206612,39.794921875
4206628,33.75244140625
4206640,34.423828125
4206706,57.0068359375
4206730,45.47119140625
4206754,33.63037109375
4206802,59.2041015625
4206822,37.29248046875
4206843,34.48486328125
4206913,37.90283203125
4206935,37.17041015625
4206959,48.7060546875
4207030,38.2080078125
4207053,51.33056640625
4207064,34.3017578125
4207093,39.61181640625
4207184,34.72900390625
4207229,35.21728515625
4207345,35.46142578125
4207373,41.259765625
4207424,34.97314453125
4298802,39.00146484375
4388741,38.75732421875
4388758,140.19775390625
4388772,152.83203125
4388784,159.36279296875
4388809,113.8916015625
4388826,172.9736328125
4388845,124.93896484375
4388882,106.4453125
4388910,79.77294921875
4388925,51.81884765625
4388944,107.91015625
4388963,76.47705078125
4388975,57.861328125
4389001,60.791015625
4389021,59.50927734375
4389045,36.43798828125
4389060,50.96435546875
4389080,48.03466796875
4389100,42.90771484375
4389125,40.34423828125
4389170,53.28369140625
4389212,34.912109375
4389235,52.30712890625
4389268,38.2080078125
4389306,52.67333984375
4389322,52.1240234375
4389350,37.17041015625
4389367,39.61181640625
4389406,39.794921875
4389426,45.59326171875
4389488,54.13818359375
4389505,35.15625
4389530,43.9453125
4389576,40.22216796875
4389590,39.24560546875
4389680,53.16162109375
4389790,41.6259765625
4389822,52.18505859375
4389865,35.0341796875
4389925,36.80419921875
4389935,41.32080078125
4389977,33.99658203125
4390010,36.80419921875
4390020,37.90283203125
4390050,49.74365234375
4390082,41.9921875
4390104,37.7197265625
4390129,41.56494140625
4390140,37.7197265625
4390151,44.73876953125
4390171,39.9169921875
4390212,34.72900390625
4390224,34.36279296875
4390249,73.66943359375
4390288,36.376953125
4390309,33.69140625
4390342,37.65869140625
4390362,39.4287109375
4390375,48.828125
4390395,52.79541015625
4390442,37.353515625
4390452,38.63525390625
4390480,51.26953125
4390515,48.33984375
4390527,45.71533203125
4390551,55.48095703125
4390588,36.31591796875
4390641,50.23193359375
4390672,36.1328125
4390716,39.6728515625
4390732,35.0341796875
4390811,34.85107421875
4390825,46.69189453125
4390875,38.51318359375
4390885,56.5185546875
4390911,40.46630859375
4390944,50.9033203125
4390975,36.92626953125
4390990,54.8095703125
4391069,38.14697265625
4391151,39.00146484375
4391276,40.6494140625
4391490,37.90283203125
4391540,38.14697265625
4391572,51.57470703125
4391598,48.64501953125
4391612,35.33935546875
4391674,46.38671875
4391704,34.423828125
4391722,39.48974609375
4391738,59.814453125
4391749,38.02490234375
4391762,49.8046875
4391786,44.3115234375
4391804,37.29248046875
4391833,59.87548828125
4391844,69.03076171875
4391878,39.4287109375
4391900,53.5888671875
4391916,35.58349609375
4391941,47.2412109375
4391973,49.74365234375
4391984,41.9921875
4392057,37.353515625
4392104,48.4619140625
4392117,70.068359375
4392155,57.80029296875
4392182,34.48486328125
4392203,53.16162109375
4392230,35.70556640625
4392255,42.724609375
4392276,34.423828125
4392305,39.9169921875
4392316,42.66357421875
4392347,39.55078125
4392420,38.02490234375
4392472,43.39599609375
4466602,37.53662109375
4502108,41.748046875
4555224,35.888671875
4555335,42.78564453125
4555361,106.4453125
4555385,112.9150390625
4555408,216.36962890625
4555426,153.076171875
4555460,98.14453125
4555482,131.2255859375
4555497,177.24609375
4555516,89.66064453125
4555527,85.75439453125
4555539,56.884765625
4555565,136.53564453125
4555577,129.5166015625
4555596,43.9453125
4555621,97.10693359375
4555635,47.607421875
4555657,85.14404296875
4555668,51.8798828125
4555683,65.673828125
4555713,41.56494140625
4555728,46.08154296875
4555745,46.630859375
4555768,41.07666015625
4555809,33.63037109375
4555827,34.48486328125
4555865,54.0771484375
4555898,40.58837890625
4555913,35.82763671875
4555927,43.88427734375
4556041,37.29248046875
4556065,42.78564453125
4556088,42.05322265625
4556113,35.15625
4556140,33.63037109375
4556170,38.57421875
4556209,55.2978515625
4556236,34.48486328125
4556298,35.400390625
4556315,41.015625
4556339,41.748046875
4556388,34.912109375
4556398,46.5087890625
4556486,40.6494140625
4556532,37.2314453125
4556570,36.07177734375
4556609,43.0908203125
4556623,50.6591796875
4556648,34.1796875
4556696,38.4521484375
4556729,41.07666015625
4556749,34.24072265625
4556798,44.73876953125
4556826,33.69140625
4556837,38.2080078125
4556868,36.376953125
4556883,39.85595703125
4556908,37.41455078125
4556944,34.72900390625
4556998,41.1376953125
4557019,44.921875
4557034,62.3779296875
4557055,37.17041015625
4557086,39.36767578125
4557126,53.3447265625
4557152,58.2275390625
4557195,38.9404296875
4557208,33.87451171875
4557245,46.7529296875
4557271,47.54638671875
4557292,43.27392578125
4557305,37.29248046875
4557332,35.58349609375
4557362,33.5693359375
4557382,36.7431640625
4557411,36.56005859375
4557433,35.82763671875
4557479,34.423828125
4557499,33.5693359375
4557574,33.63037109375
4557599,34.36279296875
4557650,41.748046875
4557674,38.02490234375
4557781,38.87939453125
4557882,41.93115234375
4558096,34.24072265625
4558189,35.2783203125
4558245,52.55126953125
4558391,35.33935546875
4558443,41.50390625
4558476,42.05322265625
4558495,54.50439453125
4558548,34.912109375
4558586,35.46142578125
4558629,40.83251953125
4558656,34.24072265625
4558669,35.82763671875
4558742,66.650390625
4558752,36.9873046875
4558774,39.12353515625
4558798,39.73388671875
4558858,45.2880859375
4558883,34.60693359375
4558909,42.724609375
4558933,50.29296875
4558955,33.5693359375
4558965,34.24072265625
4558988,34.1796875
4559040,40.0390625
4559237,33.99658203125
4559268,42.96875
4685903,33.935546875
4708038,42.90771484375
4708081,52.30712890625
4708111,92.59033203125
4708122,89.35546875
4708138,40.6494140625
4708156,160.15625
4708175,95.88623046875
4708192,163.75732421875
4708223,172.119140625
4708233,152.77099609375
4708257,160.0341796875
4708270,136.29150390625
4708295,91.1865234375
4708313,97.16796875
4708326,75.5615234375
4708349,48.64501953125
4708361,86.85302734375
4708387,45.59326171875
4708397,73.3642578125
4708415,87.34130859375
4708434,41.50390625
4708461,52.55126953125
4708488,52.978515625
4708521,49.072265625
4708542,34.24072265625
4708553,38.26904296875
4708576,35.94970703125
4708618,39.00146484375
4708661,49.9267578125
4708676,39.0625
4708710,37.109375
4708746,36.31591796875
4708803,39.24560546875
4708827,43.5791015625
4708867,35.15625
4708901,46.630859375
4708935,33.63037109375
4708965,37.65869140625
4708996,51.7578125
4709031,44.189453125
4709089,38.2080078125
4709109,40.46630859375
4709127,54.19921875
4709146,39.12353515625
4709160,36.19384765625
4709219,45.10498046875
4709261,35.58349609375
4709295,34.5458984375
4709323,45.8984375
4709348,37.109375
4709394,34.1796875
4709433,34.97314453125
4709452,37.90283203125
4709471,35.0341796875
4709508,35.09521484375
4709547,37.353515625
4709578,39.794921875
4709658,36.7431640625
4709688,40.6494140625
4709705,36.4990234375
4709735,41.19873046875
4709787,38.9404296875
4709798,53.03955078125
4709841,39.9169921875
4709873,40.4052734375
4709883,36.865234375
4709914,39.55078125
4709936,38.330078125
4709966,61.82861328125
4709994,39.1845703125
4710031,39.55078125
4710043,46.5087890625
4710081,37.353515625
4710102,50.1708984375
4710123,39.306640625
4710138,34.66796875
4710173,34.36279296875
4710236,33.8134765625
4710300,33.99658203125
4710321,40.1611328125
4710350,34.1796875
4710370,39.6728515625
4710441,34.36279296875
4710492,35.70556640625
4710643,34.85107421875
4710715,34.5458984375
4710779,36.19384765625
4710957,33.63037109375
4710972,42.29736328125
4711034,37.9638671875
4711093,34.72900390625
4711119,35.09521484375
4711170,50.96435546875
4711195,33.63037109375
4711222,66.46728515625
4711270,34.912109375
4711281,46.7529296875
4711306,41.68701171875
4711330,39.48974609375
4711361,61.46240234375
4711385,35.58349609375
4711425,36.56005859375
4711462,46.0205078125
4711489,56.2744140625
4711516,48.03466796875
4711532,61.95068359375
4711586,38.87939453125
4711597,36.1328125
4711671,37.41455078125
4711702,48.7060546875
4711730,44.5556640625
4711752,38.02490234375
4711763,35.82763671875
4711781,37.17041015625
4711863,35.82763671875
