4799001,0
9060,26.85546875
9295,30.94482421875
9398,28.25927734375
9499,35.0341796875
9556,43.9453125
9580,41.015625
9645,42.17529296875
9705,49.072265625
9726,24.658203125
9766,39.0625
9797,34.72900390625
9812,36.1328125
9845,26.123046875
10085,26.4892578125
11132,24.90234375
11380,24.0478515625
37436,27.83203125
37768,42.78564453125
37782,24.7802734375
37820,37.4755859375
37848,38.2080078125
37910,25.45166015625
37952,32.5927734375
37974,65.3076171875
37985,34.3017578125
38023,30.45654296875
38044,26.3671875
38090,27.40478515625
38103,33.3251953125
38156,24.84130859375
38215,24.10888671875
39293,24.23095703125
39362,24.2919921875
39424,23.86474609375
39485,25.0244140625
39518,25.2685546875
40327,24.0478515625
67419,35.0341796875
67676,27.89306640625
67735,32.958984375
67796,28.38134765625
67808,34.85107421875
67866,39.24560546875
67889,27.77099609375
67925,37.4755859375
67937,36.56005859375
67956,35.70556640625
68003,28.74755859375
68021,31.494140625
68035,23.98681640625
68049,37.17041015625
68067,24.7802734375
68108,31.005859375
68142,30.029296875
68199,30.1513671875
68220,28.9306640625
69226,25.32958984375
69382,25.93994140625
69455,34.85107421875
69501,26.42822265625
69581,24.0478515625
96578,27.77099609375
96734,26.611328125
96818,29.35791015625
96860,33.38623046875
96921,52.1240234375
96947,33.87451171875
96959,32.958984375
96991,30.1513671875
97033,35.0341796875
97057,26.123046875
97086,28.076171875
97133,30.8837890625
97172,36.43798828125
97244,27.2216796875
97291,28.4423828125
98307,24.0478515625
98361,27.03857421875
98406,24.84130859375
127266,25.146484375
127389,26.06201171875
127486,35.15625
127518,33.3251953125
127543,59.326171875
127606,31.79931640625
127626,28.564453125
127647,27.099609375
127663,55.0537109375
127696,30.1513671875
127713,35.7666015625
127743,39.12353515625
127760,33.02001953125
127809,26.79443359375
127856,26.3671875
127985,25.81787109375
128903,25.81787109375
128967,25.45166015625
129112,27.34375
158411,26.611328125
158501,27.7099609375
158512,26.0009765625
158604,37.29248046875
158651,44.5556640625
158714,37.78076171875
158733,31.1279296875
158754,29.35791015625
158770,30.76171875
158815,24.7802734375
158830,41.32080078125
158858,27.52685546875
158872,30.57861328125
158898,28.13720703125
158915,25.5126953125
158952,28.80859375
158985,27.16064453125
159059,35.2783203125
159101,28.38134765625
159223,25.20751953125
159984,30.33447265625
160123,24.90234375
160187,35.5224609375
160313,36.43798828125
188415,23.86474609375
189425,23.86474609375
189565,26.4892578125
189726,32.40966796875
189777,26.55029296875
189852,31.8603515625
189865,26.2451171875
189894,24.47509765625
189927,51.57470703125
189983,23.8037109375
190024,27.52685546875
190083,28.74755859375
190095,24.96337890625
190134,23.86474609375
190157,25.0244140625
190204,31.8603515625
191278,44.61669921875
191322,30.33447265625
191389,25.57373046875
191460,28.1982421875
191777,27.52685546875
221619,26.55029296875
221764,25.7568359375
221923,46.0205078125
221956,23.92578125
221978,40.1611328125
222004,49.98779296875
222034,28.4423828125
222068,27.03857421875
222101,25.45166015625
222112,27.2216796875
222133,58.10546875
222168,30.76171875
222189,38.14697265625
222229,38.14697265625
222253,33.38623046875
222287,40.6494140625
222305,24.2919921875
222366,24.23095703125
222409,32.65380859375
223461,42.48046875
223493,25.45166015625
223642,26.0009765625
223669,24.10888671875
252233,25.69580078125
252473,26.91650390625
252603,23.86474609375
252740,34.1796875
252779,81.60400390625
252793,28.62548828125
252842,33.935546875
252853,37.2314453125
252904,25.2685546875
252921,44.98291015625
252945,37.841796875
252983,41.07666015625
253009,28.80859375
253034,25.7568359375
253062,25.93994140625
253098,36.43798828125
253132,40.58837890625
253177,40.1611328125
253199,38.6962890625
254200,39.36767578125
254332,29.60205078125
254468,24.4140625
287233,25.08544921875
287368,28.564453125
287400,23.86474609375
287477,41.56494140625
287526,25.634765625
287564,47.30224609375
287626,37.7197265625
287650,28.01513671875
287665,29.296875
287700,41.19873046875
287710,31.67724609375
287725,23.86474609375
287756,34.97314453125
287791,34.97314453125
287833,26.9775390625
287865,34.3017578125
287899,24.7802734375
287932,26.91650390625
288055,28.25927734375
288083,24.0478515625
288257,29.96826171875
289084,33.203125
289096,25.2685546875
289428,24.169921875
318500,26.67236328125
318535,31.982421875
318550,27.099609375
318611,46.2646484375
318630,24.169921875
318651,35.70556640625
318674,49.31640625
318687,23.98681640625
318731,36.62109375
318745,31.06689453125
318757,26.4892578125
318782,36.4990234375
318794,46.20361328125
318834,29.1748046875
318900,28.3203125
318973,24.23095703125
319032,23.86474609375
319064,24.7802734375
320070,34.24072265625
320127,27.2216796875
320175,34.66796875
320290,29.11376953125
349320,25.32958984375
349379,25.2685546875
349526,42.6025390625
349570,29.541015625
349620,43.51806640625
349675,27.40478515625
349730,31.18896484375
349749,25.93994140625
349782,24.90234375
349813,25.87890625
349829,46.69189453125
350974,23.86474609375
351160,24.23095703125
351306,24.71923828125
351337,34.912109375
381084,35.888671875
381138,49.8046875
381149,26.67236328125
381171,27.28271484375
381206,40.83251953125
381217,38.63525390625
381255,31.73828125
381278,38.51318359375
381295,25.93994140625
381343,44.5556640625
381385,26.7333984375
381397,30.21240234375
381429,31.494140625
381477,28.01513671875
381553,27.03857421875
382507,27.52685546875
382610,29.541015625
382647,24.7802734375
382782,24.7802734375
411188,29.4189453125
411296,24.23095703125
411365,32.8369140625
411381,35.09521484375
411415,44.3115234375
411425,24.4140625
411462,35.82763671875
411488,46.7529296875
411540,30.3955078125
411571,51.20849609375
411604,41.259765625
411617,51.81884765625
411660,29.1748046875
411679,31.18896484375
411716,23.8037109375
411734,24.23095703125
411758,34.3017578125
411869,23.98681640625
412726,31.982421875
412957,30.029296875
446801,29.6630859375
446910,34.36279296875
447012,29.60205078125
447039,29.47998046875
447068,25.93994140625
447132,48.27880859375
447163,33.63037109375
447188,33.14208984375
447216,43.15185546875
447230,26.3671875
447259,24.90234375
447286,30.517578125
447321,28.25927734375
447414,26.0009765625
447444,35.7666015625
447475,25.57373046875
447500,25.20751953125
447615,25.20751953125
448648,26.7333984375
449816,24.2919921875
476851,27.40478515625
477126,24.47509765625
477184,28.3203125
477233,28.38134765625
477247,40.1611328125
477280,45.59326171875
477297,25.45166015625
477347,27.099609375
477367,80.62744140625
477394,26.3671875
477424,51.6357421875
477481,35.94970703125
477496,34.7900390625
477509,26.0009765625
477550,30.45654296875
477573,29.9072265625
477620,33.14208984375
478724,32.53173828125
508855,35.09521484375
508961,25.08544921875
509030,40.6494140625
509059,28.25927734375
509129,25.2685546875
509144,37.9638671875
509159,24.90234375
509174,46.56982421875
509203,28.1982421875
509218,28.80859375
509261,23.8037109375
509286,29.4189453125
509326,24.10888671875
509339,33.87451171875
509398,24.35302734375
509432,24.35302734375
509467,28.38134765625
509512,33.203125
509538,25.32958984375
509850,23.98681640625
510485,25.93994140625
510539,32.2265625
510632,23.98681640625
510721,25.93994140625
542367,30.33447265625
542434,24.658203125
542470,32.04345703125
542520,35.400390625
542537,34.11865234375
542570,30.09033203125
542600,35.09521484375
542630,36.2548828125
542670,38.51318359375
542682,40.71044921875
542708,24.10888671875
542751,26.123046875
542801,30.70068359375
542830,28.25927734375
542872,28.9306640625
542921,26.91650390625
542942,23.98681640625
543837,24.658203125
543867,25.69580078125
543938,25.69580078125
544117,24.7802734375
544285,26.2451171875
573122,28.38134765625
573372,35.2783203125
573394,25.7568359375
573432,33.447265625
573456,38.6962890625
573496,26.9775390625
573516,43.02978515625
573545,50.6591796875
573585,29.6630859375
573608,30.1513671875
573620,33.8134765625
573634,32.5927734375
573660,24.658203125
573683,38.14697265625
573704,27.03857421875
573731,26.123046875
573749,27.16064453125
573913,24.4140625
574752,32.65380859375
574890,36.1328125
575004,26.30615234375
575031,27.7099609375
575058,27.2216796875
575177,26.85546875
575226,25.2685546875
576066,25.87890625
576269,26.79443359375
603915,34.5458984375
603967,33.63037109375
604031,42.78564453125
604076,30.6396484375
604089,41.68701171875
604108,29.47998046875
604148,44.37255859375
604173,25.93994140625
604214,37.4755859375
604238,25.0244140625
604327,30.76171875
604384,33.203125
604412,30.76171875
604735,24.59716796875
605450,35.94970703125
605511,32.2265625
605641,24.10888671875
605712,26.611328125
637981,26.30615234375
638078,25.20751953125
638109,34.7900390625
638153,26.55029296875
638175,38.57421875
638191,41.93115234375
638238,42.29736328125
638248,24.59716796875
638260,34.60693359375
638329,62.1337890625
638395,24.96337890625
638415,44.00634765625
638461,29.296875
638529,25.5126953125
638543,25.20751953125
638565,33.50830078125
639682,27.83203125
639725,24.47509765625
639844,27.28271484375
672381,25.7568359375
672492,23.86474609375
672703,24.90234375
672729,31.1279296875
672750,38.51318359375
672777,28.01513671875
672792,34.0576171875
672841,26.4892578125
672876,33.5693359375
672904,27.52685546875
672935,29.296875
672969,32.53173828125
673019,29.052734375
673050,31.55517578125
673084,24.2919921875
673149,30.70068359375
673234,27.52685546875
674218,33.5693359375
674266,30.2734375
674378,38.39111328125
674389,25.5126953125
704569,28.50341796875
704677,30.2734375
704781,29.47998046875
704802,33.3251953125
704844,24.47509765625
704910,60.36376953125
704978,36.4990234375
705054,43.02978515625
705064,39.61181640625
705081,39.55078125
705121,31.31103515625
705136,29.1748046875
705160,29.4189453125
705201,26.67236328125
705233,27.28271484375
705251,25.20751953125
705281,27.83203125
706235,29.23583984375
706338,25.87890625
706390,29.35791015625
706470,29.72412109375
706492,28.13720703125
706583,26.7333984375
706641,23.92578125
739045,24.90234375
739141,24.71923828125
739172,39.61181640625
739237,24.35302734375
739249,56.7626953125
739305,26.611328125
739342,59.2041015625
739411,29.11376953125
739422,43.88427734375
739445,26.55029296875
739485,34.912109375
739528,46.630859375
739545,32.3486328125
739569,24.59716796875
739616,36.07177734375
739812,25.5126953125
739868,25.45166015625
740564,23.86474609375
740735,24.658203125
740811,35.7666015625
740947,29.6630859375
772654,36.31591796875
772836,29.96826171875
772892,41.6259765625
772934,42.78564453125
773002,50.4150390625
773033,30.33447265625
773066,32.3486328125
773120,34.72900390625
773153,26.67236328125
773167,31.3720703125
773211,24.7802734375
773309,26.0009765625
773338,27.89306640625
773406,24.84130859375
774222,27.28271484375
774486,24.84130859375
774591,27.64892578125
805081,25.20751953125
805229,41.93115234375
805319,25.69580078125
805338,41.56494140625
805361,47.30224609375
805386,26.79443359375
805425,46.0205078125
805438,26.85546875
805462,46.5087890625
805498,31.55517578125
805523,35.5224609375
805550,35.5224609375
805561,44.5556640625
805592,31.982421875
805602,28.4423828125
805646,28.25927734375
805691,24.5361328125
805825,26.67236328125
806572,24.90234375
806767,26.85546875
806816,25.32958984375
806919,28.99169921875
806942,25.87890625
806979,29.1748046875
807022,24.71923828125
807166,26.2451171875
837121,29.96826171875
837187,26.123046875
837281,27.099609375
837389,37.53662109375
837456,29.96826171875
837477,33.87451171875
837509,32.71484375
837535,45.34912109375
837609,45.47119140625
837639,34.48486328125
837669,26.123046875
837732,24.71923828125
837753,24.10888671875
837811,24.0478515625
837974,23.92578125
839501,24.47509765625
869500,25.69580078125
869666,28.076171875
869691,50.59814453125
869793,45.166015625
869820,25.32958984375
869853,28.80859375
869863,43.02978515625
869932,47.18017578125
869957,36.9873046875
869995,28.4423828125
870029,25.93994140625
870039,40.6494140625
870064,28.6865234375
870114,26.79443359375
870130,24.169921875
871336,30.45654296875
871364,23.8037109375
871437,24.23095703125
871524,25.5126953125
903025,30.33447265625
903178,26.79443359375
903217,35.46142578125
903312,45.5322265625
903354,61.95068359375
903379,27.099609375
903413,35.09521484375
903426,29.11376953125
903452,27.7099609375
903493,33.75244140625
903535,37.353515625
903599,24.35302734375
903757,29.47998046875
904616,24.35302734375
904820,38.330078125
904878,24.0478515625
904984,25.20751953125
905010,30.2734375
935573,25.45166015625
935684,48.9501953125
935732,35.15625
935761,33.203125
935775,41.748046875
935802,31.1279296875
935861,46.38671875
935880,29.541015625
935936,37.90283203125
935989,29.296875
936000,74.15771484375
936032,35.46142578125
936051,26.0009765625
936113,25.390625
936170,30.8837890625
936209,42.1142578125
937033,24.169921875
937208,26.55029296875
937244,25.5126953125
937363,39.6728515625
937375,37.29248046875
937472,30.70068359375
937492,28.62548828125
937650,27.4658203125
970976,27.4658203125
971013,24.90234375
971034,42.05322265625
971072,30.57861328125
971093,25.146484375
971127,45.8984375
971196,29.72412109375
971237,39.0625
971266,41.07666015625
971277,30.09033203125
971314,39.73388671875
971330,25.7568359375
971345,24.47509765625
971370,32.5927734375
971383,26.55029296875
971428,25.57373046875
971545,23.98681640625
972524,25.0244140625
972575,35.21728515625
972647,24.84130859375
973693,23.92578125
1001765,23.98681640625
1001776,36.376953125
1001817,28.62548828125
1001860,31.982421875
1001880,26.2451171875
1001900,32.04345703125
1001933,43.27392578125
1001945,28.74755859375
1002000,34.11865234375
1002034,25.08544921875
1002064,43.5791015625
1002091,32.3486328125
1002104,35.33935546875
1002135,34.97314453125
1002155,36.80419921875
1002173,24.96337890625
1002195,28.13720703125
1002282,35.15625
1002388,33.935546875
1002425,25.146484375
1003282,25.08544921875
1003294,28.3203125
1003481,34.48486328125
1003511,30.21240234375
1003538,23.98681640625
1003662,23.92578125
1033582,28.076171875
1033737,31.982421875
1033771,43.701171875
1033828,29.84619140625
1033868,31.06689453125
1033891,33.0810546875
1033919,45.83740234375
1033988,44.5556640625
1034000,41.68701171875
1034036,35.09521484375
1034052,35.94970703125
1034091,35.400390625
1034103,28.25927734375
1034117,56.09130859375
1034139,26.123046875
1034177,26.3671875
1034231,24.169921875
1035089,28.62548828125
1035311,29.11376953125
1035434,28.3203125
1035459,26.7333984375
1035479,26.4892578125
1035582,24.35302734375
1036730,25.69580078125
1066747,29.47998046875
1066862,25.45166015625
1066960,31.3720703125
1066994,36.31591796875
1067044,59.99755859375
1067076,35.7666015625
1067096,26.611328125
1067131,70.00732421875
1067160,42.29736328125
1067174,28.3203125
1067207,50.29296875
1067237,33.69140625
1067258,30.029296875
1067274,41.6259765625
1067331,29.60205078125
1067378,23.92578125
1067420,25.32958984375
1068296,27.03857421875
1068674,25.634765625
1068690,30.21240234375
1069867,23.92578125
1070137,25.81787109375
1098932,31.6162109375
1099057,31.73828125
1099141,25.146484375
1099159,24.7802734375
1099174,28.564453125
1099226,33.203125
1099238,25.634765625
1099261,37.841796875
1099333,45.41015625
1099360,28.4423828125
1099390,27.4658203125
1099408,36.4990234375
1099428,46.08154296875
1099463,31.1279296875
1099491,25.7568359375
1099503,26.9775390625
1099639,26.7333984375
1099697,34.66796875
1100419,23.98681640625
1100501,25.2685546875
1100790,24.59716796875
1131934,25.57373046875
1132281,43.15185546875
1132345,66.7724609375
1132378,27.4658203125
1132408,37.4755859375
1132431,27.4658203125
1132471,34.97314453125
1132493,42.48046875
1132527,27.83203125
1132538,28.50341796875
1132559,37.65869140625
1132581,25.146484375
1132606,35.33935546875
1132618,27.7099609375
1132714,25.93994140625
1133794,25.20751953125
1133876,29.78515625
1133905,38.4521484375
1134036,25.5126953125
1165540,29.96826171875
1165670,31.06689453125
1165722,24.4140625
1165753,26.79443359375
1165805,25.45166015625
1165828,43.45703125
1165892,28.9306640625
1165904,37.17041015625
1165915,40.46630859375
1165953,32.958984375
1165975,27.28271484375
1166002,43.15185546875
1166032,38.87939453125
1166055,28.9306640625
1166138,28.01513671875
1166150,24.35302734375
1166436,23.8037109375
1167136,27.099609375
1168182,24.4140625
1199431,25.32958984375
1199476,29.1748046875
1199513,36.4990234375
1199549,30.76171875
1199578,50.4150390625
1199594,26.611328125
1199631,34.66796875
1199647,48.15673828125
1199657,28.25927734375
1199684,38.51318359375
1199708,34.7900390625
1199736,32.89794921875
1199757,26.7333984375
1199774,38.26904296875
1199813,39.61181640625
1199831,41.748046875
1199853,46.93603515625
1199895,25.634765625
1199922,27.7099609375
1199959,24.90234375
1201027,32.04345703125
1201158,34.423828125
1201337,28.3203125
1201722,24.47509765625
1202224,25.81787109375
1237451,23.92578125
1237485,24.0478515625
1237596,28.564453125
1237689,58.04443359375
1237713,32.16552734375
1237751,49.01123046875
1237761,35.46142578125
1237828,36.376953125
1237875,38.818359375
1237899,40.71044921875
1237943,43.0908203125
1237955,28.25927734375
1237981,25.20751953125
1237994,31.79931640625
1238006,26.2451171875
1238035,28.01513671875
1238048,31.43310546875
1238071,25.2685546875
1238103,25.7568359375
1238126,27.34375
1238170,32.8369140625
1238195,31.005859375
1239329,30.8837890625
1239464,27.587890625
1258364,24.35302734375
1265049,44.0673828125
1265165,28.99169921875
1265235,24.7802734375
1265255,31.79931640625
1265326,24.47509765625
1265348,35.2783203125
1265363,39.4287109375
1265392,31.55517578125
1265426,29.96826171875
1265441,37.9638671875
1265478,26.91650390625
1265490,30.70068359375
1265537,41.259765625
1265551,25.08544921875
1265567,35.58349609375
1265610,34.60693359375
1265627,26.3671875
1265704,24.658203125
1265768,30.76171875
1266780,26.55029296875
1266877,35.15625
1295847,25.5126953125
1296130,33.14208984375
1296151,27.83203125
1296179,24.7802734375
1296228,45.22705078125
1296266,36.56005859375
1296290,37.7197265625
1296339,27.9541015625
1296361,26.2451171875
1296405,39.794921875
1296429,24.96337890625
1296449,28.3203125
1296482,25.08544921875
1296574,25.5126953125
1296615,25.5126953125
1296635,23.8037109375
1296692,30.82275390625
1297600,26.18408203125
1297678,28.01513671875
1297973,24.4140625
1333128,26.85546875
1333268,26.85546875
1333394,29.47998046875
1333408,34.7900390625
1333443,27.77099609375
1333470,32.1044921875
1333498,39.9169921875
1333517,32.958984375
1333540,24.2919921875
1333592,26.85546875
1333611,27.9541015625
1333643,25.20751953125
1333702,36.7431640625
1333714,23.98681640625
1333739,26.06201171875
1333762,24.35302734375
1333834,28.74755859375
1333871,27.4658203125
1335031,29.1748046875
1335122,25.08544921875
1335279,25.634765625
1335305,24.90234375
1363549,30.76171875
1363703,35.70556640625
1363739,49.8046875
1363760,30.57861328125
1363801,33.50830078125
1363846,28.80859375
1363864,24.71923828125
1363900,39.73388671875
1363923,24.5361328125
1363953,30.517578125
1363971,30.517578125
1364008,29.23583984375
1364040,30.45654296875
1364060,29.23583984375
1364075,29.23583984375
1364160,26.30615234375
1364238,28.99169921875
1364270,24.90234375
1365036,24.10888671875
1365218,29.541015625
1365231,24.47509765625
1365327,28.9306640625
1365373,28.25927734375
1365488,25.2685546875
1398722,26.06201171875
1399031,24.169921875
1399221,34.48486328125
1399251,35.400390625
1399281,40.95458984375
1399316,38.14697265625
1399345,48.40087890625
1399383,42.78564453125
1399423,30.33447265625
1399509,25.45166015625
1399537,24.4140625
1399551,23.86474609375
1399584,32.40966796875
1399639,30.94482421875
1400760,32.5927734375
1400826,26.91650390625
1400870,24.0478515625
1400955,24.23095703125
1426332,30.517578125
1426489,32.89794921875
1426556,47.8515625
1426628,26.611328125
1426695,34.0576171875
1426728,24.658203125
1426775,30.3955078125
1426803,26.30615234375
1426847,37.2314453125
1426877,25.7568359375
1426893,26.0009765625
1426963,24.2919921875
1428119,26.18408203125
1428228,34.1796875
1462570,27.03857421875
1462671,24.35302734375
1462710,37.53662109375
1462769,29.4189453125
1462782,29.72412109375
1462828,52.67333984375
1462885,24.4140625
1462915,33.5693359375
1462943,23.8037109375
1462964,27.2216796875
1462990,35.21728515625
1463003,26.91650390625
1463016,31.18896484375
1463049,37.353515625
1463065,36.4990234375
1463097,27.34375
1463133,24.47509765625
1463347,25.08544921875
1464244,26.611328125
1464291,23.86474609375
1464338,24.96337890625
1464408,24.59716796875
1464436,26.30615234375
1489745,30.517578125
1489789,28.4423828125
1489840,32.16552734375
1489852,24.0478515625
1489866,45.8984375
1489921,24.96337890625
1489947,53.03955078125
1490001,62.5
1490017,38.87939453125
1490035,36.9873046875
1490069,27.4658203125
1490093,31.31103515625
1490109,31.1279296875
1490140,34.3017578125
1490161,26.85546875
1490179,33.02001953125
1490223,24.658203125
1491300,29.96826171875
1491398,27.77099609375
1491504,27.64892578125
1521232,29.1748046875
1521343,30.57861328125
1521376,37.9638671875
1521400,32.16552734375
1521434,27.587890625
1521449,48.7060546875
1521498,29.052734375
1521518,24.5361328125
1521534,26.18408203125
1521577,37.90283203125
1521609,31.3720703125
1521643,54.50439453125
1521660,47.7294921875
1521706,31.73828125
1521728,24.47509765625
1521773,29.11376953125
1521802,30.3955078125
1522854,38.4521484375
1522911,26.79443359375
1523019,38.02490234375
1523276,25.69580078125
1548461,27.099609375
1548615,31.18896484375
1548736,32.89794921875
1548769,34.11865234375
1548793,41.8701171875
1548837,29.9072265625
1548865,44.189453125
1548877,25.146484375
1548935,34.912109375
1548946,52.42919921875
1548995,30.029296875
1549021,38.6962890625
1549059,31.43310546875
1549079,27.52685546875
1549129,35.400390625
1549181,24.0478515625
1549308,23.92578125
1550195,28.3203125
1550393,33.87451171875
1550434,26.85546875
1583452,33.5693359375
1583612,44.00634765625
1583651,43.64013671875
1583678,46.69189453125
1583743,58.28857421875
1583772,27.64892578125
1583808,39.9169921875
1583818,27.52685546875
1583840,27.64892578125
1583868,33.75244140625
1583879,33.203125
1583910,29.60205078125
1583958,30.82275390625
1583974,26.4892578125
1584042,25.146484375
1584921,24.658203125
1585043,23.98681640625
1585269,32.2265625
1585333,25.0244140625
1609988,28.01513671875
1610247,31.8603515625
1610284,41.6259765625
1610326,25.08544921875
1610362,26.4892578125
1610397,27.34375
1610428,30.82275390625
1610450,28.076171875
1610486,35.58349609375
1610517,29.296875
1610575,26.123046875
1610587,29.6630859375
1610631,23.86474609375
1610649,23.8037109375
1610666,24.71923828125
1610693,25.20751953125
1610728,31.79931640625
1610802,28.25927734375
1611809,43.15185546875
1611861,26.79443359375
1611973,29.96826171875
1612163,25.32958984375
1637774,27.40478515625
1637901,24.0478515625
1638027,49.9267578125
1638088,31.31103515625
1638134,24.7802734375
1638173,26.85546875
1638186,39.6728515625
1638229,24.5361328125
1638245,45.7763671875
1638265,37.04833984375
1638298,28.13720703125
1638320,41.19873046875
1638330,31.43310546875
1638346,24.23095703125
1638367,26.611328125
1638400,23.86474609375
1638427,26.91650390625
1638473,32.77587890625
1638515,24.96337890625
1638563,25.93994140625
1638680,23.8037109375
1639607,24.23095703125
1639722,24.23095703125
1639798,27.40478515625
1639854,24.35302734375
1665480,27.587890625
1665628,24.0478515625
1665714,50.048828125
1665725,54.931640625
1665774,30.82275390625
1665791,46.5087890625
1665852,42.05322265625
1665873,28.564453125
1665908,45.0439453125
1665926,36.62109375
1665964,26.9775390625
1665975,25.45166015625
1666010,30.76171875
1666026,25.0244140625
1666070,25.81787109375
1666094,25.390625
1666153,32.8369140625
1667075,26.7333984375
1667191,23.8037109375
1667284,27.64892578125
1693696,23.86474609375
1693894,24.90234375
1694023,33.63037109375
1694071,30.70068359375
1694143,62.6220703125
1694211,46.08154296875
1694264,31.6162109375
1694276,42.3583984375
1694325,32.1044921875
1694337,33.99658203125
1694362,43.3349609375
1694412,26.9775390625
1694437,25.32958984375
1694466,32.16552734375
1694626,26.4892578125
1694659,24.96337890625
1695441,32.53173828125
1695778,30.3955078125
1722947,24.658203125
1723147,26.4892578125
1723314,33.87451171875
1723339,49.31640625
1723368,33.69140625
1723404,39.48974609375
1723420,30.82275390625
1723448,25.08544921875
1723473,51.33056640625
1723491,38.14697265625
1723546,31.005859375
1723561,26.79443359375
1723583,25.08544921875
1723686,23.8037109375
1723715,24.658203125
1724796,33.69140625
1724945,25.7568359375
1724982,28.99169921875
1725048,25.87890625
1725253,24.23095703125
1752081,30.6396484375
1752197,25.20751953125
1752317,47.119140625
1752412,24.71923828125
1752438,25.634765625
1752458,51.81884765625
1752511,47.66845703125
1752521,42.6025390625
1752538,25.7568359375
1752577,41.9921875
1752591,31.79931640625
1752618,30.09033203125
1752652,37.29248046875
1752689,36.62109375
1752705,24.4140625
1752758,23.86474609375
1752790,24.84130859375
1752833,25.2685546875
1753727,27.2216796875
1754995,23.98681640625
1781619,28.99169921875
1781893,40.0390625
1781943,40.95458984375
1781989,29.4189453125
1782048,29.4189453125
1782069,51.26953125
1782104,27.89306640625
1782133,33.447265625
1782203,25.32958984375
1782246,27.587890625
1782316,25.2685546875
1782353,29.541015625
1783395,25.390625
1783657,25.08544921875
1784497,24.2919921875
1811021,26.611328125
1811347,23.92578125
1811368,29.6630859375
1811423,47.54638671875
1811474,28.62548828125
1811521,30.70068359375
1811540,38.26904296875
1811572,38.2080078125
1811586,24.23095703125
1811615,26.0009765625
1811634,30.82275390625
1811648,37.353515625
1811660,26.7333984375
1811729,28.076171875
1811753,36.865234375
1811802,26.18408203125
1811849,26.42822265625
1813077,23.86474609375
1842704,25.0244140625
1842868,26.18408203125
1842934,29.541015625
1843086,32.958984375
1843121,28.80859375
1843161,39.794921875
1843191,24.59716796875
1843215,35.46142578125
1843244,43.27392578125
1843269,40.1611328125
1843295,26.85546875
1843336,28.6865234375
1843346,29.11376953125
1843386,27.77099609375
1843417,38.330078125
1843490,29.1748046875
1843537,27.64892578125
1844777,26.4892578125
1845578,27.03857421875
1874672,27.587890625
1874793,26.611328125
1874907,31.73828125
1874956,28.86962890625
1874968,26.0009765625
1874990,64.02587890625
1875025,24.169921875
1875048,38.818359375
1875083,33.14208984375
1875107,37.109375
1875121,23.86474609375
1875160,25.146484375
1875195,37.353515625
1875223,31.06689453125
1875246,29.1748046875
1875282,26.4892578125
1875292,27.587890625
1875333,36.80419921875
1875351,30.3955078125
1876403,24.10888671875
1876601,24.47509765625
1911257,25.32958984375
1911397,25.5126953125
1911469,48.15673828125
1911534,50.96435546875
1911544,28.9306640625
1911591,43.5791015625
1911626,31.18896484375
1911649,27.28271484375
1911690,26.4892578125
1911719,46.69189453125
1911755,31.92138671875
1911810,24.84130859375
1911845,27.7099609375
1911871,23.98681640625
1911885,29.60205078125
1911938,24.2919921875
1911969,26.3671875
1913025,28.4423828125
1941077,29.23583984375
1941107,29.1748046875
1941170,44.25048828125
1941202,27.34375
1941227,48.4619140625
1941252,32.8369140625
1941277,24.4140625
1941292,28.74755859375
1941326,29.11376953125
1941337,27.4658203125
1941360,24.96337890625
1941383,28.86962890625
1941414,30.3955078125
1941436,26.123046875
1941497,27.16064453125
1941528,39.1845703125
1941714,25.20751953125
1942783,24.96337890625
1943204,23.92578125
1943521,26.85546875
1975730,32.1044921875
1975870,28.3203125
1975969,40.10009765625
1976014,29.35791015625
1976047,33.02001953125
1976067,29.4189453125
1976103,23.92578125
1976123,35.0341796875
1976163,34.912109375
1976184,34.423828125
1976198,29.1748046875
1976217,40.1611328125
1976311,26.67236328125
1976339,28.99169921875
1976375,29.84619140625
1976390,24.90234375
1976450,28.01513671875
1977519,25.146484375
1977530,24.23095703125
1977634,27.64892578125
1977815,26.55029296875
1977998,23.86474609375
2013037,29.96826171875
2013106,49.49951171875
2013187,24.0478515625
2013253,30.21240234375
2013263,37.53662109375
2013282,34.0576171875
2013310,34.85107421875
2013329,34.11865234375
2013355,33.87451171875
2013371,36.865234375
2013418,35.888671875
2013462,30.70068359375
2013480,31.982421875
2013506,34.1796875
2013680,32.16552734375
2042608,28.01513671875
2042936,24.23095703125
2043165,29.84619140625
2043235,30.33447265625
2043260,30.33447265625
2043321,31.6162109375
2043365,26.3671875
2043387,44.86083984375
2043407,31.1279296875
2043448,29.541015625
2043460,29.84619140625
2043476,33.02001953125
2043492,25.2685546875
2043524,25.87890625
2043545,24.10888671875
2043579,28.50341796875
2043607,23.8037109375
2043646,29.96826171875
2044684,27.9541015625
2044823,23.92578125
2044884,29.35791015625
2044937,26.611328125
2045041,34.3017578125
2078331,33.447265625
2078565,26.7333984375
2078585,45.7763671875
2078627,48.583984375
2078637,30.70068359375
2078674,36.7431640625
2078714,37.04833984375
2078725,49.1943359375
2078784,42.54150390625
2078804,42.724609375
2078825,31.43310546875
2078869,28.62548828125
2078940,24.658203125
2078971,30.517578125
2079664,24.2919921875
2080009,27.34375
2080173,26.2451171875
2108201,26.611328125
2108387,31.43310546875
2108450,31.31103515625
2108503,49.98779296875
2108549,25.93994140625
2108570,40.95458984375
2108587,25.20751953125
2108609,35.2783203125
2108647,26.79443359375
2108680,43.27392578125
2108703,46.56982421875
2108757,30.82275390625
2108841,32.16552734375
2108874,23.98681640625
2108910,26.7333984375
2109989,24.47509765625
2110234,26.4892578125
2139312,24.169921875
2139416,25.390625
2139533,31.06689453125
2139561,25.69580078125
2139586,40.4052734375
2139639,29.1748046875
2139658,24.2919921875
2139671,44.98291015625
2139748,27.099609375
2139768,26.18408203125
2139804,24.658203125
2139930,24.23095703125
2139965,28.6865234375
2141077,24.0478515625
2141285,24.658203125
2173165,24.0478515625
2173306,35.46142578125
2173370,33.8134765625
2173388,39.48974609375
2173439,32.04345703125
2173458,25.390625
2173496,43.701171875
2173525,40.95458984375
2173538,26.55029296875
2173555,33.3251953125
2173588,36.43798828125
2173607,30.33447265625
2173646,31.31103515625
2173673,25.08544921875
2173723,29.60205078125
2173778,24.2919921875
2173867,25.0244140625
2213510,24.47509765625
2213576,44.677734375
2213587,49.8046875
2213658,29.4189453125
2213668,47.36328125
2213701,24.10888671875
2213727,46.9970703125
2213746,24.4140625
2213782,27.2216796875
2213803,25.634765625
2213815,48.2177734375
2213845,30.21240234375
2213865,34.36279296875
2213923,31.73828125
2213955,32.5927734375
2213992,24.658203125
2214028,25.0244140625
2214061,25.20751953125
2215110,25.57373046875
2250882,24.35302734375
2251320,27.83203125
2251401,26.91650390625
2251452,27.587890625
2251470,41.44287109375
2251509,52.3681640625
2251564,44.00634765625
2251605,32.28759765625
2251626,27.89306640625
2251652,24.5361328125
2251683,25.08544921875
2251715,30.8837890625
2251745,27.587890625
2251786,30.517578125
2251826,31.982421875
2251899,24.84130859375
2252084,25.146484375
2253487,23.98681640625
2286830,27.03857421875
2287025,36.7431640625
2287104,43.9453125
2287134,24.10888671875
2287160,32.8369140625
2287197,49.072265625
2287235,38.14697265625
2287265,50.59814453125
2287295,31.6162109375
2287314,26.4892578125
2287334,31.8603515625
2287405,24.90234375
2287431,27.64892578125
2288899,23.98681640625
2316777,34.48486328125
2316970,26.9775390625
2317049,29.052734375
2317100,30.57861328125
2317120,28.86962890625
2317153,29.541015625
2317208,29.052734375
2317233,34.912109375
2317258,50.4150390625
2317290,24.47509765625
2317323,25.57373046875
2317340,39.55078125
2317398,28.62548828125
2317443,29.78515625
2317471,23.86474609375
2318795,29.47998046875
2318880,29.72412109375
2320023,33.99658203125
2320060,25.20751953125
2347535,24.7802734375
2348148,24.10888671875
2348317,31.79931640625
2348397,58.59375
2348429,24.0478515625
2348461,37.53662109375
2348506,26.4892578125
2348536,53.52783203125
2348582,25.2685546875
2348626,56.396484375
2348646,29.6630859375
2348674,28.50341796875
2348705,32.89794921875
2348730,43.88427734375
2348744,24.96337890625
2348800,31.18896484375
2348830,30.21240234375
2349906,27.16064453125
2350013,26.85546875
2350120,26.123046875
2351210,24.2919921875
2351551,24.10888671875
2379304,30.70068359375
2379398,30.33447265625
2379515,28.86962890625
2379535,41.93115234375
2379567,26.67236328125
2379593,29.96826171875
2379634,35.46142578125
2379651,28.80859375
2379674,28.01513671875
2379693,31.18896484375
2379706,36.07177734375
2379783,26.9775390625
2379811,33.50830078125
2379852,28.80859375
2379875,31.3720703125
2379889,30.21240234375
2379918,24.4140625
2380046,25.390625
2381044,28.50341796875
2381159,27.587890625
2381272,27.7099609375
2381300,26.2451171875
2381363,26.06201171875
2382520,26.55029296875
2410367,26.18408203125
2410518,28.80859375
2410605,29.96826171875
2410684,28.564453125
2410729,79.4677734375
2410775,26.3671875
2410788,31.3720703125
2410834,28.80859375
2410860,24.59716796875
2410888,31.06689453125
2410915,28.076171875
2410927,30.76171875
2410954,30.3955078125
2410976,24.169921875
2411007,39.48974609375
2411052,30.6396484375
2411126,27.34375
2412373,24.84130859375
2412416,29.72412109375
2412481,24.169921875
2412535,27.16064453125
2413739,29.60205078125
2413859,32.3486328125
2442916,29.6630859375
2443064,24.4140625
2443126,25.634765625
2443207,24.4140625
2443235,35.888671875
2443256,53.03955078125
2443303,34.0576171875
2443330,29.96826171875
2443360,34.36279296875
2443380,25.57373046875
2443415,48.64501953125
2443468,34.36279296875
2443499,24.4140625
2443540,25.57373046875
2443586,23.8037109375
2443616,26.91650390625
2443668,27.099609375
2444679,26.30615234375
2444866,27.52685546875
2446340,24.96337890625
2474679,25.81787109375
2474721,23.98681640625
2474768,26.85546875
2474887,25.634765625
2474996,26.42822265625
2475018,33.14208984375
2475057,48.4619140625
2475120,28.62548828125
2475165,42.236328125
2475196,29.11376953125
2475206,29.84619140625
2475221,28.9306640625
2475232,33.5693359375
2475262,24.96337890625
2475309,31.3720703125
2475364,25.32958984375
2475382,24.47509765625
2475420,24.0478515625
2475517,25.390625
2475549,25.93994140625
2476687,26.611328125
2476859,29.47998046875
2477923,30.33447265625
2478118,34.72900390625
2505880,24.658203125
2505996,25.93994140625
2506263,46.81396484375
2506274,33.38623046875
2506314,24.5361328125
2506333,55.23681640625
2506344,26.79443359375
2506382,24.10888671875
2506446,34.97314453125
2506473,33.3251953125
2506490,26.30615234375
2506525,31.982421875
2506540,49.31640625
2506599,25.146484375
2506633,25.45166015625
2506651,29.9072265625
2507769,24.4140625
2507929,28.99169921875
2509208,23.8037109375
2509571,32.3486328125
2537447,26.4892578125
2537631,25.81787109375
2537694,24.7802734375
2537757,52.30712890625
2537808,34.97314453125
2537839,26.611328125
2537871,41.68701171875
2537935,37.90283203125
2537967,25.390625
2537989,30.45654296875
2538003,40.6494140625
2538051,27.40478515625
2538072,35.70556640625
2538104,35.21728515625
2538136,26.91650390625
2538155,28.80859375
2538183,27.40478515625
2538227,27.4658203125
2539338,29.296875
2540875,23.8037109375
2569208,26.67236328125
2569355,30.21240234375
2569439,40.771484375
2569462,32.65380859375
2569497,32.71484375
2569547,27.4658203125
2569587,49.98779296875
2569604,29.35791015625
2569626,27.16064453125
2569667,40.34423828125
2569684,47.4853515625
2569729,38.14697265625
2569747,25.57373046875
2569819,32.8369140625
2569886,23.98681640625
2571485,23.86474609375
2599622,26.91650390625
2599733,26.79443359375
2599924,27.4658203125
2599936,34.1796875
2600027,49.8046875
2600048,37.109375
2600085,30.8837890625
2600098,26.91650390625
2600173,25.634765625
2600204,44.25048828125
2600218,29.78515625
2600257,24.658203125
2600276,29.4189453125
2600291,36.07177734375
2600313,27.587890625
2600398,28.99169921875
2600474,24.96337890625
2600601,27.587890625
2600612,24.96337890625
2600658,23.98681640625
2601816,31.73828125
2602015,25.45166015625
2602182,25.0244140625
2602876,28.25927734375
2630803,27.52685546875
2630918,28.076171875
2631093,33.447265625
2631131,45.654296875
2631144,29.84619140625
2631176,30.09033203125
2631192,44.5556640625
2631253,33.3251953125
2631263,28.62548828125
2631283,32.470703125
2631344,29.4189453125
2631356,31.18896484375
2631389,26.91650390625
2631412,25.45166015625
2631455,29.84619140625
2631489,27.7099609375
2631502,26.4892578125
2631557,30.57861328125
2631590,23.8037109375
2632499,26.06201171875
2632752,29.47998046875
2632911,26.123046875
2633394,24.23095703125
2662531,23.86474609375
2662665,26.123046875
2662796,35.64453125
2662820,42.17529296875
2662849,35.46142578125
2662876,27.7099609375
2662897,36.1328125
2662933,30.33447265625
2662972,25.0244140625
2663002,31.06689453125
2663040,47.18017578125
2663085,44.12841796875
2663119,28.74755859375
2663148,41.93115234375
2663181,24.2919921875
2663216,26.611328125
2663251,27.587890625
2664436,28.80859375
2664510,26.06201171875
2664550,25.7568359375
2664897,25.08544921875
2696030,27.77099609375
2696044,26.67236328125
2696477,29.47998046875
2696539,45.8984375
2696597,41.50390625
2696660,38.6962890625
2696678,27.03857421875
2696707,29.96826171875
2696741,39.85595703125
2696776,27.9541015625
2696809,32.71484375
2696819,39.9169921875
2696847,27.28271484375
2696870,50.96435546875
2696906,31.73828125
2696978,30.09033203125
2697068,27.40478515625
2697117,26.42822265625
2698435,34.3017578125
2728197,27.64892578125
2728323,30.6396484375
2728357,52.06298828125
2728389,47.8515625
2728444,34.36279296875
2728500,41.68701171875
2728510,34.85107421875
2728540,28.3203125
2728564,51.08642578125
2728597,38.63525390625
2728617,25.69580078125
2728649,33.447265625
2728686,24.90234375
2730014,24.7802734375
2772438,25.45166015625
2772515,23.8037109375
2772755,37.109375
2772805,31.67724609375
2772830,46.20361328125
2772865,38.51318359375
2772883,44.73876953125
2772918,24.35302734375
2772947,30.2734375
2772969,26.18408203125
2773024,30.8837890625
2773036,29.6630859375
2773062,31.79931640625
2773101,33.5693359375
2773159,32.04345703125
2773305,32.5927734375
2774445,32.1044921875
2774461,27.34375
2774588,29.6630859375
2774598,23.98681640625
2803466,28.564453125
2803886,24.47509765625
2803949,29.6630859375
2803975,51.33056640625
2804035,41.8701171875
2804099,31.005859375
2804129,24.10888671875
2804158,29.47998046875
2804187,24.4140625
2804210,25.20751953125
2804233,27.52685546875
2804254,23.86474609375
2804274,24.84130859375
2804289,29.84619140625
2804335,28.9306640625
2804349,30.2734375
2804402,24.84130859375
2804454,28.62548828125
2804516,24.169921875
2805377,25.20751953125
2805623,36.56005859375
2805965,24.658203125
2834383,29.4189453125
2834653,23.8037109375
2834739,28.25927734375
2834873,44.677734375
2834912,42.96875
2834932,32.958984375
2834962,44.98291015625
2834988,39.00146484375
2835005,29.9072265625
2835056,29.296875
2835087,29.1748046875
2835110,27.4658203125
2835121,25.20751953125
2835146,31.92138671875
2835199,27.40478515625
2835228,34.72900390625
2835282,26.2451171875
2835312,26.4892578125
2835363,27.7099609375
2835461,23.8037109375
2836591,25.634765625
2836678,25.69580078125
2863923,23.8037109375
2864152,26.4892578125
2864366,27.4658203125
2864390,36.62109375
2864451,34.423828125
2864514,36.80419921875
2864547,27.9541015625
2864581,27.34375
2864637,39.6728515625
2864671,38.02490234375
2864706,40.771484375
2864759,40.283203125
2864792,27.34375
2864834,28.99169921875
2864880,29.4189453125
2864939,25.5126953125
2866015,23.86474609375
2866061,29.35791015625
2866147,25.5126953125
2866226,28.74755859375
2893289,25.5126953125
2893663,28.74755859375
2893700,47.7294921875
2893748,25.45166015625
2893794,45.41015625
2893859,51.1474609375
2893873,26.79443359375
2893913,43.76220703125
2893982,26.0009765625
2894045,27.03857421875
2894067,37.53662109375
2894101,25.81787109375
2894138,29.60205078125
2894150,24.658203125
2894162,27.587890625
2894400,25.93994140625
2895161,28.564453125
2895364,26.91650390625
2895399,23.98681640625
2895525,24.90234375
2895555,27.2216796875
2921963,30.3955078125
2922090,24.96337890625
2922206,26.611328125
2922379,32.71484375
2922434,56.884765625
2922451,28.25927734375
2922483,26.42822265625
2922543,44.189453125
2922616,37.53662109375
2922678,42.1142578125
2922729,26.4892578125
2922743,39.73388671875
2922771,38.26904296875
2922813,39.24560546875
2922892,28.13720703125
2922919,30.82275390625
2923910,28.01513671875
2924137,26.30615234375
2924340,24.4140625
2925246,24.23095703125
2950600,25.2685546875
2950856,23.8037109375
2951008,30.94482421875
2951075,36.07177734375
2951130,29.60205078125
2951156,32.5927734375
2951217,26.7333984375
2951256,26.7333984375
2951275,25.87890625
2951306,28.9306640625
2951355,40.0390625
2951376,38.63525390625
2951415,50.29296875
2951437,27.03857421875
2951463,25.69580078125
2951493,35.2783203125
2951602,24.5361328125
2951678,24.35302734375
2952907,24.0478515625
2952939,26.123046875
2954178,25.2685546875
2979182,24.2919921875
2979344,29.72412109375
2979441,44.5556640625
2979455,36.43798828125
2979497,30.70068359375
2979536,26.3671875
2979560,33.203125
2979578,25.2685546875
2979603,38.39111328125
2979615,26.79443359375
2979646,28.38134765625
2979662,24.4140625
2979681,27.28271484375
2979718,27.7099609375
2979777,24.7802734375
2979804,25.81787109375
2979840,25.45166015625
2979864,29.052734375
2979983,25.32958984375
2980835,30.517578125
2981065,33.38623046875
2981524,24.4140625
3007546,30.33447265625
3007806,28.4423828125
3008196,24.5361328125
3008260,27.34375
3008306,36.9873046875
3008328,28.9306640625
3008381,24.169921875
3008409,25.93994140625
3008431,24.35302734375
3008447,29.35791015625
3008496,36.2548828125
3008521,24.169921875
3008533,52.91748046875
3008583,24.47509765625
3008614,28.50341796875
3008632,27.7099609375
3008711,25.81787109375
3009773,25.32958984375
3009925,27.03857421875
3010084,24.2919921875
3010371,32.04345703125
3036619,26.91650390625
3036979,24.5361328125
3037277,26.42822265625
3037314,33.87451171875
3037371,25.08544921875
3037424,38.57421875
3037481,31.005859375
3037554,25.93994140625
3037564,34.97314453125
3037614,29.11376953125
3037630,40.46630859375
3037691,42.6025390625
3037744,38.63525390625
3037770,33.63037109375
3037814,27.77099609375
3037935,29.11376953125
3039063,25.5126953125
3039265,26.79443359375
3040107,24.84130859375
3065730,24.7802734375
3066099,30.2734375
3066114,26.67236328125
3066137,45.7763671875
3066160,27.099609375
3066195,32.89794921875
3066242,31.005859375
3066266,24.71923828125
3066352,25.57373046875
3066397,42.8466796875
3066447,26.91650390625
3066484,34.7900390625
3066494,31.005859375
3066534,32.89794921875
3066562,29.4189453125
3066608,24.23095703125
3067654,24.47509765625
3067903,36.62109375
3068063,25.08544921875
3094506,25.69580078125
3094845,24.4140625
3095084,37.90283203125
3095261,23.8037109375
3095283,35.82763671875
3095309,38.330078125
3095362,34.85107421875
3095374,28.4423828125
3095434,34.912109375
3095462,31.79931640625
3095518,33.447265625
3095550,30.45654296875
3095566,25.45166015625
3095604,33.447265625
3095624,25.146484375
3095634,34.36279296875
3095680,24.96337890625
3095706,25.20751953125
3096946,24.2919921875
3097114,25.2685546875
3097361,23.86474609375
3124500,27.7099609375
3124610,24.84130859375
3124765,51.513671875
3124794,51.33056640625
3124819,26.91650390625
3124849,26.79443359375
3124894,28.9306640625
3124932,24.59716796875
3124970,24.10888671875
3124991,25.390625
3125028,51.1474609375
3125039,30.70068359375
3125064,24.658203125
3125097,31.55517578125
3125120,26.611328125
3125141,31.1279296875
3125162,24.10888671875
3125191,26.85546875
3125250,23.86474609375
3125296,23.92578125
3125338,31.1279296875
3125449,23.8037109375
3126504,31.67724609375
3126674,24.47509765625
3126687,29.78515625
3153823,25.87890625
3154136,27.587890625
3154202,48.40087890625
3154213,31.3720703125
3154258,29.541015625
3154300,27.4658203125
3154323,25.81787109375
3154347,30.3955078125
3154396,28.62548828125
3154474,33.50830078125
3154495,24.7802734375
3154553,26.79443359375
3154568,30.57861328125
3154620,26.30615234375
3154641,25.57373046875
3154679,28.62548828125
3154735,24.0478515625
3155905,26.7333984375
3156077,27.34375
3156092,27.52685546875
3182806,27.16064453125
3183367,24.10888671875
3183599,24.47509765625
3183672,36.7431640625
3183766,39.0625
3183781,27.77099609375
3183821,43.212890625
3183886,34.3017578125
3183975,37.29248046875
3183998,27.64892578125
3184021,27.7099609375
3184046,32.16552734375
3184081,35.2783203125
3184107,25.390625
3184155,30.3955078125
3184248,26.3671875
3184316,29.72412109375
3185499,27.16064453125
3185740,31.43310546875
3212286,26.85546875
3212627,24.0478515625
3212914,33.63037109375
3212968,23.8037109375
3212979,25.32958984375
3213032,27.9541015625
3213050,27.64892578125
3213066,24.10888671875
3213102,24.47509765625
3213125,24.23095703125
3213147,31.73828125
3213168,28.80859375
3213201,33.02001953125
3213229,25.57373046875
3213250,23.98681640625
3213285,54.5654296875
3213299,27.9541015625
3213329,26.3671875
3213424,31.982421875
3213440,27.099609375
3213471,32.8369140625
3213488,24.2919921875
3213515,26.7333984375
3213623,24.35302734375
3214766,24.59716796875
3214856,23.86474609375
3215168,23.98681640625
3215355,29.78515625
3241479,27.34375
3241777,32.71484375
3241836,33.50830078125
3241899,55.7861328125
3241961,39.1845703125
3242010,37.9638671875
3242020,24.4140625
3242054,31.92138671875
3242085,27.77099609375
3242142,23.86474609375
3242189,36.0107421875
3242210,24.169921875
3242244,26.67236328125
3242271,38.818359375
3242313,26.2451171875
3242373,25.146484375
3243592,28.9306640625
3243811,25.7568359375
3243900,24.71923828125
3270833,24.47509765625
3271086,24.169921875
3271161,26.67236328125
3271204,40.771484375
3271276,29.296875
3271324,27.9541015625
3271384,42.90771484375
3271427,30.21240234375
3271474,27.4658203125
3271494,26.0009765625
3271508,57.43408203125
3271569,28.80859375
3271595,30.8837890625
3271656,29.47998046875
3300222,24.84130859375
3300453,25.634765625
3300763,30.3955078125
3300820,32.8369140625
3300864,32.65380859375
3300924,49.8046875
3300982,26.85546875
3300994,42.1142578125
3301076,31.55517578125
3301102,26.4892578125
3301125,25.20751953125
3301155,39.36767578125
3301173,29.052734375
3301217,32.89794921875
3301253,23.98681640625
3301325,24.5361328125
3301347,24.35302734375
3301618,25.634765625
3302690,31.31103515625
3302863,29.72412109375
3302949,24.23095703125
3328972,28.25927734375
3329206,25.93994140625
3329337,25.0244140625
3329376,36.92626953125
3329396,52.67333984375
3329452,36.31591796875
3329518,24.658203125
3329585,52.79541015625
3329631,26.3671875
3329659,24.658203125
3329669,28.99169921875
3329730,24.5361328125
3329751,31.1279296875
3329769,38.63525390625
3329816,27.03857421875
3329838,26.611328125
3329884,34.423828125
3329909,25.5126953125
3329940,31.3720703125
3329951,25.7568359375
3329985,23.98681640625
3330030,28.74755859375
3330068,31.31103515625
3358420,24.0478515625
3358583,25.45166015625
3358783,30.70068359375
3358819,26.611328125
3358846,50.4150390625
3358914,37.04833984375
3358956,40.58837890625
3358997,26.0009765625
3359070,30.517578125
3359092,28.74755859375
3359109,31.55517578125
3359132,26.91650390625
3359143,38.6962890625
3359225,26.85546875
3359261,24.658203125
3359314,28.1982421875
3359371,26.18408203125
3386844,23.92578125
3387189,25.20751953125
3387436,31.67724609375
3387541,51.57470703125
3387553,23.8037109375
3387591,29.9072265625
3387604,34.11865234375
3387655,29.1748046875
3387727,30.82275390625
3387745,29.296875
3387780,28.076171875
3387794,25.634765625
3387812,33.75244140625
3387826,29.60205078125
3387865,36.80419921875
3387900,25.69580078125
3387936,27.77099609375
3387959,33.50830078125
3388020,29.23583984375
3389554,31.18896484375
3417157,26.4892578125
3417254,33.87451171875
3417272,25.5126953125
3417299,42.05322265625
3417351,36.7431640625
3417370,33.26416015625
3417407,46.7529296875
3417417,35.0341796875
3417473,37.78076171875
3417556,34.423828125
3417604,33.935546875
3417643,26.42822265625
3417666,26.9775390625
3417712,24.84130859375
3417782,25.57373046875
3417835,26.0009765625
3419187,24.96337890625
3419273,26.0009765625
3445844,26.7333984375
3446048,25.7568359375
3446186,29.96826171875
3446270,44.677734375
3446313,25.57373046875
3446348,31.43310546875
3446449,29.60205078125
3446479,27.587890625
3446507,33.02001953125
3446523,26.91650390625
3446567,29.35791015625
3446581,28.80859375
3446636,30.3955078125
3446660,25.32958984375
3446670,31.92138671875
3446715,26.123046875
3446745,25.7568359375
3446796,26.2451171875
3446816,26.0009765625
3447999,24.84130859375
3475744,26.91650390625
3476079,32.470703125
3476116,38.75732421875
3476174,33.75244140625
3476186,29.4189453125
3476233,28.25927734375
3476257,27.52685546875
3476317,28.80859375
3476327,24.7802734375
3476363,35.64453125
3476384,24.0478515625
3476438,23.8037109375
3476463,35.7666015625
3476494,25.7568359375
3476517,28.13720703125
3476549,26.42822265625
3476585,26.4892578125
3476595,30.517578125
3476644,24.71923828125
3476718,24.10888671875
3476750,24.4140625
3504348,24.90234375
3504488,32.53173828125
3504546,24.5361328125
3504640,36.80419921875
3504690,28.13720703125
3504717,31.79931640625
3504748,28.25927734375
3504787,25.20751953125
3504804,34.36279296875
3504870,37.7197265625
3504900,24.47509765625
3504935,25.146484375
3505007,30.45654296875
3505019,24.10888671875
3505033,35.82763671875
3505072,26.55029296875
3505095,24.169921875
3505169,24.4140625
3506438,24.47509765625
3506470,24.658203125
3506584,23.92578125
3533354,29.72412109375
3533677,30.8837890625
3533739,27.52685546875
3533816,36.376953125
3533866,44.189453125
3533886,32.40966796875
3533921,27.40478515625
3533949,23.8037109375
3533994,26.2451171875
3534017,32.958984375
3534094,24.23095703125
3534123,25.5126953125
3534146,37.2314453125
3534200,25.634765625
3534390,27.099609375
3535644,24.5361328125
3536101,25.87890625
3563840,34.912109375
3563901,39.794921875
3563962,32.5927734375
3563992,24.10888671875
3564021,32.71484375
3564037,24.90234375
3564082,26.611328125
3564105,24.35302734375
3564159,62.19482421875
3564170,31.005859375
3564192,26.85546875
3564232,26.2451171875
3564257,29.9072265625
3564313,25.146484375
3564359,27.40478515625
3564386,25.20751953125
3565495,25.87890625
3565540,26.42822265625
3565689,37.29248046875
3593576,27.03857421875
3593843,24.0478515625
3593909,27.40478515625
3594019,28.6865234375
3594042,42.41943359375
3594088,52.001953125
3594178,32.958984375
3594188,25.20751953125
3594213,25.57373046875
3594241,25.5126953125
3594301,47.30224609375
3594321,25.20751953125
3594340,32.04345703125
3594446,24.47509765625
3594488,26.18408203125
3595891,26.18408203125
3624601,27.4658203125
3624719,25.32958984375
3624776,24.7802734375
3624895,36.9873046875
3624951,52.490234375
3625003,28.86962890625
3625047,24.90234375
3625059,25.69580078125
3625118,29.1748046875
3625148,25.390625
3625180,46.93603515625
3625195,35.46142578125
3625244,27.83203125
3625279,25.32958984375
3625361,28.4423828125
3626484,26.9775390625
3626875,24.59716796875
3627814,25.0244140625
3655631,24.84130859375
3655907,24.658203125
3656202,28.01513671875
3656273,32.71484375
3656387,35.400390625
3656437,50.78125
3656488,33.63037109375
3656504,28.3203125
3656546,26.2451171875
3656570,34.72900390625
3656618,25.87890625
3656645,43.02978515625
3656668,31.18896484375
3656682,34.11865234375
3656725,32.470703125
3656776,25.7568359375
3656846,25.08544921875
3659320,34.97314453125
3685423,26.06201171875
3685607,32.5927734375
3685636,50.78125
3685707,33.935546875
3685736,24.84130859375
3685766,48.583984375
3685776,27.587890625
3685826,34.85107421875
3685867,28.86962890625
3685899,37.841796875
3685939,23.98681640625
3685955,34.0576171875
3686002,30.70068359375
3686012,24.7802734375
3686046,33.69140625
3686192,24.96337890625
3687363,27.099609375
3687528,26.0009765625
3687741,27.099609375
3715378,28.9306640625
3715484,25.0244140625
3715534,35.70556640625
3715592,25.20751953125
3715633,46.69189453125
3715682,28.564453125
3715698,26.55029296875
3715743,26.611328125
3715772,27.77099609375
3715813,23.8037109375
3715864,39.4287109375
3715874,24.47509765625
3715900,33.75244140625
3715937,25.634765625
3715985,27.4658203125
3716004,28.01513671875
3716024,27.89306640625
3716046,25.5126953125
3716066,29.78515625
3716077,24.90234375
3716130,25.0244140625
3716183,24.47509765625
3718599,25.2685546875
3744696,27.03857421875
3744938,31.79931640625
3745148,30.57861328125
3745200,24.7802734375
3745242,55.908203125
3745266,26.42822265625
3745296,40.46630859375
3745338,23.86474609375
3745369,30.33447265625
3745397,26.7333984375
3745414,30.76171875
3745438,36.43798828125
3745456,28.01513671875
3745489,24.59716796875
3745509,37.109375
3745569,30.82275390625
3745588,28.74755859375
3745618,28.50341796875
3745637,23.92578125
3745688,27.77099609375
3745730,25.390625
3774564,37.90283203125
3774687,33.0810546875
3774747,36.4990234375
3774860,41.44287109375
3774911,34.36279296875
3774922,28.076171875
3774938,24.0478515625
3774971,25.08544921875
3775040,45.0439453125
3775050,36.43798828125
3775101,26.123046875
3775118,29.72412109375
3775157,35.7666015625
3775182,24.47509765625
3775242,26.30615234375
3776519,25.390625
3777869,34.1796875
3801816,28.25927734375
3802351,28.6865234375
3802430,28.4423828125
3802487,33.63037109375
3802535,24.7802734375
3802572,46.81396484375
3802625,24.84130859375
3802694,42.66357421875
3802704,30.6396484375
3802782,31.1279296875
3802821,68.115234375
3802853,36.7431640625
3802864,28.13720703125
3802897,35.15625
3802914,27.83203125
3802961,34.48486328125
3802986,24.35302734375
3803107,30.3955078125
3804852,27.099609375
3805430,23.8037109375
3805787,28.9306640625
3831355,24.10888671875
3831501,40.95458984375
3831579,42.96875
3831629,25.7568359375
3831666,34.48486328125
3831678,30.8837890625
3831749,28.99169921875
3831763,24.0478515625
3831779,25.5126953125
3831791,25.5126953125
3831851,25.87890625
3831879,37.4755859375
3831914,36.865234375
3831979,24.23095703125
3832054,26.9775390625
3833343,25.69580078125
3857965,28.3203125
3858386,25.08544921875
3858628,34.97314453125
3858657,42.41943359375
3858720,29.4189453125
3858736,25.81787109375
3858779,28.9306640625
3858790,28.1982421875
3858815,27.9541015625
3858832,30.6396484375
3858863,23.98681640625
3858911,28.3203125
3858959,33.02001953125
3858986,44.677734375
3859041,31.1279296875
3859082,25.87890625
3859137,29.84619140625
3859224,27.64892578125
3860502,24.2919921875
3860568,24.169921875
3885460,27.099609375
3885697,23.86474609375
3885863,28.01513671875
3886061,40.58837890625
3886075,24.96337890625
3886115,38.2080078125
3886126,24.169921875
3886168,25.20751953125
3886188,41.80908203125
3886235,27.9541015625
3886297,32.71484375
3886318,25.32958984375
3886355,28.3203125
3886367,40.8935546875
3886384,23.86474609375
3886414,26.55029296875
3886425,27.4658203125
3886461,28.3203125
3886501,32.3486328125
3913028,27.89306640625
3913085,25.5126953125
3913439,34.24072265625
3913492,24.10888671875
3913508,54.443359375
3913559,43.76220703125
3913582,26.79443359375
3913614,30.21240234375
3913639,26.42822265625
3913670,35.46142578125
3913685,30.82275390625
3913717,28.80859375
3913763,25.390625
3913783,28.80859375
3913832,24.23095703125
3913896,25.20751953125
3914034,25.20751953125
3915003,25.32958984375
3915642,26.3671875
3916421,32.3486328125
3916678,29.11376953125
3939763,30.1513671875
3939999,24.658203125
3940062,23.86474609375
3940088,43.212890625
3940135,40.8935546875
3940232,32.28759765625
3940304,32.77587890625
3940316,25.81787109375
3940370,26.0009765625
3940450,29.6630859375
3940496,30.94482421875
3940547,27.40478515625
3940565,28.6865234375
3940639,26.91650390625
3940687,24.169921875
3940735,26.3671875
3941969,27.587890625
3965795,28.25927734375
3966087,29.60205078125
3966186,26.42822265625
3966245,31.6162109375
3966257,29.052734375
3966308,32.16552734375
3966325,37.59765625
3966360,27.9541015625
3966431,28.62548828125
3966459,39.48974609375
3966509,26.42822265625
3966520,29.72412109375
3966551,34.72900390625
3966609,24.71923828125
3966661,25.7568359375
3966716,26.18408203125
3966790,26.3671875
3968197,24.169921875
3968359,30.76171875
3992356,24.84130859375
3992426,24.0478515625
3992530,32.2265625
3992661,46.5087890625
3992684,24.71923828125
3992727,34.912109375
3992741,46.44775390625
3992795,25.146484375
3992855,33.0810546875
3992867,30.33447265625
3992921,29.47998046875
3992951,36.80419921875
3992977,28.25927734375
3992995,34.11865234375
3993014,33.0810546875
3993036,30.09033203125
3993073,37.353515625
3993195,26.30615234375
3994790,25.390625
4018984,26.42822265625
4019170,25.0244140625
4019276,33.3251953125
4019406,45.83740234375
4019459,31.982421875
4019474,28.076171875
4019556,35.400390625
4019593,32.16552734375
4019623,28.86962890625
4019656,32.16552734375
4019689,36.19384765625
4019703,33.203125
4019724,31.1279296875
4019758,32.53173828125
4019771,28.74755859375
4019801,23.8037109375
4019979,24.23095703125
4019999,23.86474609375
4021527,26.06201171875
4022407,25.7568359375
4045892,25.2685546875
4046077,27.099609375
4046307,37.65869140625
4046363,25.45166015625
4046434,26.30615234375
4046499,32.8369140625
4046532,27.16064453125
4046585,36.1328125
4046605,25.87890625
4046633,25.0244140625
4046668,28.076171875
4046688,24.5361328125
4046705,37.109375
4046742,27.7099609375
4046786,24.10888671875
4046811,25.45166015625
4046896,31.43310546875
4046912,24.47509765625
4047053,25.5126953125
4047146,24.23095703125
4048261,25.20751953125
4048568,29.84619140625
4073612,27.64892578125
4073836,24.71923828125
4073939,24.5361328125
4074205,31.43310546875
4074249,39.97802734375
4074307,32.3486328125
4074370,44.12841796875
4074423,32.04345703125
4074452,46.32568359375
4074483,25.0244140625
4074521,26.06201171875
4074574,25.634765625
4074612,38.75732421875
4074627,29.84619140625
4074648,26.79443359375
4074670,30.45654296875
4074714,39.12353515625
4074758,24.2919921875
4074792,24.47509765625
4074885,23.98681640625
4076100,26.67236328125
4076743,25.2685546875
4101986,36.9873046875
4102124,47.30224609375
4102181,31.06689453125
4102215,24.5361328125
4102246,32.1044921875
4102286,36.0107421875
4102351,33.50830078125
4102367,26.06201171875
4102454,25.7568359375
4102488,28.1982421875
4102501,27.587890625
4102532,26.9775390625
4102593,24.5361328125
4102604,31.18896484375
4102725,27.03857421875
4102800,23.8037109375
4129554,25.0244140625
4129651,41.07666015625
4129759,35.82763671875
4129819,26.0009765625
4129933,28.4423828125
4130066,35.5224609375
4130110,24.59716796875
4130173,37.9638671875
4130194,28.38134765625
4130242,26.9775390625
4130319,26.2451171875
4130375,24.10888671875
4130935,23.92578125
4156952,24.35302734375
4157314,24.10888671875
4157600,24.10888671875
4157623,32.89794921875
4157781,36.43798828125
4157824,24.35302734375
4157840,30.029296875
4157940,28.50341796875
4157973,23.86474609375
4158026,27.64892578125
4158051,34.5458984375
4158068,30.8837890625
4158118,26.30615234375
4158139,25.32958984375
4158160,24.658203125
4158195,24.2919921875
4158215,27.83203125
4158248,24.2919921875
4158284,27.587890625
4158313,24.658203125
4158350,27.77099609375
4159767,27.28271484375
4185366,29.4189453125
4185592,32.53173828125
4185659,43.51806640625
4185711,32.470703125
4185768,24.96337890625
4185786,41.3818359375
4185843,48.52294921875
4185881,23.8037109375
4185919,34.11865234375
4185944,28.50341796875
4185959,28.9306640625
4185976,24.0478515625
4185994,45.166015625
4186022,25.146484375
4186045,28.9306640625
4186105,27.7099609375
4186176,30.09033203125
4186249,25.45166015625
4186278,24.0478515625
4186313,24.96337890625
4187294,27.28271484375
4187355,26.79443359375
4187391,25.93994140625
4187564,29.4189453125
4187781,28.13720703125
4212493,25.81787109375
4212757,25.5126953125
4213129,24.0478515625
4213284,28.99169921875
4213305,24.4140625
4213421,38.9404296875
4213485,35.82763671875
4213515,25.57373046875
4213543,27.16064453125
4213591,23.8037109375
4213641,30.029296875
4213662,30.70068359375
4213740,31.8603515625
4213750,37.7197265625
4213804,29.96826171875
4213820,25.390625
4213877,25.0244140625
4215191,28.1982421875
4215296,25.93994140625
4215642,27.587890625
4216135,28.38134765625
4242576,25.7568359375
4243075,26.79443359375
4243174,25.2685546875
4243200,40.58837890625
4243250,26.123046875
4243308,24.84130859375
4243338,24.5361328125
4243370,34.97314453125
4243410,25.146484375
4243423,44.61669921875
4243465,31.55517578125
4243477,32.3486328125
4243507,44.677734375
4243530,41.32080078125
4243655,31.1279296875
4245037,25.45166015625
4245203,25.81787109375
4273826,24.5361328125
4273946,26.42822265625
4274118,40.0390625
4274165,53.16162109375
4274194,24.5361328125
4274230,39.6728515625
4274323,29.35791015625
4274345,36.62109375
4274370,34.1796875
4274384,24.4140625
4274437,35.21728515625
4274456,35.400390625
4274469,31.494140625
4274500,33.935546875
4274573,25.69580078125
4274585,25.0244140625
4274621,24.47509765625
4274652,31.005859375
4274729,30.21240234375
4277067,25.146484375
4304023,25.20751953125
4304447,27.89306640625
4304509,39.306640625
4304653,56.640625
4304708,46.20361328125
4304754,30.70068359375
4304767,35.21728515625
4304805,29.84619140625
4304834,38.818359375
4304891,26.06201171875
4304909,35.70556640625
4304932,24.47509765625
4304980,32.65380859375
4305000,36.9873046875
4305021,27.2216796875
4305095,33.26416015625
4305212,26.55029296875
4306399,24.35302734375
4334830,24.10888671875
4335128,24.47509765625
4335190,27.587890625
4335233,39.24560546875
4335294,33.26416015625
4335343,33.26416015625
4335359,26.85546875
4335373,33.26416015625
4335492,24.7802734375
4335510,38.14697265625
4335526,25.08544921875
4335560,24.35302734375
4335573,25.45166015625
4335641,24.35302734375
4335661,28.13720703125
4335688,25.45166015625
4335752,23.8037109375
4335851,33.935546875
4335889,25.08544921875
4337094,23.98681640625
4337164,24.169921875
4364374,24.0478515625
4364533,24.96337890625
4364706,33.5693359375
4364725,40.52734375
4364779,25.146484375
4364852,27.4658203125
4364906,25.93994140625
4364943,24.10888671875
4364983,28.86962890625
4365001,31.92138671875
4365014,28.38134765625
4365038,26.2451171875
4365053,26.123046875
4365072,24.23095703125
4365111,32.40966796875
4365128,26.79443359375
4365139,28.564453125
4365183,33.87451171875
4365214,30.21240234375
4365262,27.099609375
4366443,27.03857421875
4366674,28.1982421875
4395049,23.98681640625
4395120,30.029296875
4395146,25.08544921875
4395180,28.1982421875
4395209,26.79443359375
4395238,46.9970703125
4395290,33.99658203125
4395319,35.2783203125
4395335,35.5224609375
4395351,27.64892578125
4395395,26.18408203125
4395407,29.47998046875
4395446,37.353515625
4395475,30.517578125
4395503,31.55517578125
4395525,27.587890625
4395556,33.935546875
4395567,33.87451171875
4424505,24.169921875
4424837,30.3955078125
4424861,38.14697265625
4424890,27.64892578125
4424904,37.59765625
4424948,32.89794921875
4424978,25.93994140625
4425028,30.6396484375
4425045,27.2216796875
4425061,27.28271484375
4425088,26.2451171875
4425117,33.3251953125
4425152,26.79443359375
4425169,33.447265625
4425210,24.35302734375
4425244,27.52685546875
4425299,24.96337890625
4426555,26.06201171875
4426604,23.92578125
4426697,24.96337890625
4455572,24.5361328125
4456014,33.26416015625
4456078,49.01123046875
4456132,44.73876953125
4456146,28.80859375
4456190,37.353515625
4456234,32.5927734375
4456289,28.6865234375
4456313,24.658203125
4456339,27.77099609375
4456362,29.47998046875
4456382,44.98291015625
4456413,31.43310546875
4456447,24.0478515625
4456478,24.23095703125
4456540,26.06201171875
4457838,24.71923828125
4485602,30.70068359375
4485785,42.96875
4485831,34.60693359375
4485850,27.4658203125
4485893,25.2685546875
4485943,26.611328125
4485975,25.2685546875
4486011,29.541015625
4486039,26.30615234375
4486079,30.09033203125
4486114,32.65380859375
4486170,25.390625
4486210,34.36279296875
4486230,23.92578125
4486292,27.4658203125
4487552,24.59716796875
4487771,25.390625
4515147,24.5361328125
4515431,25.69580078125
4515471,37.17041015625
4515498,47.91259765625
4515521,34.97314453125
4515557,32.3486328125
4515619,32.53173828125
4515674,32.958984375
4515691,26.9775390625
4515725,26.18408203125
4515746,25.45166015625
4515869,26.30615234375
4516840,24.4140625
4517244,27.77099609375
4517343,24.7802734375
4517492,27.2216796875
4545096,24.35302734375
4545194,26.3671875
4545227,29.78515625
4545259,25.7568359375
4545278,31.3720703125
4545355,23.92578125
4545390,53.5888671875
4545419,32.2265625
4545436,41.8701171875
4545494,30.2734375
4545522,36.865234375
4545569,25.5126953125
4545586,27.34375
4545675,24.23095703125
4545717,24.2919921875
4545753,25.7568359375
4573113,24.35302734375
4573212,29.47998046875
4573314,56.45751953125
4573350,26.9775390625
4573364,24.4140625
4573388,32.65380859375
4573418,26.30615234375
4573448,31.06689453125
4573476,47.79052734375
4573495,25.5126953125
4573555,41.07666015625
4573590,35.33935546875
4573600,26.2451171875
4573728,27.587890625
4573753,27.4658203125
4573832,27.2216796875
4574917,27.16064453125
4574967,23.98681640625
4601849,25.32958984375
4602169,41.1376953125
4602258,42.724609375
4602284,26.79443359375
4602307,44.61669921875
4602339,30.8837890625
4602354,45.7763671875
4602369,33.5693359375
4602407,32.8369140625
4602435,26.79443359375
4602487,26.85546875
4602514,24.7802734375
4602608,28.50341796875
4603822,27.2216796875
4604235,26.123046875
4628799,32.04345703125
4628942,37.2314453125
4629010,34.1796875
4629025,36.1328125
4629054,24.35302734375
4629083,37.90283203125
4629138,35.33935546875
4629151,25.146484375
4629184,33.203125
4629209,39.1845703125
4629270,33.75244140625
4629282,26.3671875
4629323,25.390625
4629377,29.11376953125
4629407,28.3203125
4629423,29.11376953125
4629454,23.8037109375
4629493,25.2685546875
4629531,32.65380859375
4631117,25.390625
4656580,24.90234375
4656777,33.14208984375
4656800,42.90771484375
4656852,25.634765625
4656907,33.50830078125
4656952,40.22216796875
4656973,36.43798828125
4657005,26.30615234375
4657039,37.4755859375
4657058,28.74755859375
4657097,24.96337890625
4657133,25.0244140625
4657159,25.32958984375
4657178,24.84130859375
4657213,28.50341796875
4657237,29.23583984375
4657429,24.84130859375
4686611,23.8037109375
4686752,40.52734375
4686844,26.2451171875
4686862,46.44775390625
4686908,24.0478515625
4686930,26.85546875
4686961,23.86474609375
4686977,50.78125
4687029,28.50341796875
4687055,28.80859375
4687079,27.40478515625
4687119,29.23583984375
4687137,24.10888671875
4687166,29.11376953125
4687243,32.65380859375
4687267,27.03857421875
4688490,25.7568359375
4714836,25.2685546875
4715067,33.75244140625
4715122,26.42822265625
4715179,42.724609375
4715209,24.71923828125
4715240,37.29248046875
4715288,43.212890625
4715351,26.0009765625
4715367,24.96337890625
4715383,27.89306640625
4715408,29.23583984375
4715450,26.67236328125
4715488,24.47509765625
4715603,31.73828125
4715642,24.23095703125
4715751,23.92578125
4715925,24.2919921875
4716638,30.6396484375
4716747,23.98681640625
4716869,28.1982421875
4741690,23.8037109375
4741853,25.2685546875
4742172,29.23583984375
4742225,25.81787109375
4742245,26.2451171875
4742270,26.18408203125
4742300,38.2080078125
4742317,36.19384765625
4742355,39.48974609375
4742388,27.587890625
4742419,43.9453125
4742443,31.005859375
4742480,27.2216796875
4742498,27.4658203125
4742519,27.89306640625
4742537,31.73828125
4742576,24.90234375
4742655,23.98681640625
4742705,37.9638671875
4743924,24.71923828125
4744069,27.40478515625
4744207,26.42822265625
4744245,24.658203125
4769419,32.28759765625
4769519,23.92578125
4769616,37.53662109375
4769656,34.912109375
4769670,44.677734375
4769687,27.9541015625
4769721,39.6728515625
4769785,58.9599609375
4769827,30.21240234375
4769851,43.3349609375
4769861,38.75732421875
4769904,30.2734375
4769926,31.25
4770017,30.57861328125
4770065,25.57373046875
4770121,23.92578125
4770245,24.2919921875
4772312,23.92578125
4796350,26.3671875
4796436,28.076171875
4796524,28.86962890625
4796579,36.0107421875
4796653,53.466796875
4796706,35.82763671875
4796748,27.16064453125
4796772,25.5126953125
4796810,30.94482421875
4796866,25.146484375
4796901,26.0009765625
4796914,28.86962890625
4796929,25.390625
4796991,27.77099609375
4797050,26.3671875
4797122,24.2919921875
4798296,32.04345703125
4798582,25.87890625
