4799201,0
56375,31.3720703125
56410,30.45654296875
56422,34.36279296875
56450,94.17724609375
56474,135.68115234375
56490,82.03125
56506,215.33203125
56528,85.3271484375
56551,60.48583984375
56563,67.0166015625
56591,90.51513671875
56603,74.0966796875
56631,30.57861328125
56665,36.2548828125
56697,30.76171875
56816,30.57861328125
56843,31.6162109375
57471,31.18896484375
60183,30.94482421875
145491,31.6162109375
145531,96.98486328125
145543,160.58349609375
145570,109.619140625
145583,144.83642578125
145612,78.91845703125
145622,98.5107421875
145637,93.75
145659,49.072265625
145693,37.90283203125
145737,34.48486328125
145762,33.26416015625
145815,37.59765625
145867,33.38623046875
145929,31.18896484375
146653,31.1279296875
148755,30.1513671875
149369,31.6162109375
149437,35.888671875
149461,30.33447265625
149516,33.26416015625
149819,29.9072265625
149877,31.25
224855,30.2734375
224898,44.7998046875
224918,141.845703125
224947,157.77587890625
224959,128.23486328125
224980,35.888671875
225007,115.53955078125
225018,59.9365234375
225042,49.072265625
225067,31.31103515625
225084,42.96875
225102,30.70068359375
225142,32.77587890625
225182,30.57861328125
225232,31.55517578125
226997,30.82275390625
227216,31.25
228037,32.470703125
228218,40.22216796875
228396,31.1279296875
229031,39.00146484375
296755,42.236328125
296783,45.0439453125
296807,118.22509765625
296839,210.38818359375
296849,137.451171875
296874,93.505859375
296902,116.51611328125
296934,67.626953125
296965,74.5849609375
296975,34.85107421875
296991,30.33447265625
297022,30.33447265625
297060,33.14208984375
297550,32.16552734375
300243,35.0341796875
301032,35.0341796875
301228,34.36279296875
378395,30.2734375
378429,62.8662109375
378449,135.6201171875
378460,130.37109375
378482,177.67333984375
378500,89.66064453125
378525,99.365234375
378546,89.66064453125
378558,54.5654296875
378582,60.1806640625
378599,47.18017578125
378622,33.26416015625
378632,43.212890625
378673,35.21728515625
380717,30.029296875
381552,34.24072265625
382582,35.0341796875
382697,32.40966796875
454993,35.46142578125
455010,46.69189453125
455036,105.16357421875
455050,92.10205078125
455061,165.95458984375
455095,122.37548828125
455121,77.1484375
455134,145.20263671875
455160,63.04931640625
455175,40.1611328125
455187,48.33984375
455207,34.36279296875
455231,29.84619140625
455247,44.3115234375
455281,40.95458984375
455311,40.34423828125
455355,37.7197265625
456048,29.78515625
456168,30.33447265625
456586,32.1044921875
457455,37.59765625
458443,31.06689453125
458934,50.048828125
459080,29.9072265625
459127,31.43310546875
459289,35.15625
581219,32.04345703125
581297,51.3916015625
581325,59.63134765625
581336,229.1259765625
581358,65.00244140625
581374,156.6162109375
581398,75.01220703125
581420,115.41748046875
581451,84.9609375
581466,50.84228515625
581487,40.95458984375
581499,33.63037109375
581524,37.4755859375
581535,34.0576171875
581554,30.2734375
581570,39.12353515625
583157,30.029296875
584677,31.1279296875
584759,30.517578125
585542,35.15625
608833,40.771484375
608843,59.5703125
608853,111.51123046875
608876,62.19482421875
608886,174.13330078125
608905,60.1806640625
608933,120.30029296875
608947,89.84375
608967,43.27392578125
608983,38.4521484375
609005,31.005859375
609023,44.189453125
609047,32.2265625
609090,31.982421875
610521,31.3720703125
611595,30.21240234375
611607,30.21240234375
613230,30.70068359375
613270,30.6396484375
613633,48.27880859375
641942,29.72412109375
641970,31.73828125
641993,57.9833984375
642019,95.76416015625
642040,44.7998046875
642056,83.0078125
642083,148.193359375
642105,85.75439453125
642128,89.78271484375
642142,59.38720703125
642163,46.630859375
642178,44.0673828125
642214,31.06689453125
642228,50.23193359375
642265,30.21240234375
642288,32.28759765625
642330,34.3017578125
642348,30.09033203125
643069,29.78515625
647016,55.23681640625
647509,37.29248046875
670289,76.2939453125
670299,80.13916015625
670334,102.11181640625
670363,109.06982421875
670378,105.89599609375
670406,72.8759765625
670436,123.84033203125
670458,71.59423828125
670488,72.75390625
670500,57.18994140625
670532,30.57861328125
674270,33.203125
747345,30.029296875
747410,38.9404296875
747445,85.14404296875
747476,97.22900390625
747488,69.7021484375
747506,145.69091796875
747530,118.95751953125
747544,104.8583984375
747554,37.4755859375
747579,108.2763671875
747608,39.306640625
747639,64.51416015625
747651,41.8701171875
747673,57.9833984375
747693,37.7197265625
747706,31.43310546875
747765,31.06689453125
751563,34.5458984375
752484,31.6162109375
753411,34.7900390625
811044,36.4990234375
811075,88.8671875
811106,80.078125
811121,134.6435546875
811146,57.18994140625
811159,131.65283203125
811186,77.81982421875
811208,53.466796875
811237,57.43408203125
811249,52.001953125
811280,69.82421875
811292,42.54150390625
811310,35.58349609375
811370,30.70068359375
811409,36.62109375
811449,35.70556640625
811459,32.16552734375
815837,42.8466796875
922203,51.45263671875
922234,48.15673828125
922256,68.54248046875
922271,118.2861328125
922314,118.46923828125
922328,90.27099609375
922351,70.556640625
922365,113.4033203125
922381,56.396484375
922400,80.50537109375
922431,49.62158203125
922445,56.15234375
922484,50.1708984375
922495,42.90771484375
925663,30.57861328125
926049,36.9873046875
926982,39.306640625
1070624,29.96826171875
1070692,73.54736328125
1070719,115.05126953125
1070752,127.50244140625
1070773,107.36083984375
1070795,61.95068359375
1070823,86.0595703125
1070835,63.232421875
1070855,58.77685546875
1070879,33.99658203125
1070894,47.36328125
1070910,37.9638671875
1070933,63.1103515625
1070978,44.677734375
1071021,31.18896484375
1071058,33.38623046875
1071103,30.94482421875
1071179,35.46142578125
1073239,30.029296875
1074874,34.48486328125
1075502,53.03955078125
1075675,35.15625
1075916,29.72412109375
1167624,32.470703125
1167646,76.23291015625
1167672,79.4677734375
1167688,76.23291015625
1167704,57.2509765625
1167715,84.77783203125
1167739,69.39697265625
1167755,112.12158203125
1167771,43.5791015625
1167791,138.12255859375
1167806,45.71533203125
1167824,87.95166015625
1167843,65.00244140625
1167891,61.6455078125
1167932,30.1513671875
1167960,37.9638671875
1167990,31.43310546875
1168005,32.28759765625
1168036,30.82275390625
1171490,29.9072265625
1171744,38.63525390625
1172429,31.67724609375
1172630,40.34423828125
1173128,41.32080078125
1173284,31.8603515625
1283609,31.92138671875
1283620,86.73095703125
1283652,90.27099609375
1283668,82.03125
1283680,134.58251953125
1283715,122.25341796875
1283728,70.9228515625
1283755,51.69677734375
1283778,87.5244140625
1283796,54.38232421875
1283814,70.00732421875
1283826,33.8134765625
1283844,43.212890625
1283893,32.65380859375
1283903,31.8603515625
1283943,35.0341796875
1284055,30.33447265625
1287464,29.78515625
1287678,31.55517578125
1288053,31.3720703125
1288115,31.43310546875
1288284,42.78564453125
1288765,40.10009765625
1410663,57.7392578125
1410682,80.50537109375
1410713,65.7958984375
1410734,54.443359375
1410761,82.45849609375
1410778,153.62548828125
1410813,139.34326171875
1410824,100.76904296875
1410847,65.91796875
1410862,70.9228515625
1410879,36.4990234375
1410896,54.5654296875
1410933,32.958984375
1410943,35.64453125
1410989,40.95458984375
1411122,29.9072265625
1415205,38.330078125
1415874,31.18896484375
1416074,36.376953125
1416193,45.34912109375
1532701,30.70068359375
1532718,111.81640625
1532738,67.5048828125
1532770,81.11572265625
1532788,162.65869140625
1532804,94.1162109375
1532833,69.03076171875
1532866,69.76318359375
1532876,30.70068359375
1532895,46.875
1532915,40.58837890625
1532935,35.58349609375
1532961,37.41455078125
1532993,39.24560546875
1533022,38.14697265625
1533035,33.203125
1537676,30.21240234375
1537769,38.75732421875
1537975,30.2734375
1682167,31.79931640625
1682183,31.3720703125
1682194,55.72509765625
1682206,76.66015625
1682238,139.83154296875
1682269,98.93798828125
1682283,108.154296875
1682294,88.7451171875
1682309,39.1845703125
1682331,94.78759765625
1682343,82.58056640625
1682358,52.734375
1682379,73.05908203125
1682399,70.49560546875
1682418,74.8291015625
1682443,30.76171875
1682473,33.14208984375
1682546,30.70068359375
1682560,30.1513671875
1682586,34.1796875
1682614,32.40966796875
1686131,30.45654296875
1686222,32.89794921875
1686619,31.25
1686749,41.07666015625
1687274,33.50830078125
1687606,41.9921875
1816712,64.3310546875
1816742,40.22216796875
1816766,133.23974609375
1816778,60.302734375
1816807,117.00439453125
1816837,76.416015625
1816849,127.5634765625
1816864,90.8203125
1816896,35.64453125
1816916,76.5380859375
1816928,29.78515625
1816938,46.7529296875
1816988,36.7431640625
1817022,34.11865234375
1817064,31.43310546875
1817117,31.79931640625
1820360,31.92138671875
1820526,30.3955078125
1820919,31.1279296875
1821354,38.14697265625
1821839,35.400390625
1821849,41.9921875
1822143,31.06689453125
1959536,31.31103515625
1959576,30.57861328125
1959587,70.068359375
1959616,49.01123046875
1959645,83.06884765625
1959659,81.0546875
1959681,146.6064453125
1959714,76.23291015625
1959732,67.68798828125
1959754,66.83349609375
1959771,70.80078125
1959785,84.47265625
1959813,44.25048828125
1959823,45.83740234375
1959854,44.73876953125
1959866,34.85107421875
1959886,33.447265625
1959951,29.96826171875
1960010,29.72412109375
1963728,29.78515625
1963767,30.45654296875
1963953,30.70068359375
1964185,35.5224609375
1964815,30.517578125
1964871,40.34423828125
1965026,32.2265625
2124468,30.82275390625
2124523,66.7724609375
2124540,30.6396484375
2124577,85.0830078125
2124597,117.73681640625
2124628,89.29443359375
2124638,74.0966796875
2124656,80.26123046875
2124669,73.73046875
2124697,101.13525390625
2124717,65.673828125
2124729,84.28955078125
2124763,46.81396484375
2124779,63.3544921875
2124814,44.37255859375
2124845,33.50830078125
2124882,37.29248046875
2124916,32.1044921875
2124947,30.1513671875
2125125,31.25
2129348,49.13330078125
2210518,39.12353515625
2210541,76.5380859375
2210553,42.3583984375
2210571,50.47607421875
2210590,70.49560546875
2210603,146.05712890625
2210639,132.99560546875
2210657,87.46337890625
2210674,115.90576171875
2210694,106.75048828125
2210732,72.6318359375
2210746,77.5146484375
2210764,35.94970703125
2210775,64.3310546875
2210814,31.3720703125
2210824,29.72412109375
2210848,35.94970703125
2210902,31.73828125
2211400,32.470703125
2214988,41.80908203125
2215826,31.67724609375
2216024,30.029296875
2246887,30.82275390625
2246942,30.2734375
2246978,66.10107421875
2247023,61.34033203125
2247034,82.33642578125
2247053,75.50048828125
2247077,72.021484375
2247105,87.70751953125
2247115,92.46826171875
2247152,75.5615234375
2247177,76.5380859375
2247197,36.62109375
2247223,30.2734375
2247240,36.7431640625
2247251,49.25537109375
2247291,38.0859375
2247348,40.4052734375
2247363,35.7666015625
2247375,31.494140625
2249245,33.38623046875
2251090,44.5556640625
2252425,33.87451171875
2252554,32.89794921875
2407962,36.865234375
2407990,43.3349609375
2408012,63.90380859375
2408035,85.26611328125
2408051,71.83837890625
2408076,143.5546875
2408089,77.94189453125
2408112,116.14990234375
2408122,65.5517578125
2408138,67.3828125
2408157,35.5224609375
2408184,47.66845703125
2408209,39.306640625
2408219,41.8701171875
2408246,50.537109375
2408258,38.87939453125
2408288,31.005859375
2408320,34.912109375
2408373,29.84619140625
2408394,31.005859375
2411359,33.447265625
2411629,29.9072265625
2412635,32.65380859375
2413089,31.06689453125
2582514,30.2734375
2582716,35.21728515625
2582757,35.5224609375
2582767,50.537109375
2582777,86.0595703125
2582816,79.28466796875
2582845,105.65185546875
2582865,136.16943359375
2582878,46.5087890625
2582899,64.63623046875
2582915,75.927734375
2582939,30.45654296875
2582962,80.74951171875
2582983,69.82421875
2582997,80.99365234375
2583033,44.189453125
2583125,36.31591796875
2583198,33.63037109375
2584331,31.06689453125
2585568,32.53173828125
2587497,40.10009765625
2745454,29.9072265625
2745464,53.3447265625
2745491,73.30322265625
2745528,83.67919921875
2745545,59.99755859375
2745576,105.40771484375
2745590,131.16455078125
2745625,91.796875
2745645,77.7587890625
2745667,30.33447265625
2745677,34.7900390625
2745719,38.51318359375
2745729,30.57861328125
2745747,31.1279296875
2745782,43.27392578125
2745838,30.70068359375
2745881,32.5927734375
2745901,31.8603515625
2745947,31.06689453125
2750304,42.96875
2750530,33.63037109375
2750782,31.8603515625
2877905,64.5751953125
2877918,62.255859375
2877945,51.69677734375
2877973,99.30419921875
2877985,106.3232421875
2877995,41.07666015625
2878019,124.267578125
2878041,79.16259765625
2878060,101.50146484375
2878078,62.3779296875
2878108,94.8486328125
2878122,77.880859375
2878149,61.95068359375
2878189,37.65869140625
2878205,39.9169921875
2878223,32.04345703125
2878241,37.7197265625
2878277,36.92626953125
2881421,30.76171875
2882049,32.2265625
2882227,30.45654296875
2882860,33.8134765625
2882974,38.6962890625
2883074,30.70068359375
2883213,35.21728515625
3017498,36.62109375
3017517,76.96533203125
3017533,106.4453125
3017547,43.8232421875
3017558,109.80224609375
3017594,132.6904296875
3017616,116.14990234375
3017632,99.79248046875
3017656,57.6171875
3017674,51.81884765625
3017696,40.8935546875
3017719,67.68798828125
3017737,40.52734375
3017753,71.22802734375
3017784,43.8232421875
3017799,37.65869140625
3017829,43.9453125
3017839,36.1328125
3017860,32.2265625
3017871,41.015625
3017908,31.31103515625
3017960,36.19384765625
3017992,33.63037109375
3018755,30.8837890625
3019303,29.9072265625
3021716,40.8935546875
3022477,34.912109375
3022607,32.53173828125
3022726,29.96826171875
3181308,30.82275390625
3181320,58.77685546875
3181350,65.7958984375
3181370,114.990234375
3181383,78.7353515625
3181403,118.65234375
3181418,75.8056640625
3181433,126.46484375
3181454,63.65966796875
3181481,90.14892578125
3181503,46.44775390625
3181523,75.01220703125
3181558,62.98828125
3181572,40.95458984375
3181591,55.419921875
3181627,47.2412109375
3181650,34.97314453125
3181665,51.3916015625
3181711,38.39111328125
3181721,34.5458984375
3182714,31.25
3185819,29.84619140625
3186266,33.02001953125
3186548,31.31103515625
3186762,31.6162109375
3347769,51.20849609375
3347786,66.58935546875
3347805,73.30322265625
3347824,66.89453125
3347837,103.21044921875
3347858,84.89990234375
3347880,125.8544921875
3347903,82.6416015625
3347920,59.87548828125
3347951,99.12109375
3347969,51.81884765625
3347984,83.8623046875
3348005,41.93115234375
3348022,68.54248046875
3348041,30.70068359375
3348055,35.400390625
3348068,46.0205078125
3348080,31.25
3348098,30.09033203125
3348133,29.96826171875
3348207,30.8837890625
3348238,35.888671875
3348337,30.029296875
3350693,31.005859375
3352451,43.02978515625
3352870,30.8837890625
3353046,29.84619140625
3454148,48.64501953125
3454183,54.13818359375
3454215,90.14892578125
3454227,70.3125
3454244,118.5302734375
3454261,82.70263671875
3454287,125.732421875
3454302,95.27587890625
3454323,84.228515625
3454345,58.53271484375
3454367,77.7587890625
3454382,59.08203125
3454396,73.91357421875
3454413,30.3955078125
3454425,59.08203125
3454451,63.78173828125
3454470,32.470703125
3454526,41.19873046875
3454539,41.44287109375
3454556,38.2080078125
3454569,45.95947265625
3454600,32.40966796875
3458244,30.8837890625
3458765,38.02490234375
3459534,44.189453125
3459594,31.73828125
3459927,33.63037109375
3576091,30.517578125
3576196,66.2841796875
3576225,82.763671875
3576258,167.1142578125
3576295,90.087890625
3576309,131.40869140625
3576328,81.48193359375
3576349,87.7685546875
3576363,49.25537109375
3576389,97.900390625
3576414,41.6259765625
3576440,53.8330078125
3576452,74.951171875
3576488,39.12353515625
3576500,69.39697265625
3576541,45.41015625
3576599,32.5927734375
3576754,37.2314453125
3577557,32.16552734375
3578988,32.5927734375
3580520,35.5224609375
3580860,34.11865234375
3718491,29.78515625
3718511,36.92626953125
3718565,58.65478515625
3718577,30.70068359375
3718609,112.060546875
3718631,57.80029296875
3718651,62.5
3718670,143.9208984375
3718700,107.7880859375
3718716,59.50927734375
3718730,73.6083984375
3718748,37.04833984375
3718763,89.2333984375
3718782,34.97314453125
3718792,38.330078125
3718807,63.53759765625
3718846,52.490234375
3718859,64.39208984375
3718900,37.65869140625
3718978,40.771484375
3719061,34.36279296875
3721793,35.15625
3722993,30.33447265625
3723542,38.4521484375
3723841,30.6396484375
3723926,29.96826171875
3903678,33.38623046875
3903693,76.72119140625
3903725,98.14453125
3903739,140.56396484375
3903773,84.228515625
3903786,98.69384765625
3903811,57.31201171875
3903827,50.9033203125
3903849,112.060546875
3903878,83.06884765625
3903888,55.6640625
3903903,49.8046875
3903917,104.248046875
3903962,67.626953125
3903996,62.1337890625
3904036,33.8134765625
3904071,30.1513671875
3904084,36.92626953125
3904123,33.50830078125
3908599,33.26416015625
3908889,40.771484375
3909026,30.09033203125
4077060,63.232421875
4077091,92.83447265625
4077106,69.7021484375
4077125,75.50048828125
4077156,113.70849609375
4077185,95.88623046875
4077196,147.4609375
4077233,132.50732421875
4077256,78.4912109375
4077275,41.3818359375
4077285,47.91259765625
4077315,38.87939453125
4077329,43.88427734375
4077351,43.02978515625
4077372,32.5927734375
4077390,49.01123046875
4081148,31.982421875
4081528,33.447265625
4082349,41.68701171875
4082370,32.89794921875
4082611,30.517578125
4238619,29.72412109375
4242567,30.1513671875
4244061,29.72412109375
4244074,90.33203125
4244095,57.4951171875
4244112,132.32421875
4244138,120.2392578125
4244169,76.904296875
4244194,62.01171875
4244225,54.01611328125
4244236,69.76318359375
4244249,72.8759765625
4244275,30.517578125
4244289,64.5751953125
4244332,76.47705078125
4244346,36.1328125
4244369,56.396484375
4244402,35.2783203125
4244440,38.4521484375
4244478,32.53173828125
4244512,32.40966796875
4244577,35.0341796875
4247466,30.33447265625
4247670,29.72412109375
4247761,32.71484375
4248316,31.67724609375
4248584,34.423828125
4248632,29.96826171875
4248662,39.1845703125
4249128,35.15625
4249494,36.43798828125
4317828,65.91796875
4317839,70.556640625
4317855,143.61572265625
4317880,126.15966796875
4317906,126.40380859375
4317924,109.7412109375
4317939,30.8837890625
4317957,148.681640625
4317988,99.18212890625
4318002,86.73095703125
4318032,88.623046875
4318048,60.24169921875
4318076,58.28857421875
4318089,91.00341796875
4318127,42.29736328125
4318145,46.93603515625
4318169,30.3955078125
4318183,39.97802734375
4318209,31.6162109375
4318221,43.9453125
4318270,30.94482421875
4318345,32.53173828125
4320161,30.517578125
4322207,31.92138671875
4323253,37.9638671875
4425566,60.97412109375
4425598,32.2265625
4425621,119.32373046875
4425639,148.8037109375
4425671,169.5556640625
4425701,67.2607421875
4425715,158.5693359375
4425738,93.8720703125
4425774,77.57568359375
4425785,62.3779296875
4425814,49.6826171875
4425832,55.0537109375
4425858,49.37744140625
4425896,32.71484375
4425935,30.94482421875
4425957,41.748046875
4426010,29.84619140625
4426040,39.0625
4426094,32.3486328125
4426200,31.73828125
4428662,32.1044921875
4429632,29.96826171875
4430791,42.29736328125
4430891,32.89794921875
4431152,30.2734375
4431325,29.9072265625
4431597,35.94970703125
4514196,30.21240234375
4514366,36.865234375
4514388,34.11865234375
4514414,186.6455078125
4514440,96.37451171875
4514463,142.578125
4514489,74.15771484375
4514499,42.78564453125
4514516,87.09716796875
4514535,51.81884765625
4514553,89.35546875
4514576,73.66943359375
4514598,48.7060546875
4514612,39.97802734375
4514630,52.79541015625
4514669,35.33935546875
4514712,32.5927734375
4514727,38.6962890625
4514746,34.7900390625
4514856,30.09033203125
4514883,30.82275390625
4516702,29.9072265625
4517635,31.55517578125
4519889,32.8369140625
4520137,34.48486328125
4520184,33.203125
4520290,51.025390625
4520336,34.0576171875
4520494,31.55517578125
4520678,33.38623046875
4520710,33.8134765625
4595056,64.5751953125
4595068,46.0205078125
4595088,89.90478515625
4595100,167.54150390625
4595119,81.54296875
4595142,163.51318359375
4595167,59.9365234375
4595183,145.8740234375
4595195,77.0263671875
4595205,99.06005859375
4595241,70.49560546875
4595273,52.734375
4595287,68.78662109375
4595304,37.17041015625
4595319,38.2080078125
4595334,35.888671875
4595381,44.43359375
4595416,33.02001953125
4595441,35.0341796875
4595480,31.18896484375
4595567,30.3955078125
4596545,30.94482421875
4598709,29.84619140625
4599798,31.79931640625
4600050,43.02978515625
4600325,30.45654296875
4600623,32.65380859375
4600716,32.5927734375
4600937,38.818359375
4601049,32.1044921875
4601202,30.1513671875
4601255,31.982421875
4601509,29.9072265625
4676697,48.15673828125
4676727,79.7119140625
4676742,100.64697265625
4676760,111.572265625
4676785,130.37109375
4676804,118.896484375
4676827,90.576171875
4676838,121.58203125
4676859,95.88623046875
4676875,85.9375
4676892,91.85791015625
4676910,38.57421875
4676931,71.8994140625
4676960,48.88916015625
4676987,29.78515625
4677005,41.80908203125
4677054,31.494140625
4677105,30.3955078125
4677131,39.306640625
4677197,31.18896484375
4681253,29.9072265625
4682028,34.24072265625
4682069,30.94482421875
4682247,29.78515625
4682342,30.21240234375
4682417,30.76171875
4682609,52.06298828125
4682634,42.66357421875
4682903,30.517578125
4683054,42.48046875
4683137,31.005859375
4683216,30.45654296875
4683379,31.982421875
4683407,31.8603515625
4761120,42.54150390625
4761143,68.90869140625
4761158,105.04150390625
4761183,157.53173828125
4761196,106.8115234375
4761233,122.1923828125
4761243,109.375
4761277,95.5810546875
4761298,80.6884765625
4761313,30.2734375
4761334,32.958984375
4761355,57.55615234375
4761373,35.0341796875
4761402,41.1376953125
4761422,38.02490234375
4761453,54.87060546875
4761497,40.95458984375
4761537,29.96826171875
4761556,31.79931640625
4761588,42.66357421875
4761619,29.96826171875
4761692,30.6396484375
4761765,31.25
4766058,39.9169921875
4766162,30.8837890625
4766340,35.46142578125
4766378,31.92138671875
4766492,30.029296875
4766631,30.21240234375
4766784,31.67724609375
4766882,30.3955078125
4767000,35.46142578125
4767192,36.865234375
4767322,29.96826171875
4767383,33.447265625
4767410,43.3349609375
4767663,50.59814453125
