4798001,0
55122,38.6962890625
271604,46.38671875
546218,40.46630859375
579581,45.0439453125
811388,46.08154296875
1041522,44.49462890625
1413384,43.27392578125
1438390,48.33984375
1520017,46.875
1703986,63.5986328125
1927117,44.5556640625
1927173,37.2314453125
1927882,42.41943359375
2073659,50.1708984375
2186383,57.9833984375
2394610,45.166015625
2451481,45.34912109375
2452006,38.63525390625
2452065,40.6494140625
2452166,37.109375
2452243,37.353515625
2452260,82.1533203125
2452298,56.5185546875
2452340,78.67431640625
2452357,36.0107421875
2452439,59.63134765625
2452488,38.02490234375
2452561,41.50390625
2452622,38.02490234375
2452639,40.4052734375
2452916,40.6494140625
2453105,35.64453125
2453255,44.25048828125
2711351,46.875
2711467,50.84228515625
3009991,51.7578125
3010116,37.78076171875
3140563,48.583984375
3341908,46.7529296875
3398486,41.015625
3736254,55.0537109375
3928333,55.0537109375
3928610,56.2744140625
4158674,53.40576171875
4415142,58.10546875
4415275,39.00146484375
4617775,47.79052734375
4618201,40.6494140625
