4798001,0
50791,79.1015625
50809,43.3349609375
50829,75.62255859375
50842,40.71044921875
50861,46.875
50880,63.17138671875
50890,53.77197265625
50921,46.69189453125
50954,37.841796875
51003,42.1142578125
51027,58.7158203125
51117,67.32177734375
51174,41.07666015625
51239,40.283203125
51286,37.17041015625
51348,38.02490234375
51394,39.794921875
51505,37.353515625
51577,38.57421875
51736,39.306640625
52209,39.9169921875
53060,37.78076171875
105468,81.35986328125
105487,88.7451171875
105506,86.48681640625
105525,70.49560546875
105559,69.88525390625
105579,49.25537109375
105597,49.072265625
105625,58.77685546875
105638,43.8232421875
105687,38.6962890625
105705,41.50390625
105725,36.865234375
105791,58.53271484375
105847,45.95947265625
105879,46.56982421875
105975,40.58837890625
106163,37.53662109375
106265,39.97802734375
106369,47.18017578125
106574,42.29736328125
106641,36.92626953125
106760,36.62109375
204378,100.03662109375
204409,54.62646484375
204431,67.32177734375
204447,57.80029296875
204480,46.630859375
204523,38.75732421875
204540,43.02978515625
204550,38.4521484375
204600,46.38671875
204657,36.80419921875
204676,47.42431640625
204702,37.78076171875
204758,47.119140625
204846,38.57421875
204924,38.26904296875
205221,40.283203125
205323,39.97802734375
205427,48.095703125
205526,40.771484375
205575,42.90771484375
207064,39.48974609375
270863,36.9873046875
270899,52.67333984375
270929,112.4267578125
270943,45.8984375
270980,48.64501953125
271023,63.96484375
271035,46.2646484375
271120,55.48095703125
271208,37.04833984375
271261,39.9169921875
271300,42.3583984375
271381,37.65869140625
271458,42.1142578125
271668,37.53662109375
271743,36.4990234375
271768,38.6962890625
271881,41.259765625
272091,50.6591796875
272312,43.212890625
273338,45.654296875
273621,37.17041015625
390944,101.13525390625
390976,43.45703125
390990,81.1767578125
391016,41.9921875
391037,52.24609375
391055,57.9833984375
391095,43.701171875
391143,36.62109375
391156,49.98779296875
391191,38.818359375
391262,49.98779296875
391330,40.6494140625
391464,41.93115234375
391673,38.51318359375
391745,38.14697265625
391905,38.75732421875
392097,42.6025390625
392452,39.36767578125
392661,38.6962890625
392940,36.4990234375
393292,39.00146484375
393451,38.75732421875
469252,108.33740234375
469275,67.68798828125
469297,40.58837890625
469307,36.43798828125
469320,45.7763671875
469339,72.1435546875
469353,40.771484375
469369,45.2880859375
469392,38.51318359375
469403,55.419921875
469441,36.62109375
469476,38.02490234375
469535,46.20361328125
469549,39.12353515625
469611,39.48974609375
469677,37.78076171875
469871,37.41455078125
469934,36.7431640625
470183,37.29248046875
470327,40.22216796875
470395,36.56005859375
470472,43.51806640625
470753,40.22216796875
470828,38.39111328125
470924,37.59765625
471537,39.85595703125
471760,39.00146484375
530921,92.28515625
530953,82.275390625
530963,103.271484375
530995,44.921875
531017,58.59375
531074,41.32080078125
531099,46.32568359375
531124,39.55078125
531135,42.8466796875
531161,43.88427734375
531232,46.875
531269,37.9638671875
531324,36.865234375
531354,36.43798828125
531427,47.607421875
531488,37.04833984375
531613,37.353515625
531784,41.50390625
532619,53.7109375
532782,41.8701171875
532852,37.109375
533458,36.865234375
533720,39.9169921875
605615,93.75
605646,80.74951171875
605667,60.85205078125
605678,59.6923828125
605709,67.87109375
605736,46.875
605772,37.109375
605802,38.51318359375
605844,53.16162109375
605912,47.36328125
606001,37.29248046875
606025,43.76220703125
606196,37.7197265625
606262,43.5791015625
606498,41.1376953125
606570,36.56005859375
606655,39.1845703125
606814,47.66845703125
606913,41.3818359375
607020,36.4990234375
608096,46.9970703125
608448,41.44287109375
680632,100.341796875
680667,90.576171875
680681,86.24267578125
680711,51.20849609375
680738,37.59765625
680750,40.95458984375
680791,65.5517578125
680847,47.42431640625
680863,61.5234375
680904,50.23193359375
680946,46.630859375
681032,43.8232421875
681072,43.27392578125
681130,41.259765625
681244,36.80419921875
681327,45.59326171875
681341,37.78076171875
681416,38.14697265625
681590,42.3583984375
681655,39.12353515625
681736,45.41015625
681880,45.8984375
681976,39.9169921875
682543,36.9873046875
754886,88.2568359375
754917,75.86669921875
754941,83.06884765625
754982,62.8662109375
755011,44.43359375
755030,36.80419921875
755082,52.55126953125
755132,37.4755859375
755201,44.921875
755313,36.92626953125
755362,43.701171875
755446,48.15673828125
755523,43.3349609375
755534,37.109375
755612,38.02490234375
755859,42.724609375
755878,36.43798828125
756489,40.71044921875
756814,39.794921875
757075,38.26904296875
757191,37.2314453125
757833,38.02490234375
828733,109.43603515625
828759,42.96875
828778,65.5517578125
828796,59.6923828125
828835,57.2509765625
828894,64.51416015625
828917,36.865234375
828992,40.52734375
829053,45.95947265625
829140,42.48046875
829202,40.34423828125
829287,39.00146484375
829392,38.4521484375
829477,38.63525390625
829603,37.90283203125
829728,37.9638671875
829877,43.27392578125
829959,37.29248046875
830147,38.2080078125
830717,36.56005859375
830835,37.78076171875
831030,39.00146484375
831093,37.29248046875
907189,100.830078125
907208,74.27978515625
907221,57.18994140625
907234,65.0634765625
907247,77.7587890625
907286,51.08642578125
907325,48.583984375
907353,40.771484375
907420,48.40087890625
907458,38.57421875
907496,40.58837890625
907520,43.88427734375
907584,41.19873046875
907595,44.12841796875
907668,42.48046875
907735,41.80908203125
907821,37.17041015625
908008,37.841796875
908052,36.865234375
908480,37.59765625
908597,36.62109375
908693,38.87939453125
908879,38.75732421875
908953,40.22216796875
909246,39.97802734375
909804,38.87939453125
909838,41.9921875
977176,109.86328125
977207,61.4013671875
977226,56.21337890625
977258,47.607421875
977273,62.1337890625
977292,36.9873046875
977323,47.7294921875
977359,45.0439453125
977400,49.74365234375
977502,38.0859375
977519,42.6025390625
977576,42.48046875
977615,38.818359375
977695,41.015625
977818,37.29248046875
977840,36.4990234375
977987,38.4521484375
978087,46.5087890625
978368,37.29248046875
978503,40.83251953125
978600,38.14697265625
978732,36.62109375
978832,40.22216796875
978934,38.9404296875
979386,44.677734375
979813,39.6728515625
1063765,102.294921875
1063785,56.82373046875
1063803,72.69287109375
1063817,48.7060546875
1063829,46.93603515625
1063860,52.06298828125
1063897,41.259765625
1063912,52.734375
1063924,50.78125
1063960,43.9453125
1063994,54.62646484375
1064020,37.90283203125
1064044,43.02978515625
1064096,43.8232421875
1064159,53.955078125
1064218,37.78076171875
1064236,37.78076171875
1064304,41.44287109375
1064553,36.4990234375
1064653,37.53662109375
1064734,42.1142578125
1065021,37.353515625
1065241,40.46630859375
1065937,42.29736328125
1141360,94.7265625
1141385,93.6279296875
1141397,69.76318359375
1141417,57.06787109375
1141427,46.142578125
1141456,64.63623046875
1141471,36.56005859375
1141497,36.43798828125
1141518,51.81884765625
1141542,64.27001953125
1141583,39.85595703125
1141607,37.04833984375
1141633,37.59765625
1141669,39.6728515625
1141745,40.771484375
1141826,48.095703125
1142045,40.10009765625
1142135,38.51318359375
1142316,37.17041015625
1142394,43.39599609375
1143500,39.4287109375
1143919,39.55078125
1215472,37.9638671875
1215504,78.79638671875
1215519,66.58935546875
1215540,50.78125
1215555,90.88134765625
1215581,38.818359375
1215623,46.875
1215644,48.33984375
1215687,46.56982421875
1215702,38.818359375
1215760,36.9873046875
1215826,39.9169921875
1215891,42.1142578125
1215931,44.189453125
1216009,40.283203125
1216041,38.6962890625
1216095,37.53662109375
1216122,40.52734375
1216183,39.85595703125
1216398,37.53662109375
1216595,36.43798828125
1216699,54.01611328125
1217462,36.9873046875
1217913,42.724609375
1293473,103.45458984375
1293502,61.767578125
1293513,97.71728515625
1293548,58.4716796875
1293567,52.490234375
1293578,39.4287109375
1293635,46.69189453125
1293657,39.36767578125
1293676,41.07666015625
1293712,45.83740234375
1293734,36.68212890625
1293786,77.08740234375
1293849,37.59765625
1293931,47.18017578125
1294414,41.56494140625
1294647,36.62109375
1294909,40.22216796875
1295047,36.4990234375
1372317,79.04052734375
1372348,67.68798828125
1372360,51.6357421875
1372370,77.0263671875
1372386,59.14306640625
1372409,48.76708984375
1372443,54.13818359375
1372454,38.75732421875
1372467,39.00146484375
1372489,57.06787109375
1372501,39.306640625
1372524,46.08154296875
1372561,55.7861328125
1372576,41.56494140625
1372664,39.61181640625
1372686,41.015625
1372710,39.9169921875
1372735,51.3916015625
1372911,44.5556640625
1372929,41.6259765625
1372996,39.4287109375
1373120,40.4052734375
1373194,41.3818359375
1373661,36.9873046875
1373877,37.65869140625
1374027,37.9638671875
1374363,37.41455078125
1374510,37.7197265625
1374549,43.212890625
1457682,97.2900390625
1457713,69.4580078125
1457730,56.33544921875
1457755,47.66845703125
1457785,57.43408203125
1457804,38.57421875
1457818,44.677734375
1457842,53.22265625
1457859,40.34423828125
1457896,39.24560546875
1457909,38.26904296875
1457997,39.4287109375
1458035,39.0625
1458084,45.41015625
1458154,36.4990234375
1458265,38.02490234375
1458308,38.39111328125
1458366,38.63525390625
1458381,44.677734375
1458474,37.2314453125
1458545,36.865234375
1458639,41.1376953125
1458744,42.48046875
1458830,37.29248046875
1459068,37.78076171875
1460299,38.14697265625
1545696,95.703125
1545707,37.65869140625
1545735,96.00830078125
1545752,56.57958984375
1545779,49.86572265625
1545804,47.8515625
1545837,39.73388671875
1545861,66.71142578125
1545907,39.1845703125
1545961,45.34912109375
1545986,47.4853515625
1546016,40.10009765625
1546071,37.841796875
1546158,52.8564453125
1546252,40.83251953125
1546448,36.62109375
1546631,38.26904296875
1546781,42.6025390625
1546831,36.43798828125
1547288,43.212890625
1547398,36.56005859375
1547713,37.2314453125
1629229,97.71728515625
1629255,76.171875
1629277,72.265625
1629296,37.353515625
1629309,53.64990234375
1629354,53.77197265625
1629394,49.072265625
1629429,44.7998046875
1629461,36.56005859375
1629473,37.29248046875
1629496,36.4990234375
1629510,36.56005859375
1629596,41.9921875
1629617,41.56494140625
1629682,40.10009765625
1629748,40.34423828125
1629770,37.17041015625
1629845,38.87939453125
1630104,36.62109375
1630200,42.724609375
1630378,44.00634765625
1630488,41.80908203125
1630661,43.3349609375
1630691,39.00146484375
1630770,39.36767578125
1709001,98.7548828125
1709034,120.91064453125
1709048,41.8701171875
1709070,68.66455078125
1709080,56.5185546875
1709105,44.7998046875
1709137,49.37744140625
1709169,41.68701171875
1709193,45.95947265625
1709204,38.818359375
1709253,46.08154296875
1709283,47.05810546875
1709323,38.2080078125
1709340,37.29248046875
1709462,49.37744140625
1709560,42.05322265625
1709580,38.63525390625
1709643,36.80419921875
1709751,52.490234375
1709845,42.66357421875
1709954,37.41455078125
1710280,36.4990234375
1710503,53.466796875
1710849,39.0625
1710961,39.794921875
1711747,37.109375
1796595,92.95654296875
1796617,49.072265625
1796630,78.30810546875
1796648,46.08154296875
1796659,43.3349609375
1796671,39.24560546875
1796686,49.86572265625
1796734,44.25048828125
1796749,45.10498046875
1796785,49.25537109375
1796813,62.3779296875
1796830,40.95458984375
1796891,43.88427734375
1796916,52.8564453125
1796949,41.80908203125
1796972,49.86572265625
1797052,40.0390625
1797292,43.9453125
1797399,44.86083984375
1798022,36.4990234375
1798166,41.80908203125
1799598,49.6826171875
1884910,90.4541015625
1884927,49.072265625
1884943,107.97119140625
1884970,64.39208984375
1885006,56.884765625
1885053,53.955078125
1885065,41.32080078125
1885132,44.49462890625
1885167,40.10009765625
1885272,40.34423828125
1885300,38.818359375
1885445,39.48974609375
1885535,44.12841796875
1885597,39.97802734375
1885680,37.109375
1885719,44.0673828125
1885763,39.12353515625
1885824,40.22216796875
1885843,42.29736328125
1885929,50.72021484375
1886199,40.771484375
1886350,38.57421875
1886594,36.92626953125
1886968,36.62109375
1887668,37.2314453125
1977368,93.68896484375
1977398,75.439453125
1977420,77.20947265625
1977472,54.50439453125
1977509,38.818359375
1977581,43.88427734375
1977609,38.87939453125
1977659,39.85595703125
1977700,40.4052734375
1977732,49.31640625
1977766,46.69189453125
1977813,54.931640625
1977890,38.330078125
1977958,40.34423828125
1977993,38.14697265625
1978329,36.9873046875
1978378,39.85595703125
1978640,46.44775390625
1978752,37.59765625
1978798,39.85595703125
1979042,38.02490234375
1979456,37.29248046875
1979625,37.04833984375
1979703,38.02490234375
1979839,43.15185546875
2070512,55.60302734375
2070547,55.96923828125
2070578,102.96630859375
2070598,50.78125
2070621,42.6025390625
2070635,47.91259765625
2070655,45.83740234375
2070691,49.01123046875
2070741,44.86083984375
2070869,41.1376953125
2070935,41.07666015625
2070961,39.794921875
2070998,37.7197265625
2071038,39.306640625
2071235,45.7763671875
2071381,36.9873046875
2071467,45.95947265625
2071578,44.49462890625
2071786,41.748046875
2072089,38.51318359375
2073120,37.59765625
2161665,96.435546875
2161696,101.13525390625
2161716,105.65185546875
2161743,46.0205078125
2161774,70.9228515625
2161817,52.42919921875
2161830,46.32568359375
2161864,38.75732421875
2161887,41.6259765625
2161918,39.6728515625
2162026,37.109375
2162407,39.9169921875
2162502,37.53662109375
2162713,42.1142578125
2164082,38.0859375
2164495,41.50390625
2223839,98.5107421875
2223871,162.53662109375
2223900,51.57470703125
2223928,56.94580078125
2223951,60.05859375
2223987,40.6494140625
2224041,36.92626953125
2224146,42.17529296875
2224188,42.48046875
2224234,43.39599609375
2224318,52.001953125
2224394,38.6962890625
2224509,38.02490234375
2224587,38.02490234375
2224748,44.86083984375
2225028,37.78076171875
2225047,41.6259765625
2225471,38.57421875
2225541,37.353515625
2226119,40.34423828125
2226387,41.259765625
2283404,38.2080078125
2283421,117.1875
2283457,103.759765625
2283469,49.25537109375
2283500,69.7021484375
2283510,50.23193359375
2283581,42.66357421875
2283630,56.33544921875
2283770,43.3349609375
2283838,39.73388671875
2283912,40.22216796875
2283971,39.794921875
2284066,39.9169921875
2284131,37.04833984375
2284255,36.865234375
2284292,37.59765625
2284361,41.19873046875
2284411,37.9638671875
2284483,37.9638671875
2284500,36.4990234375
2284544,36.80419921875
2285500,40.0390625
2285949,46.32568359375
2388454,94.17724609375
2388472,99.79248046875
2388482,74.462890625
2388504,54.6875
2388517,53.5888671875
2388534,43.701171875
2388576,40.71044921875
2388611,53.1005859375
2388638,39.306640625
2388657,45.2880859375
2388779,40.71044921875
2389211,38.26904296875
2389682,38.9404296875
2389896,39.12353515625
2390458,38.26904296875
2390630,41.80908203125
2390702,37.29248046875
2390843,36.4990234375
2391025,41.56494140625
2471045,89.90478515625
2471075,137.8173828125
2471089,38.9404296875
2471130,75.13427734375
2471183,41.50390625
2471200,49.1943359375
2471251,55.419921875
2471264,39.97802734375
2471288,41.1376953125
2471318,50.59814453125
2471345,36.4990234375
2471446,37.78076171875
2471509,36.68212890625
2471574,43.5791015625
2471665,40.83251953125
2471774,38.26904296875
2472049,36.43798828125
2472309,38.6962890625
2472922,38.39111328125
2472973,39.0625
2473031,40.71044921875
2473230,45.2880859375
2473260,44.7998046875
2473394,39.12353515625
2547388,109.06982421875
2547398,62.744140625
2547423,103.82080078125
2547444,40.34423828125
2547457,48.76708984375
2547505,43.88427734375
2547592,39.24560546875
2547652,43.51806640625
2547714,37.353515625
2547745,39.0625
2547756,40.4052734375
2547839,49.49951171875
2548002,46.81396484375
2548017,36.68212890625
2548199,39.48974609375
2548285,36.43798828125
2548367,38.818359375
2548516,46.9970703125
2549231,39.12353515625
2549328,36.92626953125
2549563,37.41455078125
2549663,38.330078125
2550247,41.6259765625
2641164,92.8955078125
2641184,70.1904296875
2641195,65.12451171875
2641216,54.87060546875
2641234,42.78564453125
2641253,59.14306640625
2641290,58.837890625
2641333,41.80908203125
2641343,39.6728515625
2641388,38.57421875
2641447,37.04833984375
2641515,43.02978515625
2641604,39.55078125
2641688,37.9638671875
2641886,37.59765625
2641988,38.51318359375
2643695,36.62109375
2736374,92.22412109375
2736402,61.46240234375
2736412,42.54150390625
2736431,78.7353515625
2736461,57.861328125
2736471,47.42431640625
2736506,60.97412109375
2736554,45.166015625
2736576,54.3212890625
2736650,38.51318359375
2736674,46.875
2736764,52.42919921875
2736844,38.26904296875
2736937,36.56005859375
2737059,37.841796875
2737180,43.5791015625
2737270,37.59765625
2737667,43.02978515625
2739221,37.841796875
2820407,83.984375
2820436,69.27490234375
2820447,100.76904296875
2820459,57.373046875
2820496,67.5048828125
2820537,65.24658203125
2820562,45.166015625
2820576,36.62109375
2820588,43.76220703125
2820624,59.08203125
2820694,44.49462890625
2820739,46.08154296875
2820774,46.7529296875
2820804,41.44287109375
2820851,47.2412109375
2820887,40.46630859375
2820957,37.53662109375
2821310,38.14697265625
2821430,45.0439453125
2821880,42.54150390625
2822321,37.2314453125
2822504,39.4287109375
2913157,94.482421875
2913185,56.884765625
2913199,53.40576171875
2913234,36.80419921875
2913246,67.68798828125
2913307,38.330078125
2913352,48.828125
2913409,44.49462890625
2913577,56.640625
2913638,39.36767578125
2913829,41.50390625
2914062,36.865234375
2914172,36.62109375
2914287,47.18017578125
2914350,45.5322265625
2914454,40.10009765625
2914663,38.57421875
2914848,38.818359375
2914939,42.1142578125
2915073,40.771484375
2915308,40.0390625
2915448,36.43798828125
2915603,38.63525390625
2916156,36.80419921875
2993235,92.34619140625
2993265,145.44677734375
2993277,73.3642578125
2993300,70.1904296875
2993321,74.76806640625
2993374,51.33056640625
2993396,39.9169921875
2993435,46.56982421875
2993507,37.29248046875
2993532,43.39599609375
2993548,36.62109375
2993590,43.27392578125
2993671,36.68212890625
2993698,36.92626953125
2993785,38.26904296875
2993879,42.3583984375
2993961,39.00146484375
2994042,41.07666015625
2994218,39.36767578125
2994367,43.9453125
2994616,38.87939453125
2994706,38.330078125
2994805,38.9404296875
2995505,40.52734375
2995708,40.4052734375
3066518,78.9794921875
3066549,75.86669921875
3066564,80.6884765625
3066600,52.3681640625
3066631,41.8701171875
3066641,44.677734375
3066670,38.6962890625
3066721,66.34521484375
3066746,36.62109375
3066778,40.46630859375
3066938,37.65869140625
3066958,42.6025390625
3067027,38.2080078125
3067038,39.4287109375
3067229,44.5556640625
3067327,41.748046875
3067529,37.353515625
3067641,36.92626953125
3067791,36.80419921875
3068887,37.2314453125
3069163,37.17041015625
3146081,109.68017578125
3146110,65.0634765625
3146136,82.82470703125
3146168,69.4580078125
3146206,45.41015625
3146219,49.072265625
3146235,49.37744140625
3146282,52.6123046875
3146356,52.67333984375
3146417,39.4287109375
3146595,39.4287109375
3146635,37.90283203125
3146686,38.818359375
3146745,41.32080078125
3146882,37.04833984375
3146974,38.6962890625
3147255,36.43798828125
3148032,39.73388671875
3148376,43.45703125
3232741,92.6513671875
3232772,67.138671875
3232784,96.37451171875
3232801,37.841796875
3232833,66.0400390625
3232859,60.9130859375
3232881,57.67822265625
3232900,37.53662109375
3232929,37.59765625
3232940,37.29248046875
3233008,53.1005859375
3233076,37.841796875
3233137,43.701171875
3233211,36.4990234375
3233421,38.57421875
3233448,41.015625
3233536,36.7431640625
3233623,50.96435546875
3233706,41.56494140625
3233729,36.80419921875
3233770,36.62109375
3233831,45.59326171875
3234136,42.29736328125
3235016,40.1611328125
3341867,113.83056640625
3341902,117.37060546875
3341921,77.7587890625
3341960,65.61279296875
3341975,54.99267578125
3342011,42.96875
3342022,47.36328125
3342054,36.865234375
3342078,38.63525390625
3342149,41.68701171875
3342188,44.921875
3342251,39.306640625
3342511,38.39111328125
3342695,36.9873046875
3342772,43.39599609375
3343434,39.24560546875
3344012,37.65869140625
3344137,38.39111328125
3344303,45.166015625
3344430,38.75732421875
3344798,36.4990234375
3433219,87.82958984375
3433248,67.32177734375
3433267,59.63134765625
3433292,38.63525390625
3433307,68.42041015625
3433330,46.2646484375
3433487,41.93115234375
3433532,46.32568359375
3433543,41.1376953125
3433709,40.4052734375
3433719,37.353515625
3433858,39.85595703125
3434048,47.607421875
3434118,39.61181640625
3434242,36.68212890625
3434340,36.7431640625
3434413,37.841796875
3434832,36.865234375
3435091,37.9638671875
3435511,36.62109375
3435918,41.68701171875
3508377,41.9921875
3508401,83.984375
3508418,39.24560546875
3508442,70.12939453125
3508475,41.3818359375
3508486,42.3583984375
3508510,39.55078125
3508554,45.0439453125
3508571,37.04833984375
3508610,36.92626953125
3508635,50.537109375
3508710,37.65869140625
3508786,56.396484375
3508876,39.85595703125
3509137,41.07666015625
3509259,48.15673828125
3509371,36.56005859375
3509731,36.43798828125
3509834,38.2080078125
3509920,38.4521484375
3509995,40.34423828125
3510235,38.14697265625
3510394,36.865234375
3510608,38.0859375
3511019,37.7197265625
3511189,45.2880859375
3511537,39.306640625
3511585,36.92626953125
3559223,85.0830078125
3559236,50.47607421875
3559253,108.642578125
3559283,73.66943359375
3559307,67.626953125
3559337,44.189453125
3559360,44.12841796875
3559400,42.236328125
3559452,42.48046875
3559500,41.68701171875
3559584,51.57470703125
3559658,39.85595703125
3559675,40.283203125
3559851,37.17041015625
3559964,40.22216796875
3560077,45.0439453125
3560145,38.0859375
3560256,40.95458984375
3560322,42.17529296875
3560421,38.87939453125
3560634,38.0859375
3560922,36.865234375
3560940,43.27392578125
3562540,38.26904296875
3659142,96.86279296875
3659163,75.25634765625
3659173,77.69775390625
3659184,52.18505859375
3659221,40.95458984375
3659267,42.724609375
3659299,44.189453125
3659323,37.2314453125
3659354,40.771484375
3659417,44.98291015625
3659467,36.4990234375
3659540,37.4755859375
3659619,36.4990234375
3659691,36.92626953125
3659787,36.80419921875
3659987,39.36767578125
3660069,44.25048828125
3660169,39.00146484375
3660213,40.771484375
3660328,36.865234375
3660400,39.306640625
3660560,48.03466796875
3661631,40.10009765625
3662082,36.56005859375
3754993,85.51025390625
3755024,74.76806640625
3755045,65.00244140625
3755082,76.59912109375
3755118,47.66845703125
3755151,40.1611328125
3755172,38.6962890625
3755185,38.14697265625
3755212,38.39111328125
3755249,46.630859375
3755304,39.9169921875
3755329,42.48046875
3755367,37.65869140625
3755570,38.87939453125
3755645,37.59765625
3755758,38.26904296875
3755829,41.015625
3756060,44.25048828125
3756131,39.9169921875
3756276,39.4287109375
3756376,39.6728515625
3756476,36.865234375
3756643,37.41455078125
3756836,43.39599609375
3757130,44.189453125
3757775,39.306640625
3758247,44.86083984375
3821880,98.93798828125
3821912,80.87158203125
3821930,52.24609375
3821959,49.8046875
3821970,62.92724609375
3822002,37.4755859375
3822043,40.0390625
3822058,39.00146484375
3822096,49.74365234375
3822229,37.65869140625
3822311,48.4619140625
3822379,38.330078125
3822400,37.29248046875
3822457,40.4052734375
3822522,39.794921875
3822609,38.26904296875
3822705,38.39111328125
3822816,36.68212890625
3823766,40.771484375
3824307,43.51806640625
3824533,39.36767578125
3824706,41.259765625
3824878,38.6962890625
3825084,38.75732421875
3919023,112.060546875
3919053,64.94140625
3919068,112.36572265625
3919100,56.45751953125
3919112,70.068359375
3919139,48.33984375
3919169,48.583984375
3919188,37.353515625
3919236,43.76220703125
3919280,50.10986328125
3919293,51.08642578125
3919355,41.50390625
3919429,52.978515625
3919443,38.6962890625
3919509,37.65869140625
3919750,38.57421875
3919868,45.59326171875
3920415,37.17041015625
3921097,39.00146484375
3921741,39.12353515625
3921964,49.6826171875
4017516,100.64697265625
4017529,89.29443359375
4017554,52.978515625
4017585,75.62255859375
4017632,44.61669921875
4017668,55.11474609375
4017679,37.90283203125
4017722,40.83251953125
4017757,44.98291015625
4017975,40.71044921875
4018176,43.212890625
4018277,49.1943359375
4018524,37.90283203125
4018590,38.75732421875
4018929,38.87939453125
4019001,37.90283203125
4019186,37.109375
4019554,40.1611328125
4019650,39.55078125
4020171,37.2314453125
4020975,56.09130859375
4103438,94.23828125
4103459,105.77392578125
4103478,44.12841796875
4103494,44.98291015625
4103519,59.87548828125
4103537,45.71533203125
4103566,54.13818359375
4103591,45.22705078125
4103626,42.8466796875
4103644,42.8466796875
4103692,41.9921875
4103882,36.92626953125
4103958,41.259765625
4104037,38.02490234375
4104170,38.2080078125
4104268,41.19873046875
4104413,38.87939453125
4104509,45.166015625
4104818,36.865234375
4104894,39.6728515625
4105256,40.58837890625
4105394,37.841796875
4105796,37.7197265625
4106137,36.865234375
4106422,37.04833984375
4182393,106.87255859375
4182425,58.04443359375
4182451,77.81982421875
4182476,38.14697265625
4182502,69.3359375
4182529,46.7529296875
4182572,46.08154296875
4182664,37.90283203125
4182719,39.0625
4182747,48.9501953125
4182828,44.73876953125
4183052,37.53662109375
4183122,43.3349609375
4183234,37.9638671875
4183336,39.24560546875
4183669,38.51318359375
4183848,39.1845703125
4184131,52.67333984375
4184497,39.24560546875
4184580,42.6025390625
4185034,38.51318359375
4185618,37.29248046875
4185853,72.32666015625
4272980,93.8720703125
4273011,68.9697265625
4273022,89.66064453125
4273035,55.11474609375
4273073,82.275390625
4273098,45.22705078125
4273118,36.865234375
4273132,36.9873046875
4273182,37.59765625
4273239,38.87939453125
4273304,37.7197265625
4273383,44.921875
4273421,36.7431640625
4273480,42.17529296875
4273548,49.4384765625
4273620,38.51318359375
4273700,40.771484375
4273871,40.83251953125
4273910,37.04833984375
4273945,41.015625
4274014,39.48974609375
4274029,40.83251953125
4274110,38.0859375
4274899,39.24560546875
4275355,37.4755859375
4275605,37.29248046875
4275718,36.68212890625
4276015,36.43798828125
4276353,36.92626953125
4276436,37.353515625
4348266,87.646484375
4348296,68.54248046875
4348314,111.083984375
4348360,60.36376953125
4348386,40.46630859375
4348406,45.8984375
4348481,47.2412109375
4348562,37.65869140625
4348586,37.53662109375
4348642,38.0859375
4348704,38.75732421875
4348775,36.9873046875
4348847,43.88427734375
4348908,36.9873046875
4349013,46.142578125
4349112,41.6259765625
4349986,37.59765625
4350475,37.53662109375
4351183,38.75732421875
4351534,38.02490234375
4351655,37.78076171875
4409133,96.0693359375
4409165,129.69970703125
4409180,61.1572265625
4409217,49.01123046875
4409239,39.794921875
4409272,42.17529296875
4409286,43.0908203125
4409304,36.62109375
4409321,51.513671875
4409370,43.3349609375
4409414,37.65869140625
4409473,61.09619140625
4409530,37.78076171875
4409666,41.9921875
4409735,40.95458984375
4409966,44.86083984375
4410112,39.9169921875
4410732,39.85595703125
4411186,36.7431640625
4411901,43.8232421875
4412120,37.90283203125
4412385,36.7431640625
4412566,41.1376953125
4496315,76.96533203125
4496343,84.77783203125
4496362,82.58056640625
4496390,52.79541015625
4496402,41.93115234375
4496437,43.51806640625
4496475,46.0205078125
4496572,39.306640625
4496632,40.34423828125
4496686,36.62109375
4496751,40.0390625
4496817,39.1845703125
4496851,39.48974609375
4496876,36.68212890625
4496958,45.654296875
4497019,45.83740234375
4497203,38.330078125
4497267,42.6025390625
4497323,37.353515625
4497353,36.62109375
4498410,38.6962890625
4498776,36.43798828125
4498855,41.3818359375
4499051,38.0859375
4499753,36.56005859375
4605390,104.43115234375
4605421,62.5
4605431,62.31689453125
4605450,64.51416015625
4605484,96.5576171875
4605505,43.88427734375
4605519,36.865234375
4605558,37.4755859375
4605581,37.841796875
4605617,36.56005859375
4605644,41.93115234375
4605700,55.419921875
4605783,36.92626953125
4605859,39.73388671875
4605925,40.8935546875
4606059,37.4755859375
4606151,36.92626953125
4607016,41.56494140625
4607174,52.24609375
4607273,41.259765625
4608625,37.53662109375
4608857,54.6875
4689973,102.72216796875
4690002,61.82861328125
4690021,78.857421875
4690046,43.45703125
4690063,69.88525390625
4690080,46.38671875
4690104,39.00146484375
4690136,37.7197265625
4690147,41.32080078125
4690174,44.00634765625
4690268,42.78564453125
4690318,39.1845703125
4690382,45.5322265625
4690461,40.771484375
4691010,42.6025390625
4691089,38.75732421875
4692265,36.7431640625
4693030,38.63525390625
4693148,41.19873046875
4777015,90.576171875
4777045,76.2939453125
4777059,56.94580078125
4777100,53.7109375
4777110,37.7197265625
4777131,39.97802734375
4777180,40.34423828125
4777209,41.8701171875
4777301,42.90771484375
4777423,36.4990234375
4777486,38.2080078125
4777785,39.0625
4777865,39.6728515625
4779086,44.5556640625
4780168,37.841796875
4780178,40.283203125
4780421,36.865234375
