4798001,0
82684,31.982421875
82730,28.80859375
82762,30.6396484375
82784,36.31591796875
82809,34.3017578125
82922,31.67724609375
195452,29.84619140625
195480,29.1748046875
195497,29.4189453125
195558,28.9306640625
195588,34.5458984375
195698,29.052734375
354646,30.1513671875
354665,28.25927734375
354734,28.564453125
470968,30.8837890625
593921,34.97314453125
594063,34.97314453125
594170,32.71484375
724838,28.3203125
724912,31.1279296875
724960,29.9072265625
793847,38.02490234375
793909,29.4189453125
989394,30.76171875
989588,28.50341796875
1080552,35.5224609375
1080774,28.38134765625
1080883,28.1982421875
1198174,30.70068359375
1198214,28.62548828125
1198309,36.92626953125
1297171,34.912109375
1297327,33.50830078125
1425602,34.11865234375
1425800,31.18896484375
1609178,30.517578125
1609381,28.99169921875
1609530,29.6630859375
1795422,28.6865234375
1795472,29.052734375
1795492,29.72412109375
1795712,30.45654296875
1816130,32.53173828125
1816158,28.564453125
1816243,38.14697265625
1909096,34.912109375
1909193,30.8837890625
1909257,32.3486328125
1909364,32.89794921875
1909384,31.06689453125
1982346,28.62548828125
1982581,31.31103515625
2056804,28.4423828125
2056894,32.2265625
2057058,32.2265625
2057115,36.2548828125
2222550,31.55517578125
2222653,29.96826171875
2303379,30.76171875
2303468,30.33447265625
2467567,28.1982421875
2467756,29.84619140625
2555751,38.0859375
2555869,31.3720703125
2555915,30.57861328125
2583686,32.8369140625
2584003,36.0107421875
2747529,30.1513671875
2747586,36.68212890625
2868470,32.470703125
2868561,29.296875
2868588,29.541015625
2868699,31.31103515625
2982761,34.60693359375
2982808,31.18896484375
2982925,29.47998046875
3143485,30.6396484375
3143541,32.16552734375
3191454,30.21240234375
3191708,31.982421875
3191961,31.79931640625
3352393,31.79931640625
3352633,32.5927734375
3402278,35.64453125
3402302,30.57861328125
3402447,30.33447265625
3715082,33.75244140625
4007019,32.40966796875
4007061,35.7666015625
4007149,34.60693359375
4007209,29.78515625
4022806,30.57861328125
4022850,28.564453125
4022907,28.62548828125
4328773,30.517578125
4328796,31.6162109375
4328818,32.1044921875
4328842,32.958984375
4352058,30.2734375
4352118,29.23583984375
4352184,28.62548828125
4352279,33.87451171875
4352325,32.04345703125
4713487,33.38623046875
4713532,30.33447265625
4713786,30.57861328125
