4798001,0
46219,33.63037109375
46260,34.912109375
46275,34.0576171875
46314,36.19384765625
46391,36.62109375
46412,39.97802734375
46503,42.78564453125
46522,40.34423828125
46646,34.1796875
46893,37.53662109375
47180,35.70556640625
47596,34.60693359375
98140,35.82763671875
98178,38.818359375
98271,36.43798828125
98305,34.36279296875
98362,35.2783203125
98405,38.39111328125
98509,35.15625
98525,43.27392578125
98547,36.43798828125
98646,34.36279296875
98780,34.60693359375
98938,37.109375
99065,38.87939453125
99181,36.80419921875
99413,39.24560546875
300665,38.2080078125
300727,38.57421875
300762,46.44775390625
300802,42.236328125
300833,36.19384765625
300907,45.22705078125
301007,45.5322265625
301047,44.25048828125
301495,37.353515625
347878,33.8134765625
347974,41.6259765625
348039,38.57421875
348246,41.32080078125
348290,36.2548828125
348438,36.1328125
348518,60.05859375
348666,34.7900390625
348832,34.60693359375
349020,33.63037109375
349031,35.21728515625
349376,33.8134765625
401103,34.72900390625
401273,33.99658203125
401420,34.48486328125
401448,34.85107421875
401465,36.62109375
401538,54.931640625
401570,33.99658203125
401688,35.0341796875
401712,37.7197265625
402018,36.1328125
402258,34.0576171875
402707,35.888671875
403293,33.87451171875
474472,34.66796875
476745,41.3818359375
476800,39.24560546875
476889,36.0107421875
476941,38.57421875
476998,34.48486328125
477035,37.7197265625
477109,34.0576171875
477189,46.9970703125
477261,42.48046875
477407,35.0341796875
477425,44.00634765625
477504,37.353515625
477552,37.65869140625
477691,34.5458984375
477969,41.50390625
478175,36.4990234375
478567,35.09521484375
577978,33.75244140625
578019,33.5693359375
578185,52.490234375
578487,40.283203125
578629,37.29248046875
578681,40.283203125
579028,38.26904296875
579371,38.6962890625
579907,37.109375
631230,33.99658203125
654519,34.5458984375
663975,37.59765625
664067,38.57421875
664122,37.4755859375
664156,36.0107421875
664223,38.63525390625
664236,45.7763671875
664441,40.283203125
664471,42.3583984375
664550,36.865234375
664586,46.630859375
664631,38.330078125
664732,38.39111328125
664878,36.4990234375
702667,56.33544921875
703020,36.1328125
703087,38.63525390625
703148,41.44287109375
703212,34.66796875
703309,38.6962890625
703341,49.37744140625
703453,47.607421875
703632,35.0341796875
704028,35.64453125
704231,40.0390625
741683,36.07177734375
741811,34.1796875
741834,40.34423828125
741960,43.76220703125
742043,39.306640625
742247,33.75244140625
742279,52.3681640625
742468,40.4052734375
742597,34.1796875
742637,41.32080078125
742822,43.76220703125
743052,36.56005859375
948038,35.33935546875
967255,38.330078125
967381,35.58349609375
967478,36.1328125
967598,39.306640625
967676,36.43798828125
967751,35.400390625
967789,36.2548828125
967857,49.01123046875
967905,34.66796875
968005,33.8134765625
968034,34.85107421875
968209,41.93115234375
968392,38.63525390625
1021385,33.75244140625
1021427,34.0576171875
1021471,36.865234375
1021566,34.36279296875
1021667,36.43798828125
1021718,45.5322265625
1021761,34.36279296875
1021779,46.32568359375
1021870,38.4521484375
1022010,47.9736328125
1022080,34.1796875
1114520,37.53662109375
1114572,33.87451171875
1114644,37.90283203125
1114925,37.353515625
1114953,36.0107421875
1115078,33.63037109375
1115126,34.24072265625
1115267,37.2314453125
1115355,35.09521484375
1115429,38.6962890625
1115709,36.31591796875
1115954,35.82763671875
1165635,40.10009765625
1165677,33.8134765625
1165745,33.75244140625
1166059,33.75244140625
1166335,38.75732421875
1166382,48.4619140625
1166579,35.64453125
1320614,38.4521484375
1363993,35.46142578125
1364009,42.66357421875
1364197,35.15625
1364228,45.0439453125
1364340,39.00146484375
1364483,38.87939453125
1364600,42.236328125
1364747,35.0341796875
1364910,37.29248046875
1403665,36.7431640625
1403804,36.376953125
1403897,47.8515625
1403932,34.5458984375
1403968,35.09521484375
1404031,34.5458984375
1404110,36.865234375
1404211,35.5224609375
1404262,36.43798828125
1404335,36.7431640625
1404423,34.97314453125
1404631,39.794921875
1404975,36.2548828125
1405272,34.24072265625
1463034,41.8701171875
1463126,34.3017578125
1463219,35.0341796875
1463530,35.0341796875
1463601,43.51806640625
1463641,36.9873046875
1463759,36.0107421875
1464094,33.87451171875
1464364,38.9404296875
1464622,36.2548828125
1523056,36.1328125
1523112,37.29248046875
1523167,39.73388671875
1523232,36.43798828125
1523293,36.376953125
1523480,36.92626953125
1523649,34.0576171875
1523721,38.57421875
1523799,40.8935546875
1523942,36.56005859375
1523976,33.5693359375
1524202,45.41015625
1525218,33.99658203125
1608630,34.60693359375
1611590,44.7998046875
1611848,36.9873046875
1612149,36.80419921875
1612175,39.24560546875
1612191,34.7900390625
1612233,38.9404296875
1612383,42.724609375
1612547,34.912109375
1612587,38.14697265625
1613119,36.07177734375
1730626,34.7900390625
1730777,40.46630859375
1731005,36.7431640625
1731131,36.68212890625
1731172,37.29248046875
1731259,34.48486328125
1731360,40.95458984375
1731374,36.4990234375
1731439,36.4990234375
1731507,49.1943359375
1732077,35.82763671875
1732511,35.5224609375
1832078,34.0576171875
1832123,38.39111328125
1832300,34.11865234375
1832344,37.41455078125
1832379,37.41455078125
1832505,33.69140625
1832674,37.29248046875
1832876,35.94970703125
1888700,35.400390625
1889010,37.04833984375
1889033,39.6728515625
1889287,42.90771484375
1889306,34.0576171875
1889486,38.26904296875
1889546,36.0107421875
1889651,37.04833984375
1939396,34.11865234375
1939642,34.66796875
1939720,38.26904296875
1939848,33.63037109375
1939948,34.11865234375
1940096,36.07177734375
1940158,35.94970703125
1940279,40.58837890625
1940290,34.60693359375
1940466,38.57421875
1940682,37.41455078125
1940770,35.15625
1940999,33.5693359375
2020548,40.34423828125
2020738,38.02490234375
2021078,33.63037109375
2021184,38.9404296875
2021235,36.68212890625
2021369,37.2314453125
2021584,49.86572265625
2021826,33.63037109375
2126208,44.25048828125
2126256,36.0107421875
2126309,40.52734375
2126488,36.19384765625
2126734,66.0400390625
2126903,34.72900390625
2126972,33.5693359375
2127010,36.1328125
2127072,38.4521484375
2127234,38.87939453125
2127342,37.41455078125
2193765,40.4052734375
2193947,34.66796875
2194034,34.97314453125
2194135,35.09521484375
2194206,38.818359375
2194243,52.06298828125
2194342,42.29736328125
2194446,35.70556640625
2194506,39.55078125
2194676,35.70556640625
2194704,43.15185546875
2290593,34.0576171875
2360728,33.75244140625
2368240,40.10009765625
2368396,34.66796875
2368480,42.48046875
2368730,35.70556640625
2368780,35.82763671875
2368821,34.97314453125
2368867,37.53662109375
2368883,35.46142578125
2369060,33.69140625
2369945,35.70556640625
2499405,34.60693359375
2499692,34.3017578125
2499840,36.1328125
2499944,33.99658203125
2500070,49.31640625
2500279,34.66796875
2500515,35.09521484375
2639584,39.794921875
2639651,34.72900390625
2639724,34.97314453125
2639802,33.87451171875
2639912,47.607421875
2640014,38.2080078125
2640085,44.12841796875
2640237,36.07177734375
2640410,39.0625
2640601,34.24072265625
2640868,37.2314453125
2727435,33.63037109375
2727517,33.75244140625
2727849,37.841796875
2727967,35.70556640625
2728036,41.19873046875
2728080,37.2314453125
2728225,35.94970703125
2728385,35.70556640625
2728598,33.87451171875
2857453,34.423828125
2858006,34.5458984375
2858267,43.76220703125
2858346,36.0107421875
2858390,33.99658203125
2858534,48.15673828125
2858679,41.8701171875
2858856,46.93603515625
2859099,36.68212890625
2975932,36.0107421875
2976073,34.5458984375
2976200,35.21728515625
2976299,36.07177734375
2976342,40.6494140625
2976478,34.912109375
2976561,35.94970703125
2976599,35.7666015625
2976705,34.912109375
2976874,40.1611328125
2977104,33.8134765625
3080616,35.15625
3081112,35.09521484375
3081151,38.51318359375
3081277,36.31591796875
3081307,34.1796875
3081417,36.43798828125
3081497,34.60693359375
3081761,34.423828125
3081782,34.97314453125
3113904,35.888671875
3114132,38.2080078125
3114733,35.82763671875
3114778,39.61181640625
3114995,44.0673828125
3115287,35.2783203125
3287371,34.11865234375
3302885,33.87451171875
3303040,36.0107421875
3303119,38.6962890625
3303239,34.97314453125
3303272,34.36279296875
3303325,33.63037109375
3303529,36.2548828125
3303600,39.306640625
3303636,33.8134765625
3303766,41.015625
3303807,33.5693359375
3303847,36.43798828125
3303900,43.8232421875
3304077,48.52294921875
3304301,44.12841796875
3404909,33.8134765625
3418146,35.5224609375
3424825,34.423828125
3424847,33.935546875
3424984,33.8134765625
3425054,36.62109375
3425220,40.771484375
3425391,35.15625
3425565,42.05322265625
3425616,37.59765625
3425817,33.99658203125
3488212,34.0576171875
3530749,34.24072265625
3531055,33.8134765625
3531179,33.8134765625
3531193,43.15185546875
3531354,37.78076171875
3531370,34.912109375
3531481,39.55078125
3531521,45.7763671875
3531669,36.68212890625
3531873,39.97802734375
3531908,35.21728515625
3532126,41.32080078125
3647319,35.70556640625
3647388,48.4619140625
3647471,43.0908203125
3647519,41.19873046875
3647567,52.42919921875
3647715,35.0341796875
3647853,38.39111328125
3648023,35.70556640625
3648483,36.07177734375
3774874,35.46142578125
3774935,40.1611328125
3775045,45.34912109375
3775247,34.0576171875
3775381,34.24072265625
3775475,47.36328125
3775647,35.7666015625
3775821,35.21728515625
3776026,41.3818359375
3776275,33.75244140625
3864914,39.1845703125
3865207,35.46142578125
3865724,39.794921875
3865789,34.48486328125
3865940,38.26904296875
3865970,36.19384765625
3866127,35.33935546875
4006151,40.10009765625
4006259,38.87939453125
4006288,35.15625
4006525,50.84228515625
4006575,33.5693359375
4006696,39.48974609375
4006854,42.3583984375
4007061,36.2548828125
4007582,37.4755859375
4102091,39.97802734375
4102222,34.5458984375
4102378,33.935546875
4102606,53.22265625
4102738,34.11865234375
4102838,35.2783203125
4103167,33.99658203125
4243332,33.63037109375
4243402,37.4755859375
4243511,37.4755859375
4243632,37.41455078125
4243738,35.888671875
4243786,38.51318359375
4243979,36.4990234375
4244014,39.85595703125
4244053,42.236328125
4244232,38.51318359375
4244442,37.65869140625
4378428,34.3017578125
4378695,45.95947265625
4378748,48.40087890625
4378809,34.912109375
4379073,44.61669921875
4379245,39.4287109375
4379318,37.41455078125
4379344,35.70556640625
4379791,41.44287109375
4380191,35.0341796875
4477130,35.0341796875
4477425,39.36767578125
4477574,36.865234375
4477763,38.87939453125
4477995,38.63525390625
4478017,52.06298828125
4478142,36.9873046875
4478175,38.26904296875
4478234,34.85107421875
4478346,37.109375
4608904,34.0576171875
4611985,33.8134765625
4612042,34.11865234375
4612134,33.63037109375
4612366,42.48046875
4612439,44.3115234375
4612472,43.02978515625
4612614,34.912109375
4613064,41.50390625
4613371,36.19384765625
4712836,41.1376953125
4712914,40.4052734375
4713056,34.85107421875
4713221,33.75244140625
4713565,35.888671875
4713741,36.2548828125
4714018,33.935546875
