4798001,0
8212,49.8046875
39211,45.10498046875
39327,46.9970703125
39467,43.8232421875
39543,57.67822265625
39578,48.828125
39611,46.81396484375
39640,51.513671875
39667,59.814453125
39769,66.89453125
39861,45.0439453125
39959,52.18505859375
40390,51.20849609375
91725,45.654296875
91754,72.265625
91798,47.18017578125
91827,52.3681640625
91847,44.98291015625
91885,44.86083984375
91920,60.24169921875
91947,47.05810546875
91957,45.71533203125
92000,45.71533203125
92081,60.11962890625
92668,44.12841796875
103097,43.64013671875
130525,44.3115234375
130888,44.73876953125
131004,44.73876953125
131132,45.7763671875
131187,45.2880859375
131358,43.88427734375
131417,43.3349609375
131787,46.630859375
166506,46.9970703125
191164,43.45703125
199879,56.70166015625
209551,47.54638671875
232197,44.61669921875
248413,48.15673828125
248774,44.43359375
248807,45.0439453125
248839,45.41015625
248854,92.28515625
248921,50.23193359375
248996,47.42431640625
249094,54.5654296875
249151,74.8291015625
249226,65.61279296875
249377,53.28369140625
249571,44.677734375
300262,45.5322265625
320213,44.00634765625
320421,44.43359375
320560,48.828125
320594,53.28369140625
320610,44.49462890625
320646,48.64501953125
320683,60.05859375
320706,71.77734375
320770,55.60302734375
320803,55.908203125
320861,54.38232421875
320894,44.25048828125
321063,55.908203125
342135,45.47119140625
361664,45.83740234375
380907,46.08154296875
381103,66.5283203125
381178,44.43359375
381219,47.9736328125
381252,47.79052734375
381310,54.8095703125
381441,47.30224609375
381473,48.095703125
381499,45.22705078125
381556,59.2041015625
381676,56.57958984375
381715,44.25048828125
381753,44.12841796875
381836,50.84228515625
382205,49.4384765625
382425,51.45263671875
438055,45.166015625
438238,47.91259765625
438634,50.47607421875
439235,48.2177734375
439384,46.81396484375
481941,53.466796875
481981,65.00244140625
482185,49.8046875
482220,44.73876953125
482259,44.189453125
482295,54.19921875
482377,52.06298828125
482418,44.7998046875
483059,61.279296875
483329,55.11474609375
521914,44.3115234375
524495,54.8095703125
524546,57.7392578125
524718,43.45703125
524761,55.419921875
524855,52.3681640625
524941,54.38232421875
525172,44.921875
525248,56.33544921875
525727,46.56982421875
570055,44.00634765625
570113,63.5986328125
570178,49.1943359375
570290,54.6875
570360,45.47119140625
570379,58.7158203125
570396,53.466796875
570467,51.26953125
570691,45.22705078125
570969,48.33984375
604428,45.8984375
607416,47.8515625
607567,43.701171875
607824,59.75341796875
607860,48.52294921875
607890,45.8984375
607943,47.18017578125
607961,58.7158203125
608079,45.41015625
608108,52.55126953125
608184,47.607421875
608510,44.43359375
653324,43.64013671875
653519,56.45751953125
653544,49.37744140625
653589,47.119140625
653627,48.33984375
653668,50.59814453125
653743,54.8095703125
666154,64.27001953125
666248,45.10498046875
666304,63.65966796875
666744,46.630859375
676932,52.55126953125
677915,43.51806640625
685927,45.5322265625
685963,53.89404296875
686039,44.43359375
696550,46.9970703125
696585,46.69189453125
696612,52.1240234375
696635,48.9501953125
696708,56.15234375
696732,48.88916015625
696782,46.32568359375
696815,53.466796875
697046,44.37255859375
697919,47.36328125
718198,49.13330078125
718232,46.630859375
718306,53.7109375
718379,49.560546875
718396,50.29296875
718488,49.13330078125
718620,53.16162109375
730796,44.5556640625
730905,43.5791015625
731077,49.6826171875
731985,46.875
752788,48.88916015625
753105,43.9453125
762164,46.44775390625
762221,63.65966796875
762271,49.49951171875
762292,43.8232421875
762320,79.52880859375
762335,50.1708984375
762356,50.35400390625
762429,44.12841796875
762450,74.70703125
762522,49.01123046875
762599,57.80029296875
762891,45.0439453125
762953,55.84716796875
763142,54.6875
763687,45.2880859375
763880,47.607421875
764030,46.93603515625
764134,49.86572265625
764257,51.1474609375
765039,45.0439453125
765389,50.72021484375
765557,44.7998046875
779357,44.189453125
788667,47.18017578125
805077,49.13330078125
806584,43.76220703125
814484,50.35400390625
821958,43.88427734375
822036,50.10986328125
829918,46.44775390625
832208,51.8798828125
839328,60.05859375
839438,43.3349609375
839756,47.119140625
848848,43.9453125
856719,44.37255859375
857285,76.2939453125
857320,47.9736328125
857385,60.4248046875
857448,45.47119140625
857488,49.9267578125
857517,44.00634765625
858195,46.38671875
891032,49.25537109375
891106,49.8046875
901787,45.34912109375
901908,51.20849609375
912622,44.5556640625
922502,43.88427734375
933809,44.49462890625
933847,43.76220703125
933927,44.12841796875
944415,58.9599609375
944658,52.18505859375
944688,44.73876953125
955374,45.5322265625
955654,48.4619140625
965954,46.20361328125
966469,44.3115234375
966845,43.45703125
966999,43.88427734375
967172,61.279296875
967189,60.48583984375
967222,71.22802734375
967263,50.048828125
967295,43.51806640625
980768,45.166015625
1007272,45.59326171875
1007298,46.20361328125
1007356,49.98779296875
1007370,49.37744140625
1007422,47.36328125
1007480,46.69189453125
1021276,46.56982421875
1021310,45.41015625
1021361,46.93603515625
1021385,61.279296875
1037222,47.7294921875
1037254,49.560546875
1037301,50.78125
1037329,49.49951171875
1037516,44.49462890625
1057016,44.921875
1057033,71.35009765625
1057057,44.12841796875
1057068,45.0439453125
1057112,46.142578125
1057148,51.26953125
1057176,51.94091796875
1057201,45.8984375
1057229,49.86572265625
1057355,69.51904296875
1057984,46.2646484375
1097488,44.5556640625
1102642,46.630859375
1102712,63.29345703125
1118301,44.98291015625
1123851,44.61669921875
1140446,45.71533203125
1140478,45.34912109375
1140513,50.23193359375
1140617,43.76220703125
1140928,44.98291015625
1141288,44.25048828125
1165069,49.31640625
1169542,46.69189453125
1184628,47.8515625
1184712,44.3115234375
1184923,48.40087890625
1185025,59.08203125
1185206,43.701171875
1185299,43.76220703125
1185747,45.10498046875
1185883,55.60302734375
1186223,48.4619140625
1207176,46.9970703125
1207294,59.5703125
1207408,50.10986328125
1207429,63.17138671875
1207518,55.908203125
1207546,70.00732421875
1208282,44.0673828125
1221612,48.9501953125
1225199,47.119140625
1262371,44.5556640625
1262450,52.79541015625
1262606,46.875
1262838,44.73876953125
1262858,44.921875
1262903,43.8232421875
1263039,44.7998046875
1263291,46.20361328125
1263669,44.37255859375
1263869,50.29296875
1291160,48.27880859375
1329139,44.921875
1366384,45.34912109375
1367086,66.5283203125
1367164,53.52783203125
1367190,50.9033203125
1367241,50.10986328125
1367265,50.72021484375
1367778,43.3349609375
1367915,46.81396484375
1368476,52.490234375
1387083,47.9736328125
1414271,44.49462890625
1415263,45.654296875
1415706,49.4384765625
1415765,44.7998046875
1415870,49.31640625
1416156,48.33984375
1416513,46.08154296875
1416547,44.98291015625
1523691,47.30224609375
1523755,62.07275390625
1523864,44.12841796875
1523880,50.47607421875
1523970,43.39599609375
1524032,45.5322265625
1524050,51.69677734375
1524466,53.955078125
1524787,44.3115234375
1524878,44.86083984375
1585750,46.7529296875
1585876,47.05810546875
1586744,46.142578125
1586902,43.39599609375
1610769,55.48095703125
1612253,47.91259765625
1612301,51.513671875
1612846,52.978515625
1612994,46.69189453125
1613115,45.5322265625
1634955,44.00634765625
1635014,48.64501953125
1635099,44.677734375
1635129,46.5087890625
1635222,51.8798828125
1635382,44.61669921875
1635470,46.38671875
1635604,56.0302734375
1669810,45.34912109375
1669830,50.10986328125
1669855,43.3349609375
1670167,43.701171875
1670254,45.41015625
1670596,44.3115234375
1670939,44.37255859375
1719770,56.57958984375
1719843,49.9267578125
1719894,43.88427734375
1719997,66.89453125
1720087,60.9130859375
1720297,44.5556640625
1720714,44.25048828125
1720803,44.5556640625
1721021,45.166015625
1756327,44.0673828125
1756567,46.20361328125
1756603,43.45703125
1804588,47.66845703125
1818756,49.072265625
1819813,44.86083984375
1820090,48.76708984375
1820291,48.88916015625
1820427,46.630859375
1820741,48.76708984375
1820776,44.98291015625
1820800,55.2978515625
1820835,45.34912109375
1820890,44.86083984375
1820935,50.10986328125
1820949,43.8232421875
1821009,47.18017578125
1821259,43.5791015625
1821342,47.2412109375
1821443,51.08642578125
1821663,44.86083984375
1821852,45.7763671875
1859224,43.51806640625
1859394,44.49462890625
1859441,45.83740234375
1859483,54.5654296875
1859578,44.7998046875
1859685,45.41015625
1859719,44.3115234375
1871681,43.64013671875
1872331,43.76220703125
1880151,46.0205078125
1881516,49.37744140625
1885586,52.8564453125
1885673,44.49462890625
1885688,43.39599609375
1885746,52.42919921875
1885766,64.27001953125
1885795,45.166015625
1885842,52.42919921875
1885880,47.42431640625
1885948,69.76318359375
1886013,43.5791015625
1903657,44.677734375
1914292,44.677734375
1915210,43.45703125
1927542,45.0439453125
1932727,45.22705078125
1932942,44.189453125
1934097,45.22705078125
1934145,44.7998046875
1934180,44.189453125
1934219,46.7529296875
1934239,51.1474609375
1934253,59.75341796875
1934272,48.64501953125
1934327,51.7578125
1934340,47.18017578125
1934350,47.30224609375
1934379,56.70166015625
1934415,57.92236328125
1934442,44.3115234375
1934470,45.41015625
1934558,49.86572265625
1934597,43.45703125
1934656,45.34912109375
1934708,43.8232421875
1934742,54.0771484375
1934907,44.25048828125
1935113,44.86083984375
1935370,43.88427734375
1935975,45.0439453125
1936953,45.59326171875
1939094,55.35888671875
1950746,45.654296875
1951246,45.22705078125
1959250,47.18017578125
1959531,52.3681640625
1966878,44.25048828125
1974736,43.3349609375
1975960,43.9453125
1976228,47.79052734375
1983107,46.38671875
1983477,45.0439453125
1984158,44.189453125
1998185,46.630859375
1999250,48.64501953125
2005370,51.3916015625
2005901,43.8232421875
2006333,46.56982421875
2014156,44.12841796875
2021024,46.56982421875
2021479,47.2412109375
2021741,43.64013671875
2021949,47.8515625
2022009,47.8515625
2030407,93.8720703125
2030452,44.73876953125
2030555,46.0205078125
2030779,48.7060546875
2031331,43.51806640625
2040105,44.43359375
2040435,43.5791015625
2040767,44.7998046875
2049343,45.2880859375
2049646,47.36328125
2049866,43.701171875
2050305,48.03466796875
2058193,44.61669921875
2058380,46.44775390625
2058721,49.13330078125
2058777,46.93603515625
2058878,44.37255859375
2059088,44.0673828125
2067771,50.10986328125
2067798,58.349609375
2067837,43.45703125
2067858,55.48095703125
2067941,57.12890625
2068011,43.64013671875
2068027,43.3349609375
2068062,53.955078125
2068103,44.921875
2068135,55.11474609375
2068146,45.95947265625
2068211,51.025390625
2068359,48.27880859375
2068568,52.490234375
2084818,44.37255859375
2095459,48.40087890625
2095637,45.5322265625
2105863,44.677734375
2105982,44.5556640625
2106258,46.44775390625
2116386,44.25048828125
2116460,45.7763671875
2117142,45.71533203125
2126804,43.51806640625
2126893,43.88427734375
2147647,43.64013671875
2147887,49.98779296875
2148062,45.71533203125
2148271,49.25537109375
2169480,43.51806640625
2170040,49.072265625
2182092,43.45703125
2182506,50.048828125
2182549,52.978515625
2182597,44.921875
2195276,72.32666015625
2195322,48.4619140625
2195334,54.3212890625
2195344,47.18017578125
2195389,47.36328125
2195434,52.490234375
2195473,49.49951171875
2195502,46.44775390625
2195543,53.955078125
2195630,45.5322265625
2195678,59.2041015625
2195782,51.08642578125
2211202,44.73876953125
2211672,50.78125
2225914,56.396484375
2225987,79.04052734375
2226034,44.0673828125
2226075,44.189453125
2226393,46.44775390625
2226575,43.5791015625
2241823,48.15673828125
2256824,52.6123046875
2256885,106.4453125
2256927,47.91259765625
2257003,49.13330078125
2257039,43.51806640625
2257402,43.8232421875
2274581,49.01123046875
2276460,47.30224609375
2311768,43.9453125
2311782,48.828125
2311847,68.115234375
2311904,46.38671875
2312338,47.79052734375
2312980,45.22705078125
2313047,43.45703125
2313473,47.36328125
2356873,75.86669921875
2356896,49.86572265625
2356969,46.875
2357011,74.03564453125
2357093,44.61669921875
2357110,54.99267578125
2357211,61.4013671875
2405328,49.98779296875
2405384,48.583984375
2405555,49.072265625
2405742,46.56982421875
2444023,45.95947265625
2444063,44.43359375
2444086,57.18994140625
2444130,52.490234375
2444209,43.5791015625
2444231,45.0439453125
2444291,45.95947265625
2444315,48.095703125
2444417,48.4619140625
2444579,46.875
2444690,44.43359375
2444821,45.7763671875
2444940,49.37744140625
2484538,43.5791015625
2493530,61.6455078125
2565720,46.08154296875
2565801,47.54638671875
2565927,54.0771484375
2566058,62.43896484375
2566171,44.73876953125
2566398,47.7294921875
2566594,49.13330078125
2566720,49.49951171875
2566943,45.5322265625
2567119,44.3115234375
2585375,44.3115234375
2585414,52.18505859375
2585448,52.18505859375
2585617,46.20361328125
2663281,50.1708984375
2663316,46.0205078125
2663353,45.59326171875
2663410,88.43994140625
2663454,45.83740234375
2663495,73.8525390625
2663659,46.7529296875
2707081,44.7998046875
2708123,44.189453125
2708380,45.22705078125
2708599,46.38671875
2708677,48.9501953125
2763004,47.54638671875
2763080,55.0537109375
2763175,55.11474609375
2763187,53.22265625
2763198,52.67333984375
2763404,48.15673828125
2763476,44.921875
2763497,45.95947265625
2763992,43.5791015625
2796130,49.6826171875
2796708,43.3349609375
2796935,62.19482421875
2796978,69.27490234375
2797051,46.44775390625
2797099,47.18017578125
2797214,44.677734375
2797395,47.18017578125
2797507,43.45703125
2825578,46.44775390625
2844254,49.560546875
2853589,54.19921875
2853603,52.6123046875
2853696,47.54638671875
2853726,61.21826171875
2853789,45.47119140625
2853823,54.38232421875
2853950,44.3115234375
2853985,45.34912109375
2854046,47.91259765625
2854117,50.96435546875
2854151,68.7255859375
2854224,47.18017578125
2899613,53.03955078125
2926183,60.36376953125
2926262,47.79052734375
2926392,47.2412109375
2926472,59.02099609375
2926482,45.10498046875
2926705,49.560546875
2926780,47.36328125
2927250,50.23193359375
2927385,43.88427734375
2934168,48.27880859375
2961453,45.0439453125
2966837,46.630859375
2983169,44.5556640625
2986923,44.0673828125
3005891,46.142578125
3005901,46.38671875
3005926,70.80078125
3005990,45.34912109375
3006009,49.9267578125
3006038,59.326171875
3006069,76.171875
3006137,55.23681640625
3006193,47.9736328125
3006240,64.63623046875
3006266,55.35888671875
3006316,46.38671875
3006547,48.40087890625
3006665,44.12841796875
3006740,46.81396484375
3006847,71.8994140625
3007173,44.00634765625
3007267,43.64013671875
3007671,45.5322265625
3008696,52.24609375
3009013,46.2646484375
3026001,44.37255859375
3026561,44.921875
3033687,43.88427734375
3033984,44.61669921875
3040604,44.43359375
3041661,45.2880859375
3043233,43.88427734375
3061041,45.34912109375
3061176,43.51806640625
3061455,46.38671875
3061654,43.76220703125
3070335,44.00634765625
3077974,45.34912109375
3078688,47.607421875
3086726,47.119140625
3086926,48.9501953125
3094622,44.73876953125
3094754,47.18017578125
3094987,47.7294921875
3095097,43.9453125
3095254,47.05810546875
3103079,49.8046875
3103192,45.654296875
3120334,48.88916015625
3120573,44.7998046875
3120729,49.37744140625
3120826,46.56982421875
3128923,44.12841796875
3129414,54.50439453125
3129627,45.10498046875
3130014,48.095703125
3138446,48.33984375
3147686,44.49462890625
3157706,44.0673828125
3158156,54.99267578125
3158482,44.98291015625
3167120,48.03466796875
3168054,45.166015625
3168407,45.47119140625
3168698,47.36328125
3178016,43.8232421875
3186720,51.6357421875
3186767,48.52294921875
3186790,58.7158203125
3186820,55.7861328125
3186877,57.06787109375
3186889,44.49462890625
3186910,47.4853515625
3186942,48.828125
3186959,75.8056640625
3187003,48.2177734375
3187030,46.20361328125
3187136,67.138671875
3187202,49.8046875
3187300,55.17578125
3187334,45.95947265625
3187391,44.5556640625
3187457,49.1943359375
3187975,52.6123046875
3188224,43.39599609375
3189017,48.27880859375
3205267,45.34912109375
3217399,46.630859375
3227642,45.8984375
3228844,44.73876953125
3229038,43.701171875
3239242,44.49462890625
3250761,44.3115234375
3250863,47.66845703125
3263503,47.79052734375
3263527,48.9501953125
3263675,54.3212890625
3263751,47.18017578125
3288857,61.4013671875
3288924,50.6591796875
3288990,47.4853515625
3308220,49.86572265625
3314784,49.49951171875
3314933,46.93603515625
3325601,43.701171875
3328767,43.51806640625
3344901,65.12451171875
3344944,44.189453125
3344976,57.7392578125
3345040,60.24169921875
3345075,44.12841796875
3345128,48.76708984375
3345183,46.7529296875
3345216,71.96044921875
3345229,44.61669921875
3345250,47.36328125
3345301,48.40087890625
3345370,44.5556640625
3345420,61.6455078125
3345507,47.79052734375
3345625,53.52783203125
3345651,53.64990234375
3345996,50.048828125
3346400,46.9970703125
3350647,48.52294921875
3373669,45.71533203125
3389774,56.82373046875
3418226,65.5517578125
3418290,57.2509765625
3418317,51.7578125
3418992,46.93603515625
3432533,47.66845703125
3432600,46.7529296875
3432740,45.22705078125
3433317,44.73876953125
3445741,45.47119140625
3445757,48.27880859375
3445826,51.81884765625
3445854,46.9970703125
3445896,53.7109375
3445906,57.0068359375
3445979,44.73876953125
3446024,44.189453125
3446376,44.5556640625
3446535,44.189453125
3460576,50.9033203125
3460625,49.37744140625
3460671,43.88427734375
3460710,48.583984375
3461038,53.1005859375
3470722,48.095703125
3474555,50.048828125
3474569,48.4619140625
3474656,49.86572265625
3474710,50.47607421875
3474756,44.00634765625
3474797,43.5791015625
3474867,44.189453125
3489874,45.59326171875
3504366,54.01611328125
3504400,59.4482421875
3504439,56.82373046875
3504461,56.2744140625
3504491,47.119140625
3504513,50.10986328125
3504533,67.0166015625
3504602,45.5322265625
3504781,44.00634765625
3539983,45.34912109375
3540032,51.26953125
3540047,46.32568359375
3540074,59.50927734375
3540102,52.490234375
3540150,45.83740234375
3540176,53.955078125
3540249,52.3681640625
3540296,52.8564453125
3540343,50.96435546875
3540584,44.98291015625
3579879,51.3916015625
3580962,46.38671875
3581059,45.41015625
3594717,43.88427734375
3596490,47.42431640625
3596716,44.00634765625
3597957,45.22705078125
3597993,49.74365234375
3598016,46.20361328125
3598047,43.51806640625
3598085,56.57958984375
3598116,67.626953125
3598151,61.03515625
3598301,47.79052734375
3598362,53.466796875
3598606,44.677734375
3617042,47.66845703125
3622428,54.87060546875
3622441,46.2646484375
3622490,45.83740234375
3622517,69.15283203125
3622532,57.6171875
3622571,47.607421875
3622591,52.18505859375
3622609,45.83740234375
3622631,46.630859375
3622731,44.25048828125
3622806,49.37744140625
3670157,46.32568359375
3670195,54.13818359375
3670225,57.7392578125
3670250,55.84716796875
3670260,73.05908203125
3670284,54.87060546875
3670310,51.81884765625
3670320,50.72021484375
3670341,62.3779296875
3670368,46.2646484375
3670407,49.62158203125
3670440,62.3779296875
3670486,47.8515625
3670563,47.7294921875
3671493,45.34912109375
3731581,55.84716796875
3731835,60.546875
3731854,59.26513671875
3731877,61.03515625
3731919,46.0205078125
3731971,45.41015625
3731999,53.89404296875
3732037,51.26953125
3732059,47.42431640625
3732078,55.419921875
3732130,47.18017578125
3732163,52.001953125
3732247,50.1708984375
3732495,44.49462890625
3757788,48.03466796875
3761259,44.3115234375
3773771,46.630859375
3785540,44.7998046875
3785943,43.88427734375
3786465,48.33984375
3796114,45.8984375
3796318,45.71533203125
3807379,46.0205078125
3808444,45.22705078125
3809103,44.25048828125
3809616,49.072265625
3818023,43.3349609375
3847809,44.61669921875
3848806,47.05810546875
3870918,46.44775390625
3870965,47.30224609375
3870995,51.26953125
3871015,44.00634765625
3871041,47.54638671875
3871125,57.861328125
3871338,44.3115234375
3871504,45.47119140625
3885338,43.3349609375
3897373,44.86083984375
3897565,47.36328125
3911498,48.64501953125
3912264,45.7763671875
3924630,44.0673828125
3956342,46.81396484375
4005172,46.630859375
4014884,43.8232421875
4030734,44.61669921875
4043107,45.10498046875
4043159,44.43359375
4043396,46.32568359375
4043521,43.39599609375
4043943,46.7529296875
4104869,46.5087890625
4104895,65.97900390625
4104941,60.72998046875
4104959,90.2099609375
4105000,48.27880859375
4105038,49.98779296875
4105139,45.22705078125
4158984,43.3349609375
4159090,47.42431640625
4159228,47.2412109375
4159404,52.490234375
4159447,45.47119140625
4159719,52.91748046875
4159859,47.7294921875
4159971,47.4853515625
4160135,44.12841796875
4207264,50.537109375
4207337,59.4482421875
4207449,47.54638671875
4208036,44.5556640625
4208177,45.654296875
4208435,44.12841796875
4208587,51.45263671875
4208735,44.61669921875
4249513,44.189453125
4262922,45.22705078125
4263007,46.630859375
4264903,58.837890625
4265168,44.7998046875
4265829,45.83740234375
4301557,43.64013671875
4301575,47.05810546875
4301661,44.98291015625
4301773,63.04931640625
4301868,54.6875
4302032,46.69189453125
4302211,46.08154296875
4302967,46.0205078125
4303033,43.701171875
4396041,43.45703125
4414923,44.189453125
4415397,45.34912109375
4415409,54.5654296875
4415441,43.64013671875
4415492,51.8798828125
4415562,61.46240234375
4415642,43.45703125
4415671,55.6640625
4416222,51.20849609375
4440129,44.98291015625
4461431,45.10498046875
4464152,49.4384765625
4488861,45.47119140625
4489339,46.5087890625
4490100,43.39599609375
4503151,46.142578125
4503628,45.5322265625
4533393,46.69189453125
4533869,43.76220703125
4544063,43.701171875
4545051,62.3779296875
4545074,52.06298828125
4545095,63.96484375
4545130,54.19921875
4545140,61.34033203125
4545192,52.79541015625
4545260,56.70166015625
4545297,43.3349609375
4545322,48.9501953125
4545362,53.16162109375
4545435,71.35009765625
4545573,52.79541015625
4545824,58.2275390625
4549371,45.166015625
4564777,43.51806640625
4573463,43.701171875
4590174,45.95947265625
4597834,45.10498046875
4606132,44.98291015625
4618210,44.25048828125
4621358,44.86083984375
4621691,49.98779296875
4629770,43.701171875
4645883,43.88427734375
4646049,51.33056640625
4646387,47.119140625
4646628,43.51806640625
4654965,47.7294921875
4662355,47.36328125
4682545,45.95947265625
4682573,44.189453125
4683073,43.88427734375
4701950,44.43359375
4702155,50.29296875
4702397,44.5556640625
4702445,46.81396484375
4702541,46.5087890625
4702620,43.88427734375
4726698,52.24609375
4726856,44.37255859375
4726881,69.64111328125
4726985,52.001953125
4727014,53.7109375
4727037,58.837890625
4742770,44.3115234375
4753338,43.8232421875
4757712,47.119140625
4770318,46.69189453125
4770353,50.35400390625
4770365,50.35400390625
4770390,61.279296875
4770521,49.13330078125
4770581,62.1337890625
4770660,49.25537109375
4770703,49.86572265625
4770752,45.59326171875
4770877,45.166015625
