4798001,0
44598,36.92626953125
394883,50.10986328125
547900,36.4990234375
574095,37.53662109375
694817,46.56982421875
695115,37.2314453125
695187,38.14697265625
695437,56.15234375
744593,38.26904296875
861303,35.5224609375
925201,35.82763671875
1011953,36.1328125
1062985,36.2548828125
1275792,36.56005859375
1467303,36.2548828125
1483520,38.75732421875
1598264,36.56005859375
1655035,36.56005859375
1676949,36.56005859375
1838626,37.41455078125
1958947,43.88427734375
2221506,47.66845703125
2386302,36.62109375
2618790,40.46630859375
2689406,37.9638671875
3003917,37.17041015625
3110724,40.52734375
3141498,37.9638671875
3454329,39.794921875
3678597,39.12353515625
3871209,35.82763671875
3880758,39.794921875
4419095,36.376953125
4661795,37.78076171875
4728410,148.13232421875
