4799201,0
25305,27.2216796875
25322,27.64892578125
25346,48.7060546875
25379,40.71044921875
25405,53.77197265625
25436,40.22216796875
25479,28.3203125
25518,34.1796875
25538,30.82275390625
25550,28.13720703125
25597,33.8134765625
25618,30.45654296875
25633,33.935546875
25666,27.40478515625
25872,27.587890625
25939,33.3251953125
44607,28.62548828125
44617,46.56982421875
44647,45.8984375
44669,29.84619140625
44687,32.470703125
44714,44.189453125
44724,35.2783203125
44744,29.35791015625
44756,34.36279296875
44781,26.9775390625
44886,35.58349609375
44901,29.96826171875
45015,27.64892578125
45025,29.60205078125
68001,31.92138671875
68059,35.0341796875
68091,28.50341796875
68103,34.1796875
68115,39.73388671875
68157,35.888671875
68187,46.875
68198,34.48486328125
68234,37.78076171875
68254,45.166015625
68265,47.9736328125
68293,33.8134765625
68311,47.607421875
68346,29.11376953125
68388,32.40966796875
68440,30.3955078125
100796,27.28271484375
100813,26.9775390625
100831,39.794921875
100850,42.6025390625
100863,33.0810546875
100888,27.7099609375
100899,47.54638671875
100928,31.8603515625
100943,28.99169921875
100968,55.419921875
101007,40.58837890625
101029,30.21240234375
101111,27.587890625
114667,28.25927734375
114680,27.28271484375
114709,36.7431640625
114725,32.71484375
114748,30.45654296875
114784,32.2265625
114817,34.5458984375
114827,41.56494140625
114864,38.39111328125
114878,39.1845703125
114906,29.23583984375
114924,36.2548828125
114952,39.55078125
114986,31.55517578125
115008,33.14208984375
115056,33.935546875
125647,28.3203125
125671,27.4658203125
125688,33.5693359375
125707,29.4189453125
125758,35.0341796875
125779,34.36279296875
125804,42.48046875
125824,37.109375
125856,30.517578125
125870,28.38134765625
125887,36.4990234375
125899,29.296875
125937,28.3203125
125958,28.076171875
125972,31.67724609375
126061,31.73828125
158865,29.4189453125
158887,56.21337890625
158917,46.875
158933,30.029296875
158962,41.68701171875
158982,30.517578125
158998,28.74755859375
159028,62.68310546875
159045,31.55517578125
159097,29.60205078125
159152,31.005859375
159173,34.0576171875
159229,27.16064453125
159259,27.16064453125
159308,28.01513671875
159465,28.564453125
191026,31.18896484375
191080,31.25
191112,47.54638671875
191122,34.24072265625
191145,39.12353515625
191175,41.07666015625
191187,28.9306640625
191204,35.46142578125
191229,35.888671875
191260,31.06689453125
191293,26.9775390625
191366,27.83203125
191464,28.25927734375
207808,31.25
207850,28.99169921875
207924,27.28271484375
207960,39.6728515625
208002,39.9169921875
208014,32.04345703125
208079,28.38134765625
208568,27.77099609375
407501,28.13720703125
407562,27.587890625
407599,29.84619140625
407631,28.3203125
462224,29.35791015625
462398,30.70068359375
462543,27.03857421875
462665,34.85107421875
462679,29.47998046875
462714,32.53173828125
462766,27.77099609375
462820,29.296875
462879,27.34375
462902,26.9775390625
463046,30.21240234375
463099,26.9775390625
463400,36.1328125
463758,30.45654296875
464970,29.78515625
553247,28.86962890625
553273,28.9306640625
553370,32.470703125
553428,32.16552734375
553509,36.865234375
553555,30.76171875
553591,27.03857421875
553612,29.72412109375
553646,31.1279296875
553762,33.0810546875
554212,28.564453125
554726,27.9541015625
554898,27.03857421875
555647,27.89306640625
579781,27.2216796875
624774,35.94970703125
624808,33.203125
624864,32.8369140625
624878,30.82275390625
624967,35.82763671875
625071,27.2216796875
625086,31.79931640625
625207,28.74755859375
625504,30.1513671875
625708,28.13720703125
625803,27.64892578125
625922,27.34375
625983,38.4521484375
626180,33.02001953125
626202,29.6630859375
626354,30.70068359375
626714,27.4658203125
688782,32.1044921875
688794,31.73828125
688818,34.11865234375
688839,45.71533203125
688878,32.470703125
688899,28.80859375
688946,31.67724609375
688970,30.029296875
688989,28.9306640625
689019,36.68212890625
689049,40.22216796875
689080,29.96826171875
689124,35.0341796875
689222,27.40478515625
689243,31.55517578125
689463,29.4189453125
689764,28.1982421875
689913,28.4423828125
690046,31.55517578125
690334,27.4658203125
690718,30.029296875
690893,33.14208984375
691073,28.25927734375
691596,40.6494140625
692130,26.9775390625
751713,27.64892578125
751731,29.35791015625
751810,28.4423828125
751827,39.0625
751857,29.541015625
751924,28.564453125
752018,42.54150390625
752177,28.3203125
752294,32.16552734375
752572,34.0576171875
752779,30.82275390625
752798,28.86962890625
752962,27.28271484375
753100,29.541015625
753224,29.6630859375
753247,28.99169921875
753389,28.076171875
753851,27.03857421875
753926,27.16064453125
755515,32.89794921875
810079,35.33935546875
810120,31.43310546875
810139,37.9638671875
810157,31.005859375
810213,32.65380859375
810251,30.33447265625
810261,33.0810546875
810409,53.466796875
810529,27.28271484375
810908,31.92138671875
810931,28.80859375
811262,29.96826171875
811549,26.9775390625
812574,28.1982421875
813952,28.01513671875
865486,46.81396484375
865525,40.34423828125
865554,35.400390625
865581,28.13720703125
865600,36.4990234375
865640,39.6728515625
865706,27.099609375
865758,34.36279296875
865771,29.35791015625
865875,35.888671875
866237,27.16064453125
866379,33.935546875
866420,28.74755859375
866505,28.1982421875
866604,30.09033203125
866625,30.82275390625
866703,36.31591796875
867685,32.28759765625
867859,27.2216796875
868052,27.83203125
868195,28.1982421875
868356,28.3203125
917961,28.01513671875
918052,27.2216796875
918144,38.0859375
918215,34.5458984375
918359,28.62548828125
918376,36.9873046875
918403,43.212890625
918425,38.330078125
918456,27.34375
918485,40.83251953125
918513,33.69140625
918618,27.64892578125
918977,27.64892578125
919050,27.2216796875
919321,28.3203125
919501,26.9775390625
919621,30.76171875
919732,30.517578125
919742,40.10009765625
919780,27.9541015625
920029,29.96826171875
920042,26.9775390625
920235,27.89306640625
920944,28.86962890625
965611,31.31103515625
965707,29.35791015625
965745,28.1982421875
965775,29.4189453125
965787,27.64892578125
965878,40.22216796875
965888,42.29736328125
965939,29.47998046875
965956,32.16552734375
965999,28.1982421875
966032,26.9775390625
966043,31.005859375
966089,28.62548828125
966110,29.78515625
966128,33.99658203125
966428,31.79931640625
966699,28.50341796875
966847,30.3955078125
967033,27.52685546875
967188,29.1748046875
967278,28.80859375
967378,31.005859375
967474,29.4189453125
967567,31.8603515625
967603,30.517578125
968200,29.78515625
1006996,31.982421875
1007138,35.70556640625
1007261,28.86962890625
1007307,52.18505859375
1007432,41.50390625
1007444,38.87939453125
1007512,39.9169921875
1007531,29.4189453125
1007546,29.96826171875
1007568,30.6396484375
1007627,28.1982421875
1007642,28.99169921875
1007679,28.9306640625
1007694,53.8330078125
1007789,30.82275390625
1008007,28.01513671875
1008427,27.03857421875
1009130,28.1982421875
1009306,28.564453125
1009406,27.77099609375
1009431,33.5693359375
1009477,29.47998046875
1009547,29.1748046875
1009563,28.01513671875
1044945,33.87451171875
1045032,31.43310546875
1045143,31.6162109375
1045188,27.16064453125
1045259,28.076171875
1045302,28.6865234375
1045351,27.03857421875
1045417,43.9453125
1045449,44.189453125
1045471,27.83203125
1045482,37.4755859375
1045503,33.8134765625
1045529,32.04345703125
1045558,35.58349609375
1045575,27.4658203125
1046257,29.4189453125
1046862,28.86962890625
1046960,33.38623046875
1046979,34.5458984375
1047066,29.96826171875
1047125,31.06689453125
1047138,28.3203125
1047181,32.5927734375
1047209,34.48486328125
1047362,31.79931640625
1079914,30.517578125
1080041,41.6259765625
1080131,36.07177734375
1080174,27.099609375
1080230,28.62548828125
1080243,41.259765625
1080272,29.78515625
1080305,48.40087890625
1080320,39.48974609375
1080362,29.84619140625
1080394,32.16552734375
1105910,33.75244140625
1105970,31.982421875
1106054,35.82763671875
1106087,33.3251953125
1106189,58.59375
1106229,29.35791015625
1106250,28.50341796875
1106294,36.19384765625
1106310,33.99658203125
1106327,42.66357421875
1106359,31.18896484375
1106373,34.97314453125
1106431,35.2783203125
1106519,35.64453125
1106601,27.7099609375
1132358,29.6630859375
1132565,29.541015625
1132677,39.6728515625
1132698,29.35791015625
1132743,31.8603515625
1132786,31.55517578125
1132806,43.64013671875
1132863,33.0810546875
1132898,27.16064453125
1132917,34.85107421875
1132966,44.921875
1133012,29.96826171875
1133028,31.1279296875
1133074,30.45654296875
1133373,32.16552734375
1154942,29.296875
1155011,27.03857421875
1155039,32.65380859375
1155086,27.2216796875
1155115,45.5322265625
1155132,33.0810546875
1155196,33.0810546875
1155228,41.56494140625
1155293,29.1748046875
1155329,28.13720703125
1155417,29.9072265625
1155471,30.21240234375
1155586,33.0810546875
1155850,28.1982421875
1173014,33.99658203125
1173057,29.35791015625
1173116,27.03857421875
1173158,29.96826171875
1173184,29.78515625
1173204,27.89306640625
1173237,31.92138671875
1173268,45.654296875
1173293,43.3349609375
1173334,33.14208984375
1173361,30.1513671875
1173381,28.62548828125
1173548,33.02001953125
1173570,30.33447265625
1173713,27.28271484375
1188711,31.79931640625
1188735,29.72412109375
1188786,27.34375
1188833,32.958984375
1188863,27.89306640625
1188899,27.03857421875
1188930,55.17578125
1188999,28.38134765625
1189027,31.18896484375
1189085,26.9775390625
1189098,48.40087890625
1189119,33.99658203125
1189285,27.2216796875
1204463,30.3955078125
1204557,31.06689453125
1206475,27.34375
1206518,34.60693359375
1206603,35.58349609375
1206682,44.189453125
1206732,28.74755859375
1206761,45.654296875
1206782,40.22216796875
1206817,28.01513671875
1206857,37.53662109375
1206871,40.71044921875
1206892,40.6494140625
1206920,47.2412109375
1206940,31.18896484375
1206965,29.72412109375
1207051,30.6396484375
1207097,27.52685546875
1233439,30.94482421875
1233533,29.23583984375
1233574,29.96826171875
1233635,31.6162109375
1233697,28.564453125
1233746,28.4423828125
1233761,32.2265625
1233811,33.38623046875
1233844,36.68212890625
1233877,39.794921875
1233894,27.7099609375
1233927,42.17529296875
1233941,28.6865234375
1233963,39.97802734375
1233989,35.94970703125
1234093,28.25927734375
1234186,32.28759765625
1234204,30.1513671875
1234401,30.2734375
1256768,28.38134765625
1256850,28.3203125
1256956,33.14208984375
1257249,29.6630859375
1257367,28.01513671875
1257382,30.57861328125
1257451,36.19384765625
1257465,35.46142578125
1257507,43.39599609375
1257556,40.6494140625
1257580,32.5927734375
1257602,28.9306640625
1257615,34.97314453125
1257629,35.0341796875
1257665,38.2080078125
1257704,39.4287109375
1273842,32.1044921875
1273940,27.587890625
1274449,27.03857421875
1274665,28.74755859375
1274725,27.52685546875
1274798,27.2216796875
1274847,37.41455078125
1274865,30.8837890625
1274922,28.076171875
1274964,34.7900390625
1274999,28.564453125
1275039,53.28369140625
1275059,40.6494140625
1275080,34.7900390625
1275109,33.0810546875
1275237,29.541015625
1295700,36.56005859375
1295715,36.4990234375
1295772,50.6591796875
1295791,45.7763671875
1295834,34.912109375
1295863,33.50830078125
1295885,40.8935546875
1295935,33.87451171875
1295962,51.69677734375
1296098,32.16552734375
1316557,28.86962890625
1316586,29.6630859375
1316611,34.72900390625
1316629,47.36328125
1316652,28.4423828125
1316684,27.34375
1316702,33.02001953125
1316757,36.80419921875
1316774,29.1748046875
1316801,30.3955078125
1316812,36.68212890625
1317006,30.1513671875
1317108,34.36279296875
1330101,35.64453125
1330156,30.76171875
1330190,33.26416015625
1330269,31.31103515625
1330436,28.13720703125
1330630,32.65380859375
1330647,32.77587890625
1330708,36.0107421875
1330746,28.86962890625
1330771,35.58349609375
1330834,29.4189453125
1330853,36.80419921875
1330898,30.45654296875
1330933,31.3720703125
1330956,36.31591796875
1330968,27.16064453125
1331038,28.01513671875
1352852,27.34375
1352903,29.11376953125
1352927,28.38134765625
1352939,29.96826171875
1352965,29.052734375
1353022,27.099609375
1353062,33.02001953125
1353078,34.0576171875
1353115,43.0908203125
1353135,34.85107421875
1353151,40.95458984375
1353217,31.6162109375
1353242,34.5458984375
1353278,37.53662109375
1353302,42.96875
1363208,35.09521484375
1363248,31.92138671875
1363272,27.40478515625
1363304,28.1982421875
1363325,30.57861328125
1363358,50.84228515625
1363387,32.470703125
1363414,42.3583984375
1363426,27.7099609375
1363440,44.0673828125
1363498,27.03857421875
1363869,29.541015625
1385982,30.8837890625
1386111,47.119140625
1386173,38.26904296875
1386200,39.6728515625
1386224,31.1279296875
1386253,28.86962890625
1386307,28.1982421875
1386360,27.9541015625
1386378,28.3203125
1386472,31.31103515625
1386509,33.87451171875
1386546,29.541015625
1386619,27.64892578125
1386677,30.70068359375
1406127,27.4658203125
1406256,32.53173828125
1406351,34.66796875
1406376,44.12841796875
1406394,33.69140625
1406425,32.65380859375
1406466,30.6396484375
1406496,29.1748046875
1406529,30.3955078125
1406552,39.306640625
1406595,33.5693359375
1406650,27.9541015625
1406672,32.04345703125
1423677,32.53173828125
1423717,30.517578125
1423736,39.306640625
1423781,37.90283203125
1423813,46.56982421875
1423835,33.8134765625
1423857,34.3017578125
1423884,45.22705078125
1423955,33.99658203125
1424085,29.72412109375
1424182,27.587890625
1424391,30.029296875
1426824,40.10009765625
1426975,28.86962890625
1427056,34.48486328125
1427101,28.3203125
1427315,29.96826171875
1427349,29.052734375
1443710,28.25927734375
1443802,29.47998046875
1443915,27.9541015625
1443966,32.04345703125
1444017,36.4990234375
1444042,27.89306640625
1444112,33.203125
1444149,32.16552734375
1444182,35.15625
1444199,36.62109375
1444237,27.89306640625
1444259,39.794921875
1444298,32.04345703125
1444366,28.564453125
1444625,32.65380859375
1463927,27.40478515625
1463988,28.564453125
1464046,27.9541015625
1464095,52.24609375
1464139,32.53173828125
1464210,43.27392578125
1464240,27.2216796875
1464256,32.89794921875
1464270,47.66845703125
1464324,36.2548828125
1464342,28.74755859375
1464363,30.57861328125
1464383,29.6630859375
1464424,30.76171875
1464439,30.57861328125
1464479,32.5927734375
1464525,34.72900390625
1464933,28.13720703125
1482656,36.43798828125
1482720,48.52294921875
1482745,28.74755859375
1482792,32.958984375
1482812,31.73828125
1482825,30.6396484375
1482843,41.32080078125
1482875,40.22216796875
1482891,36.19384765625
1482918,27.587890625
1482940,34.1796875
1482953,27.7099609375
1482970,37.2314453125
1483116,29.96826171875
1483281,27.28271484375
1485212,28.62548828125
1485255,30.70068359375
1485286,37.90283203125
1485301,50.537109375
1485318,29.296875
1485343,29.60205078125
1485422,28.1982421875
1485806,28.38134765625
1485954,30.33447265625
1486107,28.3203125
1486138,27.34375
1514713,35.0341796875
1514935,34.0576171875
1514998,28.86962890625
1515033,27.03857421875
1515051,33.8134765625
1515083,34.72900390625
1515103,39.9169921875
1515151,35.09521484375
1515171,33.14208984375
1515186,28.86962890625
1515204,33.203125
1515226,31.18896484375
1515255,31.18896484375
1515270,26.9775390625
1515290,29.96826171875
1515375,27.77099609375
1531131,27.2216796875
1531214,34.5458984375
1531309,35.2783203125
1531331,30.33447265625
1531369,34.0576171875
1531379,31.43310546875
1531400,30.6396484375
1531420,35.400390625
1531441,33.8134765625
1531473,31.982421875
1531509,32.77587890625
1531659,27.28271484375
1547908,31.43310546875
1548003,43.3349609375
1548020,29.541015625
1548038,30.21240234375
1548084,29.47998046875
1548095,39.794921875
1548145,28.9306640625
1548157,33.14208984375
1548176,34.7900390625
1548273,32.470703125
1548318,31.92138671875
1548334,40.1611328125
1550599,34.11865234375
1550637,27.52685546875
1551030,30.1513671875
1551191,30.82275390625
1551213,28.01513671875
1551237,31.982421875
1551287,30.70068359375
1551299,39.48974609375
1551318,27.34375
1551330,27.2216796875
1551357,32.16552734375
1552154,29.052734375
1552180,27.9541015625
1552359,28.13720703125
1552422,28.564453125
1577896,32.8369140625
1578049,29.78515625
1578072,27.83203125
1578139,30.82275390625
1578164,47.42431640625
1578192,39.00146484375
1578210,55.7861328125
1578238,42.29736328125
1578252,48.52294921875
1578267,27.099609375
1578454,33.87451171875
1596071,41.8701171875
1596148,35.888671875
1596182,33.14208984375
1596225,41.19873046875
1596248,29.78515625
1596394,40.71044921875
1596482,27.7099609375
1596599,27.64892578125
1596644,28.25927734375
1597201,31.6162109375
1620633,40.4052734375
1620666,27.40478515625
1620690,33.02001953125
1620704,29.9072265625
1620781,37.78076171875
1620798,28.076171875
1623492,27.099609375
1623535,32.8369140625
1623782,30.029296875
1623967,35.46142578125
1623984,30.45654296875
1637702,34.912109375
1637834,29.052734375
1637858,40.283203125
1637869,33.8134765625
1637882,29.296875
1637969,31.55517578125
1654732,31.3720703125
1654800,29.1748046875
1654838,33.447265625
1654914,54.5654296875
1654938,29.96826171875
1654948,32.40966796875
1655002,41.015625
1655071,32.28759765625
1657029,32.8369140625
1657075,32.40966796875
1657137,34.5458984375
1657174,28.80859375
1657203,29.052734375
1657224,34.11865234375
1657254,27.64892578125
1657766,27.4658203125
1658118,27.16064453125
1678084,35.64453125
1678164,34.66796875
1678216,29.78515625
1678239,32.958984375
1678357,28.50341796875
1695471,27.587890625
1695526,31.982421875
1695554,28.6865234375
1695564,30.09033203125
1695590,33.203125
1695624,28.25927734375
1695647,30.3955078125
1695665,26.9775390625
1695728,50.10986328125
1695763,29.84619140625
1697276,33.26416015625
1697295,32.2265625
1697306,27.89306640625
1697316,31.67724609375
1697335,53.3447265625
1697363,28.076171875
1697382,32.40966796875
1697396,31.67724609375
1697421,27.587890625
1697494,28.86962890625
1697601,33.38623046875
1697654,27.7099609375
1697710,28.25927734375
1697926,27.28271484375
1718079,29.052734375
1718207,33.50830078125
1718232,34.912109375
1718261,38.6962890625
1718279,39.61181640625
1718336,29.11376953125
1718360,34.3017578125
1718380,28.74755859375
1718491,32.04345703125
1719306,27.7099609375
1719531,30.8837890625
1742894,38.2080078125
1742923,35.94970703125
1742960,35.70556640625
1742999,27.03857421875
1743031,29.296875
1743079,27.4658203125
1743640,27.03857421875
1743970,30.8837890625
1766675,37.65869140625
1766693,29.052734375
1766729,40.34423828125
1766759,27.587890625
1766786,31.005859375
1766932,28.80859375
1791328,28.564453125
1791363,30.57861328125
1791384,35.21728515625
1791411,28.9306640625
1791421,27.89306640625
1791454,32.89794921875
1791498,30.1513671875
1791534,37.9638671875
1791564,30.57861328125
1791603,28.076171875
1791677,31.3720703125
1792348,29.4189453125
1811154,29.296875
1811216,30.45654296875
1811255,37.4755859375
1811268,30.94482421875
1811298,33.447265625
1811323,47.36328125
1811371,33.203125
1811388,27.2216796875
1811734,27.28271484375
1811850,27.28271484375
1811994,29.78515625
1812296,30.21240234375
1834201,30.94482421875
1834251,49.49951171875
1834267,34.11865234375
1834286,33.75244140625
1834336,33.75244140625
1834355,29.1748046875
1834648,30.029296875
1834807,28.50341796875
1835244,28.564453125
1858232,38.2080078125
1858266,36.80419921875
1858309,41.93115234375
1858333,35.400390625
1858367,27.40478515625
1858412,28.50341796875
1858462,32.5927734375
1858508,27.64892578125
1858568,30.029296875
1858880,29.78515625
1881139,28.50341796875
1881177,44.677734375
1881204,39.61181640625
1881237,31.79931640625
1881264,58.7158203125
1881275,29.4189453125
1881300,36.19384765625
1881315,44.98291015625
1881346,27.099609375
1881356,27.587890625
1881403,31.92138671875
1881435,31.06689453125
1881768,29.96826171875
1903420,34.24072265625
1903457,28.62548828125
1903480,27.2216796875
1903550,38.57421875
1903570,35.400390625
1903598,41.6259765625
1903646,28.076171875
1904318,29.78515625
1904817,32.5927734375
1922917,30.09033203125
1922936,28.50341796875
1922971,28.86962890625
1923023,30.09033203125
1923035,36.4990234375
1923056,33.87451171875
1923081,36.376953125
1923138,29.47998046875
1923149,31.55517578125
1923319,27.16064453125
1923696,27.77099609375
1945494,32.71484375
1945512,34.1796875
1945592,34.36279296875
1945624,35.5224609375
1945655,29.9072265625
1945688,27.7099609375
1945702,47.05810546875
1945768,29.052734375
1945779,31.1279296875
1945863,32.71484375
1945879,35.09521484375
1946156,31.25
1960602,29.052734375
1960676,31.79931640625
1960695,31.25
1960711,30.33447265625
1960735,28.9306640625
1960758,29.1748046875
1960809,28.01513671875
1960822,42.48046875
1960886,29.96826171875
1961186,28.38134765625
1981348,41.44287109375
1981362,27.83203125
1981403,30.3955078125
1981420,29.23583984375
1981439,36.0107421875
1981482,45.0439453125
1981504,29.47998046875
1981547,28.564453125
2001930,36.9873046875
2001958,32.77587890625
2001982,31.005859375
2002002,42.78564453125
2002023,52.734375
2002042,31.982421875
2002073,33.14208984375
2002103,32.3486328125
2002128,28.74755859375
2002138,38.0859375
2002156,27.28271484375
2002302,28.13720703125
2002427,28.01513671875
2002548,33.8134765625
2020182,27.77099609375
2020215,49.8046875
2020243,29.4189453125
2020273,61.58447265625
2020307,36.865234375
2020318,40.8935546875
2020338,28.3203125
2020358,30.09033203125
2020370,27.83203125
2020388,39.97802734375
2020427,27.2216796875
2020450,27.40478515625
2020477,31.18896484375
2020505,35.2783203125
2020610,32.2265625
2039909,31.982421875
2039940,38.75732421875
2039953,27.7099609375
2039985,35.94970703125
2040007,33.935546875
2040022,28.80859375
2040080,29.60205078125
2040091,36.43798828125
2040145,29.47998046875
2040298,29.541015625
2040323,29.6630859375
2040428,28.4423828125
2059246,32.5927734375
2059289,32.40966796875
2059311,34.3017578125
2059340,29.4189453125
2059369,31.494140625
2059388,38.02490234375
2059403,53.955078125
2059433,32.40966796875
2059479,28.6865234375
2074848,29.96826171875
2074920,41.015625
2074959,43.15185546875
2074970,40.22216796875
2075001,42.17529296875
2075068,35.46142578125
2075102,32.04345703125
2075142,30.517578125
2075175,29.78515625
2075288,28.38134765625
2075626,27.03857421875
2089181,28.25927734375
2089364,39.1845703125
2089388,27.9541015625
2089416,32.3486328125
2089433,31.31103515625
2089458,35.33935546875
2089478,29.4189453125
2089498,37.78076171875
2089551,34.3017578125
2089587,32.71484375
2108577,31.25
2108652,36.7431640625
2108681,34.0576171875
2108697,36.9873046875
2108713,36.07177734375
2108743,35.0341796875
2108757,37.7197265625
2108770,28.01513671875
2108789,32.470703125
2108834,27.2216796875
2108883,28.1982421875
2108916,31.31103515625
2127754,27.34375
2127788,27.099609375
2127817,39.36767578125
2127842,43.0908203125
2127877,36.56005859375
2127892,29.296875
2127912,51.26953125
2127928,39.6728515625
2127938,38.4521484375
2127986,37.78076171875
2128060,30.6396484375
2128098,31.92138671875
2141107,27.2216796875
2141136,27.7099609375
2141149,44.189453125
2141178,55.5419921875
2141193,27.83203125
2141214,49.560546875
2141227,27.099609375
2141244,28.38134765625
2141277,34.72900390625
2141288,41.9921875
2141310,34.24072265625
2141498,30.21240234375
2159400,34.24072265625
2159447,28.38134765625
2159473,47.36328125
2159488,43.45703125
2159512,30.82275390625
2159550,38.4521484375
2159565,28.6865234375
2159580,43.64013671875
2159615,47.30224609375
2159672,28.076171875
2159691,33.38623046875
2159748,27.16064453125
2176120,31.18896484375
2176174,31.982421875
2176189,33.935546875
2176212,44.5556640625
2176223,28.25927734375
2176263,40.58837890625
2176289,44.189453125
2176426,41.50390625
2176496,27.40478515625
2176597,28.25927734375
2176646,27.40478515625
2193797,32.958984375
2193830,28.3203125
2193844,28.25927734375
2193889,40.6494140625
2193908,47.91259765625
2193927,49.49951171875
2193941,33.50830078125
2193958,35.2783203125
2193983,39.61181640625
2193995,33.203125
2194018,38.39111328125
2194039,37.04833984375
2194147,27.2216796875
2194271,30.94482421875
2211002,35.15625
2211012,39.85595703125
2211034,33.203125
2211069,28.62548828125
2211093,32.77587890625
2211103,42.1142578125
2211129,29.9072265625
2211169,28.25927734375
2211247,45.95947265625
2211279,27.77099609375
2211339,29.35791015625
2228108,27.40478515625
2228138,27.77099609375
2228153,41.93115234375
2228173,33.99658203125
2228184,33.50830078125
2228203,28.9306640625
2228221,37.59765625
2228247,67.7490234375
2228278,34.423828125
2228293,27.9541015625
2228308,36.9873046875
2228351,31.67724609375
2228375,29.47998046875
2228427,28.62548828125
2228458,28.50341796875
2228486,28.99169921875
2228773,27.28271484375
2245128,28.1982421875
2245138,27.28271484375
2245178,34.36279296875
2245189,32.89794921875
2245216,37.04833984375
2245227,27.34375
2245268,33.3251953125
2245294,46.38671875
2245322,39.61181640625
2245343,27.28271484375
2245450,30.70068359375
2245522,27.52685546875
2260294,31.43310546875
2260311,36.0107421875
2260343,42.17529296875
2260354,53.16162109375
2260398,40.95458984375
2260418,40.95458984375
2260451,27.7099609375
2260470,27.4658203125
2260494,31.25
2260611,33.63037109375
2260663,34.5458984375
2276305,27.89306640625
2276338,30.517578125
2276357,33.8134765625
2276375,32.77587890625
2276403,45.41015625
2276432,58.77685546875
2276445,50.78125
2276468,29.296875
2276523,34.97314453125
2276547,42.66357421875
2276783,28.74755859375
2293370,28.99169921875
2293409,27.28271484375
2293480,31.3720703125
2293499,35.0341796875
2293520,32.71484375
2293533,33.14208984375
2293568,52.3681640625
2293601,29.541015625
2293627,54.50439453125
2293659,31.494140625
2293677,28.62548828125
2293733,30.33447265625
2293804,31.06689453125
2310618,28.076171875
2310661,36.19384765625
2310689,46.69189453125
2310700,27.2216796875
2310730,33.38623046875
2310760,39.36767578125
2310780,29.72412109375
2310797,36.80419921875
2310831,39.1845703125
2310906,33.75244140625
2310934,31.982421875
2311151,28.6865234375
2325384,30.33447265625
2325422,33.0810546875
2325452,36.2548828125
2325481,37.90283203125
2325520,36.7431640625
2325532,39.306640625
2325571,32.71484375
2325800,28.564453125
2325955,27.89306640625
2341661,30.45654296875
2341706,33.69140625
2341740,37.4755859375
2341779,34.0576171875
2341804,34.3017578125
2341819,38.6962890625
2341840,29.23583984375
2341864,32.65380859375
2342129,27.2216796875
2342300,29.541015625
2357300,28.6865234375
2357339,29.11376953125
2357360,28.80859375
2357391,34.24072265625
2357409,41.8701171875
2357423,35.09521484375
2357447,32.470703125
2357477,31.79931640625
2357510,31.6162109375
2357561,29.47998046875
2357593,28.74755859375
2357675,27.77099609375
2357878,27.34375
2369825,29.11376953125
2369892,39.85595703125
2369931,43.27392578125
2369944,33.99658203125
2369977,29.11376953125
2370025,27.34375
2370048,42.724609375
2370085,33.3251953125
2370113,28.13720703125
2370147,33.69140625
2370280,28.74755859375
2370404,28.74755859375
2370497,31.55517578125
2370684,27.9541015625
2386061,30.82275390625
2386097,28.74755859375
2386119,44.5556640625
2386149,28.86962890625
2386165,40.10009765625
2386192,31.06689453125
2386239,47.54638671875
2386257,35.94970703125
2386297,30.2734375
2386313,28.86962890625
2386338,27.9541015625
2403466,34.1796875
2403483,41.9921875
2403525,28.50341796875
2403552,38.14697265625
2403564,51.513671875
2403581,53.64990234375
2403599,40.10009765625
2403609,44.61669921875
2403639,28.99169921875
2403703,30.94482421875
2403890,33.26416015625
2403953,28.62548828125
2417042,29.35791015625
2417231,29.72412109375
2417252,33.203125
2417292,31.55517578125
2417336,30.1513671875
2417361,29.6630859375
2417396,39.55078125
2417407,29.4189453125
2417468,27.03857421875
2417496,30.029296875
2417611,29.296875
2417634,27.587890625
2433716,34.60693359375
2433737,32.77587890625
2433766,43.88427734375
2433805,30.517578125
2433816,34.423828125
2433846,49.37744140625
2433884,43.51806640625
2433898,27.4658203125
2433927,30.2734375
2433938,29.052734375
2433980,33.3251953125
2434040,28.564453125
2449985,27.03857421875
2450026,27.099609375
2450045,43.27392578125
2450073,33.75244140625
2450102,41.56494140625
2450135,35.888671875
2450167,44.5556640625
2450231,27.099609375
2450245,31.3720703125
2450266,30.8837890625
2450316,29.23583984375
2463497,31.79931640625
2463510,28.99169921875
2463529,49.560546875
2463548,35.5224609375
2463566,36.1328125
2463595,28.564453125
2463606,27.34375
2463623,29.96826171875
2463657,32.40966796875
2463679,33.203125
2463712,40.10009765625
2464085,29.23583984375
2464204,27.28271484375
2480407,27.34375
2480433,27.34375
2480467,32.2265625
2480488,38.14697265625
2480508,56.09130859375
2480546,35.33935546875
2480587,37.109375
2480614,42.3583984375
2480660,28.6865234375
2480686,35.94970703125
2480707,28.9306640625
2480815,36.1328125
2480901,27.83203125
2493267,29.296875
2493372,49.49951171875
2493421,31.982421875
2493469,27.89306640625
2493517,51.57470703125
2493548,35.15625
2493587,28.62548828125
2493635,29.052734375
2493651,28.076171875
2493673,29.35791015625
2510929,33.02001953125
2510943,56.09130859375
2510976,33.14208984375
2510987,31.8603515625
2511031,36.1328125
2511055,30.21240234375
2511070,33.50830078125
2511117,30.029296875
2511148,29.72412109375
2511233,27.89306640625
2526342,29.47998046875
2526947,34.36279296875
2526967,38.51318359375
2526980,31.43310546875
2527029,36.9873046875
2527042,37.90283203125
2527057,46.38671875
2527087,29.35791015625
2527236,27.83203125
2544134,33.3251953125
2544157,28.564453125
2544202,31.494140625
2544249,27.83203125
2544275,36.31591796875
2544297,30.70068359375
2544405,35.33935546875
2544423,28.01513671875
2544513,33.63037109375
2561629,32.53173828125
2561720,41.44287109375
2561738,28.564453125
2561754,28.6865234375
2561784,28.38134765625
2561797,31.92138671875
2561819,28.01513671875
2561832,27.4658203125
2561843,31.73828125
2561880,33.935546875
2561894,49.4384765625
2562020,28.74755859375
2562210,28.3203125
2577561,34.36279296875
2577589,30.70068359375
2577628,27.587890625
2577648,40.71044921875
2577687,37.7197265625
2577707,43.51806640625
2577719,39.1845703125
2577732,30.45654296875
2577788,28.076171875
2577843,28.38134765625
2578027,28.1982421875
2578056,29.296875
2578185,33.14208984375
2596285,44.0673828125
2596300,38.4521484375
2596322,33.69140625
2596352,43.15185546875
2596379,50.1708984375
2596398,30.33447265625
2596445,39.6728515625
2596491,29.1748046875
2596560,33.447265625
2615022,27.4658203125
2615070,28.86962890625
2615082,33.38623046875
2615110,51.025390625
2615122,31.79931640625
2615156,50.4150390625
2615200,28.62548828125
2615216,40.0390625
2615250,27.587890625
2615290,27.03857421875
2615465,27.4658203125
2631404,29.47998046875
2631489,27.4658203125
2631515,29.60205078125
2631531,55.7861328125
2631588,36.865234375
2631602,28.74755859375
2631631,34.11865234375
2631668,33.02001953125
2631680,38.9404296875
2646248,29.9072265625
2646311,28.25927734375
2646329,42.48046875
2646356,31.43310546875
2646379,31.31103515625
2646395,43.51806640625
2646410,31.73828125
2646434,32.5927734375
2646481,33.26416015625
2646511,44.921875
2646550,30.76171875
2646572,27.83203125
2646669,36.92626953125
2665634,43.27392578125
2665646,34.0576171875
2665675,37.59765625
2665711,32.77587890625
2665723,42.66357421875
2665761,36.68212890625
2665807,38.87939453125
2665834,28.50341796875
2665849,34.3017578125
2665915,33.50830078125
2665925,38.6962890625
2683646,27.2216796875
2683671,30.3955078125
2683710,29.6630859375
2683735,49.8046875
2683760,31.43310546875
2683775,31.982421875
2683793,34.912109375
2683819,47.9736328125
2683840,29.35791015625
2683862,30.517578125
2683875,34.72900390625
2683897,37.59765625
2683965,28.1982421875
2684026,28.50341796875
2684084,27.099609375
2701855,27.4658203125
2701957,33.3251953125
2701993,39.48974609375
2702017,49.072265625
2702053,35.70556640625
2702080,35.94970703125
2702117,36.68212890625
2702166,27.099609375
2702218,30.94482421875
2702258,28.4423828125
2702285,28.6865234375
2719977,39.00146484375
2719994,30.94482421875
2720046,28.3203125
2720057,31.25
2720076,30.09033203125
2720106,34.24072265625
2720126,31.005859375
2720147,32.5927734375
2720207,29.541015625
2720259,27.587890625
2720277,36.2548828125
2720361,27.099609375
2720663,27.9541015625
2720831,29.6630859375
2737361,36.376953125
2737390,27.587890625
2737425,57.92236328125
2737453,30.76171875
2737469,35.82763671875
2737480,29.1748046875
2737491,27.03857421875
2737510,32.470703125
2737547,44.00634765625
2737586,39.85595703125
2737612,27.34375
2737689,28.62548828125
2737855,29.78515625
2737917,30.76171875
2756087,27.34375
2756114,29.9072265625
2756133,34.1796875
2756152,40.83251953125
2756178,33.14208984375
2756199,53.16162109375
2756219,27.34375
2756230,36.07177734375
2756271,46.7529296875
2756306,45.7763671875
2756319,44.189453125
2756395,30.09033203125
2756424,30.8837890625
2756468,31.005859375
2756504,27.9541015625
2775704,27.587890625
2775734,28.4423828125
2775798,28.74755859375
2775826,66.0400390625
2775854,31.3720703125
2775864,28.1982421875
2775899,31.79931640625
2775912,27.2216796875
2775931,31.55517578125
2775963,41.3818359375
2775984,33.99658203125
2776055,30.33447265625
2776118,31.1279296875
2776277,27.52685546875
2793215,42.78564453125
2793243,51.1474609375
2793282,47.30224609375
2793313,55.11474609375
2793328,29.35791015625
2793362,35.46142578125
2793383,41.748046875
2793395,34.36279296875
2793438,34.1796875
2793459,36.31591796875
2793472,34.7900390625
2793595,27.28271484375
2793686,27.16064453125
2793721,31.67724609375
2810849,27.16064453125
2810996,29.96826171875
2811018,37.17041015625
2811030,27.7099609375
2811061,33.5693359375
2811089,56.21337890625
2811111,34.97314453125
2811141,36.19384765625
2811164,40.1611328125
2811177,45.34912109375
2811213,44.7998046875
2811234,37.2314453125
2811292,33.38623046875
2811351,27.83203125
2811827,28.1982421875
2827828,36.0107421875
2827861,27.099609375
2827926,32.04345703125
2827937,43.15185546875
2827968,29.11376953125
2827994,30.33447265625
2828016,52.24609375
2828032,43.39599609375
2828054,53.89404296875
2828071,31.494140625
2828091,46.5087890625
2828121,31.6162109375
2828241,29.052734375
2828297,30.1513671875
2828358,27.587890625
2828529,27.28271484375
2845056,43.701171875
2845069,27.28271484375
2845082,29.60205078125
2845124,28.3203125
2845136,38.57421875
2845155,35.09521484375
2845178,28.38134765625
2845201,55.419921875
2845216,46.69189453125
2845233,38.51318359375
2845257,42.90771484375
2845294,45.10498046875
2845304,33.203125
2845331,37.04833984375
2845400,27.40478515625
2845433,30.09033203125
2845502,27.4658203125
2845569,34.24072265625
2860087,35.70556640625
2860168,33.8134765625
2860237,28.564453125
2860247,37.353515625
2860269,38.63525390625
2860306,40.1611328125
2860319,30.70068359375
2860371,28.1982421875
2860384,35.46142578125
2860415,28.25927734375
2860450,36.19384765625
2860501,27.7099609375
2860530,28.6865234375
2860558,28.86962890625
2860739,28.80859375
2873915,32.470703125
2873969,27.89306640625
2873991,27.34375
2874001,42.78564453125
2874032,27.64892578125
2874049,40.1611328125
2874070,29.9072265625
2874120,53.466796875
2874161,29.60205078125
2874199,31.494140625
2874220,31.1279296875
2874260,29.23583984375
2874289,28.80859375
2874483,30.3955078125
2874916,29.296875
2885459,36.31591796875
2885484,31.982421875
2885498,34.66796875
2885518,29.72412109375
2885543,46.5087890625
2885585,45.41015625
2885608,33.87451171875
2885647,29.60205078125
2885673,39.48974609375
2885687,50.9033203125
2885730,30.517578125
2885740,36.9873046875
2885802,27.587890625
2885818,31.06689453125
2885850,36.0107421875
2896202,28.50341796875
2896269,29.78515625
2896293,28.25927734375
2896306,29.84619140625
2896339,34.60693359375
2896352,27.40478515625
2896382,29.541015625
2896401,33.38623046875
2896419,28.9306640625
2896432,40.71044921875
2896457,32.40966796875
2896476,28.74755859375
2896490,36.9873046875
2896514,31.06689453125
2896530,32.3486328125
2896547,31.982421875
2896641,28.80859375
2896886,28.4423828125
2897260,28.38134765625
2897635,27.83203125
2906019,36.2548828125
2906037,33.38623046875
2906077,29.35791015625
2906110,36.19384765625
2906145,51.20849609375
2906167,29.23583984375
2906181,38.4521484375
2906205,29.541015625
2906229,30.8837890625
2906254,48.33984375
2906293,34.72900390625
2906325,31.982421875
2906359,28.13720703125
2906400,32.40966796875
2906435,28.3203125
2906502,28.38134765625
2906903,26.9775390625
2915111,31.31103515625
2915151,35.21728515625
2915178,31.18896484375
2915191,30.1513671875
2915218,34.66796875
2915232,45.71533203125
2915268,39.85595703125
2915292,37.53662109375
2915317,27.9541015625
2915351,41.93115234375
2915368,39.12353515625
2915415,28.3203125
2915431,29.23583984375
2915550,26.9775390625
2915626,27.83203125
2915732,29.6630859375
2916082,28.86962890625
2923618,27.28271484375
2923646,42.78564453125
2923665,34.72900390625
2923706,38.4521484375
2923730,35.2783203125
2923775,27.4658203125
2923804,30.45654296875
2923820,47.9736328125
2923851,35.70556640625
2923863,39.00146484375
2923916,51.26953125
2923960,33.75244140625
2923992,38.57421875
2924066,28.3203125
2924103,30.8837890625
2924391,27.2216796875
2931825,27.40478515625
2931946,28.99169921875
2932095,27.89306640625
2932119,28.3203125
2932156,28.50341796875
2932188,29.296875
2932220,38.26904296875
2932230,45.83740234375
2932261,41.259765625
2932289,29.78515625
2932305,39.6728515625
2932333,35.888671875
2932356,28.99169921875
2932377,31.06689453125
2932409,27.4658203125
2932583,30.2734375
2932621,28.4423828125
2940758,27.28271484375
2940785,31.1279296875
2940837,29.1748046875
2940885,29.296875
2940920,39.306640625
2940934,27.40478515625
2940981,29.78515625
2941010,49.01123046875
2941033,27.587890625
2941062,28.6865234375
2941094,27.16064453125
2941202,32.8369140625
2941261,27.587890625
2941766,29.72412109375
2949270,34.48486328125
2949285,29.11376953125
2949310,30.517578125
2949339,31.25
2949349,36.68212890625
2949385,55.35888671875
2949411,34.423828125
2949426,43.39599609375
2949437,39.794921875
2949454,28.50341796875
2949498,33.8134765625
2949514,39.1845703125
2949534,30.2734375
2949557,27.89306640625
2949572,31.25
2949635,29.9072265625
2949689,27.28271484375
2949703,28.50341796875
2958242,28.076171875
2958351,28.9306640625
2958380,37.90283203125
2958448,29.4189453125
2958467,27.16064453125
2958489,30.2734375
2958505,41.015625
2958530,39.61181640625
2958562,42.8466796875
2958603,33.75244140625
2958646,29.4189453125
2958705,33.26416015625
2958751,27.40478515625
2958866,28.25927734375
2967163,30.517578125
2967256,30.70068359375
2967319,27.7099609375
2967344,32.1044921875
2967408,46.9970703125
2967423,33.8134765625
2967443,32.89794921875
2967497,26.9775390625
2967513,31.92138671875
2967529,30.09033203125
2967571,30.6396484375
2967680,29.23583984375
2967813,33.203125
2975833,39.6728515625
2975904,32.77587890625
2975932,49.74365234375
2975975,29.4189453125
2976002,45.5322265625
2976020,31.67724609375
2976090,43.51806640625
2976140,34.60693359375
2976181,28.01513671875
2976220,28.50341796875
2976238,28.74755859375
2976252,28.62548828125
2976675,28.25927734375
2976897,27.099609375
2985464,28.076171875
2985505,30.1513671875
2985584,32.1044921875
2985609,40.46630859375
2985639,30.57861328125
2985678,32.470703125
2985717,27.2216796875
2985754,37.78076171875
2985768,27.4658203125
2985798,30.94482421875
2985836,31.92138671875
2985854,27.40478515625
2985887,29.296875
2985956,27.64892578125
2995262,28.25927734375
2995286,39.61181640625
2995309,35.15625
2995323,40.10009765625
2995366,35.400390625
2995398,41.32080078125
2995414,28.99169921875
2995452,32.77587890625
2995478,35.82763671875
2995523,27.64892578125
2995545,37.17041015625
2995572,30.76171875
2995604,29.78515625
2995646,34.7900390625
2996011,30.21240234375
3006003,31.92138671875
3006037,28.01513671875
3006065,48.03466796875
3006078,39.97802734375
3006105,27.28271484375
3006120,48.52294921875
3006153,30.517578125
3006163,32.16552734375
3006195,30.57861328125
3006233,34.5458984375
3006251,40.0390625
3006303,27.40478515625
3006338,27.16064453125
3006372,29.6630859375
3006551,28.86962890625
3017415,33.02001953125
3017444,33.63037109375
3017463,33.0810546875
3017480,32.28759765625
3017521,29.72412109375
3017537,28.6865234375
3017564,34.423828125
3017583,31.31103515625
3017599,53.3447265625
3017626,31.79931640625
3017638,32.71484375
3017657,44.00634765625
3017705,31.67724609375
3017735,29.60205078125
3028471,29.1748046875
3028500,31.18896484375
3028529,44.61669921875
3028570,28.13720703125
3028591,43.39599609375
3028610,55.23681640625
3028621,30.3955078125
3028642,29.84619140625
3028669,35.888671875
3028682,29.11376953125
3028709,41.015625
3028720,28.25927734375
3028743,33.3251953125
3028782,27.64892578125
3029171,29.1748046875
3046280,28.38134765625
3046296,46.08154296875
3046322,29.23583984375
3046365,33.3251953125
3046396,45.59326171875
3046411,30.3955078125
3046436,42.05322265625
3046458,35.33935546875
3046490,28.076171875
3046505,30.8837890625
3046533,27.89306640625
3046610,33.26416015625
3046700,28.50341796875
3047195,28.25927734375
3047227,29.11376953125
3061208,29.052734375
3061228,28.74755859375
3061247,35.82763671875
3061266,33.14208984375
3061280,32.5927734375
3061296,41.07666015625
3061307,47.66845703125
3061342,36.9873046875
3061368,28.01513671875
3061449,29.1748046875
3061465,28.62548828125
3061500,34.72900390625
3061606,28.86962890625
3062154,27.03857421875
3076901,36.19384765625
3076922,39.794921875
3076960,27.83203125
3076978,37.29248046875
3076993,33.0810546875
3077012,29.47998046875
3077032,38.63525390625
3077056,31.494140625
3077076,33.447265625
3077115,38.75732421875
3077145,38.63525390625
3077234,27.28271484375
3077268,27.7099609375
3077303,31.3720703125
3077562,31.25
3087687,29.6630859375
3087701,29.23583984375
3087737,30.76171875
3087773,34.1796875
3087798,28.6865234375
3087826,29.35791015625
3087840,34.3017578125
3087885,30.6396484375
3087950,27.77099609375
3087968,27.03857421875
3088008,27.4658203125
3101138,27.587890625
3101211,30.8837890625
3101239,30.3955078125
3101261,33.38623046875
3101275,27.83203125
3101296,31.982421875
3101347,48.76708984375
3101368,35.7666015625
3101384,31.982421875
3101410,36.4990234375
3101421,28.564453125
3101439,35.15625
3101474,40.10009765625
3101487,29.11376953125
3101566,28.13720703125
3101597,30.57861328125
3101802,27.34375
3114140,27.89306640625
3114180,33.87451171875
3114215,29.1748046875
3114225,53.22265625
3114240,30.6396484375
3114271,43.51806640625
3114289,48.27880859375
3114314,46.44775390625
3114327,38.2080078125
3114337,41.1376953125
3114357,32.1044921875
3114397,31.6162109375
3114416,30.21240234375
3114693,36.80419921875
3122810,32.3486328125
3122842,31.73828125
3122871,28.80859375
3122899,32.04345703125
3122920,36.0107421875
3122936,34.5458984375
3122976,34.1796875
3122997,46.142578125
3123044,27.77099609375
3123068,31.25
3123114,30.33447265625
3123152,36.19384765625
3147943,38.2080078125
3147976,27.2216796875
3147993,38.818359375
3148021,54.19921875
3148047,43.701171875
3148069,39.61181640625
3148103,49.4384765625
3148121,27.16064453125
3148138,40.771484375
3148157,38.87939453125
3148202,33.935546875
3148248,27.40478515625
3148403,41.3818359375
3148495,27.34375
3148553,28.076171875
3148618,35.09521484375
3440603,27.03857421875
3517922,28.6865234375
3518037,28.3203125
3518076,30.76171875
3518101,26.9775390625
3518196,30.94482421875
3518219,29.78515625
3518244,36.7431640625
3518257,42.54150390625
3518277,33.0810546875
3518318,31.31103515625
3518347,48.4619140625
3518405,31.31103515625
3518417,28.01513671875
3518449,26.9775390625
3518477,34.24072265625
3590762,32.5927734375
3591185,27.52685546875
3591286,32.71484375
3591304,30.45654296875
3591348,32.65380859375
3591366,39.306640625
3591376,29.47998046875
3591429,38.0859375
3591457,27.7099609375
3591480,27.52685546875
3591505,28.4423828125
3591530,28.9306640625
3591547,28.076171875
3591580,33.203125
3591919,28.74755859375
3592759,29.11376953125
3592811,32.16552734375
3592846,30.2734375
3653644,38.14697265625
3653665,28.13720703125
3653838,27.77099609375
3653872,30.82275390625
3653916,33.935546875
3653943,28.38134765625
3653995,35.58349609375
3654023,35.7666015625
3654048,27.03857421875
3654072,50.23193359375
3654093,29.47998046875
3654106,30.09033203125
3654148,37.78076171875
3654192,33.75244140625
3654204,29.84619140625
3654238,29.9072265625
3654269,38.26904296875
3654361,27.89306640625
3654377,28.01513671875
3714826,39.306640625
3714863,27.7099609375
3714884,28.62548828125
3714909,39.794921875
3714925,28.13720703125
3715089,48.52294921875
3715259,28.80859375
3715322,27.16064453125
3715391,29.052734375
3715669,31.06689453125
3715832,30.94482421875
3715982,29.96826171875
3716018,34.1796875
3716107,28.38134765625
3716178,34.66796875
3716206,31.67724609375
3716239,31.25
3716263,43.88427734375
3716280,34.1796875
3716297,29.1748046875
3716321,26.9775390625
3716371,31.43310546875
3716385,30.517578125
3724596,28.1982421875
3731400,27.52685546875
3731435,39.794921875
3731487,29.296875
3731569,35.7666015625
3731656,34.97314453125
3731684,29.78515625
3731719,31.73828125
3731733,27.099609375
3731747,27.03857421875
3731778,41.8701171875
3731802,36.0107421875
3731815,54.87060546875
3731854,43.27392578125
3731876,27.77099609375
3731887,28.3203125
3731915,28.01513671875
3731949,30.82275390625
3731980,30.8837890625
3732089,28.13720703125
3732143,27.2216796875
3800210,38.26904296875
3800275,30.09033203125
3800323,32.16552734375
3800335,35.15625
3800383,30.21240234375
3800393,28.62548828125
3800412,33.935546875
3800423,30.33447265625
3800459,38.26904296875
3800477,29.9072265625
3800493,27.4658203125
3800525,43.3349609375
3800544,41.93115234375
3800623,37.90283203125
3833916,29.78515625
3834014,34.5458984375
3834067,30.517578125
3834085,30.33447265625
3834116,29.1748046875
3834138,34.0576171875
3834157,31.73828125
3834225,38.2080078125
3834260,34.5458984375
3834306,40.71044921875
3834337,36.31591796875
3834348,31.982421875
3834407,27.52685546875
3834429,35.15625
3834832,29.72412109375
3863905,41.07666015625
3863954,29.78515625
3864008,36.376953125
3864044,39.48974609375
3864085,43.15185546875
3864125,27.4658203125
3864148,29.60205078125
3864165,30.6396484375
3864219,33.99658203125
3864231,33.38623046875
3864263,28.62548828125
3864302,38.330078125
3864316,39.9169921875
3864358,35.58349609375
3864374,41.93115234375
3864410,27.64892578125
3865587,30.45654296875
3865614,28.3203125
3865664,29.1748046875
3865684,30.21240234375
3903595,27.4658203125
3903914,32.1044921875
3904022,35.94970703125
3904145,31.18896484375
3904310,36.4990234375
3904360,32.89794921875
3904432,29.78515625
3904477,29.84619140625
3904506,34.36279296875
3904532,31.18896484375
3904558,31.73828125
3904589,36.92626953125
3904601,36.62109375
3904637,34.48486328125
3904665,37.353515625
3904685,31.1279296875
3904704,37.53662109375
3904722,44.5556640625
3904755,28.6865234375
3904779,31.18896484375
3904848,35.5224609375
3904958,31.67724609375
3941787,35.33935546875
3941875,31.982421875
3941965,27.77099609375
3941987,32.1044921875
3942004,35.888671875
3942048,37.65869140625
3942060,27.83203125
3942083,27.77099609375
3942096,56.0302734375
3942133,37.29248046875
3942162,44.677734375
3942183,32.04345703125
3942226,59.02099609375
3942236,31.8603515625
3942253,37.4755859375
3942320,32.71484375
3942475,27.7099609375
3959715,42.8466796875
3959737,35.82763671875
3959774,36.376953125
3959804,36.1328125
3959846,38.02490234375
3959890,29.60205078125
3959949,29.78515625
3959973,34.3017578125
3960043,39.0625
3960076,44.37255859375
3960113,28.076171875
3960147,32.71484375
3960197,28.01513671875
3960290,35.7666015625
3960333,29.23583984375
3960397,32.28759765625
3960407,31.25
3960529,27.4658203125
3960816,29.4189453125
3961106,28.076171875
3961175,28.86962890625
3961193,28.564453125
3961211,33.935546875
3961253,27.52685546875
3961288,29.23583984375
3993840,29.78515625
3993917,31.55517578125
3994111,31.982421875
3994140,26.9775390625
3994276,29.052734375
3994300,33.87451171875
3994405,31.6162109375
3994477,41.32080078125
3994510,43.88427734375
3994526,33.99658203125
3994540,34.48486328125
3994559,37.841796875
3994582,38.75732421875
3994597,41.015625
3994618,40.34423828125
3994652,31.1279296875
3995224,27.40478515625
4025840,27.64892578125
4026602,27.03857421875
4026688,38.330078125
4026766,33.203125
4026873,29.47998046875
4026889,30.21240234375
4026985,31.494140625
4026996,37.65869140625
4027039,33.26416015625
4027087,43.02978515625
4027103,30.94482421875
4027122,49.49951171875
4027145,28.9306640625
4027233,48.2177734375
4027250,37.29248046875
4027324,28.564453125
4027341,32.65380859375
4027405,29.23583984375
4060028,30.8837890625
4060138,28.3203125
4060333,29.052734375
4060492,29.35791015625
4060528,30.57861328125
4060563,40.34423828125
4060634,28.9306640625
4060717,30.517578125
4060761,31.73828125
4060799,42.54150390625
4060814,31.8603515625
4060828,29.35791015625
4060856,34.11865234375
4060887,29.35791015625
4060898,43.88427734375
4060926,35.64453125
4060944,36.0107421875
4060978,57.12890625
4060993,35.46142578125
4061044,28.3203125
4061059,42.78564453125
4061087,27.83203125
4061126,27.52685546875
4061224,33.26416015625
4078880,29.9072265625
4081152,27.64892578125
4081273,28.38134765625
4081351,28.076171875
4081400,36.4990234375
4081417,30.76171875
4081488,34.11865234375
4081523,31.73828125
4081539,41.19873046875
4081557,38.02490234375
4081594,39.00146484375
4081609,53.5888671875
4081622,34.72900390625
4081640,30.029296875
4081655,54.26025390625
4081685,32.40966796875
4081722,28.01513671875
4081747,30.029296875
4081775,36.19384765625
4081800,30.09033203125
4081897,29.96826171875
4081978,28.01513671875
4082418,27.16064453125
4097930,28.564453125
4098175,28.38134765625
4098332,28.50341796875
4098602,29.35791015625
4098707,27.587890625
4098853,28.50341796875
4098893,27.64892578125
4098903,29.4189453125
4099000,30.09033203125
4099041,28.80859375
4099096,35.2783203125
4099130,29.35791015625
4099156,34.11865234375
4099183,30.6396484375
4099198,30.82275390625
4099226,32.40966796875
4099237,32.2265625
4099250,49.4384765625
4099275,40.771484375
4099306,49.62158203125
4099333,37.9638671875
4099364,30.3955078125
4099380,28.01513671875
4099597,30.82275390625
4099636,30.1513671875
4110699,28.13720703125
4111671,40.283203125
4114519,31.31103515625
4116359,29.23583984375
4116438,28.564453125
4116491,61.82861328125
4116504,35.82763671875
4116532,27.587890625
4116568,32.1044921875
4116578,33.203125
4116609,32.1044921875
4116621,38.330078125
4116649,30.2734375
4116666,35.46142578125
4116677,44.3115234375
4116718,34.11865234375
4116733,34.0576171875
4116744,28.3203125
4116770,34.36279296875
4116828,29.052734375
4116849,31.06689453125
4117813,29.11376953125
4118090,32.16552734375
4125567,31.18896484375
4129471,28.4423828125
4129519,28.4423828125
4129531,41.93115234375
4129548,31.1279296875
4129573,30.517578125
4129583,35.58349609375
4129612,37.78076171875
4129629,31.55517578125
4129671,45.34912109375
4129683,47.7294921875
4129722,49.49951171875
4129755,36.0107421875
4129782,28.80859375
4129817,35.94970703125
4129870,27.16064453125
4129918,29.23583984375
4129969,32.5927734375
4129988,30.2734375
4130028,34.1796875
4130166,30.94482421875
4130300,27.28271484375
4130441,27.28271484375
4141075,28.13720703125
4141404,47.91259765625
4141480,41.1376953125
4141490,28.74755859375
4141502,27.89306640625
4141515,31.06689453125
4141527,44.00634765625
4141550,28.1982421875
4141598,27.52685546875
4141608,41.44287109375
4141653,39.0625
4141667,27.587890625
4141684,30.45654296875
4141704,50.96435546875
4141718,57.31201171875
4141730,28.38134765625
4141766,27.77099609375
4141832,32.71484375
4141856,31.494140625
4141869,28.80859375
4142345,28.6865234375
4142416,27.77099609375
4142431,29.96826171875
4151756,33.63037109375
4151783,27.9541015625
4151900,28.3203125
4151927,37.4755859375
4151942,36.0107421875
4151971,35.09521484375
4152000,27.4658203125
4152032,32.3486328125
4152056,28.9306640625
4152077,44.00634765625
4152096,35.94970703125
4152125,34.85107421875
4152152,32.2265625
4152165,28.62548828125
4152185,34.97314453125
4152234,30.21240234375
4152257,35.2783203125
4152270,28.3203125
4152347,27.40478515625
4160891,27.16064453125
4160973,27.7099609375
4161019,30.76171875
4161076,30.1513671875
4161090,32.28759765625
4161117,43.64013671875
4161138,27.099609375
4161160,30.21240234375
4161184,41.3818359375
4161268,31.73828125
4161311,33.02001953125
4161352,28.86962890625
4161364,28.4423828125
4161413,28.076171875
4161480,31.8603515625
4170246,28.01513671875
4170334,27.03857421875
4170361,39.55078125
4170373,27.64892578125
4170394,28.62548828125
4170437,28.1982421875
4170466,27.40478515625
4170492,31.25
4170507,36.80419921875
4170536,32.77587890625
4170547,33.50830078125
4170630,27.4658203125
4170692,31.982421875
4170808,27.64892578125
4170957,27.16064453125
4171071,28.3203125
4179113,28.99169921875
4179294,28.076171875
4179389,28.01513671875
4179430,37.90283203125
4179444,31.55517578125
4179473,30.3955078125
4179497,30.09033203125
4179518,31.1279296875
4179528,31.25
4179543,36.865234375
4179555,29.9072265625
4179589,31.005859375
4179810,31.31103515625
4179857,27.16064453125
4179943,27.52685546875
4180274,27.34375
4180306,30.1513671875
4188352,28.564453125
4188418,27.28271484375
4188544,28.25927734375
4188569,31.005859375
4188633,40.283203125
4188652,29.11376953125
4188725,28.564453125
4188736,51.33056640625
4188777,29.78515625
4188800,27.34375
4188832,33.14208984375
4188867,28.076171875
4188905,30.09033203125
4189228,31.982421875
4189449,32.5927734375
4198065,30.09033203125
4198174,27.52685546875
4198242,30.8837890625
4198261,29.9072265625
4198339,32.40966796875
4198384,35.58349609375
4198423,29.11376953125
4198451,33.02001953125
4198473,36.1328125
4198490,35.888671875
4198506,34.3017578125
4198530,27.89306640625
4198562,27.9541015625
4198694,28.564453125
4207933,30.517578125
4207973,30.3955078125
4207994,27.28271484375
4208047,27.52685546875
4208076,39.48974609375
4208088,36.19384765625
4208114,31.92138671875
4208126,43.0908203125
4208182,41.6259765625
4208212,36.80419921875
4208251,35.2783203125
4208300,28.80859375
4208470,28.564453125
4218329,29.1748046875
4218372,30.94482421875
4218482,29.541015625
4218506,32.28759765625
4218536,38.6962890625
4218547,35.2783203125
4218579,46.0205078125
4218611,27.77099609375
4218643,33.63037109375
4218673,36.07177734375
4218695,30.1513671875
4219036,27.4658203125
4219110,32.16552734375
4229315,29.1748046875
4229454,28.564453125
4229522,34.72900390625
4229595,50.6591796875
4229611,40.46630859375
4229640,30.6396484375
4229691,29.60205078125
4229713,31.92138671875
4229749,37.17041015625
4229771,39.61181640625
4229788,29.296875
4229818,29.72412109375
4241737,30.3955078125
4241758,30.94482421875
4241775,39.0625
4241802,43.212890625
4241828,28.6865234375
4241846,29.11376953125
4241869,43.0908203125
4241891,40.83251953125
4241911,47.4853515625
4241948,30.1513671875
4241969,29.1748046875
4241994,28.80859375
4242030,37.2314453125
4242070,31.06689453125
4242085,28.38134765625
4242130,33.14208984375
4242205,33.14208984375
4242240,26.9775390625
4242553,33.50830078125
4242774,31.73828125
4254745,28.38134765625
4254769,30.33447265625
4254797,29.96826171875
4254813,30.21240234375
4254840,34.11865234375
4254874,29.78515625
4254898,48.52294921875
4254929,44.7998046875
4254951,38.9404296875
4254978,28.38134765625
4254988,28.9306640625
4255027,28.076171875
4255053,28.6865234375
4255135,27.89306640625
4255198,27.77099609375
4255248,27.587890625
4255308,27.77099609375
4255583,28.86962890625
4255682,28.99169921875
4255859,28.3203125
4270544,43.64013671875
4270557,45.2880859375
4270608,33.99658203125
4270626,50.537109375
4270663,33.447265625
4270689,42.78564453125
4270706,60.1806640625
4270722,27.89306640625
4270753,47.8515625
4270765,28.25927734375
4270779,31.1279296875
4270807,30.33447265625
4270839,29.23583984375
4270883,37.90283203125
4270964,27.099609375
4406051,27.7099609375
4507268,29.84619140625
4507399,27.03857421875
4507447,28.1982421875
4507554,31.92138671875
4507581,31.92138671875
4507981,32.3486328125
4568874,30.33447265625
4568926,51.69677734375
4568946,27.34375
4568962,44.98291015625
4568990,39.48974609375
4569043,34.3017578125
4569086,28.076171875
4569118,29.23583984375
4569202,29.11376953125
4569230,29.9072265625
4569317,29.35791015625
4628749,27.2216796875
4628790,38.51318359375
4628818,33.3251953125
4628834,53.1005859375
4628851,38.0859375
4628874,36.7431640625
4628911,29.72412109375
4629190,29.541015625
4671095,33.50830078125
4671167,32.5927734375
4671383,28.99169921875
4673979,28.50341796875
4674195,28.38134765625
4674235,31.18896484375
4674265,40.0390625
4674281,28.38134765625
4674305,27.64892578125
4674361,28.564453125
4674395,28.3203125
4674520,28.4423828125
4713822,27.587890625
4714064,27.64892578125
4714259,27.4658203125
4714643,35.58349609375
4714942,28.564453125
4714997,31.3720703125
4715012,27.34375
4715062,31.43310546875
4765795,26.9775390625
4765860,28.80859375
4765903,31.8603515625
4765931,34.97314453125
4765950,29.9072265625
4765969,41.07666015625
4765986,41.8701171875
4766063,28.3203125
4766418,26.9775390625
