4799201,0
90972,48.095703125
91070,29.11376953125
91089,37.04833984375
91153,35.400390625
91172,29.72412109375
91254,29.11376953125
91283,41.80908203125
91304,51.20849609375
91324,46.5087890625
91338,36.376953125
91361,34.5458984375
91394,31.18896484375
91423,35.09521484375
91442,29.541015625
91682,31.25
91796,34.0576171875
92659,31.18896484375
170425,45.22705078125
170519,47.7294921875
170559,34.66796875
170616,36.0107421875
170633,38.818359375
170667,46.08154296875
170691,30.3955078125
170762,47.05810546875
170786,47.30224609375
170810,32.958984375
170828,46.7529296875
170848,32.65380859375
170871,30.2734375
170900,47.66845703125
170914,29.47998046875
170932,28.99169921875
171784,31.005859375
171832,31.79931640625
172340,29.052734375
172491,32.5927734375
349529,39.794921875
349689,35.70556640625
349739,30.8837890625
349762,34.85107421875
349816,36.865234375
349848,35.888671875
349866,38.26904296875
349907,35.58349609375
349924,38.818359375
349939,34.60693359375
349957,36.376953125
349985,39.794921875
350000,34.48486328125
350054,30.57861328125
350077,40.95458984375
350134,29.9072265625
350216,30.21240234375
350314,32.28759765625
350548,31.31103515625
464106,38.75732421875
464189,43.02978515625
464257,33.69140625
464268,38.9404296875
464286,37.4755859375
464333,32.53173828125
464347,40.34423828125
464368,32.958984375
464399,46.44775390625
464411,41.9921875
464437,29.052734375
464448,32.1044921875
464465,32.8369140625
464491,40.1611328125
464512,36.56005859375
464592,29.35791015625
464691,31.55517578125
465171,32.3486328125
465352,29.4189453125
519933,49.072265625
520010,29.23583984375
520057,34.36279296875
520091,43.39599609375
520117,31.67724609375
520165,33.447265625
520195,35.7666015625
520210,37.04833984375
520265,45.47119140625
520281,49.13330078125
520298,44.43359375
520337,35.888671875
520361,29.6630859375
520389,35.0341796875
520414,36.376953125
520439,29.4189453125
520472,30.3955078125
520668,29.052734375
520778,31.8603515625
520887,29.296875
521550,31.55517578125
521674,30.6396484375
521926,29.23583984375
674065,37.78076171875
674347,40.10009765625
674416,36.43798828125
674479,32.53173828125
674563,30.517578125
674582,29.78515625
674595,31.31103515625
674614,48.76708984375
674636,55.11474609375
674653,35.5224609375
674670,30.45654296875
674688,37.90283203125
674699,29.78515625
674733,40.46630859375
674748,36.19384765625
674763,34.24072265625
674784,38.0859375
674811,36.865234375
674837,36.80419921875
674873,29.6630859375
675210,32.71484375
676206,34.48486328125
676321,30.57861328125
851796,36.9873046875
852014,38.4521484375
852090,38.51318359375
852101,34.60693359375
852126,29.78515625
852149,46.9970703125
852164,34.24072265625
852190,29.96826171875
852219,33.69140625
852240,44.37255859375
852256,40.58837890625
852275,39.00146484375
852302,43.5791015625
852313,29.60205078125
852335,47.2412109375
852350,31.25
852377,31.06689453125
852437,33.14208984375
852476,33.0810546875
852510,29.47998046875
957876,39.48974609375
958028,37.59765625
958058,30.94482421875
958071,32.71484375
958105,38.87939453125
958121,35.7666015625
958147,30.09033203125
958184,35.21728515625
958201,38.02490234375
958235,40.83251953125
958255,40.8935546875
958282,39.97802734375
958304,29.9072265625
958316,30.94482421875
958338,29.23583984375
958356,35.15625
958368,35.888671875
958399,30.57861328125
958430,29.72412109375
959082,30.09033203125
1154561,32.470703125
1154803,32.3486328125
1154861,42.05322265625
1154901,30.09033203125
1154958,34.7900390625
1155055,35.64453125
1155070,50.9033203125
1155092,40.1611328125
1155111,38.39111328125
1155121,38.9404296875
1155160,37.90283203125
1155216,29.541015625
1156090,28.99169921875
1156198,30.76171875
1156992,32.89794921875
1320264,38.330078125
1320491,46.08154296875
1320541,36.19384765625
1320576,37.7197265625
1320597,39.9169921875
1320615,29.9072265625
1320630,62.80517578125
1320657,40.52734375
1320703,36.07177734375
1320722,34.5458984375
1320740,40.0390625
1320774,32.71484375
1320786,31.31103515625
1320814,31.494140625
1320866,33.99658203125
1320907,30.94482421875
1321017,31.55517578125
1321059,30.21240234375
1321263,31.55517578125
1321906,31.67724609375
1322667,30.2734375
1438744,40.46630859375
1438861,39.306640625
1438895,35.5224609375
1438923,29.052734375
1438953,32.65380859375
1438964,34.24072265625
1439006,45.59326171875
1439026,44.25048828125
1439055,33.26416015625
1439066,29.35791015625
1439105,33.203125
1439122,31.6162109375
1439246,29.78515625
1439360,33.8134765625
1439820,29.47998046875
1440685,33.38623046875
1634044,39.97802734375
1634166,45.2880859375
1634213,41.3818359375
1634235,33.87451171875
1634250,29.052734375
1634281,31.494140625
1634344,33.75244140625
1634375,30.3955078125
1634396,33.26416015625
1634407,31.3720703125
1634460,33.3251953125
1634484,34.5458984375
1634501,33.0810546875
1634562,32.958984375
1634641,30.57861328125
1634701,30.21240234375
1635019,30.82275390625
1635799,29.72412109375
1801052,33.50830078125
1801219,48.095703125
1801269,36.07177734375
1801300,40.22216796875
1801325,29.6630859375
1801355,31.982421875
1801382,36.4990234375
1801421,38.6962890625
1801448,42.41943359375
1801466,39.55078125
1801497,45.10498046875
1801519,40.283203125
1801552,40.771484375
1801572,34.24072265625
1801629,34.0576171875
1801815,29.84619140625
1801868,29.9072265625
1801947,30.94482421875
1802570,29.60205078125
1968794,35.5224609375
1969225,40.771484375
1969301,29.60205078125
1969326,35.0341796875
1969366,49.560546875
1969391,31.6162109375
1969421,51.45263671875
1969442,29.47998046875
1969471,34.0576171875
1969509,33.75244140625
1969533,37.29248046875
1969587,29.9072265625
1969604,44.43359375
1969644,33.63037109375
1970300,29.052734375
2007866,29.296875
2125314,45.71533203125
2125460,33.75244140625
2125509,50.6591796875
2125555,33.935546875
2125582,40.0390625
2125597,33.38623046875
2125631,31.8603515625
2125669,33.99658203125
2125685,32.65380859375
2125705,35.0341796875
2125729,33.447265625
2125748,42.48046875
2125782,29.9072265625
2125817,35.33935546875
2125973,30.3955078125
2126190,32.470703125
2126253,32.5927734375
2126303,30.517578125
2126765,29.35791015625
2126974,29.47998046875
2307271,47.9736328125
2307422,34.7900390625
2307446,34.60693359375
2307470,31.67724609375
2307493,32.77587890625
2307533,29.052734375
2307558,28.99169921875
2307622,39.85595703125
2307640,38.75732421875
2307656,49.8046875
2307676,48.03466796875
2307705,43.88427734375
2307760,34.423828125
2307820,36.31591796875
2308066,32.89794921875
2308205,31.18896484375
2483695,43.45703125
2483757,44.7998046875
2483783,29.23583984375
2483884,31.1279296875
2483902,33.99658203125
2483928,31.79931640625
2483950,31.8603515625
2483964,38.2080078125
2483992,51.57470703125
2484023,43.5791015625
2484043,53.466796875
2484063,33.203125
2484077,31.005859375
2484109,35.64453125
2484119,31.06689453125
2484279,34.5458984375
2484346,30.57861328125
2485383,29.72412109375
2485936,30.6396484375
2652698,44.7998046875
2652793,53.1005859375
2652838,39.36767578125
2652868,29.6630859375
2652906,41.6259765625
2652946,29.35791015625
2652988,42.236328125
2652999,46.69189453125
2653028,47.05810546875
2653067,39.0625
2653094,37.90283203125
2653105,45.59326171875
2653187,29.9072265625
2653334,30.70068359375
2653378,29.23583984375
2653473,32.5927734375
2654223,32.28759765625
2654680,33.14208984375
2821276,42.3583984375
2821376,52.79541015625
2821390,52.18505859375
2821450,38.87939453125
2821514,37.78076171875
2821544,34.1796875
2821569,32.71484375
2821582,42.05322265625
2821617,31.31103515625
2821633,35.400390625
2821653,36.62109375
2821676,35.46142578125
2821694,53.52783203125
2821718,39.24560546875
2821739,29.35791015625
2821788,31.25
2821934,31.005859375
2821977,33.5693359375
2822071,30.517578125
2823350,29.11376953125
2823619,30.517578125
3001957,40.52734375
3002041,31.92138671875
3002054,33.63037109375
3002074,30.57861328125
3002105,29.296875
3002131,28.99169921875
3002171,34.85107421875
3002184,36.92626953125
3002222,41.015625
3002270,31.79931640625
3002292,43.45703125
3002308,38.9404296875
3002327,33.69140625
3002348,38.75732421875
3002360,43.212890625
3002386,29.052734375
3002411,32.04345703125
3002458,33.5693359375
3002731,32.89794921875
3002769,33.02001953125
3003775,33.87451171875
3004455,30.2734375
3173350,40.52734375
3173455,40.71044921875
3173467,31.1279296875
3173484,34.5458984375
3173503,37.4755859375
3173530,34.0576171875
3173576,41.68701171875
3173589,29.6630859375
3173620,30.09033203125
3173638,31.25
3173664,41.50390625
3173690,54.99267578125
3173717,52.55126953125
3173745,39.73388671875
3173791,30.1513671875
3173857,31.8603515625
3174737,29.72412109375
3175135,29.1748046875
3175533,29.72412109375
3297883,37.59765625
3297955,29.23583984375
3297980,38.39111328125
3298023,53.7109375
3298047,31.73828125
3298074,49.13330078125
3298092,31.494140625
3298120,29.96826171875
3298134,49.86572265625
3298157,30.94482421875
3298179,33.69140625
3298192,31.67724609375
3298222,36.43798828125
3298266,32.71484375
3298296,29.23583984375
3298311,29.4189453125
3298572,29.72412109375
3298605,30.45654296875
3298644,30.517578125
3298661,29.72412109375
3468799,33.87451171875
3468911,41.56494140625
3468970,34.0576171875
3468982,44.189453125
3469031,29.23583984375
3469045,29.052734375
3469077,32.65380859375
3469098,38.330078125
3469138,48.52294921875
3469157,39.00146484375
3469171,33.02001953125
3469186,29.6630859375
3469198,47.05810546875
3469220,44.98291015625
3469241,42.90771484375
3469262,29.23583984375
3469292,34.912109375
3469360,29.35791015625
3469522,32.28759765625
3469674,32.958984375
3470455,29.052734375
3470858,30.1513671875
3471150,31.005859375
3618012,41.259765625
3618266,57.9833984375
3618316,35.33935546875
3618356,34.24072265625
3618378,36.43798828125
3618403,42.54150390625
3618416,47.30224609375
3618449,33.63037109375
3618475,34.11865234375
3618493,41.32080078125
3618513,70.556640625
3618523,49.74365234375
3618551,46.38671875
3618574,36.865234375
3618608,36.19384765625
3618678,30.09033203125
3618707,33.203125
3618741,35.7666015625
3619088,29.78515625
3619180,34.3017578125
3619666,29.11376953125
3620377,29.78515625
3786936,44.3115234375
3787010,37.59765625
3787059,46.7529296875
3787102,30.2734375
3787145,37.2314453125
3787164,44.7998046875
3787195,30.57861328125
3787222,34.85107421875
3787235,28.99169921875
3787258,39.55078125
3787279,45.71533203125
3787308,39.24560546875
3787330,29.60205078125
3787351,30.517578125
3787408,33.447265625
3787438,29.60205078125
3787543,29.23583984375
3787704,29.296875
3787800,33.99658203125
3788287,29.35791015625
3866924,39.36767578125
3866940,33.50830078125
3866987,35.46142578125
3867013,31.494140625
3867032,33.203125
3867060,43.8232421875
3867079,32.958984375
3867090,31.18896484375
3867136,37.04833984375
3867165,39.12353515625
3867195,41.80908203125
3867220,42.66357421875
3867237,35.33935546875
3867271,41.32080078125
3867282,29.78515625
3867327,34.97314453125
3867341,31.982421875
3867391,29.47998046875
3867445,30.3955078125
3867880,31.982421875
3868306,30.09033203125
3868864,31.06689453125
4059955,32.40966796875
4060062,37.04833984375
4060111,40.1611328125
4060131,37.353515625
4060181,35.64453125
4060222,28.99169921875
4060253,31.43310546875
4060265,32.1044921875
4060285,33.5693359375
4060295,43.64013671875
4060316,36.1328125
4060346,34.66796875
4060366,29.23583984375
4060383,31.3720703125
4060561,30.82275390625
4060767,30.33447265625
4061532,41.32080078125
4224548,35.82763671875
4224670,32.1044921875
4224725,36.4990234375
4224765,32.5927734375
4224814,30.3955078125
4224843,44.0673828125
4224878,28.99169921875
4224896,45.83740234375
4224913,52.6123046875
4224931,39.1845703125
4224954,33.02001953125
4224979,44.189453125
4224995,38.02490234375
4225013,41.44287109375
4225039,31.73828125
4225098,29.72412109375
4225151,29.4189453125
4225641,30.70068359375
4226080,31.982421875
4294415,37.04833984375
4294562,48.03466796875
4294618,44.677734375
4294663,40.6494140625
4294718,32.53173828125
4294770,34.3017578125
4294794,35.09521484375
4294808,33.63037109375
4294830,48.15673828125
4294858,36.0107421875
4294879,31.73828125
4294909,31.43310546875
4294924,33.87451171875
4294980,41.748046875
4294996,45.47119140625
4295023,33.38623046875
4295044,31.92138671875
4295095,33.447265625
4296070,36.62109375
4488568,34.36279296875
4488670,42.724609375
4488718,30.09033203125
4488736,30.33447265625
4488758,33.0810546875
4488797,45.41015625
4488849,29.35791015625
4488866,43.02978515625
4488890,31.982421875
4488902,46.7529296875
4488931,49.01123046875
4488954,48.7060546875
4488978,35.70556640625
4488998,31.67724609375
4489017,33.63037109375
4489400,30.517578125
4489526,31.06689453125
4489780,33.8134765625
4489933,30.70068359375
4490521,29.35791015625
4643032,39.00146484375
4643097,35.5224609375
4643149,33.87451171875
4643161,35.09521484375
4643289,32.89794921875
4643321,38.51318359375
4643353,46.08154296875
4643374,44.25048828125
4643387,36.56005859375
4643402,33.14208984375
4643453,42.66357421875
4643476,33.8134765625
4643522,38.6962890625
4644463,30.3955078125
4644598,29.6630859375
