4798001,0
2393,28.13720703125
2412,46.9970703125
2429,38.2080078125
2445,28.25927734375
2468,29.84619140625
2493,28.1982421875
2514,39.36767578125
2528,34.24072265625
3663,33.26416015625
104137,28.62548828125
104165,41.44287109375
104175,33.447265625
104198,40.10009765625
104236,43.5791015625
104274,29.11376953125
104321,28.4423828125
104373,26.91650390625
105457,28.99169921875
192295,27.9541015625
192316,27.4658203125
192346,53.955078125
192361,29.60205078125
192386,33.935546875
192423,26.9775390625
192435,32.16552734375
192534,27.587890625
193707,36.0107421875
242829,27.587890625
242842,33.8134765625
242874,36.07177734375
242907,42.236328125
242920,28.9306640625
312584,38.4521484375
312609,39.61181640625
312658,29.78515625
312694,31.31103515625
410208,29.47998046875
410225,32.53173828125
410255,38.4521484375
410275,31.8603515625
410288,32.8369140625
410320,28.62548828125
464619,27.7099609375
464643,26.611328125
464668,37.90283203125
464678,43.39599609375
464748,32.53173828125
560668,34.48486328125
560682,27.7099609375
560698,46.38671875
560720,43.88427734375
560772,30.6396484375
560826,27.2216796875
561935,33.99658203125
636919,34.72900390625
636946,33.26416015625
636960,37.78076171875
636995,30.3955078125
637019,36.68212890625
637144,27.40478515625
638213,27.83203125
747971,26.85546875
748008,29.47998046875
748042,58.9599609375
748072,31.3720703125
748086,32.89794921875
748260,28.74755859375
748488,27.03857421875
749128,34.72900390625
798781,39.306640625
798800,29.4189453125
798812,32.40966796875
798827,31.55517578125
798884,31.1279296875
798981,26.85546875
800064,33.3251953125
1017690,29.84619140625
1017708,29.72412109375
1017719,35.15625
1017744,33.935546875
1017786,26.55029296875
1017803,33.0810546875
1043094,29.78515625
1043108,41.50390625
1043142,51.7578125
1043160,38.39111328125
1043179,48.76708984375
1043231,30.70068359375
1043250,27.77099609375
1044280,27.64892578125
1044608,35.888671875
1148760,32.16552734375
1148775,47.2412109375
1148805,62.3779296875
1148825,31.06689453125
1148843,29.78515625
1148871,28.01513671875
1148892,28.1982421875
1220666,28.076171875
1220681,37.17041015625
1220713,26.9775390625
1220807,31.43310546875
1221892,28.80859375
1304224,35.21728515625
1304243,59.38720703125
1304257,28.50341796875
1304279,28.25927734375
1304312,27.83203125
1304332,29.4189453125
1305430,27.03857421875
1393495,28.80859375
1393512,26.67236328125
1393528,64.3310546875
1393557,40.83251953125
1393585,37.90283203125
1393618,26.55029296875
1393650,27.52685546875
1393676,28.80859375
1394663,33.447265625
1545023,26.91650390625
1545051,60.05859375
1545083,35.21728515625
1545105,33.26416015625
1545138,26.55029296875
1546264,36.56005859375
1593961,29.296875
1594054,46.44775390625
1594085,51.94091796875
1594103,33.5693359375
1594141,27.89306640625
1594168,36.31591796875
1594224,30.517578125
1594307,29.47998046875
1594955,28.38134765625
1595272,37.04833984375
1632157,30.76171875
1632180,34.7900390625
1632203,29.78515625
1632220,26.67236328125
1632233,27.64892578125
1632291,29.4189453125
1632342,27.03857421875
1633321,42.17529296875
1633499,39.48974609375
1745615,34.60693359375
1745633,34.72900390625
1745664,54.99267578125
1745676,43.88427734375
1745690,28.076171875
1745719,34.36279296875
1745740,34.3017578125
1745752,27.64892578125
1746937,27.64892578125
1747093,26.611328125
1812358,27.9541015625
1812428,33.14208984375
1812458,61.70654296875
1812470,35.0341796875
1812500,28.6865234375
1812531,26.55029296875
1812545,27.28271484375
1813571,34.85107421875
1813779,30.6396484375
1851651,37.59765625
1851679,41.07666015625
1851705,38.4521484375
1851733,37.41455078125
1851773,30.2734375
1851810,27.83203125
1852612,30.45654296875
1852893,31.982421875
1904389,28.99169921875
1904423,34.3017578125
1904435,40.71044921875
1904460,30.21240234375
1904514,26.79443359375
1905459,31.06689453125
1905700,27.2216796875
2038671,52.3681640625
2038698,37.17041015625
2038708,31.55517578125
2038735,38.14697265625
2038748,41.93115234375
2038762,28.01513671875
2038790,29.296875
2039911,28.076171875
2039937,27.587890625
2074261,33.02001953125
2074290,41.80908203125
2074301,33.26416015625
2074335,28.25927734375
2074348,31.005859375
2074421,29.47998046875
2075635,30.76171875
2219055,32.5927734375
2219073,61.46240234375
2219101,57.55615234375
2219124,35.70556640625
2219142,31.18896484375
2219167,27.77099609375
2220333,26.611328125
2268019,26.67236328125
2268034,48.095703125
2268066,42.48046875
2268086,32.71484375
2268120,28.50341796875
2268152,28.4423828125
2268928,29.6630859375
2269356,28.86962890625
2390265,27.64892578125
2390281,56.57958984375
2390310,49.62158203125
2390359,38.75732421875
2390445,27.64892578125
2391545,29.541015625
2460699,32.958984375
2460730,59.4482421875
2460742,39.73388671875
2460763,30.45654296875
2460788,33.50830078125
2460845,29.72412109375
2461974,27.83203125
2462072,28.564453125
2530086,30.94482421875
2530102,46.69189453125
2530129,35.82763671875
2530160,41.8701171875
2530191,30.57861328125
2530202,26.9775390625
2530247,26.67236328125
2531299,29.11376953125
2531531,32.71484375
2607933,29.60205078125
2607958,51.513671875
2607985,31.06689453125
2608002,31.1279296875
2608025,32.77587890625
2608054,36.68212890625
2608942,28.6865234375
2609252,30.6396484375
2609497,29.96826171875
2633796,26.7333984375
2633821,31.982421875
2633834,78.61328125
2633863,39.61181640625
2633874,33.447265625
2633884,29.96826171875
2633929,26.55029296875
2633939,35.46142578125
2633979,28.25927734375
2634993,32.1044921875
2766190,45.10498046875
2766218,56.82373046875
2766231,41.6259765625
2766506,27.4658203125
2767526,27.83203125
2908839,46.2646484375
2908870,57.9833984375
2908898,31.79931640625
2909022,27.40478515625
2910098,27.77099609375
2910283,30.2734375
2948306,34.1796875
2948326,32.5927734375
2948358,63.232421875
2948393,27.52685546875
2948421,28.62548828125
2949374,29.296875
2949608,37.29248046875
3018859,30.8837890625
3018878,27.16064453125
3018888,27.16064453125
3018908,48.03466796875
3018927,28.86962890625
3018947,29.35791015625
3018991,28.25927734375
3019017,29.6630859375
3019084,27.64892578125
3020034,28.9306640625
3129469,56.09130859375
3129487,64.88037109375
3129522,31.43310546875
3129550,27.34375
3129581,39.00146484375
3130475,31.982421875
3130645,29.96826171875
3234384,27.89306640625
3234412,32.89794921875
3234429,59.4482421875
3234457,42.96875
3234472,32.65380859375
3234508,36.19384765625
3234528,30.33447265625
3234558,29.4189453125
3235576,30.029296875
3235786,41.748046875
3279084,29.052734375
3279117,58.41064453125
3279141,28.6865234375
3279176,41.19873046875
3279221,32.1044921875
3279235,27.77099609375
3426974,31.982421875
3426987,26.4892578125
3427015,54.0771484375
3427040,37.29248046875
3427053,37.2314453125
3428179,27.83203125
3514905,35.46142578125
3514936,62.19482421875
3514964,34.36279296875
3515001,28.01513671875
3515026,26.611328125
3516189,35.7666015625
3601785,32.1044921875
3601821,50.23193359375
3601849,35.15625
3601879,33.8134765625
3603141,38.9404296875
3691047,38.26904296875
3691077,46.81396484375
3691091,43.15185546875
3691151,26.79443359375
3691296,28.4423828125
3692266,36.07177734375
3772138,28.01513671875
3772169,41.93115234375
3772197,36.92626953125
3772230,45.22705078125
3772277,28.86962890625
3772329,26.55029296875
3873582,28.564453125
3873616,47.8515625
3873626,67.44384765625
3873670,27.03857421875
3873697,34.36279296875
3873739,30.33447265625
3946733,30.45654296875
3946752,41.9921875
3946781,37.04833984375
3946810,35.33935546875
3946855,28.99169921875
3947787,31.31103515625
4001860,36.4990234375
4001884,47.4853515625
4001896,28.80859375
4001913,27.4658203125
4001934,30.517578125
4001994,34.3017578125
4002081,27.28271484375
4003042,26.67236328125
4053093,27.4658203125
4053113,32.89794921875
4053128,43.64013671875
4053148,27.099609375
4053160,39.6728515625
4053190,33.5693359375
4053200,36.4990234375
4109345,42.90771484375
4109375,52.42919921875
4109394,41.8701171875
4109423,31.6162109375
4109466,27.2216796875
4110745,33.38623046875
4196245,31.18896484375
4196268,50.10986328125
4196300,31.18896484375
4196321,28.3203125
4196350,26.85546875
4197504,27.587890625
4259487,30.2734375
4259511,39.306640625
4259522,32.8369140625
4259544,45.5322265625
4259557,37.109375
4259586,41.80908203125
4259607,28.38134765625
4260709,34.24072265625
4420157,32.65380859375
4420169,46.08154296875
4420204,37.109375
4420228,47.79052734375
4420240,35.21728515625
4420275,26.4892578125
4420300,31.494140625
4421280,32.28759765625
4552543,44.49462890625
4552562,26.4892578125
4552576,29.60205078125
4552605,35.58349609375
4552616,30.45654296875
4552641,29.96826171875
4552651,27.83203125
4715575,42.96875
4715589,57.4951171875
4715620,53.28369140625
4715630,56.33544921875
4715668,31.43310546875
4715729,27.7099609375
4715756,27.64892578125
4716825,33.75244140625
4794096,40.52734375
4794121,47.66845703125
4794154,41.015625
4794196,26.85546875
4795022,26.85546875
4795217,31.67724609375
