4798001,0
2335,32.5927734375
2368,33.935546875
2383,29.96826171875
2393,76.171875
2419,69.39697265625
2437,69.51904296875
2471,70.61767578125
2483,27.83203125
2515,72.265625
2535,38.26904296875
2559,38.330078125
2569,34.97314453125
2588,51.025390625
2623,27.52685546875
2634,34.5458984375
2675,34.60693359375
2814,27.34375
2953,27.34375
3187,27.7099609375
3273,28.564453125
3345,27.83203125
3363,32.53173828125
3441,34.66796875
3522,29.23583984375
3628,34.11865234375
3735,44.12841796875
3771,32.53173828125
3862,44.921875
104083,31.06689453125
104133,28.4423828125
104154,44.7998046875
104190,84.47265625
104202,72.32666015625
104230,63.1103515625
104264,98.57177734375
104278,39.61181640625
104294,40.52734375
104322,32.53173828125
104341,53.1005859375
104356,33.447265625
104373,54.8095703125
104388,27.34375
104422,35.09521484375
104434,33.3251953125
104455,30.3955078125
104555,27.587890625
104714,34.423828125
104898,27.40478515625
105025,30.70068359375
105216,47.8515625
105289,31.1279296875
105306,37.9638671875
105410,43.5791015625
105528,36.9873046875
105687,47.8515625
192274,33.50830078125
192300,83.19091796875
192329,68.603515625
192342,35.15625
192376,55.35888671875
192394,65.24658203125
192413,48.095703125
192435,28.076171875
192445,50.84228515625
192467,29.47998046875
192479,38.2080078125
192529,38.14697265625
192555,29.96826171875
192589,28.564453125
192667,39.1845703125
192893,30.029296875
193125,28.80859375
193136,30.09033203125
193384,28.3203125
193466,30.3955078125
193616,32.28759765625
193646,31.6162109375
193751,28.74755859375
193948,52.30712890625
242805,38.75732421875
242826,43.27392578125
242844,33.203125
242864,51.69677734375
242875,71.22802734375
242912,74.5849609375
242932,52.3681640625
242943,53.03955078125
242966,44.3115234375
242987,51.81884765625
243019,33.447265625
243034,41.259765625
243062,38.9404296875
243072,36.4990234375
243106,29.11376953125
243141,38.39111328125
243162,28.9306640625
243193,31.43310546875
243264,32.53173828125
243598,27.7099609375
243649,32.53173828125
243703,28.74755859375
243730,28.50341796875
243819,38.9404296875
243896,41.32080078125
243934,27.64892578125
243984,35.400390625
244070,40.34423828125
244167,32.77587890625
244294,47.05810546875
244544,44.12841796875
312496,36.80419921875
312521,35.09521484375
312551,43.8232421875
312583,64.63623046875
312594,74.64599609375
312611,32.04345703125
312631,64.453125
312648,49.01123046875
312677,96.8017578125
312699,28.564453125
312710,46.2646484375
312744,31.3720703125
312769,27.28271484375
312785,38.87939453125
312816,36.07177734375
312836,32.470703125
312934,30.76171875
313053,32.8369140625
313236,27.83203125
313401,27.587890625
313644,42.05322265625
313674,28.6865234375
313736,36.19384765625
313829,30.09033203125
313927,37.04833984375
314044,33.0810546875
314299,54.8095703125
410202,32.958984375
410217,53.03955078125
410228,127.38037109375
410250,66.46728515625
410264,52.1240234375
410289,72.265625
410311,53.7109375
410325,37.53662109375
410351,34.60693359375
410369,35.888671875
410390,60.36376953125
410417,32.71484375
410430,29.84619140625
410452,30.82275390625
410490,30.57861328125
410509,30.76171875
410541,31.3720703125
410581,31.18896484375
410605,29.11376953125
410704,27.89306640625
410831,28.99169921875
410944,27.9541015625
411093,29.47998046875
411167,29.47998046875
411295,33.75244140625
411337,29.4189453125
411420,27.40478515625
411642,43.5791015625
411806,47.4853515625
464611,36.2548828125
464628,34.423828125
464657,98.7548828125
464668,31.92138671875
464700,107.23876953125
464723,57.0068359375
464737,60.11962890625
464761,33.02001953125
464790,64.51416015625
464807,28.6865234375
464820,47.05810546875
464846,34.66796875
464867,29.96826171875
464892,37.53662109375
464904,30.94482421875
464962,28.74755859375
464977,30.8837890625
464998,28.1982421875
465027,27.7099609375
465066,27.28271484375
465234,29.4189453125
465466,29.052734375
465542,35.09521484375
465715,30.09033203125
465798,38.14697265625
465894,35.2783203125
466003,41.748046875
466108,39.794921875
466334,43.8232421875
560630,28.50341796875
560641,40.10009765625
560667,30.2734375
560690,72.8759765625
560711,60.05859375
560728,79.89501953125
560743,47.119140625
560769,88.92822265625
560789,39.6728515625
560809,32.77587890625
560845,50.1708984375
560859,38.63525390625
560896,42.17529296875
560908,37.2314453125
560958,28.74755859375
560970,30.33447265625
560987,31.982421875
561051,33.26416015625
561252,29.72412109375
561354,27.34375
561478,27.28271484375
561784,29.84619140625
561871,39.36767578125
561882,28.6865234375
561958,32.5927734375
562060,52.3681640625
562189,42.29736328125
562436,46.20361328125
636810,30.33447265625
636898,35.400390625
636913,34.0576171875
636933,114.44091796875
636950,29.541015625
636963,63.17138671875
636996,51.26953125
637018,69.4580078125
637037,49.74365234375
637059,67.626953125
637070,42.54150390625
637087,41.259765625
637122,51.6357421875
637135,30.8837890625
637150,29.11376953125
637174,41.259765625
637192,28.1982421875
637292,27.52685546875
637358,31.1279296875
637709,27.77099609375
637862,27.587890625
637909,35.70556640625
637940,33.0810546875
637966,30.1513671875
638023,38.0859375
638107,38.14697265625
638200,30.2734375
638235,31.1279296875
638306,34.1796875
638430,47.54638671875
747980,28.50341796875
748025,74.89013671875
748040,74.40185546875
748067,88.31787109375
748077,46.93603515625
748104,67.0166015625
748116,33.0810546875
748145,73.42529296875
748165,32.40966796875
748180,41.1376953125
748202,28.564453125
748231,41.9921875
748246,33.99658203125
748274,30.21240234375
748298,33.87451171875
748312,28.4423828125
748576,36.31591796875
748729,28.62548828125
748809,28.99169921875
748925,29.35791015625
749126,32.470703125
749211,30.57861328125
749243,27.64892578125
749297,28.9306640625
749391,33.935546875
749512,38.818359375
749726,54.26025390625
761809,27.7099609375
798718,34.423828125
798745,28.076171875
798773,27.77099609375
798783,31.55517578125
798811,100.15869140625
798841,74.8291015625
798856,71.8994140625
798874,73.54736328125
798884,61.03515625
798906,51.33056640625
798920,40.95458984375
798937,38.87939453125
798959,66.71142578125
798977,36.80419921875
798995,29.78515625
799033,35.5224609375
799052,27.4658203125
799093,27.28271484375
799296,28.50341796875
799533,29.11376953125
799730,36.7431640625
799770,27.64892578125
799897,31.73828125
799982,29.6630859375
800000,27.7099609375
800071,29.72412109375
800100,31.73828125
800163,40.4052734375
800288,42.3583984375
1017546,28.38134765625
1017667,27.587890625
1017695,56.884765625
1017708,84.9609375
1017719,67.87109375
1017736,69.51904296875
1017747,77.94189453125
1017777,34.85107421875
1017790,41.44287109375
1017816,65.24658203125
1017830,38.02490234375
1017848,44.7998046875
1017878,39.0625
1017906,36.865234375
1017917,36.62109375
1017950,32.470703125
1017968,36.56005859375
1017984,31.31103515625
1018293,27.89306640625
1018410,32.958984375
1018443,29.11376953125
1018553,34.60693359375
1018588,37.78076171875
1018639,29.78515625
1018661,34.24072265625
1018761,30.8837890625
1018844,36.92626953125
1018928,30.82275390625
1019023,30.45654296875
1019129,51.57470703125
1019232,33.63037109375
1019383,45.59326171875
1019427,31.8603515625
1032079,28.50341796875
1043041,36.19384765625
1043075,40.52734375
1043104,74.76806640625
1043130,71.10595703125
1043148,61.58447265625
1043158,53.7109375
1043176,44.0673828125
1043194,53.40576171875
1043223,61.5234375
1043257,52.490234375
1043283,32.77587890625
1043347,30.94482421875
1043374,38.75732421875
1043441,27.7099609375
1043497,29.296875
1043640,30.94482421875
1043668,29.541015625
1043744,28.13720703125
1043833,30.029296875
1043857,28.50341796875
1043895,30.21240234375
1043908,29.541015625
1043921,30.3955078125
1043977,32.1044921875
1044058,43.701171875
1044140,31.06689453125
1044225,31.79931640625
1044260,28.6865234375
1044310,35.70556640625
1044343,28.38134765625
1044393,30.6396484375
1044492,29.23583984375
1044606,34.48486328125
1044816,53.64990234375
1058941,28.38134765625
1148640,29.541015625
1148744,34.85107421875
1148756,38.51318359375
1148787,109.43603515625
1148800,53.1005859375
1148816,82.3974609375
1148842,66.10107421875
1148867,76.72119140625
1148884,40.95458984375
1148900,49.98779296875
1148911,57.373046875
1148931,44.49462890625
1148949,30.09033203125
1148968,34.3017578125
1148991,45.5322265625
1149002,40.1611328125
1149076,31.494140625
1149125,28.3203125
1149227,32.8369140625
1149282,27.7099609375
1149387,27.4658203125
1149711,30.1513671875
1149796,28.86962890625
1149827,28.01513671875
1149861,28.13720703125
1149891,28.38134765625
1150025,31.73828125
1150045,31.494140625
1150095,35.94970703125
1150113,31.25
1150197,33.203125
1150427,42.05322265625
1168467,29.72412109375
1175842,28.50341796875
1220664,31.494140625
1220693,64.5751953125
1220707,40.1611328125
1220717,71.35009765625
1220740,76.59912109375
1220755,41.19873046875
1220777,93.44482421875
1220789,50.10986328125
1220808,32.53173828125
1220825,43.39599609375
1220852,47.36328125
1220863,29.052734375
1220886,31.25
1220908,29.60205078125
1220925,36.1328125
1220950,31.92138671875
1221000,28.564453125
1221050,27.89306640625
1221148,28.50341796875
1221339,28.62548828125
1221507,37.90283203125
1221602,30.3955078125
1221779,28.62548828125
1221864,29.84619140625
1221914,41.44287109375
1221925,38.87939453125
1221999,30.33447265625
1222016,29.4189453125
1222100,50.78125
1222210,35.0341796875
1222375,51.26953125
1304189,31.494140625
1304203,34.24072265625
1304240,70.86181640625
1304260,57.43408203125
1304283,87.40234375
1304295,33.69140625
1304313,56.70166015625
1304324,38.87939453125
1304341,55.908203125
1304364,55.17578125
1304389,37.7197265625
1304407,31.06689453125
1304421,42.8466796875
1304455,39.61181640625
1304485,30.76171875
1304499,30.70068359375
1304536,27.587890625
1304569,27.83203125
1304633,29.541015625
1304684,28.38134765625
1304769,29.78515625
1305091,27.52685546875
1305173,30.76171875
1305205,33.63037109375
1305333,44.00634765625
1305421,53.40576171875
1305497,32.2265625
1305510,39.1845703125
1305594,36.2548828125
1305676,27.7099609375
1305697,42.236328125
1305816,39.48974609375
1319507,28.86962890625
1393301,28.4423828125
1393444,28.1982421875
1393474,38.26904296875
1393487,40.1611328125
1393519,71.77734375
1393532,42.78564453125
1393548,67.19970703125
1393581,83.19091796875
1393592,50.96435546875
1393617,60.48583984375
1393627,47.119140625
1393659,32.1044921875
1393675,49.6826171875
1393694,29.9072265625
1393712,32.16552734375
1393728,29.72412109375
1393748,46.38671875
1393824,31.1279296875
1393902,27.83203125
1393923,30.57861328125
1393963,31.73828125
1394188,28.38134765625
1394330,28.564453125
1394384,38.9404296875
1394426,28.99169921875
1394445,32.2265625
1394506,38.818359375
1394538,33.75244140625
1394597,27.587890625
1394619,27.89306640625
1394684,29.4189453125
1394744,41.32080078125
1394782,35.888671875
1394827,27.4658203125
1394866,27.587890625
1394971,28.74755859375
1395035,27.587890625
1395092,42.05322265625
1408270,27.52685546875
1544996,29.72412109375
1545020,38.02490234375
1545040,81.35986328125
1545060,86.7919921875
1545077,65.3076171875
1545106,45.2880859375
1545118,48.40087890625
1545146,66.0400390625
1545156,40.0390625
1545176,35.888671875
1545201,43.27392578125
1545215,37.353515625
1545244,39.36767578125
1545267,29.052734375
1545369,29.72412109375
1545431,42.6025390625
1545811,27.34375
1545961,32.77587890625
1546022,29.35791015625
1546104,29.6630859375
1546116,27.4658203125
1546181,30.029296875
1546215,32.65380859375
1546265,46.630859375
1546352,39.6728515625
1546438,28.25927734375
1546547,36.62109375
1546678,41.9921875
1575168,28.4423828125
1575844,27.89306640625
1593884,27.89306640625
1594026,32.958984375
1594047,40.95458984375
1594074,93.3837890625
1594095,57.7392578125
1594116,89.78271484375
1594135,34.66796875
1594155,54.50439453125
1594167,36.92626953125
1594187,66.46728515625
1594206,28.1982421875
1594219,67.7490234375
1594239,43.3349609375
1594264,35.82763671875
1594281,28.74755859375
1594303,27.34375
1594330,43.02978515625
1594363,31.43310546875
1594384,30.94482421875
1594662,27.587890625
1594751,27.28271484375
1594826,27.9541015625
1594898,29.052734375
1594993,29.4189453125
1595056,40.6494140625
1595132,37.65869140625
1595196,27.89306640625
1595216,29.47998046875
1595235,27.64892578125
1595294,28.6865234375
1595377,37.04833984375
1595474,48.828125
1595577,42.54150390625
1595596,29.6630859375
1595710,41.015625
1632137,38.63525390625
1632159,41.68701171875
1632175,28.86962890625
1632187,87.58544921875
1632229,122.25341796875
1632240,36.43798828125
1632257,81.48193359375
1632285,43.45703125
1632300,31.25
1632315,51.025390625
1632335,38.63525390625
1632354,41.748046875
1632367,37.65869140625
1632386,32.958984375
1632427,54.99267578125
1632469,28.9306640625
1632542,28.86962890625
1632586,33.50830078125
1632612,30.09033203125
1632946,33.02001953125
1633026,27.9541015625
1633065,31.3720703125
1633101,31.8603515625
1633155,32.28759765625
1633177,30.70068359375
1633248,27.7099609375
1633286,30.21240234375
1633312,29.84619140625
1633330,30.82275390625
1633418,30.94482421875
1633445,30.2734375
1633509,34.7900390625
1633602,28.38134765625
1633675,27.89306640625
1633716,28.74755859375
1745603,38.57421875
1745633,96.37451171875
1745653,69.7021484375
1745669,68.115234375
1745700,49.37744140625
1745720,48.9501953125
1745736,51.57470703125
1745752,39.306640625
1745768,46.44775390625
1745835,33.203125
1745876,34.1796875
1745938,28.3203125
1745968,33.0810546875
1746012,29.052734375
1746236,30.6396484375
1746246,28.4423828125
1746463,29.296875
1746524,31.8603515625
1746582,27.28271484375
1746599,31.43310546875
1746661,28.13720703125
1746722,29.296875
1746745,31.67724609375
1746827,30.94482421875
1746910,30.33447265625
1746951,30.33447265625
1746994,32.28759765625
1747091,34.72900390625
1747202,44.49462890625
1747364,49.072265625
1781890,27.9541015625
1812251,31.3720703125
1812378,31.982421875
1812405,29.72412109375
1812423,46.630859375
1812446,32.04345703125
1812456,100.03662109375
1812473,58.4716796875
1812495,56.21337890625
1812523,63.232421875
1812535,28.9306640625
1812546,36.68212890625
1812560,77.7587890625
1812579,27.89306640625
1812596,35.94970703125
1812619,28.13720703125
1812638,35.15625
1812659,29.6630859375
1812671,34.5458984375
1812708,28.86962890625
1812771,29.96826171875
1812869,42.1142578125
1813130,27.52685546875
1813189,28.99169921875
1813201,36.2548828125
1813274,31.79931640625
1813326,29.35791015625
1813424,32.89794921875
1813442,27.28271484375
1813508,35.0341796875
1813587,28.1982421875
1813676,29.6630859375
1813756,30.029296875
1813778,34.24072265625
1813848,28.80859375
1813876,32.958984375
1813952,38.63525390625
1814083,38.51318359375
1851592,28.99169921875
1851644,27.40478515625
1851670,35.888671875
1851691,71.96044921875
1851707,82.51953125
1851731,51.1474609375
1851752,47.42431640625
1851764,69.091796875
1851788,43.0908203125
1851801,60.6689453125
1851827,48.76708984375
1851841,40.22216796875
1851873,37.41455078125
1851912,33.02001953125
1851925,29.78515625
1851951,29.1748046875
1851961,31.31103515625
1852047,27.77099609375
1852235,28.74755859375
1852411,29.47998046875
1852434,32.28759765625
1852507,29.4189453125
1852591,31.73828125
1852643,27.77099609375
1852672,28.25927734375
1852705,28.25927734375
1852757,32.958984375
1852836,28.13720703125
1852884,28.86962890625
1852921,45.71533203125
1853020,35.400390625
1853114,29.9072265625
1853272,43.39599609375
1904368,30.21240234375
1904413,38.2080078125
1904427,66.89453125
1904457,90.39306640625
1904467,83.06884765625
1904491,55.96923828125
1904522,66.10107421875
1904546,86.73095703125
1904578,60.36376953125
1904604,36.4990234375
1904618,49.74365234375
1904647,35.58349609375
1904657,32.1044921875
1904679,28.1982421875
1904699,33.99658203125
1904721,28.13720703125
1904745,28.1982421875
1904846,27.64892578125
1904898,30.76171875
1904973,28.50341796875
1905011,27.587890625
1905084,28.50341796875
1905095,27.34375
1905193,29.78515625
1905207,30.21240234375
1905221,32.8369140625
1905265,30.70068359375
1905297,35.0341796875
1905378,28.564453125
1905454,34.48486328125
1905509,32.470703125
1905535,38.0859375
1905617,35.5224609375
1905675,28.99169921875
1905700,32.53173828125
1905752,27.9541015625
1905786,30.45654296875
1905834,28.50341796875
1905891,37.841796875
1906054,42.29736328125
2038634,48.9501953125
2038694,90.14892578125
2038705,45.95947265625
2038734,90.33203125
2038767,61.767578125
2038788,51.20849609375
2038811,58.2275390625
2038833,41.56494140625
2038846,33.63037109375
2038885,49.13330078125
2038903,34.85107421875
2038923,33.935546875
2038939,29.96826171875
2038957,29.23583984375
2039027,27.7099609375
2039108,29.23583984375
2039434,29.72412109375
2039571,30.33447265625
2039643,29.47998046875
2039716,30.76171875
2039793,28.1982421875
2039884,37.7197265625
2039968,31.55517578125
2040062,41.07666015625
2040160,57.06787109375
2040231,30.517578125
2040295,42.96875
2060428,27.28271484375
2074151,29.541015625
2074210,31.982421875
2074226,35.15625
2074252,30.3955078125
2074275,34.24072265625
2074288,126.0986328125
2074307,49.86572265625
2074325,81.54296875
2074352,67.81005859375
2074375,60.85205078125
2074388,30.57861328125
2074417,74.27978515625
2074431,40.71044921875
2074455,45.41015625
2074481,32.1044921875
2074491,55.5419921875
2074540,51.513671875
2074665,27.28271484375
2074778,29.1748046875
2074841,29.11376953125
2074975,32.89794921875
2075052,37.78076171875
2075120,27.34375
2075195,32.2265625
2075268,28.38134765625
2075279,36.4990234375
2075364,33.8134765625
2075442,39.00146484375
2075520,29.4189453125
2075542,35.94970703125
2075599,27.28271484375
2075638,39.24560546875
2075738,31.3720703125
2075756,29.296875
2075869,36.31591796875
2219009,29.96826171875
2219027,36.92626953125
2219050,39.306640625
2219064,79.16259765625
2219082,61.279296875
2219105,72.75390625
2219136,49.8046875
2219154,37.41455078125
2219171,63.78173828125
2219194,39.55078125
2219225,40.8935546875
2219242,29.72412109375
2219277,43.27392578125
2219298,43.64013671875
2219320,28.13720703125
2219347,30.09033203125
2219434,31.494140625
2219455,28.74755859375
2219549,28.99169921875
2219718,30.33447265625
2219929,33.8134765625
2220014,31.06689453125
2220060,28.13720703125
2220099,27.7099609375
2220143,27.28271484375
2220217,27.7099609375
2220294,38.818359375
2220383,44.677734375
2220480,37.353515625
2220503,27.52685546875
2220577,27.7099609375
2220713,42.78564453125
2235144,31.005859375
2268002,32.5927734375
2268024,35.46142578125
2268046,34.423828125
2268058,108.70361328125
2268084,42.236328125
2268100,82.58056640625
2268139,77.5146484375
2268158,30.3955078125
2268173,41.8701171875
2268189,42.54150390625
2268218,47.8515625
2268239,32.77587890625
2268249,44.37255859375
2268273,40.0390625
2268293,44.3115234375
2268314,27.9541015625
2268374,36.56005859375
2268421,29.60205078125
2268450,28.4423828125
2268478,30.2734375
2268490,30.3955078125
2268734,27.4658203125
2268823,29.1748046875
2268845,29.541015625
2268894,39.12353515625
2268909,32.04345703125
2268965,37.7197265625
2269124,36.2548828125
2269149,34.24072265625
2269199,36.376953125
2269254,37.29248046875
2269289,33.38623046875
2269374,33.447265625
2269465,38.4521484375
2269509,27.83203125
2269574,36.376953125
2269699,52.1240234375
2284892,32.65380859375
2390222,29.11376953125
2390249,46.44775390625
2390265,40.8935546875
2390291,94.29931640625
2390303,80.2001953125
2390324,59.4482421875
2390345,64.02587890625
2390375,69.39697265625
2390386,31.25
2390401,43.701171875
2390431,48.9501953125
2390475,31.982421875
2390510,33.935546875
2390534,28.01513671875
2390573,27.34375
2390607,33.14208984375
2390751,30.21240234375
2390794,29.296875
2390969,31.43310546875
2391019,29.60205078125
2391173,28.6865234375
2391247,36.1328125
2391272,29.47998046875
2391327,27.89306640625
2391349,34.11865234375
2391390,29.1748046875
2391494,37.90283203125
2391565,28.9306640625
2391576,32.40966796875
2391665,34.423828125
2391710,27.28271484375
2391768,41.6259765625
2391889,37.78076171875
2413930,27.89306640625
2460667,46.32568359375
2460693,29.4189453125
2460704,50.537109375
2460731,73.2421875
2460744,111.38916015625
2460771,68.4814453125
2460794,71.044921875
2460826,73.974609375
2460842,48.095703125
2460894,35.888671875
2460914,33.87451171875
2460959,31.005859375
2461034,28.4423828125
2461608,31.6162109375
2461719,34.5458984375
2461802,36.7431640625
2461837,29.96826171875
2461879,36.19384765625
2461958,28.3203125
2462070,28.80859375
2462127,32.2265625
2462230,41.44287109375
2462383,40.22216796875
2478345,27.28271484375
2530076,39.24560546875
2530100,33.02001953125
2530122,102.47802734375
2530139,58.16650390625
2530152,28.076171875
2530164,75.74462890625
2530193,45.34912109375
2530235,43.9453125
2530246,44.5556640625
2530256,51.08642578125
2530288,40.71044921875
2530309,51.08642578125
2530326,43.15185546875
2530405,27.28271484375
2530550,37.841796875
2530844,33.0810546875
2530975,29.11376953125
2531046,28.99169921875
2531119,33.935546875
2531156,32.958984375
2531193,30.57861328125
2531276,30.82275390625
2531355,33.87451171875
2531381,28.9306640625
2531452,29.60205078125
2531506,34.66796875
2531520,31.18896484375
2531552,27.587890625
2531616,33.203125
2531729,36.62109375
2531939,48.828125
2607882,30.82275390625
2607913,30.82275390625
2607941,82.70263671875
2607954,46.9970703125
2607982,60.48583984375
2608013,60.36376953125
2608025,41.3818359375
2608042,55.0537109375
2608082,65.36865234375
2608102,34.85107421875
2608118,43.212890625
2608134,28.86962890625
2608159,32.2265625
2608170,29.84619140625
2608195,29.6630859375
2608240,32.40966796875
2608311,27.587890625
2608745,29.1748046875
2608791,28.1982421875
2608864,50.84228515625
2608927,34.5458984375
2609004,30.029296875
2609065,27.4658203125
2609083,35.888671875
2609162,28.99169921875
2609250,36.68212890625
2609339,30.1513671875
2609441,35.70556640625
2609554,40.10009765625
2633767,28.6865234375
2633787,54.74853515625
2633821,50.78125
2633850,91.6748046875
2633870,74.64599609375
2633881,35.58349609375
2633901,53.64990234375
2633926,50.048828125
2633948,52.001953125
2633969,49.62158203125
2634012,31.06689453125
2634026,53.22265625
2634065,42.236328125
2634085,28.38134765625
2634110,31.43310546875
2634219,32.28759765625
2634261,28.62548828125
2634320,35.58349609375
2634338,30.82275390625
2634382,29.96826171875
2634451,32.958984375
2634525,31.8603515625
2634539,31.8603515625
2634606,41.56494140625
2634761,35.2783203125
2634842,36.865234375
2634924,37.41455078125
2634936,28.38134765625
2635009,34.11865234375
2635060,32.53173828125
2635093,30.029296875
2635180,29.541015625
2635198,29.296875
2635284,36.68212890625
2635445,44.12841796875
2766155,28.01513671875
2766167,35.33935546875
2766205,105.28564453125
2766235,96.8017578125
2766264,78.30810546875
2766290,54.5654296875
2766311,45.95947265625
2766332,70.4345703125
2766351,32.16552734375
2766363,35.82763671875
2766381,43.8232421875
2766395,28.13720703125
2766414,41.44287109375
2766427,32.5927734375
2766462,34.11865234375
2766477,34.423828125
2766511,33.14208984375
2766631,31.92138671875
2766756,29.11376953125
2766878,27.28271484375
2766994,30.45654296875
2767083,29.47998046875
2767152,32.53173828125
2767217,27.77099609375
2767230,30.70068359375
2767284,29.9072265625
2767309,48.828125
2767388,28.3203125
2767466,28.076171875
2767535,35.888671875
2767643,39.9169921875
2767755,35.58349609375
2767882,34.72900390625
2908718,28.38134765625
2908819,35.82763671875
2908840,29.1748046875
2908863,94.7265625
2908881,63.90380859375
2908897,44.00634765625
2908918,32.16552734375
2908941,72.32666015625
2908951,37.53662109375
2908972,44.98291015625
2908991,34.97314453125
2909017,49.62158203125
2909033,33.8134765625
2909050,29.541015625
2909095,29.296875
2909121,28.564453125
2909141,28.86962890625
2909194,27.34375
2909269,35.0341796875
2909806,36.865234375
2909878,27.77099609375
2909952,30.33447265625
2910029,34.36279296875
2910079,30.6396484375
2910103,31.3720703125
2910167,34.36279296875
2910188,30.029296875
2910238,29.11376953125
2910280,27.64892578125
2910382,36.07177734375
2910527,38.63525390625
2928621,27.77099609375
2948299,27.77099609375
2948312,56.94580078125
2948343,127.99072265625
2948383,79.04052734375
2948417,76.7822265625
2948427,39.9169921875
2948438,47.42431640625
2948457,44.677734375
2948480,35.15625
2948490,42.54150390625
2948534,34.24072265625
2948547,28.80859375
2948575,50.35400390625
2948595,28.80859375
2948615,31.55517578125
2948683,32.40966796875
2948807,27.40478515625
2948977,37.53662109375
2948996,39.00146484375
2949067,33.02001953125
2949097,27.89306640625
2949109,28.13720703125
2949155,27.89306640625
2949221,30.3955078125
2949300,38.51318359375
2949327,43.3349609375
2949385,29.6630859375
2949465,39.36767578125
2949545,28.62548828125
2949638,36.0107421875
2949725,32.04345703125
2949817,29.84619140625
2949839,42.29736328125
2950017,46.93603515625
2968865,28.62548828125
3018809,35.82763671875
3018850,35.15625
3018880,41.80908203125
3018899,67.81005859375
3018912,77.2705078125
3018940,71.6552734375
3018956,47.36328125
3018973,113.95263671875
3018987,38.87939453125
3019005,52.734375
3019017,63.1103515625
3019038,27.40478515625
3019058,35.21728515625
3019074,46.9970703125
3019110,35.58349609375
3019125,39.97802734375
3019140,29.052734375
3019156,32.53173828125
3019222,27.52685546875
3019311,28.076171875
3019541,30.82275390625
3019577,33.02001953125
3019730,30.09033203125
3019758,34.24072265625
3019839,36.43798828125
3019851,30.3955078125
3019881,27.77099609375
3019905,36.7431640625
3020065,34.7900390625
3020090,28.38134765625
3020146,30.2734375
3020174,27.64892578125
3020189,28.13720703125
3020236,32.40966796875
3020267,29.4189453125
3020335,33.447265625
3020347,33.447265625
3020446,48.88916015625
3020647,45.59326171875
3129420,33.14208984375
3129435,36.865234375
3129460,76.72119140625
3129472,55.908203125
3129501,73.79150390625
3129516,46.32568359375
3129527,33.935546875
3129548,29.60205078125
3129561,47.30224609375
3129592,38.2080078125
3129604,44.677734375
3129640,39.1845703125
3129673,30.45654296875
3129786,30.1513671875
3129929,30.2734375
3129985,30.2734375
3130015,31.92138671875
3130241,28.01513671875
3130301,28.3203125
3130345,27.587890625
3130509,29.296875
3130535,27.4658203125
3130553,27.89306640625
3130583,30.33447265625
3130614,28.3203125
3130684,33.0810546875
3130770,35.09521484375
3130853,40.283203125
3130949,39.6728515625
3131069,37.7197265625
3131261,49.01123046875
3147539,27.40478515625
3155722,27.34375
3234362,27.587890625
3234385,48.40087890625
3234416,82.6416015625
3234436,74.462890625
3234459,84.1064453125
3234476,52.18505859375
3234497,54.13818359375
3234522,53.5888671875
3234532,40.4052734375
3234553,40.771484375
3234577,37.109375
3234591,29.296875
3234613,28.564453125
3234634,42.66357421875
3234652,34.36279296875
3234676,28.076171875
3234708,36.0107421875
3234743,28.50341796875
3234804,28.25927734375
3235066,32.16552734375
3235109,27.77099609375
3235230,30.029296875
3235287,33.203125
3235323,31.43310546875
3235373,28.3203125
3235456,33.26416015625
3235486,31.31103515625
3235515,30.6396484375
3235562,27.7099609375
3235614,27.64892578125
3235698,29.78515625
3235710,31.25
3235787,33.69140625
3235815,28.1982421875
3235880,30.2734375
3236003,42.17529296875
3236192,46.69189453125
3279083,28.80859375
3279100,30.82275390625
3279116,48.03466796875
3279130,95.8251953125
3279163,119.56787109375
3279181,47.18017578125
3279205,64.5751953125
3279223,60.9130859375
3279236,51.025390625
3279256,34.5458984375
3279275,34.3017578125
3279326,41.56494140625
3279353,31.92138671875
3279418,35.94970703125
3279476,27.83203125
3279516,32.40966796875
3279586,27.4658203125
3279630,34.0576171875
3279790,28.6865234375
3279857,28.25927734375
3279900,35.46142578125
3279932,34.7900390625
3280038,31.982421875
3280080,29.47998046875
3280163,35.400390625
3280224,33.0810546875
3280244,31.67724609375
3280301,31.43310546875
3280327,33.447265625
3280414,28.9306640625
3280507,32.2265625
3280618,34.60693359375
3280667,30.1513671875
3280789,39.55078125
3426891,28.62548828125
3426958,36.865234375
3426974,37.04833984375
3426994,33.935546875
3427013,54.87060546875
3427040,82.6416015625
3427055,102.783203125
3427084,37.17041015625
3427098,46.44775390625
3427119,54.5654296875
3427129,53.89404296875
3427168,54.3212890625
3427189,52.55126953125
3427209,32.65380859375
3427247,29.9072265625
3427257,36.865234375
3427296,32.28759765625
3427364,39.794921875
3427735,27.64892578125
3427795,30.82275390625
3427830,29.11376953125
3427940,28.50341796875
3428017,31.494140625
3428099,30.3955078125
3428177,30.33447265625
3428260,34.97314453125
3428271,30.8837890625
3428348,54.443359375
3428373,30.3955078125
3428450,43.27392578125
3428584,44.73876953125
3428809,49.25537109375
3514704,28.38134765625
3514878,31.73828125
3514909,37.78076171875
3514921,116.88232421875
3514963,69.091796875
3514974,39.12353515625
3514996,75.25634765625
3515021,45.10498046875
3515034,52.67333984375
3515049,30.21240234375
3515059,61.70654296875
3515088,34.24072265625
3515110,74.0966796875
3515125,29.78515625
3515221,27.4658203125
3515454,29.35791015625
3515594,33.75244140625
3515654,29.052734375
3515668,34.423828125
3515764,29.47998046875
3515870,28.74755859375
3516018,30.6396484375
3516097,42.90771484375
3516175,33.87451171875
3516261,37.4755859375
3516355,41.50390625
3516462,35.21728515625
3516645,48.4619140625
3601694,31.73828125
3601760,33.8134765625
3601791,45.0439453125
3601819,123.35205078125
3601832,70.49560546875
3601858,56.33544921875
3601868,49.9267578125
3601887,50.47607421875
3601911,36.68212890625
3601936,72.8759765625
3601950,39.6728515625
3601972,59.9365234375
3601992,38.75732421875
3602007,37.04833984375
3602078,28.564453125
3602166,29.23583984375
3602431,30.94482421875
3602459,33.14208984375
3602691,27.77099609375
3602764,28.3203125
3602840,31.8603515625
3602916,30.517578125
3602956,29.1748046875
3602984,28.86962890625
3602996,28.38134765625
3603080,27.587890625
3603107,33.203125
3603169,34.97314453125
3603267,30.82275390625
3603311,29.47998046875
3603380,36.31591796875
3603573,46.0205078125
3625667,28.9306640625
3691027,34.3017578125
3691061,49.072265625
3691073,109.2529296875
3691100,59.4482421875
3691119,59.814453125
3691144,40.8935546875
3691160,42.48046875
3691177,52.91748046875
3691197,41.80908203125
3691223,76.11083984375
3691247,37.17041015625
3691257,32.77587890625
3691277,39.1845703125
3691316,28.13720703125
3691351,33.14208984375
3691381,27.64892578125
3691549,27.28271484375
3691652,28.3203125
3691699,30.6396484375
3691910,27.28271484375
3691982,27.4658203125
3692023,27.587890625
3692051,29.96826171875
3692135,29.052734375
3692161,27.89306640625
3692203,27.4658203125
3692294,28.6865234375
3692379,34.5458984375
3692396,29.4189453125
3692468,31.3720703125
3692522,32.04345703125
3692567,40.34423828125
3692709,41.259765625
3772023,27.89306640625
3772119,33.3251953125
3772139,29.1748046875
3772162,41.6259765625
3772184,121.58203125
3772202,32.89794921875
3772232,39.97802734375
3772242,54.26025390625
3772265,97.5341796875
3772285,46.56982421875
3772321,54.99267578125
3772333,50.29296875
3772360,29.052734375
3772374,33.63037109375
3772396,33.8134765625
3772412,50.84228515625
3772613,28.74755859375
3772744,28.25927734375
3772930,27.4658203125
3773011,29.84619140625
3773146,32.89794921875
3773207,27.89306640625
3773227,36.4990234375
3773295,36.31591796875
3773368,31.25
3773456,35.15625
3773525,29.78515625
3773542,34.11865234375
3773637,32.16552734375
3773762,38.14697265625
3791006,29.72412109375
3873579,38.330078125
3873608,73.79150390625
3873619,120.9716796875
3873646,54.5654296875
3873660,66.95556640625
3873674,37.7197265625
3873700,75.01220703125
3873716,31.982421875
3873728,42.8466796875
3873754,41.9921875
3873784,40.22216796875
3873794,49.37744140625
3873844,44.37255859375
3873889,28.74755859375
3873909,29.1748046875
3873921,28.13720703125
3874030,29.9072265625
3874428,29.35791015625
3874509,31.92138671875
3874663,32.28759765625
3874742,39.73388671875
3874829,30.2734375
3874875,30.82275390625
3874915,28.80859375
3875014,33.447265625
3875069,33.3251953125
3875134,40.52734375
3875375,43.701171875
3946606,30.8837890625
3946710,34.0576171875
3946729,33.935546875
3946756,42.3583984375
3946768,115.966796875
3946798,97.900390625
3946808,100.40283203125
3946842,66.7724609375
3946870,37.41455078125
3946885,43.15185546875
3946902,54.3212890625
3946912,40.58837890625
3946936,37.90283203125
3946996,33.203125
3947039,34.24072265625
3947088,40.52734375
3947160,28.6865234375
3947203,27.9541015625
3947214,27.64892578125
3947306,28.9306640625
3947385,31.92138671875
3947423,27.28271484375
3947585,27.587890625
3947662,31.06689453125
3947707,29.4189453125
3947812,37.4755859375
3947891,30.45654296875
3947972,30.94482421875
3948025,28.99169921875
3948054,35.21728515625
3948134,28.1982421875
3948234,29.35791015625
3948354,35.15625
4001841,30.2734375
4001855,30.3955078125
4001891,75.68359375
4001913,41.1376953125
4001928,66.34521484375
4001956,47.9736328125
4001971,72.3876953125
4001999,44.37255859375
4002019,32.89794921875
4002044,40.283203125
4002071,45.59326171875
4002086,27.28271484375
4002115,39.24560546875
4002129,30.45654296875
4002161,30.029296875
4002279,30.3955078125
4002383,30.09033203125
4002513,33.5693359375
4002544,28.4423828125
4002594,33.203125
4002658,28.3203125
4002708,29.541015625
4002804,43.9453125
4002881,33.75244140625
4002962,30.94482421875
4003046,31.43310546875
4003113,32.1044921875
4003128,33.26416015625
4003158,34.423828125
4003225,41.19873046875
4003328,30.45654296875
4003484,44.3115234375
4053067,31.982421875
4053102,38.4521484375
4053132,28.4423828125
4053149,151.91650390625
4053172,44.921875
4053190,65.185546875
4053222,57.12890625
4053243,32.5927734375
4053256,66.0400390625
4053302,35.2783203125
4053321,28.9306640625
4053337,39.00146484375
4053372,33.5693359375
4053407,28.74755859375
4053421,28.01513671875
4053461,28.01513671875
4053488,28.13720703125
4053705,28.38134765625
4053732,32.3486328125
4053869,33.0810546875
4053891,29.296875
4053947,35.888671875
4054025,28.3203125
4054107,38.2080078125
4054189,31.982421875
4054270,29.84619140625
4054340,27.34375
4054350,43.8232421875
4054440,35.70556640625
4054486,30.57861328125
4054547,33.69140625
4054697,43.3349609375
4109234,29.296875
4109283,30.82275390625
4109305,48.095703125
4109344,97.412109375
4109361,69.091796875
4109371,35.46142578125
4109403,66.58935546875
4109427,37.78076171875
4109443,48.15673828125
4109482,33.02001953125
4109522,40.1611328125
4109550,29.11376953125
4109578,33.69140625
4109634,31.31103515625
4109663,27.4658203125
4109683,28.38134765625
4109967,29.96826171875
4110031,30.3955078125
4110095,32.2265625
4110152,32.16552734375
4110267,33.99658203125
4110353,37.29248046875
4110480,37.841796875
4110516,30.029296875
4110577,28.99169921875
4110605,30.82275390625
4110719,35.888671875
4110848,41.56494140625
4196216,40.10009765625
4196252,33.75244140625
4196280,98.69384765625
4196310,63.4765625
4196321,64.208984375
4196349,52.3681640625
4196377,59.4482421875
4196393,63.96484375
4196424,53.3447265625
4196437,30.45654296875
4196462,42.236328125
4196483,29.541015625
4196496,32.958984375
4196516,40.95458984375
4196548,30.8837890625
4196610,34.1796875
4196928,27.28271484375
4197067,30.2734375
4197133,32.71484375
4197210,28.86962890625
4197229,31.79931640625
4197297,37.65869140625
4197372,31.6162109375
4197441,34.36279296875
4197525,32.71484375
4197612,35.64453125
4197715,31.18896484375
4197850,53.28369140625
4259393,31.06689453125
4259479,28.564453125
4259517,74.5849609375
4259539,70.1904296875
4259560,76.2939453125
4259590,75.1953125
4259602,74.951171875
4259626,49.25537109375
4259643,43.9453125
4259668,28.01513671875
4259691,47.79052734375
4259703,53.7109375
4259731,39.4287109375
4259744,36.9873046875
4259793,29.84619140625
4259824,31.43310546875
4259879,29.47998046875
4259995,27.77099609375
4260161,33.14208984375
4260356,29.23583984375
4260403,33.0810546875
4260481,31.79931640625
4260556,30.76171875
4260599,31.06689453125
4260637,34.423828125
4260721,27.89306640625
4260815,30.57861328125
4260855,31.6162109375
4260913,50.29296875
4261063,45.95947265625
4420106,31.06689453125
4420129,46.0205078125
4420144,93.44482421875
4420174,54.13818359375
4420189,63.720703125
4420218,50.29296875
4420235,44.43359375
4420258,76.66015625
4420275,33.5693359375
4420294,44.49462890625
4420319,32.1044921875
4420357,44.86083984375
4420387,27.77099609375
4420541,27.64892578125
4420585,29.6630859375
4420810,29.052734375
4420986,28.13720703125
4421060,34.423828125
4421142,29.541015625
4421183,33.8134765625
4421299,28.38134765625
4421372,28.80859375
4421467,36.80419921875
4421566,42.96875
4421682,32.65380859375
4421984,50.35400390625
4433858,28.13720703125
4552504,31.92138671875
4552527,29.541015625
4552554,86.9140625
4552594,96.13037109375
4552609,44.0673828125
4552628,38.0859375
4552647,39.36767578125
4552659,30.2734375
4552670,60.546875
4552684,35.5224609375
4552705,34.36279296875
4552725,33.69140625
4552736,42.05322265625
4552768,28.076171875
4552798,28.86962890625
4552826,27.587890625
4552849,30.70068359375
4552888,30.82275390625
4552942,28.01513671875
4553072,31.3720703125
4553342,31.67724609375
4553376,31.6162109375
4553425,30.3955078125
4553452,29.84619140625
4553608,39.24560546875
4553689,29.9072265625
4553852,29.052734375
4553950,34.0576171875
4553978,29.47998046875
4554050,37.78076171875
4554243,38.818359375
4572088,27.4658203125
4715535,39.1845703125
4715559,48.828125
4715576,80.01708984375
4715608,66.162109375
4715649,46.0205078125
4715662,47.42431640625
4715688,54.0771484375
4715708,31.43310546875
4715736,37.4755859375
4715751,32.470703125
4715794,36.62109375
4715825,36.31591796875
4715854,28.01513671875
4715875,27.587890625
4715894,34.97314453125
4715953,31.55517578125
4715999,27.89306640625
4716490,30.94482421875
4716571,30.09033203125
4716599,29.1748046875
4716796,37.109375
4716972,45.654296875
4717063,30.029296875
4717194,45.7763671875
4794050,38.4521484375
4794088,38.6962890625
4794104,109.68017578125
4794136,72.021484375
4794167,46.2646484375
4794186,38.51318359375
4794209,35.82763671875
4794228,48.64501953125
4794260,43.15185546875
4794276,46.38671875
4794302,42.54150390625
4794332,28.50341796875
4794355,34.1796875
4794376,29.60205078125
4794403,27.64892578125
4794429,42.41943359375
4794623,27.52685546875
4794764,27.7099609375
4794781,35.2783203125
4794984,28.564453125
4795138,34.72900390625
4795213,34.423828125
4795281,27.34375
4795296,38.0859375
4795379,34.912109375
4795474,35.82763671875
4795580,35.09521484375
4795737,39.12353515625
