4974001,0
8110,34.3017578125
17844,25.20751953125
25893,33.26416015625
26390,17.39501953125
35689,19.34814453125
41853,17.578125
51499,18.98193359375
53454,19.1650390625
59180,33.447265625
86974,37.17041015625
103278,19.775390625
115573,36.80419921875
115887,20.56884765625
124798,17.88330078125
125186,19.287109375
137512,18.49365234375
139304,32.3486328125
144575,32.2265625
153725,18.1884765625
169726,17.76123046875
173666,36.4990234375
180259,19.34814453125
195222,40.4052734375
197898,18.00537109375
205612,17.4560546875
211195,18.49365234375
211989,18.1884765625
212948,32.77587890625
215862,17.4560546875
220425,40.0390625
223239,17.4560546875
231604,35.0341796875
250064,19.83642578125
250386,18.00537109375
257272,38.4521484375
273394,32.2265625
276516,20.3857421875
300079,33.99658203125
303531,28.076171875
322430,37.9638671875
331114,19.83642578125
350481,33.99658203125
368940,19.4091796875
371089,17.39501953125
382348,18.98193359375
382710,20.81298828125
383189,30.517578125
396566,31.92138671875
402958,32.89794921875
410096,18.61572265625
433363,17.51708984375
436765,34.423828125
437598,18.1884765625
438125,34.36279296875
452079,33.935546875
462338,17.76123046875
470589,32.958984375
492542,21.54541015625
507197,34.72900390625
507601,22.4609375
520556,18.5546875
520703,37.353515625
537362,32.2265625
545971,19.59228515625
561476,19.47021484375
571773,20.99609375
574804,18.6767578125
577397,36.07177734375
581614,35.64453125
615538,17.51708984375
618364,31.67724609375
644164,39.00146484375
667801,19.4091796875
686874,35.5224609375
691625,17.7001953125
708975,17.4560546875
721338,17.63916015625
725644,38.51318359375
737297,18.310546875
757944,18.5546875
759582,34.36279296875
766115,18.12744140625
768365,37.17041015625
787065,19.4091796875
788987,18.85986328125
798435,18.24951171875
805527,27.4658203125
815521,18.00537109375
821071,38.9404296875
821962,23.98681640625
827091,20.20263671875
842508,19.71435546875
844331,18.9208984375
859827,18.00537109375
860444,17.51708984375
875648,38.02490234375
883163,20.8740234375
901940,18.37158203125
917511,18.73779296875
919397,35.2783203125
937173,32.3486328125
948623,18.1884765625
959953,19.95849609375
971385,18.12744140625
983439,24.169921875
986542,37.841796875
986774,18.37158203125
1010494,18.61572265625
1034190,37.4755859375
1059671,18.98193359375
1073000,37.17041015625
1080179,18.1884765625
1104434,35.7666015625
1104738,19.34814453125
1137756,35.94970703125
1155908,32.53173828125
1157353,21.54541015625
1168640,38.02490234375
1175911,17.7001953125
1209868,34.0576171875
1218904,19.287109375
1234880,18.4326171875
1243581,19.10400390625
1267286,18.24951171875
1272240,34.72900390625
1275658,25.20751953125
1288582,17.51708984375
1289431,30.6396484375
1289705,21.1181640625
1296017,18.5546875
1319801,19.53125
1339334,35.15625
1345445,17.7001953125
1346655,18.12744140625
1369943,19.22607421875
1370361,17.578125
1390010,35.58349609375
1396459,20.99609375
1396896,17.822265625
1421254,18.85986328125
1432838,36.4990234375
1433082,20.6298828125
1442558,19.4091796875
1443291,19.22607421875
1464543,17.7001953125
1473328,39.85595703125
1485696,18.00537109375
1486213,17.63916015625
1505355,33.203125
1506472,17.4560546875
1545177,40.1611328125
1545262,19.4091796875
1556804,38.9404296875
1594563,33.14208984375
1595411,20.5078125
1610448,20.01953125
1630404,33.75244140625
1631294,17.578125
1641149,33.99658203125
1653539,17.51708984375
1653957,19.6533203125
1664338,35.5224609375
1670916,18.61572265625
1678376,24.35302734375
1678770,18.06640625
1678981,33.69140625
1698453,18.00537109375
1712833,19.53125
1713497,37.4755859375
1722576,18.98193359375
1728746,36.19384765625
1741044,18.37158203125
1741781,18.37158203125
1756894,21.3623046875
1758395,18.1884765625
1778591,40.58837890625
1782417,19.8974609375
1786327,32.89794921875
1804787,30.45654296875
1809725,19.47021484375
1828960,36.07177734375
1834538,18.9208984375
1846944,35.58349609375
1856477,19.287109375
1870875,36.9873046875
1880804,20.08056640625
1887435,35.09521484375
1924098,35.2783203125
1957144,36.07177734375
1974097,20.5078125
1974993,19.34814453125
1988910,34.423828125
2026705,19.6533203125
2029372,24.96337890625
2032592,35.09521484375
2072489,35.64453125
2090245,30.82275390625
2090494,19.775390625
2116687,18.310546875
2122394,34.72900390625
2138332,19.53125
2143169,34.423828125
2157143,19.34814453125
2164145,30.8837890625
2178242,17.39501953125
2193578,38.9404296875
2199809,17.822265625
2210374,32.04345703125
2230541,19.10400390625
2242822,37.04833984375
2254968,20.93505859375
2262184,36.56005859375
2268141,18.61572265625
2280126,18.73779296875
2298020,41.56494140625
2307546,18.1884765625
2308283,18.310546875
2310706,35.0341796875
2325579,17.39501953125
2329604,22.0947265625
2344965,34.85107421875
2346046,19.8974609375
2362004,17.39501953125
2371722,36.19384765625
2404425,19.775390625
2422700,30.3955078125
2423695,17.88330078125
2424414,21.240234375
2425595,17.9443359375
2443367,18.5546875
2444274,35.64453125
2447374,20.5078125
2461650,32.77587890625
2482575,18.1884765625
2488670,17.39501953125
2502279,32.40966796875
2505307,21.728515625
2524335,17.9443359375
2526112,22.15576171875
2534740,32.16552734375
2542438,39.00146484375
2548624,20.69091796875
2549269,20.32470703125
2563917,39.794921875
2570763,18.37158203125
2585195,35.70556640625
2595291,36.07177734375
2624472,31.55517578125
2634681,21.97265625
2643448,35.94970703125
2654364,20.8740234375
2672516,33.75244140625
2673736,17.7001953125
2691139,17.822265625
2697182,36.56005859375
2713975,17.88330078125
2714303,17.51708984375
2729384,32.77587890625
2733933,20.01953125
2734526,17.51708984375
2752268,41.1376953125
2755893,17.88330078125
2772496,17.76123046875
2776392,18.06640625
2790282,34.5458984375
2795697,19.59228515625
2797499,18.5546875
2815708,17.39501953125
2860041,19.04296875
2864709,36.865234375
2865045,19.4091796875
2898034,17.822265625
2898387,17.39501953125
2900674,34.5458984375
2904726,20.263671875
2919081,18.798828125
2928599,34.66796875
2935245,19.59228515625
2953062,33.75244140625
2970756,36.19384765625
2974306,19.53125
3009334,33.0810546875
3012724,19.10400390625
3014763,19.6533203125
3019693,35.09521484375
3034011,19.04296875
3058204,18.9208984375
3059440,33.0810546875
3061651,18.61572265625
3090516,38.51318359375
3096325,34.423828125
3099756,18.37158203125
3119378,19.775390625
3133774,37.41455078125
3156999,34.24072265625
3161571,17.9443359375
3169768,21.78955078125
3170586,35.7666015625
3183401,18.06640625
3183978,19.04296875
3188216,33.203125
3200874,19.10400390625
3217433,18.5546875
3224355,35.33935546875
3234585,32.89794921875
3274155,20.44677734375
3274418,38.87939453125
3292551,40.22216796875
3317733,18.12744140625
3335079,35.0341796875
3346099,34.24072265625
3363925,18.85986328125
3367245,18.00537109375
3385318,18.73779296875
3386852,18.12744140625
3407295,17.4560546875
3407873,38.14697265625
3426633,36.0107421875
3427145,17.63916015625
3431666,18.1884765625
3438468,35.70556640625
3454107,19.6533203125
3455874,35.64453125
3467189,19.47021484375
3474917,20.32470703125
3496157,32.89794921875
3496750,24.47509765625
3503991,20.08056640625
3513730,18.798828125
3514224,17.4560546875
3530171,34.5458984375
3538177,17.51708984375
3545895,18.5546875
3558476,17.88330078125
3560125,39.36767578125
3570252,36.7431640625
3603407,40.52734375
3625799,33.99658203125
3626432,29.6630859375
3642651,18.798828125
3654915,37.353515625
3681840,17.88330078125
3694514,38.330078125
3716479,17.9443359375
3732872,32.53173828125
3733696,18.5546875
3754644,46.56982421875
3755339,18.12744140625
3757519,17.39501953125
3776477,18.310546875
3776751,35.7666015625
3776989,19.59228515625
3785788,18.1884765625
3798075,19.22607421875
3807977,33.203125
3820203,24.7802734375
3846756,35.400390625
3854466,19.22607421875
3859754,17.578125
3860013,17.578125
3873550,19.10400390625
3880232,37.65869140625
3891919,35.33935546875
3893321,19.59228515625
3916982,36.68212890625
3936465,34.60693359375
3936495,18.49365234375
3949035,19.8974609375
3962006,20.99609375
3970156,36.92626953125
3994365,35.58349609375
4004280,18.6767578125
4029960,18.9208984375
4059805,36.865234375
4072227,35.46142578125
4088813,33.63037109375
4089403,20.6298828125
4119091,35.33935546875
4134259,17.578125
4139038,37.17041015625
4176179,36.92626953125
4182589,18.37158203125
4182960,17.63916015625
4183902,17.822265625
4194393,35.33935546875
4205842,20.32470703125
4223146,36.07177734375
4223682,19.287109375
4233091,18.310546875
4264390,34.1796875
4269898,17.51708984375
4287394,18.5546875
4290518,35.94970703125
4300431,18.1884765625
4315190,37.841796875
4317206,18.12744140625
4325371,20.263671875
4346506,17.39501953125
4348684,33.50830078125
4348996,17.63916015625
4364685,20.20263671875
4371913,18.00537109375
4378049,36.80419921875
4385742,18.85986328125
4395971,17.63916015625
4400808,34.36279296875
4409920,37.7197265625
4417576,17.578125
4418069,19.59228515625
4436778,37.90283203125
4437993,18.12744140625
4444264,28.99169921875
4461976,20.263671875
4467259,17.39501953125
4470249,34.36279296875
4481755,18.5546875
4482059,33.75244140625
4489151,34.24072265625
4499190,17.76123046875
4509804,36.43798828125
4527240,19.22607421875
4538202,36.68212890625
4546170,18.00537109375
4550413,17.39501953125
4559189,32.71484375
4579435,36.07177734375
4610045,31.494140625
4621908,21.42333984375
4622360,33.14208984375
4639067,38.2080078125
4643877,20.81298828125
4665824,18.5546875
4666201,30.94482421875
4690269,18.310546875
4697396,37.109375
4708172,19.95849609375
4711869,20.6298828125
4730152,34.5458984375
4735119,17.88330078125
4752255,17.7001953125
4759031,19.775390625
4775779,32.71484375
4783820,17.822265625
4807115,19.59228515625
4808130,17.51708984375
4816537,36.1328125
4833052,18.00537109375
4860606,34.912109375
4876262,19.34814453125
4877298,37.841796875
4919559,21.97265625
4927529,34.423828125
4945943,18.98193359375
4950555,35.58349609375
4950802,19.47021484375
