4798001,0
377850,49.37744140625
377936,45.10498046875
377954,45.5322265625
378045,47.66845703125
378073,60.24169921875
378096,56.5185546875
378139,53.52783203125
378156,68.05419921875
378184,67.0166015625
378198,65.0634765625
378219,66.10107421875
378246,57.55615234375
378284,59.02099609375
378296,62.01171875
378325,54.931640625
378342,51.69677734375
378386,57.92236328125
378416,57.80029296875
378435,49.74365234375
378447,53.64990234375
378476,44.73876953125
378488,73.3642578125
378538,47.9736328125
378564,45.5322265625
378576,57.4951171875
378630,47.79052734375
378655,61.03515625
378665,60.1806640625
378695,50.47607421875
378735,48.76708984375
378759,49.25537109375
378809,50.72021484375
378819,51.81884765625
378849,54.87060546875
378867,43.5791015625
378881,48.27880859375
378934,51.08642578125
378948,48.64501953125
379043,51.20849609375
379057,51.025390625
379100,52.24609375
379133,44.7998046875
379164,56.57958984375
379190,60.4248046875
379230,45.34912109375
379263,47.66845703125
379311,55.5419921875
379329,43.27392578125
379354,54.62646484375
379401,45.654296875
379440,43.8232421875
379499,46.44775390625
379564,49.49951171875
379615,44.7998046875
379714,43.02978515625
379746,47.7294921875
379848,43.88427734375
379965,58.77685546875
379985,66.40625
380031,56.70166015625
380042,57.12890625
508735,44.5556640625
567173,46.142578125
567278,44.5556640625
567313,53.28369140625
567329,69.15283203125
567345,48.03466796875
567360,50.23193359375
567384,64.208984375
567394,53.16162109375
567446,55.2978515625
567465,66.7724609375
567485,50.048828125
567515,43.5791015625
567532,64.208984375
567558,46.56982421875
567598,46.69189453125
567618,54.50439453125
567637,53.03955078125
567685,52.6123046875
567700,56.884765625
567714,47.7294921875
567770,44.25048828125
567812,53.466796875
567844,53.955078125
567877,56.0302734375
567904,46.38671875
567926,50.6591796875
567980,65.73486328125
568049,44.5556640625
568082,47.4853515625
568105,56.2744140625
568123,72.75390625
568183,47.66845703125
568240,43.9453125
568255,47.79052734375
568291,45.654296875
568409,48.33984375
568431,43.64013671875
568476,45.41015625
568547,49.98779296875
568561,43.212890625
568640,59.75341796875
568753,57.31201171875
568788,44.677734375
568854,50.1708984375
568948,49.560546875
569000,44.7998046875
569039,59.63134765625
569079,71.10595703125
569321,52.734375
569347,43.88427734375
569417,45.7763671875
569507,47.30224609375
569710,44.37255859375
618769,44.0673828125
618844,44.98291015625
619064,46.630859375
619102,44.73876953125
619217,48.7060546875
619238,50.4150390625
619276,63.720703125
619329,51.1474609375
619343,53.7109375
619388,57.12890625
619405,43.3349609375
619417,73.73046875
619432,62.31689453125
619482,46.5087890625
619493,48.33984375
619523,47.119140625
619539,48.33984375
619585,50.537109375
619602,51.57470703125
619619,45.83740234375
619630,73.3642578125
619664,46.44775390625
619693,78.2470703125
619718,46.20361328125
619751,47.8515625
619763,91.97998046875
619793,47.30224609375
619822,44.3115234375
619844,44.5556640625
619855,46.7529296875
619872,43.88427734375
619887,47.4853515625
619914,48.76708984375
619929,76.66015625
619957,44.7998046875
619981,43.39599609375
620004,63.96484375
620045,43.64013671875
620059,44.25048828125
620080,56.82373046875
620108,57.18994140625
620139,46.81396484375
620162,52.24609375
620183,48.40087890625
620251,56.2744140625
620296,54.443359375
620340,47.2412109375
620368,48.4619140625
620388,44.12841796875
620447,44.73876953125
620510,67.44384765625
620529,53.52783203125
620562,55.6640625
620705,50.10986328125
620817,43.5791015625
620885,63.04931640625
621018,45.34912109375
621135,54.931640625
621264,43.39599609375
621276,47.66845703125
621315,43.8232421875
621351,53.89404296875
621426,47.66845703125
621532,43.64013671875
621599,45.83740234375
656756,44.25048828125
656923,56.884765625
656964,63.720703125
656982,55.5419921875
657025,59.2041015625
657083,56.15234375
657099,54.931640625
657111,46.08154296875
657140,58.59375
657155,72.509765625
657180,51.7578125
657196,50.048828125
657214,56.2744140625
657238,64.8193359375
657266,43.8232421875
657287,70.86181640625
657322,75.86669921875
657346,56.09130859375
657365,43.02978515625
657415,57.06787109375
657443,51.94091796875
657467,47.607421875
657479,64.14794921875
657519,45.71533203125
657534,51.1474609375
657564,61.58447265625
657621,49.98779296875
657651,48.88916015625
657704,44.921875
657724,47.607421875
657764,50.78125
657789,49.072265625
657804,64.27001953125
657842,51.08642578125
657869,43.64013671875
657888,55.96923828125
657907,52.001953125
657944,44.0673828125
657996,46.44775390625
658034,57.31201171875
658143,60.302734375
658246,49.74365234375
658307,43.39599609375
658610,43.15185546875
658626,44.12841796875
658702,46.56982421875
658826,47.30224609375
659008,43.0908203125
659067,44.61669921875
659206,44.86083984375
659584,49.1943359375
672519,45.10498046875
672609,45.8984375
672700,56.396484375
672762,44.73876953125
672825,43.0908203125
672895,49.1943359375
672965,49.4384765625
672991,43.45703125
673030,43.9453125
673054,43.45703125
673096,44.0673828125
673199,45.59326171875
673233,43.0908203125
673312,44.3115234375
673391,49.6826171875
673409,49.74365234375
673461,58.837890625
673506,44.921875
673684,49.9267578125
673735,45.83740234375
673745,51.8798828125
673779,47.30224609375
673852,50.1708984375
673869,51.6357421875
674010,48.095703125
674079,47.18017578125
674136,46.32568359375
674240,48.4619140625
674357,47.30224609375
693905,46.56982421875
693975,43.27392578125
694018,74.40185546875
694028,62.98828125
694098,43.76220703125
694184,60.85205078125
694203,50.1708984375
694241,58.65478515625
694340,55.35888671875
694406,44.5556640625
694427,49.072265625
694565,44.00634765625
694576,54.13818359375
694642,44.25048828125
694675,44.7998046875
694702,44.189453125
694760,52.06298828125
694832,45.34912109375
694863,44.7998046875
694915,52.6123046875
695644,44.25048828125
712578,62.255859375
712820,43.88427734375
712856,43.02978515625
712968,61.09619140625
713017,45.654296875
713042,63.3544921875
713087,46.69189453125
713117,49.31640625
713143,44.98291015625
713174,50.1708984375
713220,49.62158203125
713276,52.18505859375
713328,50.47607421875
713428,55.60302734375
713552,43.02978515625
713902,48.03466796875
714386,44.3115234375
735346,65.3076171875
735404,43.8232421875
735470,55.0537109375
735492,51.45263671875
735560,45.5322265625
735577,70.3125
735601,79.40673828125
735629,50.78125
735659,74.89013671875
735686,59.38720703125
735770,52.18505859375
735785,62.6220703125
735828,51.69677734375
735841,58.59375
735860,43.3349609375
735896,50.4150390625
735923,47.36328125
735949,52.490234375
735989,49.98779296875
736012,46.44775390625
736036,44.49462890625
736069,57.18994140625
736083,60.1806640625
736103,50.9033203125
736147,64.27001953125
736189,72.3876953125
736202,53.40576171875
736239,59.99755859375
736297,54.74853515625
736313,61.767578125
736372,49.9267578125
736383,52.91748046875
736472,43.02978515625
736513,69.27490234375
736582,44.61669921875
736672,44.61669921875
736724,46.5087890625
736734,52.734375
736799,51.3916015625
736842,45.47119140625
736875,53.8330078125
736926,48.9501953125
736963,50.23193359375
737001,45.95947265625
737018,45.59326171875
737031,50.4150390625
737059,45.41015625
737125,46.69189453125
737217,45.41015625
737291,47.119140625
737356,46.56982421875
737527,53.16162109375
737787,48.7060546875
737875,49.1943359375
738825,42.96875
748082,43.8232421875
748574,53.77197265625
748600,68.29833984375
748800,46.630859375
748923,50.23193359375
749006,49.9267578125
749144,54.13818359375
749365,43.27392578125
749495,46.875
759031,43.9453125
759772,46.5087890625
760189,43.02978515625
760693,45.59326171875
769542,49.62158203125
769670,43.39599609375
769697,46.56982421875
769950,58.04443359375
770015,52.79541015625
770327,48.27880859375
770387,48.583984375
770456,58.10546875
770583,45.95947265625
770682,45.2880859375
770717,55.35888671875
770764,43.0908203125
771013,44.5556640625
782697,56.33544921875
782943,50.29296875
782988,44.7998046875
783092,47.4853515625
783128,43.76220703125
783142,47.30224609375
783201,45.7763671875
783218,49.62158203125
783257,47.66845703125
783268,47.7294921875
783302,44.86083984375
783375,51.025390625
783393,43.3349609375
783428,44.25048828125
783441,43.27392578125
783483,59.08203125
783742,44.677734375
783805,45.8984375
783894,55.908203125
784124,44.98291015625
784260,52.1240234375
784305,44.3115234375
784469,48.4619140625
799631,43.3349609375
799959,51.33056640625
800090,57.6171875
800116,50.537109375
800312,43.27392578125
800346,44.25048828125
800434,46.20361328125
800492,50.6591796875
800806,44.98291015625
800953,46.93603515625
801332,46.2646484375
801524,50.6591796875
812489,48.095703125
812503,47.30224609375
812596,45.22705078125
812679,43.8232421875
812703,61.279296875
812780,49.74365234375
812849,46.5087890625
812862,60.791015625
812893,55.0537109375
812915,83.31298828125
812953,50.4150390625
812994,46.9970703125
813045,50.9033203125
813108,43.15185546875
813140,61.46240234375
813176,71.71630859375
813202,44.189453125
813249,44.43359375
813275,61.09619140625
813285,45.0439453125
813313,50.1708984375
813373,53.52783203125
813389,46.08154296875
813413,46.20361328125
813446,60.24169921875
813479,51.025390625
813549,55.84716796875
813585,48.40087890625
813644,46.44775390625
813669,61.34033203125
813738,43.15185546875
813748,43.39599609375
813825,45.34912109375
813864,44.37255859375
813909,44.189453125
813987,51.33056640625
814008,42.90771484375
814085,43.51806640625
814113,43.88427734375
814158,47.30224609375
814251,44.86083984375
814409,52.06298828125
814444,44.73876953125
814489,44.3115234375
814511,48.52294921875
814611,42.90771484375
814738,46.0205078125
814785,49.4384765625
814879,45.47119140625
814927,50.72021484375
825782,47.54638671875
826473,42.90771484375
826571,44.49462890625
826790,44.86083984375
827028,56.45751953125
827414,45.2880859375
834835,47.8515625
834903,44.189453125
835241,53.8330078125
835339,45.34912109375
835363,43.64013671875
835413,54.87060546875
835485,59.2041015625
835552,45.654296875
835637,43.51806640625
835679,51.57470703125
835738,45.41015625
835768,46.81396484375
835826,46.0205078125
835849,49.74365234375
835964,50.1708984375
835997,59.02099609375
836063,53.16162109375
836206,53.955078125
836283,49.62158203125
836302,42.96875
836393,45.166015625
836446,53.89404296875
846333,49.49951171875
846399,44.49462890625
846431,43.02978515625
846447,45.166015625
846475,44.00634765625
846512,47.7294921875
846524,49.49951171875
846617,53.03955078125
846668,50.4150390625
846699,49.74365234375
846715,54.19921875
846819,59.87548828125
846870,47.30224609375
846884,48.9501953125
846988,48.2177734375
847025,54.443359375
847035,49.8046875
847105,47.9736328125
847145,43.64013671875
847228,49.072265625
847248,44.25048828125
847271,52.8564453125
847317,47.54638671875
847360,49.8046875
847432,42.96875
847467,44.189453125
847494,46.20361328125
847585,51.7578125
847648,52.18505859375
847747,44.12841796875
847760,51.26953125
847873,43.5791015625
847905,50.84228515625
847973,48.7060546875
848476,43.8232421875
848500,46.08154296875
860010,45.47119140625
860098,52.6123046875
866700,46.630859375
867005,50.29296875
867047,52.30712890625
867177,45.166015625
867304,47.66845703125
867325,46.38671875
867344,46.142578125
867469,45.47119140625
867480,52.30712890625
867514,44.7998046875
867531,65.36865234375
867560,44.12841796875
867598,54.5654296875
867681,44.86083984375
867717,42.96875
867741,54.6875
867795,75.5615234375
867807,50.4150390625
867825,43.701171875
867899,54.13818359375
868022,51.26953125
868114,47.4853515625
868262,44.25048828125
868306,47.42431640625
868430,55.419921875
883748,53.89404296875
883795,49.49951171875
883871,53.8330078125
883899,48.64501953125
883948,44.0673828125
883990,43.27392578125
884007,45.59326171875
884082,47.4853515625
884129,50.47607421875
884139,47.607421875
884176,59.5703125
884194,46.44775390625
884241,47.79052734375
884262,49.01123046875
884281,50.84228515625
884345,49.49951171875
884380,46.93603515625
884423,76.171875
884446,51.1474609375
884488,49.86572265625
884525,51.57470703125
884539,55.7861328125
884595,43.5791015625
884621,48.828125
884679,43.27392578125
884736,49.25537109375
884768,43.3349609375
884798,54.3212890625
884869,44.43359375
884904,47.30224609375
884955,52.24609375
885070,45.5322265625
885153,47.18017578125
885437,44.25048828125
885607,46.0205078125
885736,43.76220703125
885963,46.5087890625
886094,43.15185546875
895163,48.76708984375
895710,49.6826171875
901197,49.6826171875
901261,45.0439453125
901561,43.02978515625
901800,44.921875
901869,55.84716796875
901892,49.49951171875
902053,45.8984375
909545,45.59326171875
909615,47.119140625
909630,49.072265625
909672,52.79541015625
909701,51.26953125
909731,56.640625
909774,45.2880859375
909797,44.49462890625
909809,44.86083984375
909851,50.29296875
909991,62.3779296875
910019,44.677734375
910124,46.875
910186,44.43359375
910228,45.83740234375
910260,43.15185546875
910297,43.02978515625
910601,43.51806640625
910628,49.13330078125
910754,45.2880859375
911078,53.16162109375
911446,47.66845703125
911458,44.98291015625
919908,46.2646484375
919952,43.212890625
920239,44.921875
920560,46.20361328125
920911,45.654296875
928221,44.0673828125
928349,46.44775390625
928463,54.443359375
928659,52.42919921875
928905,45.47119140625
928934,43.0908203125
928991,45.34912109375
929125,42.96875
929221,44.12841796875
929328,45.0439453125
929361,50.29296875
929392,43.701171875
929422,51.81884765625
929761,43.9453125
929790,48.828125
937920,61.46240234375
938243,52.6123046875
938438,48.52294921875
938654,48.828125
939076,44.5556640625
939525,50.96435546875
950614,43.02978515625
950817,46.93603515625
950947,49.6826171875
951076,51.1474609375
951277,47.30224609375
951355,55.84716796875
951618,42.90771484375
951845,43.9453125
960429,48.15673828125
960571,61.21826171875
960654,47.42431640625
961243,46.142578125
967664,43.39599609375
968260,43.0908203125
968591,45.2880859375
968711,51.513671875
968904,42.90771484375
977573,54.443359375
977952,47.4853515625
978009,43.3349609375
978219,43.76220703125
978399,44.189453125
978492,46.875
978607,43.02978515625
978901,60.85205078125
978987,43.45703125
986943,49.6826171875
986990,59.9365234375
994046,46.38671875
994226,43.9453125
994356,45.22705078125
994651,59.4482421875
995539,54.01611328125
1001892,45.7763671875
1002972,49.4384765625
1009798,46.7529296875
1010108,44.12841796875
1034115,51.69677734375
1034237,44.12841796875
1034454,44.0673828125
1034544,45.59326171875
1034766,43.3349609375
1035062,43.212890625
1035186,46.630859375
1035360,43.45703125
1035590,43.02978515625
1035798,46.93603515625
1043327,51.20849609375
1043987,44.61669921875
1052695,50.35400390625
1052954,50.048828125
1052981,44.49462890625
1053247,53.28369140625
1053486,47.9736328125
1053522,68.7255859375
1053658,62.744140625
1053671,59.08203125
1053699,43.45703125
1053751,43.15185546875
1054374,50.72021484375
1054462,42.96875
1062408,57.2509765625
1063573,43.51806640625
1070800,43.45703125
1070935,55.96923828125
1072196,52.42919921875
1079741,43.3349609375
1079786,49.8046875
1080237,51.8798828125
1080475,45.41015625
1080600,45.5322265625
1080680,44.3115234375
1080933,43.701171875
1081602,44.37255859375
1089600,47.4853515625
1089860,43.45703125
1090002,47.7294921875
1090082,43.88427734375
1090436,43.45703125
1090542,43.0908203125
1101988,45.2880859375
1102178,47.42431640625
1102224,52.978515625
1102258,60.9130859375
1102292,42.96875
1102354,44.0673828125
1102460,43.51806640625
1102483,45.47119140625
1102543,44.5556640625
1102619,60.1806640625
1102670,43.02978515625
1102687,43.76220703125
1102820,43.45703125
1102850,47.66845703125
1102944,44.12841796875
1103036,51.33056640625
1103161,56.21337890625
1103231,52.91748046875
1103359,45.22705078125
1104176,50.4150390625
1113378,43.51806640625
1113499,47.8515625
1113654,48.9501953125
1113720,48.52294921875
1114064,45.8984375
1114400,53.466796875
1114995,45.34912109375
1115393,46.69189453125
1124528,51.45263671875
1125103,46.44775390625
1125142,43.3349609375
1125532,43.0908203125
1138075,44.3115234375
1138127,45.7763671875
1138274,45.0439453125
1138295,49.62158203125
1138573,48.095703125
1138826,58.2275390625
1138901,47.8515625
1138977,48.583984375
1139011,45.654296875
1139125,50.9033203125
1139156,43.88427734375
1139232,46.44775390625
1139388,46.38671875
1139433,43.15185546875
1139588,44.61669921875
1139623,61.70654296875
1139860,53.64990234375
1151542,45.83740234375
1151564,47.119140625
1151689,43.88427734375
1151814,44.98291015625
1151919,46.630859375
1152338,50.23193359375
1152409,46.875
1152538,47.54638671875
1152697,45.2880859375
1152766,43.15185546875
1153030,44.86083984375
1153233,47.30224609375
1154140,44.12841796875
1170932,50.10986328125
1171172,46.0205078125
1171216,68.603515625
1171259,46.0205078125
1171508,49.31640625
1171734,50.6591796875
1171745,53.955078125
1171952,45.0439453125
1171990,43.5791015625
1172177,46.69189453125
1172312,44.189453125
1172430,42.96875
1172675,46.32568359375
1172925,43.15185546875
1173177,45.0439453125
1186036,43.0908203125
1186198,51.94091796875
1186339,45.22705078125
1186578,43.64013671875
1186645,54.62646484375
1186709,47.8515625
1186763,51.94091796875
1186781,42.96875
1186851,65.12451171875
1186967,46.93603515625
1187008,63.720703125
1187030,49.8046875
1187115,49.37744140625
1187156,45.8984375
1187213,50.84228515625
1187404,44.49462890625
1187535,43.8232421875
1187665,53.466796875
1187812,46.81396484375
1187978,44.00634765625
1208877,44.61669921875
1209205,47.607421875
1209267,52.8564453125
1209285,43.0908203125
1209344,47.2412109375
1209394,62.1337890625
1209431,49.6826171875
1209453,45.41015625
1209485,58.10546875
1209499,51.20849609375
1209563,46.20361328125
1209657,43.02978515625
1209732,57.43408203125
1209750,46.44775390625
1209825,46.08154296875
1209863,48.03466796875
1209927,43.15185546875
1210036,43.27392578125
1210085,50.23193359375
1210222,43.64013671875
1210338,46.08154296875
1210466,44.3115234375
1210921,47.4853515625
1210998,43.0908203125
1227435,46.44775390625
1227524,43.212890625
1227593,43.701171875
1227736,49.13330078125
1227787,49.49951171875
1227849,51.45263671875
1227884,44.37255859375
1227949,50.78125
1228070,55.60302734375
1228222,66.10107421875
1228253,43.02978515625
1228272,48.40087890625
1228304,42.96875
1228354,43.701171875
1228435,53.1005859375
1228492,43.51806640625
1228548,43.5791015625
1228638,43.27392578125
1228723,52.67333984375
1228758,43.0908203125
1228828,45.5322265625
1228897,54.0771484375
1229050,47.79052734375
1229095,46.32568359375
1229451,43.39599609375
1229484,51.7578125
1230091,48.583984375
1230248,45.41015625
1230719,43.212890625
1251431,43.3349609375
1251596,57.12890625
1251697,46.93603515625
1251792,51.81884765625
1251912,46.81396484375
1251972,43.212890625
1252070,44.5556640625
1252159,53.77197265625
1252223,46.0205078125
1252393,46.630859375
1252457,51.3916015625
1252551,49.4384765625
1252618,50.84228515625
1252634,43.51806640625
1252706,43.212890625
1252780,44.61669921875
1253064,46.0205078125
1253172,47.79052734375
1253276,43.39599609375
1253641,53.28369140625
1253711,46.875
1273844,46.56982421875
1273914,43.02978515625
1274132,46.0205078125
1274172,51.3916015625
1274202,43.701171875
1274216,45.22705078125
1274242,46.5087890625
1274353,42.96875
1274390,55.17578125
1274423,43.701171875
1274456,47.119140625
1274472,45.71533203125
1274513,46.630859375
1274592,44.3115234375
1274616,50.84228515625
1274649,51.94091796875
1274677,46.7529296875
1274689,45.10498046875
1274710,44.0673828125
1274731,47.18017578125
1274785,49.62158203125
1274803,43.9453125
1274882,43.5791015625
1274944,51.69677734375
1274974,57.2509765625
1275055,57.4951171875
1275267,45.59326171875
1275352,51.3916015625
1275518,44.0673828125
1275604,44.677734375
1276359,47.18017578125
1319116,44.25048828125
1319188,52.490234375
1319343,47.2412109375
1319417,44.98291015625
1319476,44.00634765625
1319570,44.12841796875
1319590,50.537109375
1319649,51.513671875
1319717,68.2373046875
1319754,48.583984375
1319810,48.7060546875
1319842,43.3349609375
1319868,47.8515625
1319905,46.56982421875
1319942,49.560546875
1319969,50.35400390625
1319982,56.09130859375
1320013,45.59326171875
1320082,46.2646484375
1320135,50.10986328125
1320190,43.88427734375
1320221,55.6640625
1320260,46.142578125
1320270,47.9736328125
1320331,43.212890625
1320366,43.88427734375
1320382,54.931640625
1320408,49.4384765625
1320431,43.8232421875
1320544,48.828125
1320577,43.3349609375
1320661,51.513671875
1320743,51.025390625
1320888,42.96875
1321008,48.52294921875
1321062,56.640625
1321538,48.52294921875
1321651,45.71533203125
1322002,42.90771484375
1359669,53.77197265625
1359790,44.61669921875
1359817,48.76708984375
1359942,53.3447265625
1360105,45.71533203125
1360135,47.18017578125
1360210,43.701171875
1360285,46.32568359375
1360531,44.00634765625
1360574,44.5556640625
1360670,47.18017578125
1360842,44.0673828125
1360987,50.9033203125
1458495,50.72021484375
1486753,43.45703125
1486800,48.03466796875
1486975,50.1708984375
1487026,58.89892578125
1487050,43.5791015625
1487162,44.37255859375
1487204,53.40576171875
1487234,45.95947265625
1487260,78.79638671875
1487288,56.884765625
1487308,42.96875
1487341,63.8427734375
1487351,52.42919921875
1487390,55.6640625
1487448,47.05810546875
1487461,42.96875
1487518,45.166015625
1487534,66.0400390625
1487584,43.76220703125
1487598,54.0771484375
1487616,65.12451171875
1487647,43.27392578125
1487705,50.78125
1487725,51.08642578125
1487752,48.7060546875
1487763,56.57958984375
1487785,44.921875
1487882,45.47119140625
1487899,54.8095703125
1487918,45.5322265625
1487942,47.05810546875
1488034,64.0869140625
1488050,45.5322265625
1488092,48.76708984375
1488130,47.42431640625
1488172,65.12451171875
1488222,44.25048828125
1488275,55.0537109375
1488293,51.69677734375
1488338,52.1240234375
1488400,49.62158203125
1488497,47.91259765625
1488635,43.27392578125
1488703,44.00634765625
1488791,44.49462890625
1488823,67.626953125
1488872,46.875
1489166,51.33056640625
1489279,46.630859375
1489324,44.43359375
1489377,43.27392578125
1489542,46.5087890625
1490036,44.5556640625
1505672,51.513671875
1505725,46.32568359375
1505758,51.025390625
1505862,44.73876953125
1505989,50.35400390625
1506185,47.119140625
1506205,45.5322265625
1506320,49.560546875
1506359,50.1708984375
1506387,50.78125
1506432,45.654296875
1506480,47.2412109375
1506491,43.9453125
1506544,55.72509765625
1506580,48.76708984375
1506621,59.4482421875
1506639,55.11474609375
1506723,65.3076171875
1506766,62.255859375
1506824,49.86572265625
1506847,54.931640625
1506885,67.0166015625
1506958,57.4951171875
1506988,48.828125
1507096,56.396484375
1507132,44.12841796875
1507145,53.955078125
1507201,43.39599609375
1507366,55.2978515625
1507463,46.20361328125
1507486,46.630859375
1507505,46.2646484375
1507596,48.9501953125
1507606,65.97900390625
1507640,52.42919921875
1507720,44.61669921875
1507812,46.08154296875
1507863,44.677734375
1507925,45.166015625
1508387,45.166015625
1517351,45.83740234375
1518126,45.71533203125
1528017,44.921875
1528307,57.9833984375
1528551,48.03466796875
1528626,49.8046875
1528784,51.45263671875
1529252,50.59814453125
1529604,47.79052734375
1529700,45.47119140625
1530257,45.10498046875
1538457,45.34912109375
1538640,48.52294921875
1538716,47.9736328125
1539049,45.166015625
1539100,46.7529296875
1539224,44.921875
1539320,45.47119140625
1539381,43.51806640625
1549182,58.41064453125
1549370,46.0205078125
1549545,43.45703125
1549556,43.51806640625
1549787,44.73876953125
1549959,44.3115234375
1549987,50.29296875
1550086,50.72021484375
1550158,60.11962890625
1559882,50.6591796875
1560106,51.513671875
1560327,56.0302734375
1561125,43.5791015625
1561429,42.96875
1561467,45.5322265625
1570900,53.22265625
1571144,49.9267578125
1571321,43.0908203125
1571505,50.048828125
1571552,45.59326171875
1571582,54.931640625
1571713,46.2646484375
1572155,44.43359375
1572235,52.3681640625
1581776,44.0673828125
1581962,69.27490234375
1582099,44.37255859375
1582242,48.583984375
1582274,53.7109375
1582374,50.84228515625
1582678,46.08154296875
1582786,46.20361328125
1582993,43.701171875
1583114,52.734375
1583163,44.86083984375
1593650,43.0908203125
1593855,47.36328125
1594336,45.0439453125
1594556,44.61669921875
1594920,46.93603515625
1595038,46.7529296875
1604259,53.64990234375
1604455,48.88916015625
1604518,46.44775390625
1604686,44.86083984375
1604932,48.583984375
1605150,50.59814453125
1606129,44.00634765625
1614863,45.47119140625
1615073,58.53271484375
1615194,48.64501953125
1615276,44.43359375
1615312,63.78173828125
1616220,47.66845703125
1616521,53.03955078125
1626357,52.734375
1626531,57.18994140625
1626577,47.4853515625
1626670,51.57470703125
1626842,51.8798828125
1626974,43.8232421875
1627056,46.630859375
1627095,44.00634765625
1627130,43.02978515625
1627182,48.33984375
1627378,56.640625
1627416,43.51806640625
1627608,48.2177734375
1627864,44.86083984375
1628088,43.88427734375
1638365,58.7158203125
1638470,50.84228515625
1638506,44.677734375
1638621,44.98291015625
1638668,56.33544921875
1638702,43.76220703125
1638741,49.31640625
1638830,50.47607421875
1638897,49.01123046875
1639110,46.08154296875
1639302,46.7529296875
1639354,59.87548828125
1639418,58.2275390625
1639654,49.62158203125
1639683,51.1474609375
1650702,44.12841796875
1650721,47.54638671875
1650852,44.73876953125
1650886,49.74365234375
1650941,47.119140625
1651188,43.88427734375
1651342,61.09619140625
1651389,44.49462890625
1651457,44.7998046875
1651526,51.6357421875
1651667,45.22705078125
1651908,55.7861328125
1652117,45.2880859375
1652407,48.33984375
1662282,61.58447265625
1662305,51.57470703125
1662372,48.7060546875
1662609,54.50439453125
1662716,44.43359375
1662897,44.677734375
1663025,44.7998046875
1663101,44.49462890625
1663320,43.39599609375
1663477,46.93603515625
1663770,43.15185546875
1663902,43.64013671875
1664708,44.189453125
1673838,43.212890625
1674067,43.5791015625
1674230,44.73876953125
1674576,45.22705078125
1674639,45.95947265625
1674854,42.90771484375
1674893,44.12841796875
1675038,44.921875
1685619,44.73876953125
1685719,46.875
1685859,44.5556640625
1686359,58.53271484375
1686741,44.43359375
1687010,47.4853515625
1687464,43.88427734375
1698446,45.34912109375
1698573,43.8232421875
1698630,42.96875
1699034,43.45703125
1699082,46.875
1699233,44.86083984375
1699344,50.96435546875
1699508,44.921875
1699592,48.64501953125
1699644,45.41015625
1699672,48.828125
1699984,46.08154296875
1700178,48.15673828125
1700275,43.64013671875
1700609,46.08154296875
1712300,49.37744140625
1712499,53.7109375
1713021,49.49951171875
1713183,46.69189453125
1713348,45.2880859375
1713441,45.34912109375
1713481,57.0068359375
1713499,56.640625
1713536,45.83740234375
1713708,45.59326171875
1713761,53.466796875
1713879,49.072265625
1713912,49.8046875
1714090,44.73876953125
1714184,52.24609375
1714622,43.8232421875
1726945,48.03466796875
1727029,45.654296875
1727043,43.64013671875
1727110,43.15185546875
1727159,42.90771484375
1727178,46.20361328125
1727260,44.61669921875
1727307,48.4619140625
1727446,45.34912109375
1727485,47.66845703125
1727706,55.5419921875
1727737,45.7763671875
1727788,45.0439453125
1727822,44.98291015625
1727923,47.9736328125
1727956,48.27880859375
1728014,46.93603515625
1728055,49.62158203125
1728262,45.47119140625
1728302,44.7998046875
1728747,44.49462890625
1729383,45.71533203125
1729610,47.54638671875
1729925,43.15185546875
1742784,44.98291015625
1742814,44.189453125
1742843,46.20361328125
1742921,48.828125
1742963,46.7529296875
1742990,46.44775390625
1743076,52.490234375
1743120,49.49951171875
1743246,54.26025390625
1743320,53.52783203125
1743383,44.677734375
1743394,50.35400390625
1743438,46.08154296875
1743479,57.43408203125
1743493,46.08154296875
1743562,46.56982421875
1743599,47.8515625
1743662,43.3349609375
1743728,43.3349609375
1743818,49.4384765625
1743867,52.1240234375
1743913,50.59814453125
1743953,48.095703125
1744001,43.76220703125
1744142,51.45263671875
1744201,44.677734375
1744292,46.44775390625
1744397,45.83740234375
1744440,46.38671875
1744481,50.59814453125
1744679,58.89892578125
1744810,44.86083984375
1744927,43.3349609375
1760863,46.69189453125
1760933,51.513671875
1760974,44.43359375
1761006,44.921875
1761048,43.64013671875
1761089,43.212890625
1761158,46.2646484375
1761219,44.25048828125
1761303,51.26953125
1761363,43.51806640625
1761407,46.20361328125
1761431,48.583984375
1761457,52.42919921875
1761537,46.2646484375
1761611,45.5322265625
1761654,52.67333984375
1761715,50.29296875
1761736,44.86083984375
1761802,55.0537109375
1761879,47.54638671875
1761983,53.64990234375
1761996,59.814453125
1762121,53.28369140625
1762157,44.12841796875
1762239,54.99267578125
1762274,50.47607421875
1762320,47.91259765625
1762402,44.43359375
1762478,46.630859375
1762555,49.98779296875
1763014,45.10498046875
1763069,44.73876953125
1763582,43.27392578125
1780720,44.43359375
1780765,45.7763671875
1780839,49.1943359375
1780917,47.7294921875
1780941,44.86083984375
1780999,46.93603515625
1781018,49.13330078125
1781042,43.8232421875
1781060,44.5556640625
1781111,44.0673828125
1781267,43.76220703125
1781280,59.6923828125
1781318,70.80078125
1781413,43.27392578125
1781494,48.828125
1781513,45.8984375
1781530,44.86083984375
1781547,53.8330078125
1781566,56.94580078125
1781640,50.78125
1781654,57.2509765625
1781710,47.36328125
1781739,53.1005859375
1781760,44.37255859375
1781794,45.34912109375
1781836,43.701171875
1781874,46.2646484375
1781981,43.3349609375
1782065,63.04931640625
1782090,56.640625
1782535,52.18505859375
1782715,43.88427734375
1782897,46.81396484375
1782933,45.10498046875
1782953,48.583984375
1783191,44.61669921875
1783486,45.34912109375
1783735,55.11474609375
2074396,51.513671875
2074426,45.22705078125
2074611,43.212890625
2074658,44.00634765625
2074692,43.9453125
2074732,45.59326171875
2074767,45.34912109375
2074808,56.884765625
2074822,67.0166015625
2074885,65.4296875
2074914,64.453125
2074935,49.6826171875
2074952,54.8095703125
2074998,57.9833984375
2075027,49.98779296875
2075051,66.40625
2075079,46.630859375
2075095,45.22705078125
2075125,68.9697265625
2075154,45.10498046875
2075177,44.921875
2075204,71.2890625
2075248,43.9453125
2075382,75.439453125
2075392,53.03955078125
2075452,45.95947265625
2075504,58.53271484375
2075517,47.30224609375
2075561,44.49462890625
2075581,45.71533203125
2075628,50.9033203125
2075782,47.7294921875
2075853,50.35400390625
2076008,57.7392578125
2076117,48.583984375
2076140,46.630859375
2076180,45.5322265625
2076213,47.05810546875
2076238,43.15185546875
2076275,52.06298828125
2076331,44.73876953125
2076595,44.98291015625
2076715,51.025390625
2076725,45.166015625
2076742,53.7109375
2077146,44.86083984375
2077439,43.212890625
2077557,47.05810546875
2077611,45.22705078125
2077835,46.69189453125
2091606,44.43359375
2091671,43.3349609375
2091753,45.59326171875
2091790,43.51806640625
2091851,43.3349609375
2091965,48.9501953125
2092003,53.7109375
2092032,42.96875
2092116,46.08154296875
2092167,57.7392578125
2092177,47.9736328125
2092314,50.9033203125
2092370,59.326171875
2092382,45.166015625
2092424,54.3212890625
2092451,44.12841796875
2092531,50.4150390625
2092588,52.490234375
2092618,47.18017578125
2092636,59.99755859375
2092700,57.18994140625
2092730,42.96875
2092759,52.79541015625
2092813,49.6826171875
2092936,47.42431640625
2092968,52.30712890625
2092992,44.49462890625
2093048,44.25048828125
2093126,45.34912109375
2093210,43.212890625
2093340,49.6826171875
2093362,47.91259765625
2093602,58.7158203125
2093678,49.25537109375
2094440,43.9453125
2110381,47.05810546875
2110734,44.677734375
2111303,43.0908203125
2111774,43.3349609375
2132107,45.47119140625
2132705,46.9970703125
2132917,43.39599609375
2133324,49.8046875
2152004,44.73876953125
2152081,44.25048828125
2152284,44.43359375
2152294,44.43359375
2152381,43.64013671875
2152415,43.5791015625
2152583,46.875
2152609,46.142578125
2152671,50.4150390625
2152709,46.20361328125
2152787,48.4619140625
2152840,44.98291015625
2152889,49.8046875
2152932,46.56982421875
2152957,44.25048828125
2152969,53.955078125
2153001,58.4716796875
2153027,44.43359375
2153097,54.38232421875
2153114,46.38671875
2153193,62.255859375
2153203,52.490234375
2153260,46.7529296875
2153286,69.7021484375
2153315,44.5556640625
2153331,60.36376953125
2153460,49.86572265625
2153501,45.0439453125
2153517,53.16162109375
2153550,48.2177734375
2153571,46.9970703125
2153600,44.61669921875
2153855,44.12841796875
2153900,65.36865234375
2153961,47.4853515625
2154114,50.78125
2154144,43.39599609375
2154196,48.583984375
2154327,48.583984375
2154513,43.39599609375
2154760,55.7861328125
2154833,47.79052734375
2173631,46.32568359375
2173823,43.212890625
2174210,49.6826171875
2186191,43.51806640625
2186270,45.59326171875
2186499,57.2509765625
2186554,51.69677734375
2186590,52.42919921875
2186637,49.01123046875
2186649,62.6220703125
2186689,64.5751953125
2186721,51.33056640625
2186734,45.22705078125
2186752,66.83349609375
2186795,48.76708984375
2186841,65.49072265625
2186856,50.29296875
2186884,47.54638671875
2186905,46.2646484375
2186925,43.45703125
2186940,55.96923828125
2186971,46.81396484375
2187005,62.98828125
2187026,70.00732421875
2187059,51.3916015625
2187084,47.30224609375
2187099,48.095703125
2187118,43.02978515625
2187228,43.27392578125
2187272,48.76708984375
2187306,52.490234375
2187329,54.3212890625
2187348,49.072265625
2187381,49.62158203125
2187408,49.37744140625
2187445,44.61669921875
2187476,43.9453125
2187548,44.5556640625
2187563,44.12841796875
2187648,51.94091796875
2187662,49.31640625
2187720,47.9736328125
2187760,50.96435546875
2187832,48.2177734375
2187842,60.24169921875
2187930,44.677734375
2187961,43.3349609375
2188023,46.20361328125
2188050,43.02978515625
2188067,53.466796875
2188394,43.212890625
2188549,44.37255859375
2188635,48.27880859375
2188686,48.03466796875
2189225,44.7998046875
2198932,52.30712890625
2199709,62.31689453125
2199882,56.0302734375
2200545,43.02978515625
2209130,43.9453125
2209270,43.45703125
2209596,50.6591796875
2209738,46.142578125
2209798,44.25048828125
2209986,64.75830078125
2209996,46.38671875
2210048,47.91259765625
2210120,44.25048828125
2210144,44.0673828125
2210311,43.5791015625
2210344,43.27392578125
2210373,57.80029296875
2210478,44.7998046875
2210738,46.142578125
2210791,52.42919921875
2211061,44.677734375
2221441,49.8046875
2221528,47.05810546875
2221593,53.77197265625
2221624,46.69189453125
2221886,44.73876953125
2221922,47.7294921875
2221950,46.93603515625
2222010,50.72021484375
2222052,44.98291015625
2222149,43.701171875
2222208,50.10986328125
2222286,43.51806640625
2222322,50.59814453125
2222368,49.49951171875
2222428,45.166015625
2222522,48.7060546875
2222588,56.396484375
2222621,58.65478515625
2222670,52.1240234375
2222754,46.9970703125
2222770,46.93603515625
2222930,47.66845703125
2223029,43.701171875
2223163,48.828125
2223313,44.43359375
2223351,44.00634765625
2224754,48.52294921875
2249152,44.25048828125
2249225,56.7626953125
2249254,50.84228515625
2249335,44.00634765625
2249460,43.27392578125
2249511,43.3349609375
2249648,44.189453125
2249684,53.466796875
2249793,54.13818359375
2249808,67.626953125
2249888,44.0673828125
2249925,43.88427734375
2249961,49.31640625
2249979,62.68310546875
2250002,50.4150390625
2250031,59.75341796875
2250080,43.701171875
2250117,45.95947265625
2250146,44.12841796875
2250201,56.5185546875
2250241,46.20361328125
2250256,45.59326171875
2250313,45.83740234375
2250485,52.79541015625
2250513,45.83740234375
2250592,43.8232421875
2250613,46.7529296875
2250678,43.15185546875
2250744,55.48095703125
2250961,53.28369140625
2250989,53.16162109375
2251076,46.0205078125
2251293,44.98291015625
2253119,44.189453125
2265485,45.0439453125
2271335,42.96875
2276398,45.2880859375
2276426,45.2880859375
2276839,44.7998046875
2277021,48.52294921875
2277051,44.0673828125
2277212,45.2880859375
2277258,60.05859375
2277317,48.15673828125
2277364,48.76708984375
2277515,65.97900390625
2277615,56.15234375
2277685,47.7294921875
2277712,48.9501953125
2277835,49.49951171875
2277968,46.875
2278111,47.4853515625
2278149,47.66845703125
2291518,44.677734375
2291689,47.36328125
2291894,55.7861328125
2292006,43.212890625
2292135,43.88427734375
2292158,46.69189453125
2292235,47.9736328125
2292401,43.701171875
2292471,45.8984375
2292497,44.61669921875
2292549,57.67822265625
2292579,44.12841796875
2292700,44.86083984375
2292743,56.33544921875
2292868,43.76220703125
2292982,47.42431640625
2293046,49.6826171875
2293056,58.4716796875
2293126,44.3115234375
2293165,43.212890625
2293228,45.22705078125
2293328,51.1474609375
2293552,46.875
2308497,73.73046875
2308858,49.74365234375
2309029,44.5556640625
2309068,43.88427734375
2309082,43.3349609375
2309118,46.9970703125
2309178,44.0673828125
2309233,51.3916015625
2309294,48.2177734375
2309362,60.85205078125
2309400,50.9033203125
2309514,42.90771484375
2309533,64.63623046875
2309681,51.025390625
2309844,47.66845703125
2309962,47.05810546875
2310252,49.1943359375
2310492,46.81396484375
2323442,50.47607421875
2323906,51.7578125
2324213,52.978515625
2324427,45.7763671875
2330833,43.88427734375
2331766,44.00634765625
2337842,54.62646484375
2338288,50.47607421875
2338744,48.095703125
2338888,58.2275390625
2338937,43.39599609375
2339061,46.56982421875
2339094,52.91748046875
2339151,45.5322265625
2339278,43.02978515625
2339657,44.43359375
2339829,45.7763671875
2350746,43.45703125
2351143,50.29296875
2351227,43.51806640625
2351896,43.51806640625
2351985,47.30224609375
2352328,44.3115234375
2352417,49.98779296875
2362908,45.41015625
2363087,49.01123046875
2364280,48.095703125
2372593,46.32568359375
2373025,45.41015625
2373087,46.56982421875
2379626,43.3349609375
2387471,45.0439453125
2396173,45.41015625
2397162,60.6689453125
2397641,43.02978515625
2405946,48.33984375
2406051,45.8984375
2415262,43.27392578125
2424671,49.01123046875
2425116,44.12841796875
2425307,49.31640625
2436553,44.7998046875
2452088,44.61669921875
2452131,43.02978515625
2463468,43.88427734375
2471513,46.56982421875
2472632,47.05810546875
2481149,47.4853515625
2481755,44.0673828125
2490673,52.6123046875
2490967,43.64013671875
2491081,43.64013671875
2500694,43.51806640625
2507993,46.44775390625
2517949,44.5556640625
2518157,46.08154296875
2518285,46.7529296875
2519964,44.37255859375
2520241,43.88427734375
2520756,45.654296875
2537799,43.02978515625
2538032,43.45703125
2538949,44.5556640625
2539487,50.29296875
2540282,48.095703125
2548374,42.96875
2548412,46.0205078125
2549647,55.60302734375
2549868,43.45703125
2558111,52.67333984375
2559292,48.4619140625
2569493,46.7529296875
2569697,43.88427734375
2570342,46.875
2570455,51.1474609375
2570564,52.30712890625
2570615,44.73876953125
2570745,43.15185546875
2570870,43.212890625
2570907,43.5791015625
2570922,43.76220703125
2571092,53.7109375
2571270,51.81884765625
2571449,51.57470703125
2571547,46.9970703125
2595603,48.64501953125
2595937,44.677734375
2596222,43.701171875
2596493,43.15185546875
2596855,69.3359375
2597578,43.45703125
2597877,47.54638671875
2619672,56.21337890625
2619977,45.2880859375
2620021,44.49462890625
2620240,45.8984375
2620314,48.52294921875
2620380,43.45703125
2620424,46.20361328125
2620435,51.7578125
2620510,45.10498046875
2620595,45.166015625
2620671,43.5791015625
2620814,43.88427734375
2620851,43.39599609375
2621012,63.232421875
2621275,45.34912109375
2621297,46.32568359375
2621892,43.3349609375
2632899,45.71533203125
2633105,45.10498046875
2633999,46.81396484375
2652035,44.61669921875
2652987,43.51806640625
2653081,49.9267578125
2653206,47.66845703125
2653275,52.18505859375
2653447,46.7529296875
2653518,47.607421875
2653541,44.5556640625
2653643,46.20361328125
2653676,46.20361328125
2653869,49.1943359375
2653907,44.61669921875
2654545,45.166015625
2654638,44.61669921875
2726793,46.630859375
2727168,62.68310546875
2727220,59.814453125
2727242,49.1943359375
2727271,43.15185546875
2727325,55.908203125
2727407,51.94091796875
2727451,48.33984375
2727492,56.21337890625
2727513,58.4716796875
2727547,47.42431640625
2727574,46.08154296875
2727598,53.16162109375
2727614,52.734375
2727634,56.57958984375
2727716,52.24609375
2727756,44.921875
2727767,57.67822265625
2727800,47.30224609375
2727825,45.2880859375
2727879,46.20361328125
2727913,48.52294921875
2727960,44.73876953125
2728076,50.29296875
2728113,48.88916015625
2728210,45.41015625
2728295,43.212890625
2728318,45.22705078125
2728408,51.26953125
2728459,47.05810546875
2728512,53.8330078125
2728602,43.88427734375
2728756,47.2412109375
2728930,53.03955078125
2728965,65.5517578125
2729522,43.5791015625
2749686,44.43359375
2749779,51.08642578125
2749935,44.98291015625
2750062,55.48095703125
2750107,46.69189453125
2750166,44.189453125
2750201,46.32568359375
2750257,50.6591796875
2750292,49.6826171875
2750371,70.25146484375
2750404,48.15673828125
2750427,63.3544921875
2750444,87.40234375
2750461,47.119140625
2750547,61.4013671875
2750595,50.1708984375
2750610,49.31640625
2750657,54.50439453125
2750703,58.28857421875
2750734,53.1005859375
2750781,45.7763671875
2750857,42.90771484375
2750923,45.22705078125
2751008,66.83349609375
2751100,43.76220703125
2751129,43.39599609375
2751182,44.25048828125
2751323,52.18505859375
2751453,43.3349609375
2751581,48.52294921875
2751676,48.4619140625
2766995,44.61669921875
2767111,48.9501953125
2767212,65.7958984375
2767430,56.2744140625
2767493,51.513671875
2767511,45.59326171875
2767684,52.001953125
2767729,52.55126953125
2767739,43.27392578125
2767848,45.7763671875
2767862,43.64013671875
2767872,42.96875
2767897,42.90771484375
2767917,44.677734375
2767983,46.38671875
2768012,47.2412109375
2768114,46.630859375
2768373,51.6357421875
2768402,56.884765625
2768507,46.875
2768572,45.59326171875
2768688,45.654296875
2768756,43.45703125
2768774,44.98291015625
2768847,48.03466796875
2768912,43.0908203125
2769063,44.3115234375
2879318,48.03466796875
2879583,44.3115234375
2879712,43.39599609375
2879901,47.54638671875
2879917,44.98291015625
2879934,45.2880859375
2879949,50.35400390625
2879986,45.0439453125
2880027,44.3115234375
2880074,52.91748046875
2880130,46.38671875
2880215,44.3115234375
2880237,44.86083984375
2880267,43.3349609375
2880292,51.20849609375
2880307,55.35888671875
2880326,60.11962890625
2880364,43.212890625
2880420,57.80029296875
2880465,47.607421875
2880477,58.4716796875
2880494,52.06298828125
2880538,53.52783203125
2880682,60.1806640625
2880714,58.16650390625
2880735,44.12841796875
2880753,46.5087890625
2880787,45.59326171875
2880824,49.86572265625
2880910,53.3447265625
2880947,44.37255859375
2881010,53.955078125
2881035,69.88525390625
2881082,43.39599609375
2881174,43.02978515625
2881200,51.26953125
2881330,43.51806640625
2881358,45.8984375
2881369,45.0439453125
2881555,45.95947265625
2881582,49.98779296875
2881604,46.69189453125
2881649,43.15185546875
2881677,46.81396484375
2881837,43.27392578125
2881926,50.59814453125
2881975,46.142578125
2882023,49.25537109375
2882043,43.02978515625
2882108,43.88427734375
2882175,43.64013671875
2882376,44.3115234375
2950587,45.8984375
2950678,44.189453125
2950778,44.86083984375
2950835,43.02978515625
2950926,45.2880859375
2950969,47.54638671875
2951007,44.98291015625
2951051,60.85205078125
2951065,45.8984375
2951115,46.142578125
2951166,43.39599609375
2951217,53.1005859375
2951235,45.95947265625
2951269,53.5888671875
2951307,59.99755859375
2951349,47.2412109375
2951391,44.73876953125
2951423,53.89404296875
2951439,44.49462890625
2951466,43.45703125
2951480,71.044921875
2951675,53.8330078125
2951712,48.40087890625
2951775,46.38671875
2951810,44.49462890625
2951887,49.98779296875
2951916,46.0205078125
2951938,55.6640625
2952166,51.6357421875
2952198,48.095703125
2952288,43.64013671875
2952299,44.5556640625
2952401,53.466796875
2952454,48.7060546875
2952653,47.30224609375
2952727,45.5322265625
2952893,44.98291015625
2952953,45.10498046875
2953131,59.38720703125
2953378,44.00634765625
2988930,47.7294921875
2992737,45.8984375
2992926,55.72509765625
2993165,45.34912109375
2993203,44.49462890625
2993232,49.1943359375
2993260,43.02978515625
2993407,46.7529296875
2993523,44.43359375
2993553,44.0673828125
2993564,56.15234375
2993593,43.9453125
2993633,51.33056640625
2993709,46.44775390625
2993746,52.06298828125
2993784,48.583984375
2993833,54.87060546875
2993880,45.7763671875
2993945,49.25537109375
2993980,46.5087890625
2994134,46.44775390625
2994243,63.53759765625
2994400,49.13330078125
2994775,48.7060546875
2995493,45.0439453125
3050818,46.44775390625
3052087,46.56982421875
3055565,46.69189453125
3055693,43.3349609375
3055713,45.5322265625
3055745,43.27392578125
3055782,43.5791015625
3055869,50.4150390625
3055913,45.5322265625
3055954,45.34912109375
3056095,63.17138671875
3056118,50.9033203125
3056163,63.65966796875
3056205,56.15234375
3056248,47.4853515625
3056299,53.03955078125
3056346,45.47119140625
3056387,49.37744140625
3056431,50.47607421875
3056470,52.06298828125
3056480,45.22705078125
3056504,50.84228515625
3056550,53.955078125
3056630,47.91259765625
3056694,52.79541015625
3056781,57.4951171875
3056810,43.9453125
3056859,47.36328125
3056951,45.59326171875
3057008,43.64013671875
3057027,43.76220703125
3057062,45.41015625
3057091,43.45703125
3057139,46.56982421875
3057189,46.5087890625
3057256,43.45703125
3057351,43.701171875
3057378,46.0205078125
3057441,43.02978515625
3057886,50.78125
3057941,44.43359375
3085486,45.5322265625
3085508,47.7294921875
3085644,47.4853515625
3085697,44.37255859375
3085718,47.607421875
3085742,46.93603515625
3085767,45.71533203125
3085784,44.49462890625
3085843,44.7998046875
3085894,50.23193359375
3085950,46.56982421875
3085970,53.89404296875
3086064,42.90771484375
3086081,50.72021484375
3086171,43.0908203125
3086181,49.9267578125
3086248,50.47607421875
3086398,43.02978515625
3086512,47.66845703125
3086525,48.9501953125
3086558,47.36328125
3086603,42.96875
3086765,49.25537109375
3086788,55.84716796875
3086828,45.8984375
3086855,47.42431640625
3086884,43.5791015625
3087069,55.7861328125
3087150,44.677734375
3087321,52.91748046875
3087360,46.875
3118428,43.8232421875
3119140,45.41015625
3119910,43.45703125
3119931,44.86083984375
3120189,46.93603515625
3120225,46.81396484375
3120265,45.0439453125
3120361,61.4013671875
3120401,54.26025390625
3120453,46.69189453125
3120492,45.7763671875
3120611,45.166015625
3120692,50.4150390625
3120792,47.54638671875
3120910,48.15673828125
3120947,47.18017578125
3120981,43.5791015625
3121083,46.69189453125
3121269,47.91259765625
3121299,48.03466796875
3121553,44.3115234375
3121650,53.89404296875
3121987,45.71533203125
3122264,49.4384765625
3128836,43.76220703125
3142092,42.90771484375
3142574,45.0439453125
3142852,43.8232421875
3142929,52.24609375
3143283,52.18505859375
3143352,48.095703125
3143363,48.03466796875
3143496,51.57470703125
3144225,43.3349609375
3144557,43.76220703125
3166489,43.64013671875
3166588,48.4619140625
3166826,42.90771484375
3166892,45.7763671875
3167017,45.2880859375
3167036,53.22265625
3167159,51.8798828125
3167174,48.33984375
3167268,43.39599609375
3167296,51.025390625
3167441,57.92236328125
3167455,46.69189453125
3167545,46.56982421875
3167589,53.1005859375
3167607,56.33544921875
3167701,47.119140625
3167802,43.5791015625
3167868,52.55126953125
3167903,43.701171875
3168009,50.35400390625
3168097,42.96875
3168282,43.701171875
3168880,49.62158203125
3169068,46.20361328125
3169465,43.3349609375
3194657,48.88916015625
3195352,45.166015625
3199013,52.30712890625
3199029,48.583984375
3223193,43.3349609375
3223405,45.166015625
3223824,48.2177734375
3224126,47.607421875
3224175,44.3115234375
3224191,51.7578125
3224223,45.47119140625
3224242,49.9267578125
3224266,46.32568359375
3224388,46.32568359375
3224442,48.64501953125
3224482,51.6357421875
3224506,51.025390625
3224596,47.119140625
3224626,43.02978515625
3224665,55.84716796875
3224714,50.78125
3224724,48.15673828125
3224746,45.83740234375
3224869,47.119140625
3224895,48.40087890625
3224922,60.9130859375
3225017,55.2978515625
3225039,45.7763671875
3225201,50.9033203125
3225278,49.1943359375
3225297,48.828125
3225410,46.56982421875
3225593,44.189453125
3225634,45.7763671875
3225673,44.86083984375
3225812,46.81396484375
3225943,44.3115234375
3226026,52.42919921875
3226149,43.15185546875
3237349,47.05810546875
3237615,43.27392578125
3250593,43.64013671875
3251124,44.921875
3261191,45.34912109375
3261503,47.8515625
3262454,44.7998046875
3297302,43.51806640625
3297650,48.88916015625
3309696,43.15185546875
3315216,50.96435546875
3315458,45.0439453125
3315583,42.90771484375
3320912,43.15185546875
3342567,54.8095703125
3342595,43.76220703125
3342727,47.2412109375
3362186,43.88427734375
3362908,44.49462890625
3362999,45.71533203125
3364500,42.96875
3364946,56.396484375
3365377,47.8515625
3365429,50.23193359375
3365512,47.607421875
3366155,45.10498046875
3373080,46.875
3382344,45.10498046875
3384213,42.90771484375
3393222,43.64013671875
3393610,43.0908203125
3393715,43.3349609375
3393773,43.0908203125
3393842,49.560546875
3394441,43.8232421875
3394580,43.39599609375
3394947,46.56982421875
3402707,45.47119140625
3411855,47.4853515625
3412012,48.33984375
3412310,52.978515625
3412445,44.43359375
3412482,57.06787109375
3412674,54.01611328125
3412926,44.189453125
3412937,48.52294921875
3413024,49.98779296875
3413254,56.5185546875
3413341,43.15185546875
3413351,63.41552734375
3413473,43.51806640625
3413509,47.05810546875
3413566,44.73876953125
3413599,48.33984375
3413630,45.10498046875
3413642,54.01611328125
3413736,48.095703125
3413843,45.71533203125
3413908,47.91259765625
3413926,48.52294921875
3413980,49.49951171875
3414068,43.701171875
3414134,46.20361328125
3414276,43.5791015625
3414298,44.37255859375
3414340,43.212890625
3414614,44.7998046875
3414684,48.9501953125
3421986,44.189453125
3422601,43.27392578125
3432643,51.94091796875
3432779,44.37255859375
3432980,44.98291015625
3433014,56.884765625
3433048,50.29296875
3433124,43.27392578125
3433324,65.5517578125
3433371,50.9033203125
3433452,54.99267578125
3433500,49.25537109375
3433525,50.9033203125
3433538,44.25048828125
3433569,58.7158203125
3433620,54.443359375
3433644,45.7763671875
3433685,43.8232421875
3433723,50.78125
3433735,61.1572265625
3433835,45.34912109375
3433855,52.55126953125
3433906,44.37255859375
3434002,48.27880859375
3434202,43.15185546875
3434222,44.49462890625
3434349,49.9267578125
3434438,54.3212890625
3434538,44.5556640625
3434634,48.03466796875
3434736,47.05810546875
3434842,45.59326171875
3434927,54.443359375
3434995,52.06298828125
3442821,47.30224609375
3452320,44.73876953125
3452732,51.8798828125
3452837,48.64501953125
3453091,46.875
3453174,51.57470703125
3453192,46.08154296875
3453220,50.537109375
3453309,43.39599609375
3453328,65.7958984375
3453413,45.95947265625
3453697,50.47607421875
3453713,43.02978515625
3453857,47.54638671875
3453881,55.72509765625
3453899,52.3681640625
3453938,45.654296875
3453981,45.654296875
3454088,45.654296875
3454206,44.61669921875
3454222,52.18505859375
3454469,42.96875
3454656,49.62158203125
3455083,43.51806640625
3463060,48.828125
3471783,46.69189453125
3472175,49.4384765625
3472306,42.96875
3472464,47.66845703125
3472649,45.8984375
3472695,47.9736328125
3472918,65.73486328125
3472962,44.49462890625
3473047,45.5322265625
3473069,52.734375
3473137,47.42431640625
3473169,45.654296875
3473385,46.08154296875
3473601,49.4384765625
3473716,57.80029296875
3473839,43.8232421875
3474066,45.5322265625
3484122,43.212890625
3492259,48.4619140625
3492634,43.5791015625
3493041,58.7158203125
3493209,43.76220703125
3493492,45.95947265625
3493601,63.96484375
3493782,45.34912109375
3494139,43.15185546875
3503988,44.677734375
3504260,56.33544921875
3504693,44.3115234375
3505267,45.59326171875
3515084,62.1337890625
3515163,48.095703125
3515308,45.0439453125
3515359,43.51806640625
3515460,50.96435546875
3515599,49.9267578125
3515630,49.6826171875
3515750,48.03466796875
3516024,43.15185546875
3516112,45.8984375
3516122,50.6591796875
3516176,50.4150390625
3516252,54.26025390625
3516438,46.5087890625
3516454,49.31640625
3516568,43.212890625
3516794,43.27392578125
3516812,49.9267578125
3529217,49.86572265625
3529487,44.3115234375
3529609,47.05810546875
3529729,45.41015625
3529862,45.95947265625
3529979,47.4853515625
3530198,45.22705078125
3530473,49.560546875
3530509,49.31640625
3530577,43.5791015625
3531014,43.39599609375
3544913,44.25048828125
3545119,47.30224609375
3545231,48.88916015625
3545263,52.6123046875
3545322,44.61669921875
3545516,49.1943359375
3545688,44.3115234375
3545715,44.25048828125
3545989,45.83740234375
3546065,43.212890625
3546082,45.2880859375
3546147,52.978515625
3546210,43.701171875
3546300,43.0908203125
3546390,47.91259765625
3546937,44.3115234375
3547092,43.212890625
3547519,45.83740234375
3566211,44.189453125
3566595,44.921875
3566949,47.05810546875
3566995,46.0205078125
3567011,49.01123046875
3567127,43.3349609375
3567182,51.7578125
3567206,51.6357421875
3567339,45.47119140625
3567365,50.10986328125
3567402,43.8232421875
3567455,52.8564453125
3567478,48.095703125
3567532,52.79541015625
3567554,48.64501953125
3567586,49.13330078125
3567621,47.30224609375
3567683,50.537109375
3567824,44.49462890625
3567844,43.8232421875
3567897,46.9970703125
3567971,45.34912109375
3567992,43.0908203125
3568102,46.69189453125
3568155,45.8984375
3568294,47.30224609375
3568372,51.20849609375
3568419,46.38671875
3568545,43.88427734375
3568734,46.5087890625
3568913,42.90771484375
3568923,45.83740234375
3569122,47.7294921875
3711365,43.15185546875
3711448,50.6591796875
3711607,56.2744140625
3711641,46.32568359375
3711727,51.26953125
3711771,58.77685546875
3711805,43.39599609375
3711844,55.96923828125
3711854,47.8515625
3711868,43.45703125
3711883,45.2880859375
3711913,57.55615234375
3711952,44.921875
3712001,54.74853515625
3712021,50.23193359375
3712031,56.2744140625
3712104,60.97412109375
3712156,50.1708984375
3712247,50.9033203125
3712287,45.10498046875
3712297,48.40087890625
3712311,50.537109375
3712373,50.72021484375
3712425,46.20361328125
3712578,53.64990234375
3712662,45.41015625
3712687,47.9736328125
3712807,42.90771484375
3712929,46.20361328125
3712960,43.0908203125
3712981,47.607421875
3713029,43.27392578125
3713135,51.513671875
3713278,44.12841796875
3713319,47.79052734375
3713453,43.3349609375
3713513,48.76708984375
3713557,45.34912109375
3713679,45.2880859375
3713790,43.3349609375
3714261,59.14306640625
3728744,47.9736328125
3729229,43.8232421875
3729503,51.513671875
3729738,43.701171875
3730104,48.88916015625
3761788,44.86083984375
3761824,45.7763671875
3762349,42.96875
3778900,56.57958984375
3778973,44.49462890625
3779496,48.583984375
3779522,45.10498046875
3779625,48.64501953125
3779832,55.60302734375
3779882,52.3681640625
3779952,57.43408203125
3780088,44.43359375
3780108,55.2978515625
3780145,44.49462890625
3780188,59.5703125
3780229,45.5322265625
3780271,46.7529296875
3780283,55.908203125
3780335,43.64013671875
3780399,44.5556640625
3780416,55.0537109375
3780450,44.37255859375
3780479,44.7998046875
3780511,58.28857421875
3780541,47.8515625
3780565,46.69189453125
3780591,45.47119140625
3780772,45.654296875
3780819,43.9453125
3780872,49.6826171875
3780944,46.0205078125
3780986,44.25048828125
3781001,51.26953125
3781056,53.03955078125
3781260,55.5419921875
3781316,54.01611328125
3781592,50.537109375
3781861,59.6923828125
3782012,43.8232421875
3795807,47.05810546875
3795821,46.32568359375
3795877,49.8046875
3795946,45.71533203125
3796077,44.00634765625
3796132,51.69677734375
3796201,50.1708984375
3796213,49.37744140625
3796299,45.47119140625
3796330,44.12841796875
3796429,49.4384765625
3796725,52.8564453125
3796755,51.7578125
3796850,44.43359375
3796903,43.9453125
3797205,49.072265625
3797397,47.91259765625
3797439,43.02978515625
3797878,43.76220703125
3798279,58.89892578125
3810982,42.96875
3811098,50.72021484375
3811254,50.72021484375
3811563,50.59814453125
3811819,43.51806640625
3811969,52.18505859375
3812460,46.93603515625
3822793,42.90771484375
3822821,43.8232421875
3822869,50.47607421875
3823041,50.4150390625
3823083,50.78125
3823199,46.32568359375
3823238,47.42431640625
3823339,45.10498046875
3823465,60.6689453125
3823710,48.2177734375
3823763,43.02978515625
3823825,44.61669921875
3823848,51.6357421875
3823967,51.513671875
3823983,51.81884765625
3824183,49.25537109375
3824273,47.05810546875
3824296,44.00634765625
3824470,46.93603515625
3824670,43.5791015625
3824785,48.52294921875
3824799,46.20361328125
3824815,48.88916015625
3825409,46.9970703125
3843876,46.20361328125
3844045,48.828125
3844518,46.2646484375
3844636,44.61669921875
3844765,59.2041015625
3844874,43.701171875
3844936,52.79541015625
3844998,46.2646484375
3845028,47.119140625
3845141,44.0673828125
3845185,49.49951171875
3845207,43.64013671875
3845236,47.7294921875
3845288,43.02978515625
3845390,46.5087890625
3845425,42.96875
3845444,43.45703125
3845541,44.5556640625
3845940,48.27880859375
3858466,54.99267578125
3858776,45.0439453125
3870304,56.33544921875
3870396,44.0673828125
3870717,48.76708984375
3870828,42.90771484375
3870859,46.20361328125
3870899,52.79541015625
3871009,43.76220703125
3871050,49.8046875
3871116,43.51806640625
3871247,43.15185546875
3871308,44.43359375
3871322,53.8330078125
3871439,44.3115234375
3871451,45.8984375
3871475,44.3115234375
3871594,43.76220703125
3871845,53.1005859375
3872292,43.212890625
3872379,45.95947265625
3872421,50.47607421875
3872732,46.2646484375
3888539,44.73876953125
3888764,42.90771484375
3889086,48.40087890625
3889159,55.23681640625
3889218,50.78125
3889392,43.76220703125
3889437,58.16650390625
3889522,44.43359375
3889619,44.25048828125
3889746,43.9453125
3889793,45.34912109375
3889864,43.5791015625
3890021,47.36328125
3890085,49.31640625
3890099,50.35400390625
3890161,48.7060546875
3890313,42.90771484375
3890342,45.22705078125
3890363,43.9453125
3890529,44.86083984375
3907684,45.2880859375
3907719,43.15185546875
3907883,46.875
3907968,49.4384765625
3908317,45.10498046875
3908413,43.64013671875
3908509,47.2412109375
3908800,45.41015625
3908979,45.22705078125
3909021,45.2880859375
3909399,62.01171875
3920148,45.10498046875
3926586,43.8232421875
3934926,43.3349609375
3935384,49.31640625
3935411,46.81396484375
3935539,53.16162109375
3935638,49.31640625
3936013,53.5888671875
3936141,45.71533203125
3936368,43.701171875
3936589,48.7060546875
3944689,47.36328125
3945751,46.142578125
3960090,50.35400390625
3960686,44.3115234375
3968287,47.79052734375
3969649,43.3349609375
3988717,47.8515625
3989533,44.49462890625
3996768,45.8984375
3997461,43.39599609375
4013730,44.12841796875
4014062,46.0205078125
4014341,44.7998046875
4030563,43.15185546875
4047770,44.12841796875
4074365,45.10498046875
4084076,43.88427734375
4092857,43.3349609375
4092900,45.5322265625
4125580,44.37255859375
4126367,43.3349609375
4143676,54.0771484375
4143762,43.0908203125
4143797,47.119140625
4143982,43.15185546875
4144082,53.77197265625
4144238,48.828125
4144345,45.41015625
4144383,49.9267578125
4144425,49.25537109375
4144507,49.9267578125
4144646,48.33984375
4144680,46.44775390625
4144763,52.55126953125
4144776,44.189453125
4145178,43.3349609375
4145247,44.61669921875
4145617,53.5888671875
4145649,44.677734375
4145918,43.45703125
4160509,50.29296875
4160557,47.119140625
4160800,43.15185546875
4160925,47.2412109375
4160980,52.490234375
4161214,47.66845703125
4161393,53.03955078125
4161428,43.5791015625
4179109,52.734375
4179610,44.43359375
4179759,43.0908203125
4179788,45.41015625
4179870,48.095703125
4180119,43.0908203125
4180437,44.12841796875
4180473,46.7529296875
4180666,44.00634765625
4180704,45.83740234375
4180738,57.67822265625
4180829,49.4384765625
4181075,49.9267578125
4181389,44.7998046875
4181435,47.79052734375
4210886,45.34912109375
4211094,43.51806640625
4211239,49.1943359375
4211297,47.30224609375
4211443,44.7998046875
4211491,44.921875
4211522,48.7060546875
4211554,43.45703125
4211656,43.51806640625
4211819,45.166015625
4211832,49.49951171875
4211896,53.28369140625
4211926,43.3349609375
4211960,56.33544921875
4212160,46.0205078125
4212173,43.39599609375
4212254,44.0673828125
4212308,42.90771484375
4212368,48.9501953125
4212407,46.38671875
4212559,54.19921875
4212888,43.27392578125
4212903,47.36328125
4236850,49.37744140625
4237058,45.34912109375
4237125,49.560546875
4237267,52.734375
4237432,51.513671875
4237518,48.64501953125
4237549,49.01123046875
4237566,50.048828125
4237596,44.12841796875
4237712,43.76220703125
4237746,46.0205078125
4237782,51.08642578125
4237832,46.56982421875
4237892,46.93603515625
4238003,48.15673828125
4238157,56.70166015625
4238399,45.71533203125
4238493,52.6123046875
4238749,43.27392578125
4238842,44.5556640625
4238943,47.7294921875
4259455,50.1708984375
4259912,49.8046875
4259923,46.2646484375
4260034,52.1240234375
4260083,46.9970703125
4260187,44.677734375
4260314,52.24609375
4260351,45.34912109375
4260384,46.44775390625
4260420,47.18017578125
4260518,44.189453125
4260587,58.41064453125
4260681,44.37255859375
4260886,43.27392578125
4260936,45.654296875
4261047,53.466796875
4261139,45.654296875
4262756,46.2646484375
4263373,54.19921875
4276736,45.59326171875
4276990,48.40087890625
4277263,43.45703125
4277535,47.18017578125
4277676,47.36328125
4277857,45.10498046875
4277891,43.64013671875
4278420,44.49462890625
4278709,43.76220703125
4337698,45.59326171875
4337749,48.03466796875
4338134,45.95947265625
4338162,64.75830078125
4338376,52.67333984375
4338418,54.6875
4338445,56.0302734375
4338498,43.5791015625
4338576,43.02978515625
4338648,44.25048828125
4338678,52.978515625
4338695,44.189453125
4338774,49.49951171875
4338800,53.5888671875
4338821,55.48095703125
4338982,47.79052734375
4339003,46.44775390625
4339035,56.2744140625
4339098,44.86083984375
4339127,56.94580078125
4339179,54.38232421875
4339353,47.9736328125
4339511,45.22705078125
4339599,45.10498046875
4339778,47.8515625
4339875,46.20361328125
4340039,50.78125
4340088,43.0908203125
4340324,49.25537109375
4340771,49.560546875
4472540,44.3115234375
4474086,52.734375
4474129,49.31640625
4474229,44.921875
4474266,55.48095703125
4474368,43.02978515625
4474381,44.7998046875
4474453,46.56982421875
4474489,54.931640625
4474509,74.15771484375
4474618,48.15673828125
4474666,56.70166015625
4474690,47.66845703125
4474743,43.76220703125
4474849,53.22265625
4474879,49.74365234375
4474898,55.5419921875
4475035,43.51806640625
4475093,49.31640625
4475129,47.18017578125
4475148,43.212890625
4475265,42.96875
4475450,44.677734375
4475632,48.40087890625
4475665,46.20361328125
4475709,44.43359375
4475728,43.27392578125
4475779,49.4384765625
4475990,42.96875
4476031,43.701171875
4477266,43.02978515625
4579400,50.78125
4579705,46.38671875
4579775,45.59326171875
4579953,52.06298828125
4580004,49.74365234375
4580028,47.9736328125
4580070,55.72509765625
4580123,43.3349609375
4580141,49.8046875
4580179,55.419921875
4580247,53.03955078125
4580303,43.64013671875
4580544,46.875
4580597,45.8984375
4580723,46.0205078125
4580840,55.48095703125
4580918,45.47119140625
4580950,43.701171875
4581153,49.62158203125
4581259,44.25048828125
4581278,48.7060546875
4581537,50.59814453125
4581584,50.78125
4581896,45.83740234375
4582026,46.7529296875
4582210,47.42431640625
4582416,42.90771484375
4583067,45.95947265625
4615469,44.921875
4633412,43.39599609375
4635075,46.630859375
4635247,50.10986328125
4635320,47.8515625
4635438,49.13330078125
4635584,46.20361328125
4635652,44.43359375
4635696,43.64013671875
4635721,49.9267578125
4635748,43.51806640625
4635877,56.2744140625
4635889,42.90771484375
4635945,59.50927734375
4635972,53.3447265625
4636012,45.59326171875
4636023,43.5791015625
4636091,49.1943359375
4636544,52.1240234375
4636748,55.23681640625
4637070,45.47119140625
4637561,47.8515625
4659590,49.74365234375
4659936,52.79541015625
4659987,44.677734375
4660025,45.166015625
4660074,45.83740234375
4660125,52.8564453125
4660167,46.56982421875
4660201,60.36376953125
4660229,58.2275390625
4660261,43.0908203125
4660326,48.7060546875
4660340,49.8046875
4660450,53.40576171875
4660526,44.7998046875
4660561,50.47607421875
4660650,43.51806640625
4660719,49.62158203125
4660743,47.2412109375
4660791,51.33056640625
4661203,43.76220703125
4661617,45.83740234375
4661688,51.7578125
4662411,45.0439453125
4696896,43.9453125
4697169,58.349609375
4697206,43.8232421875
4697246,45.166015625
4697300,45.34912109375
4697470,43.64013671875
4759935,49.37744140625
4761494,44.73876953125
4761841,50.35400390625
4761977,45.5322265625
4762066,45.71533203125
4762107,43.64013671875
4762151,43.0908203125
4762211,70.80078125
4762263,44.7998046875
4762298,46.142578125
4762315,46.7529296875
4762326,43.76220703125
4762375,43.212890625
4762385,56.2744140625
4762469,47.607421875
4762560,47.54638671875
4762578,65.673828125
4762591,57.0068359375
4762809,44.37255859375
4762926,52.8564453125
4762937,45.47119140625
4763086,43.51806640625
4763161,45.8984375
4763205,51.20849609375
4763396,43.212890625
4763440,44.677734375
4763486,44.0673828125
4763614,47.36328125
4763659,45.59326171875
4764333,47.607421875
4764393,43.27392578125
4764538,47.2412109375
