4798001,0
47934,22.216796875
47944,78.67431640625
48004,64.3310546875
48043,60.05859375
48071,62.07275390625
48103,76.2939453125
48128,98.5107421875
48156,61.5234375
48177,85.87646484375
48188,35.33935546875
48204,57.18994140625
48238,82.09228515625
48259,61.767578125
48270,35.70556640625
48291,61.70654296875
48306,27.03857421875
48317,41.19873046875
48340,35.33935546875
48359,38.87939453125
48369,28.74755859375
48398,37.53662109375
48418,27.099609375
48432,37.29248046875
48443,25.69580078125
48465,23.86474609375
48479,23.92578125
48517,56.70166015625
48535,26.42822265625
48587,52.42919921875
48598,24.2919921875
48631,45.654296875
48710,26.611328125
48729,33.02001953125
48771,21.17919921875
48809,24.23095703125
48835,67.0166015625
48882,23.3154296875
48929,53.7109375
48954,22.27783203125
48978,22.5830078125
49003,35.64453125
49027,66.58935546875
49053,25.2685546875
49096,22.4609375
49168,30.3955078125
49185,22.52197265625
49207,20.44677734375
49223,46.9970703125
49247,29.72412109375
49259,20.69091796875
49290,52.978515625
49355,26.67236328125
49392,74.64599609375
49428,56.7626953125
49441,36.80419921875
49468,52.1240234375
49506,73.66943359375
49535,41.6259765625
49552,72.509765625
49578,24.35302734375
49599,48.583984375
49622,21.97265625
49637,53.77197265625
49678,52.978515625
49727,56.45751953125
49744,45.654296875
49784,61.4013671875
49835,43.15185546875
49865,38.330078125
49883,58.89892578125
49902,25.69580078125
49918,31.8603515625
49992,20.44677734375
50043,57.80029296875
50146,37.59765625
50157,71.96044921875
50171,20.32470703125
50265,55.35888671875
50278,21.3623046875
50414,36.56005859375
50480,21.484375
103736,66.7724609375
103761,34.11865234375
103773,64.8193359375
103799,22.76611328125
103823,62.01171875
103853,53.7109375
103864,30.45654296875
103891,62.80517578125
103911,20.3857421875
103926,48.4619140625
103940,43.51806640625
103959,56.70166015625
103975,40.6494140625
103990,42.48046875
104009,70.556640625
104023,73.6083984375
104035,39.306640625
104070,42.66357421875
104092,59.814453125
104114,38.6962890625
104141,60.36376953125
104158,38.0859375
104186,33.69140625
104206,42.90771484375
104217,53.40576171875
104239,25.69580078125
104270,29.23583984375
104283,29.35791015625
104311,47.119140625
104344,54.01611328125
104379,22.15576171875
104406,58.28857421875
104428,25.81787109375
104453,57.18994140625
104492,22.3388671875
104537,29.11376953125
104581,21.66748046875
104621,51.025390625
104639,27.587890625
104675,56.396484375
104689,29.052734375
104776,60.72998046875
104845,21.97265625
104889,24.59716796875
104900,59.14306640625
104959,64.697265625
104981,23.3154296875
105015,33.8134765625
105047,25.5126953125
105063,59.26513671875
105111,35.21728515625
105127,26.85546875
105153,54.443359375
105223,28.86962890625
105242,48.2177734375
105255,38.57421875
105277,61.8896484375
105320,80.078125
105350,22.8271484375
105367,30.3955078125
105399,29.052734375
105410,58.53271484375
105448,59.5703125
105461,28.076171875
105492,22.52197265625
105532,49.560546875
105542,37.59765625
105566,32.470703125
105590,50.78125
105604,24.0478515625
105657,43.212890625
105668,59.63134765625
105730,63.78173828125
105771,49.86572265625
105835,57.7392578125
105850,70.73974609375
105870,34.24072265625
105941,65.3076171875
106022,58.77685546875
106105,36.19384765625
106270,58.77685546875
106414,59.814453125
113466,23.92578125
113597,27.89306640625
113948,21.66748046875
114078,22.3388671875
114640,27.099609375
156217,81.60400390625
156347,63.65966796875
156401,62.92724609375
156419,33.935546875
156435,91.61376953125
156462,90.51513671875
156475,60.36376953125
156509,86.12060546875
156523,47.54638671875
156540,89.7216796875
156559,52.55126953125
156587,57.55615234375
156613,47.7294921875
156623,42.236328125
156643,41.56494140625
156662,37.78076171875
156692,27.64892578125
156715,43.39599609375
156732,21.30126953125
156754,51.025390625
156782,68.05419921875
156810,23.193359375
156824,49.31640625
156870,20.56884765625
156916,57.67822265625
156965,53.7109375
156984,33.203125
157039,53.8330078125
157055,43.64013671875
157079,24.4140625
157103,58.77685546875
157143,21.8505859375
157154,64.51416015625
157210,26.18408203125
157231,56.884765625
157255,38.0859375
157301,20.20263671875
157321,61.46240234375
157379,22.3388671875
157414,62.255859375
157456,70.49560546875
157471,34.5458984375
157565,52.490234375
157587,24.169921875
157601,62.6220703125
157655,29.35791015625
157665,30.33447265625
157682,40.8935546875
157706,23.74267578125
157727,60.791015625
157755,24.23095703125
157766,67.68798828125
157806,65.36865234375
157823,24.10888671875
157852,61.70654296875
157867,25.5126953125
157895,51.1474609375
157917,21.8505859375
157942,45.83740234375
158018,59.87548828125
158036,24.96337890625
158068,46.0205078125
158081,20.56884765625
158102,22.27783203125
158133,49.072265625
158168,22.03369140625
158207,52.55126953125
158218,31.18896484375
158259,48.7060546875
158327,49.9267578125
158389,57.0068359375
158417,39.9169921875
158457,20.99609375
158542,22.3388671875
158554,70.4345703125
158575,46.630859375
158664,37.78076171875
158782,59.5703125
158876,21.484375
159036,66.0400390625
165431,26.611328125
167470,22.8271484375
168005,21.66748046875
179315,21.240234375
213642,67.626953125
213750,67.3828125
213809,71.2890625
213829,36.56005859375
213842,52.06298828125
213869,70.73974609375
213894,73.6083984375
213913,65.85693359375
213932,110.53466796875
213947,42.48046875
213976,77.0263671875
213997,44.0673828125
214013,50.9033203125
214026,46.44775390625
214049,42.05322265625
214076,34.423828125
214089,38.87939453125
214104,42.1142578125
214123,40.10009765625
214139,25.87890625
214163,45.41015625
214173,24.35302734375
214195,55.17578125
214219,24.0478515625
214238,66.89453125
214255,35.46142578125
214290,24.90234375
214332,51.45263671875
214382,58.89892578125
214446,62.3779296875
214462,24.658203125
214495,24.96337890625
214508,68.4814453125
214563,48.40087890625
214575,28.74755859375
214605,22.8271484375
214631,23.8037109375
214697,29.11376953125
214776,43.5791015625
214810,27.2216796875
214833,55.11474609375
214854,25.390625
214890,25.7568359375
214905,50.537109375
214929,24.47509765625
214947,22.4609375
214960,23.37646484375
215017,53.28369140625
215035,23.86474609375
215054,39.36767578125
215086,25.57373046875
215117,57.2509765625
215129,28.6865234375
215169,61.5234375
215208,53.1005859375
215228,30.94482421875
215254,63.96484375
215265,63.232421875
215305,54.5654296875
215317,24.84130859375
215372,24.658203125
215437,69.580078125
215468,43.212890625
215483,49.4384765625
215523,41.259765625
215551,50.72021484375
215605,28.1982421875
215624,22.705078125
215676,49.4384765625
215705,36.865234375
215716,49.31640625
215798,48.40087890625
215967,57.9833984375
216022,56.70166015625
216034,20.6298828125
216063,20.32470703125
216136,54.3212890625
216208,61.8896484375
216373,53.5888671875
216640,64.697265625
223491,27.83203125
223639,20.6298828125
224364,23.25439453125
287700,69.9462890625
287774,62.19482421875
287833,69.82421875
287852,41.68701171875
287882,65.85693359375
287897,87.95166015625
287916,42.724609375
287940,48.40087890625
287965,58.7158203125
287992,75.3173828125
288007,40.283203125
288024,32.2265625
288052,44.3115234375
288073,69.091796875
288097,74.03564453125
288108,65.73486328125
288141,41.19873046875
288152,41.6259765625
288184,44.25048828125
288208,20.5078125
288230,43.9453125
288265,20.69091796875
288293,55.35888671875
288335,56.45751953125
288363,25.81787109375
288404,60.48583984375
288450,28.13720703125
288463,53.64990234375
288511,33.203125
288561,35.2783203125
288587,20.751953125
288607,24.96337890625
288640,31.31103515625
288653,68.359375
288687,21.78955078125
288722,20.56884765625
288743,35.0341796875
288773,23.25439453125
288801,48.40087890625
288850,22.88818359375
288878,30.45654296875
288893,28.74755859375
288912,56.45751953125
288952,59.87548828125
288988,20.263671875
289007,64.39208984375
289050,40.6494140625
289081,33.14208984375
289108,83.3740234375
289136,20.6298828125
289165,20.44677734375
289180,63.1103515625
289213,58.837890625
289243,24.35302734375
289266,53.28369140625
289313,56.21337890625
289341,41.6259765625
289356,45.83740234375
289411,34.36279296875
289429,51.513671875
289464,47.30224609375
289480,28.86962890625
289517,53.16162109375
289590,28.38134765625
289611,63.4765625
289636,23.3154296875
289669,51.08642578125
289753,31.25
289797,59.02099609375
289818,33.203125
289871,47.9736328125
289886,21.42333984375
289933,64.94140625
290038,43.88427734375
290053,22.15576171875
290073,58.4716796875
290152,41.015625
290280,61.1572265625
290334,20.81298828125
297964,23.681640625
374236,68.4814453125
374287,23.98681640625
374324,52.91748046875
374358,43.88427734375
374384,70.12939453125
374401,84.16748046875
374426,54.01611328125
374439,127.197265625
374451,71.4111328125
374479,51.81884765625
374493,52.8564453125
374518,61.6455078125
374537,60.85205078125
374563,34.72900390625
374582,59.87548828125
374623,56.09130859375
374635,44.7998046875
374663,30.45654296875
374674,46.142578125
374706,45.22705078125
374733,21.240234375
374746,55.6640625
374787,20.99609375
374810,48.9501953125
374831,23.0712890625
374847,20.69091796875
374894,72.6318359375
374980,55.17578125
375018,21.42333984375
375042,57.12890625
375063,21.05712890625
375116,49.560546875
375128,29.47998046875
375164,23.4375
375177,26.06201171875
375207,60.6689453125
375232,30.33447265625
375294,79.04052734375
375338,33.0810546875
375393,58.2275390625
375412,28.13720703125
375437,55.6640625
375450,23.193359375
375495,43.27392578125
375505,74.64599609375
375559,52.55126953125
375572,42.724609375
375604,24.23095703125
375622,45.2880859375
375645,21.91162109375
375668,38.14697265625
375692,55.6640625
375712,25.08544921875
375750,59.326171875
375773,34.5458984375
375793,73.2421875
375819,41.3818359375
375876,51.6357421875
375914,73.66943359375
375934,20.751953125
375954,22.15576171875
375985,61.95068359375
376009,25.390625
376032,55.23681640625
376098,39.1845703125
376124,21.42333984375
376154,55.908203125
376198,22.5830078125
376277,57.373046875
376303,38.0859375
376368,44.0673828125
376469,61.58447265625
376561,20.751953125
376676,58.4716796875
376765,38.02490234375
376976,65.00244140625
384072,20.81298828125
387812,21.484375
436117,72.1435546875
436225,69.03076171875
436258,31.79931640625
436278,64.75830078125
436288,32.40966796875
436311,54.6875
436337,73.8525390625
436358,37.29248046875
436382,62.56103515625
436400,120.60546875
436432,65.7958984375
436442,58.837890625
436466,62.43896484375
436489,25.93994140625
436501,54.50439453125
436524,34.97314453125
436539,32.89794921875
436560,45.22705078125
436594,61.03515625
436620,51.7578125
436639,23.74267578125
436656,70.1904296875
436694,58.77685546875
436714,31.25
436748,33.26416015625
436807,20.3857421875
436826,56.2744140625
436844,27.40478515625
436867,23.8037109375
436880,23.4375
436895,61.21826171875
436920,21.54541015625
436959,22.705078125
436981,23.193359375
437004,20.99609375
437017,61.279296875
437052,57.373046875
437070,28.38134765625
437089,46.5087890625
437129,33.26416015625
437202,20.263671875
437217,44.98291015625
437258,27.52685546875
437285,58.2275390625
437323,60.1806640625
437385,43.88427734375
437396,33.38623046875
437409,23.98681640625
437448,67.626953125
437491,21.91162109375
437504,21.97265625
437532,64.63623046875
437551,51.94091796875
437579,72.021484375
437629,31.25
437673,81.48193359375
437685,20.81298828125
437722,62.68310546875
437758,30.2734375
437772,44.73876953125
437814,45.166015625
437833,54.26025390625
437863,41.3818359375
437880,20.69091796875
437897,41.3818359375
437908,20.81298828125
437943,60.11962890625
437972,27.16064453125
438006,51.20849609375
438033,20.5078125
438086,35.09521484375
438104,43.64013671875
438145,64.0869140625
438187,40.4052734375
438223,51.20849609375
438260,28.564453125
438353,21.05712890625
438409,57.80029296875
438429,28.1982421875
438450,22.0947265625
438486,58.41064453125
438538,58.9599609375
438693,62.68310546875
438760,21.66748046875
438788,38.02490234375
438850,20.99609375
445929,26.18408203125
447849,23.8037109375
501062,58.2275390625
501124,72.509765625
501152,20.20263671875
501179,60.24169921875
501204,60.60791015625
501229,88.0126953125
501240,74.27978515625
501264,44.0673828125
501292,45.95947265625
501309,74.52392578125
501321,43.8232421875
501345,65.0634765625
501361,50.72021484375
501390,76.35498046875
501404,28.13720703125
501429,44.49462890625
501457,45.5322265625
501481,31.55517578125
501493,27.77099609375
501526,37.841796875
501554,46.142578125
501606,46.08154296875
501668,57.0068359375
501683,26.7333984375
501713,49.072265625
501729,22.27783203125
501774,62.98828125
501817,53.1005859375
501843,20.6298828125
501856,25.45166015625
501898,59.50927734375
501909,20.81298828125
501927,22.94921875
501978,20.20263671875
501994,68.359375
502044,48.64501953125
502091,55.17578125
502145,63.1103515625
502163,23.25439453125
502174,25.87890625
502221,21.3623046875
502241,77.7587890625
502267,42.724609375
502290,57.9833984375
502308,28.4423828125
502351,60.05859375
502364,25.08544921875
502380,25.20751953125
502399,73.91357421875
502441,71.4111328125
502487,24.71923828125
502545,77.63671875
502574,20.751953125
502589,20.20263671875
502600,21.54541015625
502642,31.982421875
502678,29.35791015625
502688,69.76318359375
502721,40.6494140625
502747,70.37353515625
502768,22.5830078125
502786,55.11474609375
502807,20.69091796875
502833,54.26025390625
502858,20.751953125
502879,52.30712890625
502893,28.74755859375
502918,23.681640625
502934,37.53662109375
502971,51.57470703125
503009,51.6357421875
503028,61.8896484375
503130,50.35400390625
503141,27.28271484375
503218,60.9130859375
503235,22.64404296875
503362,56.7626953125
503401,35.400390625
503423,21.240234375
503479,20.6298828125
503621,56.396484375
503680,31.494140625
503867,58.53271484375
511503,24.84130859375
573837,63.3544921875
573908,65.85693359375
573935,65.185546875
573962,67.19970703125
573974,45.0439453125
573989,144.287109375
574011,64.208984375
574038,56.21337890625
574056,104.43115234375
574073,45.8984375
574100,47.79052734375
574124,83.55712890625
574152,50.10986328125
574163,42.48046875
574193,52.1240234375
574217,63.4765625
574249,76.47705078125
574277,51.69677734375
574299,22.03369140625
574317,24.84130859375
574342,49.74365234375
574355,20.263671875
574386,48.828125
574422,66.34521484375
574439,22.705078125
574461,27.7099609375
574488,21.05712890625
574504,69.03076171875
574547,51.94091796875
574582,26.2451171875
574593,52.18505859375
574621,21.3623046875
574657,60.05859375
574676,28.62548828125
574690,21.66748046875
574736,20.3857421875
574771,21.484375
574794,62.31689453125
574831,27.34375
574851,60.36376953125
574886,22.27783203125
574899,30.09033203125
574918,23.13232421875
574952,61.82861328125
574991,44.12841796875
575003,27.16064453125
575049,73.91357421875
575079,23.86474609375
575112,36.31591796875
575122,72.32666015625
575158,44.61669921875
575225,49.8046875
575253,38.02490234375
575286,57.31201171875
575336,64.39208984375
575359,40.71044921875
575395,61.58447265625
575420,30.57861328125
575436,57.4951171875
575468,21.91162109375
575490,20.751953125
575524,39.794921875
575534,51.26953125
575545,22.52197265625
575572,21.728515625
575592,36.07177734375
575613,48.828125
575672,59.87548828125
575727,29.78515625
575758,54.62646484375
575806,41.93115234375
575876,70.9228515625
575918,20.56884765625
575999,25.32958984375
576020,20.751953125
576061,54.443359375
576079,36.2548828125
576098,23.49853515625
576305,42.78564453125
576315,62.1337890625
576899,20.8740234375
583169,21.30126953125
638659,61.4013671875
638740,70.3125
638785,67.32177734375
638817,63.17138671875
638837,75.5615234375
638859,61.09619140625
638884,79.89501953125
638896,63.78173828125
638925,61.09619140625
638935,63.5986328125
638956,45.71533203125
638973,33.63037109375
638992,57.2509765625
639012,37.9638671875
639028,29.1748046875
639051,41.015625
639069,30.1513671875
639087,34.85107421875
639111,40.283203125
639126,37.109375
639141,45.654296875
639172,49.01123046875
639199,57.92236328125
639220,23.37646484375
639248,65.91796875
639285,21.97265625
639300,63.720703125
639377,22.216796875
639395,20.69091796875
639432,64.14794921875
639468,28.6865234375
639520,57.7392578125
639531,26.55029296875
639557,20.20263671875
639581,27.4658203125
639594,23.37646484375
639634,57.12890625
639663,20.93505859375
639714,60.546875
639741,26.7333984375
639764,64.27001953125
639792,30.1513671875
639835,49.9267578125
639857,26.123046875
639888,52.734375
639919,32.04345703125
639943,70.12939453125
639976,66.7724609375
639999,42.724609375
640026,54.6875
640056,45.95947265625
640104,23.4375
640123,55.908203125
640153,58.4716796875
640184,29.35791015625
640201,64.5751953125
640249,59.4482421875
640260,26.18408203125
640289,36.07177734375
640314,55.5419921875
640359,63.90380859375
640397,41.68701171875
640410,62.1337890625
640435,28.4423828125
640479,20.20263671875
640501,60.11962890625
640528,26.611328125
640559,29.11376953125
640580,45.71533203125
640616,26.18408203125
640673,56.70166015625
640713,45.654296875
640726,55.35888671875
640747,37.17041015625
640774,53.466796875
640863,41.19873046875
640917,22.3388671875
640953,55.5419921875
640977,29.84619140625
641045,54.5654296875
641093,21.8505859375
641217,63.17138671875
641352,60.11962890625
649550,21.728515625
691434,67.68798828125
691501,67.56591796875
691518,21.240234375
691542,92.041015625
691569,48.76708984375
691582,109.80224609375
691594,54.3212890625
691616,51.7578125
691636,115.41748046875
691652,57.06787109375
691681,44.98291015625
691691,20.56884765625
691710,49.31640625
691725,53.22265625
691750,66.162109375
691767,44.86083984375
691789,48.583984375
691817,28.564453125
691843,32.5927734375
691863,26.79443359375
691877,37.90283203125
691894,23.681640625
691910,51.025390625
691943,27.77099609375
691979,29.84619140625
691994,56.70166015625
692047,23.49853515625
692058,26.42822265625
692110,20.99609375
692140,66.162109375
692171,21.97265625
692216,27.83203125
692234,24.7802734375
692261,65.7958984375
692292,54.99267578125
692330,20.6298828125
692350,66.46728515625
692382,21.3623046875
692406,54.38232421875
692429,27.099609375
692469,57.92236328125
692487,20.5078125
692545,58.28857421875
692587,65.61279296875
692606,21.05712890625
692638,57.861328125
692664,21.1181640625
692681,58.7158203125
692703,38.26904296875
692720,67.138671875
692743,25.390625
692788,85.8154296875
692822,28.62548828125
692839,62.56103515625
692873,21.42333984375
692890,47.36328125
692904,24.10888671875
692922,62.01171875
692965,58.10546875
693011,62.92724609375
693024,38.0859375
693047,23.01025390625
693068,59.75341796875
693088,38.9404296875
693111,31.8603515625
693145,64.27001953125
693173,22.27783203125
693207,27.9541015625
693227,60.60791015625
693254,23.92578125
693270,50.29296875
693293,20.99609375
693353,61.82861328125
693364,48.095703125
693409,35.70556640625
693463,54.8095703125
693484,20.69091796875
693522,55.23681640625
693542,21.6064453125
693569,56.70166015625
693603,29.9072265625
693670,58.349609375
693784,30.70068359375
693872,36.62109375
693893,56.21337890625
694071,20.69091796875
694459,21.17919921875
694633,22.5830078125
700592,22.39990234375
700686,26.7333984375
701687,20.20263671875
701879,21.17919921875
702439,22.4609375
702627,27.28271484375
702848,27.40478515625
757896,20.8740234375
757908,63.41552734375
757966,65.49072265625
757983,31.8603515625
758008,57.7392578125
758034,70.98388671875
758057,80.078125
758080,60.85205078125
758101,91.1865234375
758118,43.3349609375
758137,61.1572265625
758152,51.025390625
758180,34.1796875
758203,81.35986328125
758217,32.89794921875
758243,33.447265625
758256,45.59326171875
758286,60.11962890625
758299,49.37744140625
758326,28.74755859375
758354,34.7900390625
758377,29.4189453125
758391,45.5322265625
758413,30.2734375
758426,46.08154296875
758459,43.88427734375
758484,22.216796875
758514,24.169921875
758525,54.6875
758563,21.484375
758585,51.513671875
758626,22.5830078125
758661,22.3388671875
758698,54.99267578125
758718,26.18408203125
758755,56.7626953125
758770,24.169921875
758795,27.28271484375
758814,21.42333984375
758861,27.4658203125
758874,68.7255859375
758914,53.16162109375
758957,22.52197265625
759044,69.03076171875
759073,34.24072265625
759116,26.9775390625
759126,50.048828125
759149,22.5830078125
759161,70.49560546875
759200,23.01025390625
759232,59.814453125
759242,26.2451171875
759285,51.1474609375
759322,56.884765625
759363,64.453125
759404,61.5234375
759423,23.74267578125
759443,55.48095703125
759458,42.05322265625
759523,29.9072265625
759545,59.6923828125
759562,22.88818359375
759600,24.169921875
759620,23.13232421875
759681,28.80859375
759703,37.4755859375
759718,33.5693359375
759745,83.6181640625
759832,25.634765625
759850,56.21337890625
759899,46.2646484375
759937,37.9638671875
759957,48.9501953125
759985,48.76708984375
759999,23.01025390625
760089,50.47607421875
760140,52.978515625
760190,41.19873046875
760228,20.263671875
760277,60.48583984375
760347,21.240234375
760438,50.10986328125
760483,43.76220703125
761380,21.3623046875
767922,23.681640625
768443,20.32470703125
768665,24.10888671875
776595,20.69091796875
837876,59.2041015625
837948,65.5517578125
837972,28.1982421875
837985,72.6318359375
838010,96.13037109375
838024,105.712890625
838057,48.2177734375
838074,57.7392578125
838096,78.18603515625
838120,68.29833984375
838131,36.865234375
838151,51.8798828125
838177,64.94140625
838187,59.38720703125
838211,32.53173828125
838234,54.931640625
838257,55.0537109375
838274,24.0478515625
838284,46.38671875
838312,46.9970703125
838327,26.7333984375
838347,42.54150390625
838377,68.42041015625
838439,22.5830078125
838466,24.169921875
838508,55.0537109375
838573,23.92578125
838590,47.2412109375
838629,25.32958984375
838676,23.3154296875
838698,63.04931640625
838726,39.36767578125
838773,24.47509765625
838797,37.41455078125
838833,65.91796875
838864,23.5595703125
838883,25.20751953125
838939,68.7255859375
838962,26.91650390625
838990,31.005859375
839030,24.47509765625
839061,60.36376953125
839090,34.11865234375
839100,65.5517578125
839121,23.8037109375
839150,54.62646484375
839179,35.09521484375
839197,67.5048828125
839246,61.5234375
839272,33.5693359375
839286,45.166015625
839315,28.25927734375
839341,52.490234375
839383,82.51953125
839407,24.47509765625
839431,55.84716796875
839481,57.43408203125
839508,35.64453125
839538,58.10546875
839551,23.98681640625
839581,49.072265625
839593,23.8037109375
839628,72.57080078125
839641,21.30126953125
839667,48.64501953125
839685,27.2216796875
839722,53.3447265625
839754,50.23193359375
839783,22.0947265625
839793,22.88818359375
839826,57.6171875
839862,41.1376953125
839889,57.18994140625
839976,20.5078125
840027,23.74267578125
840059,48.7060546875
840085,40.58837890625
840133,22.8271484375
840144,58.349609375
840322,37.65869140625
840422,21.728515625
840482,22.39990234375
917692,78.9794921875
917752,70.1904296875
917777,25.634765625
917795,66.83349609375
917822,40.4052734375
917847,75.5615234375
917875,71.83837890625
917885,43.15185546875
917905,62.68310546875
917916,68.359375
917943,46.81396484375
917960,48.7060546875
917979,66.40625
917990,43.701171875
918022,47.36328125
918046,43.27392578125
918080,55.17578125
918092,49.74365234375
918137,40.34423828125
918159,28.076171875
918179,41.56494140625
918193,29.4189453125
918225,26.3671875
918235,24.5361328125
918255,63.3544921875
918302,59.02099609375
918322,26.18408203125
918342,20.20263671875
918380,23.74267578125
918407,77.392578125
918451,61.70654296875
918467,34.72900390625
918511,21.42333984375
918523,22.27783203125
918544,22.4609375
918555,36.31591796875
918584,63.29345703125
918610,26.91650390625
918667,23.49853515625
918690,21.3623046875
918727,52.978515625
918741,22.76611328125
918785,23.92578125
918822,56.45751953125
918841,34.60693359375
918870,46.56982421875
918931,55.48095703125
918953,34.423828125
918977,49.98779296875
918994,28.50341796875
919025,25.7568359375
919049,58.4716796875
919073,23.681640625
919096,44.61669921875
919114,20.93505859375
919139,22.3388671875
919152,62.80517578125
919219,52.79541015625
919230,30.21240234375
919269,25.81787109375
919286,53.89404296875
919305,23.92578125
919338,59.326171875
919357,22.15576171875
919388,51.6357421875
919450,57.0068359375
919467,20.44677734375
919493,24.4140625
919532,58.837890625
919584,68.7255859375
919627,21.78955078125
919654,53.40576171875
919697,20.263671875
919722,52.91748046875
919738,36.0107421875
919762,52.06298828125
919822,56.70166015625
919938,29.9072265625
919966,21.54541015625
920041,68.359375
920182,22.39990234375
920267,27.52685546875
920277,55.17578125
920293,39.00146484375
928873,24.658203125
967903,70.12939453125
968046,62.3779296875
968063,25.81787109375
968082,64.453125
968101,20.32470703125
968117,34.5458984375
968133,98.44970703125
968158,62.80517578125
968179,57.55615234375
968191,47.54638671875
968208,69.03076171875
968230,59.63134765625
968266,66.71142578125
968290,41.50390625
968309,37.78076171875
968321,22.39990234375
968339,57.4951171875
968355,22.8271484375
968378,47.18017578125
968400,81.97021484375
968431,54.13818359375
968455,22.76611328125
968468,38.0859375
968479,28.99169921875
968511,64.8193359375
968528,22.88818359375
968561,53.22265625
968612,45.59326171875
968654,36.1328125
968667,57.861328125
968703,29.11376953125
968716,60.85205078125
968754,59.326171875
968773,23.13232421875
968874,30.33447265625
968891,26.4892578125
968941,62.1337890625
968979,26.2451171875
968993,30.21240234375
969016,58.28857421875
969055,52.79541015625
969078,42.236328125
969098,55.48095703125
969112,24.90234375
969133,21.97265625
969151,52.3681640625
969208,51.69677734375
969241,38.57421875
969276,43.15185546875
969301,68.66455078125
969335,62.80517578125
969363,36.376953125
969396,64.453125
969423,23.0712890625
969448,22.88818359375
969465,54.74853515625
969477,33.38623046875
969496,21.66748046875
969525,60.11962890625
969545,38.330078125
969580,50.10986328125
969595,21.42333984375
969628,28.13720703125
969647,63.1103515625
969705,38.14697265625
969738,51.513671875
969779,62.744140625
969821,34.72900390625
969847,56.5185546875
969891,39.12353515625
969964,67.9931640625
969991,26.7333984375
970012,52.24609375
970092,68.603515625
970156,70.556640625
970222,36.1328125
970267,51.7578125
970319,56.884765625
970499,42.17529296875
1058491,62.744140625
1058554,61.5234375
1058587,59.26513671875
1058616,75.98876953125
1058633,98.5107421875
1058657,60.4248046875
1058674,34.66796875
1058694,33.69140625
1058704,65.36865234375
1058723,84.53369140625
1058740,41.259765625
1058751,53.89404296875
1058793,64.75830078125
1058811,55.11474609375
1058825,36.92626953125
1058839,69.091796875
1058856,34.72900390625
1058885,49.8046875
1058912,49.37744140625
1058939,51.57470703125
1058966,38.87939453125
1058979,55.48095703125
1058994,22.8271484375
1059025,22.03369140625
1059037,58.2275390625
1059057,27.2216796875
1059106,56.33544921875
1059123,32.3486328125
1059145,30.82275390625
1059171,45.5322265625
1059181,28.38134765625
1059225,75.439453125
1059274,55.5419921875
1059335,68.603515625
1059347,35.15625
1059390,21.240234375
1059428,53.77197265625
1059503,50.35400390625
1059514,34.85107421875
1059550,23.13232421875
1059582,25.87890625
1059602,69.091796875
1059630,26.2451171875
1059646,60.4248046875
1059671,31.67724609375
1059692,25.08544921875
1059756,57.31201171875
1059769,20.93505859375
1059801,45.5322265625
1059820,63.65966796875
1059852,27.28271484375
1059877,56.70166015625
1059891,21.728515625
1059941,58.65478515625
1059983,50.78125
1059999,28.4423828125
1060033,59.5703125
1060056,36.19384765625
1060072,58.89892578125
1060134,23.92578125
1060146,58.10546875
1060169,34.7900390625
1060203,57.43408203125
1060217,41.19873046875
1060250,59.87548828125
1060262,22.27783203125
1060339,61.6455078125
1060370,22.15576171875
1060388,55.72509765625
1060424,37.59765625
1060508,55.6640625
1060588,55.7861328125
1060623,36.56005859375
1060639,55.11474609375
1060721,57.9833984375
1060855,60.11962890625
1060875,21.8505859375
1060933,22.3388671875
1071573,29.11376953125
1136209,75.5615234375
1136275,63.3544921875
1136310,59.99755859375
1136344,127.9296875
1136354,63.8427734375
1136388,31.55517578125
1136417,81.4208984375
1136432,82.82470703125
1136462,63.720703125
1136493,106.26220703125
1136513,37.2314453125
1136526,43.0908203125
1136540,60.85205078125
1136562,49.86572265625
1136587,44.61669921875
1136608,36.92626953125
1136642,62.01171875
1136671,34.423828125
1136706,65.185546875
1136732,23.98681640625
1136756,27.77099609375
1136781,65.4296875
1136822,60.11962890625
1136855,23.37646484375
1136871,23.62060546875
1136932,67.3828125
1136976,21.6064453125
1136989,21.42333984375
1137030,63.65966796875
1137050,22.4609375
1137103,59.2041015625
1137116,28.50341796875
1137148,61.21826171875
1137194,23.0712890625
1137232,22.15576171875
1137279,27.77099609375
1137298,24.35302734375
1137321,54.38232421875
1137341,29.60205078125
1137359,52.18505859375
1137406,40.4052734375
1137436,60.05859375
1137447,26.79443359375
1137494,27.89306640625
1137508,21.8505859375
1137529,51.57470703125
1137563,67.3828125
1137583,21.05712890625
1137610,51.08642578125
1137641,44.86083984375
1137658,69.88525390625
1137699,24.7802734375
1137710,69.76318359375
1137743,63.90380859375
1137753,55.419921875
1137777,40.8935546875
1137793,24.169921875
1137853,23.3154296875
1137886,60.4248046875
1137904,60.6689453125
1137922,58.837890625
1137937,20.93505859375
1137982,22.216796875
1138009,74.89013671875
1138019,24.84130859375
1138056,41.80908203125
1138122,33.50830078125
1138151,29.78515625
1138194,59.14306640625
1138220,22.76611328125
1138287,20.32470703125
1138325,49.86572265625
1138404,20.6298828125
1138440,50.72021484375
1138487,22.64404296875
1138550,41.68701171875
1138669,57.55615234375
1138805,27.83203125
1145609,25.390625
1201089,62.6220703125
1201168,62.80517578125
1201220,67.07763671875
1201240,30.45654296875
1201262,69.4580078125
1201292,59.326171875
1201311,69.76318359375
1201334,56.21337890625
1201359,88.07373046875
1201369,81.298828125
1201399,51.94091796875
1201417,36.19384765625
1201445,52.79541015625
1201459,37.29248046875
1201480,50.10986328125
1201497,54.8095703125
1201524,35.15625
1201540,46.38671875
1201567,35.15625
1201594,58.837890625
1201636,68.54248046875
1201670,60.60791015625
1201704,68.05419921875
1201715,21.42333984375
1201767,56.33544921875
1201812,27.77099609375
1201873,57.06787109375
1201918,26.18408203125
1201939,33.3251953125
1201954,22.39990234375
1201976,71.59423828125
1202027,24.4140625
1202044,69.4580078125
1202073,20.69091796875
1202104,22.52197265625
1202117,26.2451171875
1202154,56.45751953125
1202198,20.3857421875
1202210,23.8037109375
1202227,37.9638671875
1202264,52.3681640625
1202299,44.7998046875
1202315,42.17529296875
1202339,20.6298828125
1202350,61.6455078125
1202384,23.01025390625
1202402,31.43310546875
1202435,60.60791015625
1202451,35.94970703125
1202483,67.7490234375
1202550,45.83740234375
1202567,35.94970703125
1202595,42.96875
1202623,25.45166015625
1202649,58.349609375
1202682,20.99609375
1202701,51.6357421875
1202718,20.5078125
1202741,63.04931640625
1202767,25.81787109375
1202790,37.9638671875
1202809,51.08642578125
1202819,27.4658203125
1202865,52.6123046875
1202901,21.91162109375
1202951,91.49169921875
1202980,21.54541015625
1202998,58.2275390625
1203048,53.5888671875
1203112,46.20361328125
1203132,41.07666015625
1203163,30.029296875
1203217,22.216796875
1203232,60.9130859375
1203290,67.32177734375
1203357,27.9541015625
1203376,65.91796875
1203386,31.8603515625
1203460,52.3681640625
1203588,26.611328125
1203661,24.0478515625
1210800,23.193359375
1263037,66.2841796875
1263171,57.67822265625
1263188,27.099609375
1263222,64.75830078125
1263253,61.767578125
1263264,32.1044921875
1263280,69.51904296875
1263302,129.21142578125
1263324,69.2138671875
1263340,98.5107421875
1263358,58.4716796875
1263374,29.9072265625
1263385,40.771484375
1263412,68.2373046875
1263441,62.3779296875
1263457,46.7529296875
1263470,30.76171875
1263494,41.68701171875
1263511,36.68212890625
1263541,36.92626953125
1263552,47.30224609375
1263584,41.748046875
1263595,23.01025390625
1263625,46.08154296875
1263639,20.81298828125
1263670,59.63134765625
1263733,70.4345703125
1263776,25.146484375
1263834,73.05908203125
1263863,22.15576171875
1263895,23.98681640625
1263943,23.25439453125
1263959,61.34033203125
1263971,22.76611328125
1264003,48.52294921875
1264014,20.93505859375
1264060,22.03369140625
1264086,21.66748046875
1264149,28.25927734375
1264160,75.5615234375
1264207,57.06787109375
1264219,20.81298828125
1264251,69.76318359375
1264297,25.81787109375
1264326,29.23583984375
1264336,72.93701171875
1264377,47.54638671875
1264407,24.59716796875
1264461,60.6689453125
1264475,34.423828125
1264524,50.10986328125
1264555,35.400390625
1264570,51.94091796875
1264586,34.423828125
1264618,48.4619140625
1264635,29.11376953125
1264655,52.06298828125
1264697,81.9091796875
1264718,22.15576171875
1264747,51.20849609375
1264792,79.345703125
1264805,22.76611328125
1264835,57.373046875
1264885,23.37646484375
1264899,44.3115234375
1264939,55.35888671875
1264963,27.64892578125
1264991,31.92138671875
1265024,54.6875
1265062,46.875
1265094,36.1328125
1265137,20.263671875
1265192,27.16064453125
1265216,51.94091796875
1265310,65.24658203125
1265346,20.751953125
1265429,40.283203125
1265450,53.28369140625
1265464,20.44677734375
1265627,21.17919921875
1265654,58.41064453125
1265753,46.38671875
1344994,54.5654296875
1345025,22.76611328125
1345043,61.95068359375
1345069,56.21337890625
1345092,61.46240234375
1345102,76.904296875
1345116,90.576171875
1345138,47.66845703125
1345165,52.42919921875
1345181,111.99951171875
1345197,33.75244140625
1345214,46.5087890625
1345228,86.12060546875
1345252,56.21337890625
1345284,55.60302734375
1345299,31.3720703125
1345314,30.21240234375
1345337,32.1044921875
1345367,21.30126953125
1345390,41.259765625
1345420,66.83349609375
1345458,83.49609375
1345481,21.240234375
1345502,55.6640625
1345517,21.484375
1345540,32.470703125
1345579,24.5361328125
1345594,22.03369140625
1345641,23.01025390625
1345655,51.57470703125
1345678,28.74755859375
1345692,82.6416015625
1345748,63.29345703125
1345788,63.29345703125
1345799,31.18896484375
1345850,57.43408203125
1345877,27.77099609375
1345909,22.216796875
1345920,34.85107421875
1345942,20.20263671875
1345978,52.67333984375
1346011,38.330078125
1346031,25.2685546875
1346051,57.6171875
1346100,33.63037109375
1346112,23.4375
1346131,32.16552734375
1346150,25.7568359375
1346173,29.296875
1346192,27.16064453125
1346221,62.43896484375
1346269,52.55126953125
1346283,24.10888671875
1346313,48.15673828125
1346341,30.82275390625
1346369,57.6171875
1346384,21.728515625
1346405,49.74365234375
1346457,67.626953125
1346477,42.54150390625
1346498,57.12890625
1346546,54.01611328125
1346564,22.94921875
1346583,61.58447265625
1346601,39.85595703125
1346637,30.82275390625
1346666,20.20263671875
1346699,58.53271484375
1346715,28.9306640625
1346726,23.193359375
1346770,61.279296875
1346804,38.75732421875
1346821,44.86083984375
1346878,65.49072265625
1346891,26.123046875
1346907,22.76611328125
1346920,20.3857421875
1346994,64.0869140625
1347006,23.01025390625
1347033,37.90283203125
1347059,52.18505859375
1347093,20.8740234375
1347134,21.6064453125
1347179,57.12890625
1347251,38.0859375
1347353,58.7158203125
1347526,43.3349609375
1347615,61.8896484375
1347638,20.3857421875
1368502,21.6064453125
1368582,25.5126953125
1368701,25.634765625
1389474,56.15234375
1389554,64.39208984375
1389598,57.9833984375
1389611,23.4375
1389633,72.998046875
1389652,57.7392578125
1389674,75.86669921875
1389694,70.3125
1389712,64.88037109375
1389749,88.37890625
1389769,47.42431640625
1389785,64.3310546875
1389821,95.703125
1389832,49.01123046875
1389870,37.78076171875
1389883,26.55029296875
1389906,30.3955078125
1389941,40.52734375
1389964,47.7294921875
1389992,46.81396484375
1390026,58.41064453125
1390064,61.82861328125
1390102,22.5830078125
1390126,48.583984375
1390149,22.15576171875
1390192,20.93505859375
1390216,63.65966796875
1390278,58.28857421875
1390303,25.45166015625
1390315,23.25439453125
1390351,52.1240234375
1390427,69.7021484375
1390466,56.70166015625
1390487,23.49853515625
1390522,48.2177734375
1390581,21.05712890625
1390598,69.27490234375
1390634,30.94482421875
1390648,49.86572265625
1390673,24.47509765625
1390700,43.88427734375
1390738,52.734375
1390776,43.76220703125
1390797,23.86474609375
1390821,34.97314453125
1390838,47.4853515625
1390873,28.38134765625
1390883,76.416015625
1390906,24.2919921875
1390929,52.67333984375
1390959,26.4892578125
1390970,59.99755859375
1390984,54.74853515625
1391014,54.6875
1391054,29.1748046875
1391079,45.95947265625
1391099,21.30126953125
1391116,49.86572265625
1391149,29.47998046875
1391168,41.8701171875
1391185,42.8466796875
1391228,56.70166015625
1391285,20.20263671875
1391347,23.5595703125
1391399,98.44970703125
1391423,20.5078125
1391455,46.142578125
1391477,59.814453125
1391543,62.43896484375
1391565,25.81787109375
1391622,39.36767578125
1391671,55.23681640625
1391709,60.9130859375
1391804,47.79052734375
1391873,72.8759765625
1391954,51.94091796875
1479930,78.0029296875
1479992,60.05859375
1480005,28.86962890625
1480026,59.9365234375
1480036,50.537109375
1480054,64.02587890625
1480064,48.583984375
1480079,94.17724609375
1480102,43.0908203125
1480118,92.041015625
1480132,51.81884765625
1480152,53.22265625
1480168,82.70263671875
1480193,65.00244140625
1480213,36.2548828125
1480247,49.49951171875
1480264,61.4013671875
1480300,66.40625
1480325,33.5693359375
1480336,36.19384765625
1480367,47.8515625
1480395,60.36376953125
1480421,24.7802734375
1480431,47.607421875
1480461,60.4248046875
1480506,24.23095703125
1480527,54.5654296875
1480538,22.03369140625
1480579,59.38720703125
1480624,21.91162109375
1480665,55.72509765625
1480702,22.5830078125
1480733,33.87451171875
1480760,65.185546875
1480778,21.66748046875
1480813,20.751953125
1480847,25.32958984375
1480895,24.47509765625
1480908,24.2919921875
1480960,57.373046875
1481000,56.640625
1481017,20.81298828125
1481054,74.40185546875
1481072,35.7666015625
1481093,55.11474609375
1481142,88.31787109375
1481164,25.87890625
1481182,70.068359375
1481214,30.1513671875
1481252,50.78125
1481292,59.6923828125
1481320,39.12353515625
1481340,47.54638671875
1481369,33.38623046875
1481401,64.02587890625
1481437,66.46728515625
1481453,23.49853515625
1481473,33.02001953125
1481521,29.47998046875
1481552,65.5517578125
1481592,55.72509765625
1481632,56.640625
1481670,21.484375
1481687,50.4150390625
1481733,59.75341796875
1481753,21.240234375
1481794,50.537109375
1481845,50.29296875
1481877,20.8740234375
1481918,68.9697265625
1481942,21.42333984375
1482004,53.64990234375
1482019,20.56884765625
1482067,47.42431640625
1482143,35.70556640625
1482155,47.8515625
1482235,20.44677734375
1482260,29.47998046875
1482283,57.7392578125
1482370,59.14306640625
1482398,38.63525390625
1482555,20.751953125
1482752,66.34521484375
1562399,56.94580078125
1562478,64.63623046875
1562491,28.62548828125
1562512,68.17626953125
1562539,96.923828125
1562559,123.779296875
1562573,28.6865234375
1562587,85.8154296875
1562611,77.20947265625
1562628,43.27392578125
1562663,47.4853515625
1562680,78.369140625
1562700,44.49462890625
1562726,44.677734375
1562746,55.5419921875
1562763,33.87451171875
1562789,29.60205078125
1562802,28.38134765625
1562820,28.25927734375
1562838,33.99658203125
1562863,51.20849609375
1562882,22.27783203125
1562900,21.8505859375
1562916,43.212890625
1562930,25.634765625
1562976,59.5703125
1562993,21.42333984375
1563053,21.30126953125
1563078,64.94140625
1563095,24.2919921875
1563118,27.77099609375
1563136,24.84130859375
1563209,23.25439453125
1563262,55.908203125
1563308,51.26953125
1563359,61.82861328125
1563376,22.27783203125
1563404,49.13330078125
1563452,55.419921875
1563472,21.1181640625
1563503,55.7861328125
1563517,22.39990234375
1563576,55.11474609375
1563615,65.4296875
1563652,27.77099609375
1563681,25.2685546875
1563717,59.38720703125
1563736,23.0712890625
1563756,49.74365234375
1563798,36.0107421875
1563825,25.69580078125
1563836,58.41064453125
1563859,22.216796875
1563895,60.05859375
1563926,33.447265625
1563956,57.861328125
1563974,24.169921875
1563988,22.03369140625
1564032,63.65966796875
1564047,44.73876953125
1564084,45.59326171875
1564095,44.12841796875
1564134,58.2275390625
1564195,25.87890625
1564219,28.6865234375
1564250,47.7294921875
1564286,20.5078125
1564297,58.59375
1564357,51.20849609375
1564386,21.91162109375
1564423,56.7626953125
1564448,39.61181640625
1564481,41.68701171875
1564527,67.44384765625
1564597,20.32470703125
1564645,23.92578125
1564666,39.55078125
1564940,57.12890625
1565006,35.5224609375
1657028,59.02099609375
1657159,65.00244140625
1657198,24.5361328125
1657222,55.60302734375
1657257,63.232421875
1657277,57.12890625
1657298,62.8662109375
1657319,51.45263671875
1657346,98.32763671875
1657373,57.6171875
1657387,55.23681640625
1657397,44.98291015625
1657411,51.94091796875
1657432,63.53759765625
1657451,48.9501953125
1657468,43.8232421875
1657481,41.015625
1657508,36.4990234375
1657537,34.1796875
1657554,29.35791015625
1657570,36.80419921875
1657586,53.955078125
1657610,57.9833984375
1657624,20.93505859375
1657650,28.076171875
1657660,62.1337890625
1657698,20.81298828125
1657713,24.84130859375
1657748,59.75341796875
1657773,22.03369140625
1657792,21.42333984375
1657809,23.3154296875
1657838,65.12451171875
1657850,26.42822265625
1657874,20.20263671875
1657891,59.6923828125
1657941,31.494140625
1657958,61.95068359375
1657968,33.02001953125
1658036,43.5791015625
1658071,22.52197265625
1658093,24.47509765625
1658132,59.326171875
1658167,23.13232421875
1658199,60.05859375
1658240,20.99609375
1658276,67.3828125
1658312,49.31640625
1658389,72.81494140625
1658412,21.78955078125
1658435,57.80029296875
1658466,26.123046875
1658490,58.04443359375
1658512,22.0947265625
1658533,56.0302734375
1658554,22.0947265625
1658584,46.9970703125
1658595,34.11865234375
1658624,56.640625
1658640,24.658203125
1658697,63.232421875
1658709,43.64013671875
1658733,69.9462890625
1658807,56.33544921875
1658829,24.23095703125
1658875,43.39599609375
1658917,66.58935546875
1658941,43.0908203125
1658959,53.03955078125
1658972,31.25
1659014,50.9033203125
1659057,54.931640625
1659114,55.96923828125
1659131,29.96826171875
1659195,36.1328125
1659220,56.2744140625
1659234,21.8505859375
1659369,59.99755859375
1659499,62.07275390625
1659513,36.31591796875
1659687,23.4375
1659758,20.81298828125
1659848,36.4990234375
1729228,85.38818359375
1729307,68.359375
1729322,24.4140625
1729345,61.09619140625
1729361,50.47607421875
1729380,64.5751953125
1729408,89.35546875
1729432,73.6083984375
1729449,110.77880859375
1729470,76.66015625
1729483,38.87939453125
1729505,54.62646484375
1729520,21.30126953125
1729542,58.4716796875
1729566,36.1328125
1729587,59.14306640625
1729608,35.46142578125
1729625,52.6123046875
1729642,44.3115234375
1729668,51.81884765625
1729692,37.90283203125
1729724,68.42041015625
1729795,31.1279296875
1729807,65.7958984375
1729848,25.45166015625
1729859,66.10107421875
1729884,21.728515625
1729901,24.96337890625
1729941,30.517578125
1729984,69.03076171875
1730012,20.5078125
1730040,21.54541015625
1730084,57.18994140625
1730113,25.93994140625
1730138,23.25439453125
1730150,65.12451171875
1730235,71.22802734375
1730296,60.9130859375
1730313,24.23095703125
1730333,47.36328125
1730349,24.4140625
1730371,51.45263671875
1730386,28.13720703125
1730427,22.64404296875
1730451,63.90380859375
1730473,35.58349609375
1730496,55.84716796875
1730546,53.7109375
1730560,32.28759765625
1730586,67.5048828125
1730621,33.203125
1730650,62.07275390625
1730661,28.4423828125
1730700,24.90234375
1730728,52.6123046875
1730758,52.18505859375
1730789,24.169921875
1730804,61.82861328125
1730849,61.03515625
1730876,44.37255859375
1730895,58.349609375
1730914,29.1748046875
1730934,22.705078125
1730960,29.052734375
1730971,66.95556640625
1730993,40.95458984375
1731038,70.25146484375
1731074,20.44677734375
1731087,45.95947265625
1731099,27.64892578125
1731109,23.8037109375
1731136,60.60791015625
1731158,24.10888671875
1731197,56.57958984375
1731212,22.94921875
1731236,50.10986328125
1731328,57.861328125
1731368,31.31103515625
1731464,20.44677734375
1731497,55.35888671875
1731551,40.95458984375
1731585,49.25537109375
1731634,20.44677734375
1731836,42.6025390625
1731877,25.634765625
1732046,61.8896484375
1740827,28.4423828125
1786244,28.25927734375
1786349,27.64892578125
1786490,23.0712890625
1804516,23.37646484375
1824745,69.39697265625
1824830,69.82421875
1824879,67.07763671875
1824914,31.25
1824930,61.82861328125
1824951,66.34521484375
1824982,116.27197265625
1825001,69.88525390625
1825011,56.5185546875
1825031,68.05419921875
1825050,50.10986328125
1825069,67.138671875
1825080,34.60693359375
1825091,24.84130859375
1825120,44.37255859375
1825134,22.4609375
1825154,54.6875
1825180,50.1708984375
1825197,42.236328125
1825245,48.095703125
1825256,53.03955078125
1825282,47.66845703125
1825312,20.8740234375
1825333,28.076171875
1825366,35.33935546875
1825429,23.25439453125
1825440,31.06689453125
1825470,61.5234375
1825496,22.3388671875
1825510,56.45751953125
1825549,23.25439453125
1825608,66.95556640625
1825641,21.91162109375
1825660,23.62060546875
1825701,22.88818359375
1825715,60.546875
1825763,28.62548828125
1825813,20.93505859375
1825826,59.99755859375
1825849,25.390625
1825880,65.7958984375
1825896,20.6298828125
1825949,22.94921875
1825990,65.00244140625
1826001,26.42822265625
1826031,36.0107421875
1826063,56.82373046875
1826079,20.20263671875
1826105,61.8896484375
1826126,21.17919921875
1826136,21.30126953125
1826167,73.91357421875
1826177,23.0712890625
1826223,59.75341796875
1826240,33.99658203125
1826259,59.99755859375
1826273,29.84619140625
1826292,27.40478515625
1826326,23.98681640625
1826353,56.396484375
1826414,78.369140625
1826429,37.2314453125
1826447,66.10107421875
1826464,21.8505859375
1826520,47.4853515625
1826539,54.26025390625
1826590,64.27001953125
1826617,36.07177734375
1826632,60.791015625
1826653,21.17919921875
1826713,92.83447265625
1826727,21.05712890625
1826797,63.4765625
1826842,49.4384765625
1826884,34.423828125
1826894,23.5595703125
1826915,54.50439453125
1826946,25.0244140625
1826994,53.3447265625
1827007,66.7724609375
1827089,53.1005859375
1827112,43.3349609375
1827196,53.40576171875
1827385,43.39599609375
1827489,53.955078125
1834724,22.8271484375
1898959,69.3359375
1899040,72.509765625
1899081,69.27490234375
1899122,64.208984375
1899136,56.5185546875
1899155,57.4951171875
1899178,72.20458984375
1899200,66.2841796875
1899216,76.11083984375
1899240,68.9697265625
1899254,34.24072265625
1899279,40.71044921875
1899310,61.95068359375
1899329,59.326171875
1899341,42.1142578125
1899360,39.48974609375
1899392,43.39599609375
1899413,46.875
1899429,25.32958984375
1899447,37.53662109375
1899473,25.93994140625
1899483,57.0068359375
1899513,51.33056640625
1899530,26.3671875
1899554,51.20849609375
1899568,20.69091796875
1899603,60.72998046875
1899614,29.4189453125
1899632,20.99609375
1899646,20.751953125
1899695,46.56982421875
1899741,60.11962890625
1899772,22.64404296875
1899790,25.2685546875
1899809,60.302734375
1899825,25.32958984375
1899857,62.1337890625
1899893,24.47509765625
1899905,72.75390625
1899944,25.0244140625
1899959,22.0947265625
1900019,30.3955078125
1900029,64.51416015625
1900081,21.54541015625
1900108,29.9072265625
1900136,58.77685546875
1900185,27.77099609375
1900217,29.296875
1900233,46.69189453125
1900264,59.326171875
1900281,36.68212890625
1900316,68.54248046875
1900331,35.58349609375
1900354,44.43359375
1900366,22.0947265625
1900439,56.396484375
1900457,38.51318359375
1900499,53.77197265625
1900525,23.193359375
1900535,48.828125
1900575,86.669921875
1900602,27.52685546875
1900632,49.62158203125
1900647,32.958984375
1900679,23.0712890625
1900720,68.05419921875
1900736,42.3583984375
1900754,56.5185546875
1900778,34.11865234375
1900829,20.69091796875
1900842,41.9921875
1900862,20.20263671875
1900890,49.8046875
1900903,20.3857421875
1900939,66.95556640625
1901009,21.30126953125
1901020,64.63623046875
1901056,38.6962890625
1901146,22.705078125
1901215,56.57958984375
1901296,35.33935546875
1901307,72.69287109375
1901426,65.36865234375
1901635,58.77685546875
1907855,24.2919921875
1908176,25.69580078125
1910736,23.49853515625
1915239,62.80517578125
2007565,67.81005859375
2007649,101.50146484375
2007668,23.49853515625
2007689,59.2041015625
2007713,69.7021484375
2007724,56.45751953125
2007735,79.345703125
2007760,67.626953125
2007780,140.93017578125
2007792,70.37353515625
2007809,49.01123046875
2007832,37.78076171875
2007850,37.9638671875
2007865,47.05810546875
2007886,56.45751953125
2007920,37.04833984375
2007937,56.94580078125
2007969,37.7197265625
2007983,45.47119140625
2008014,48.9501953125
2008029,27.77099609375
2008058,27.40478515625
2008070,32.28759765625
2008103,31.3720703125
2008115,20.44677734375
2008134,60.4248046875
2008166,21.78955078125
2008185,21.42333984375
2008210,20.6298828125
2008247,62.5
2008313,23.01025390625
2008351,58.41064453125
2008372,29.296875
2008396,21.78955078125
2008432,68.42041015625
2008480,67.2607421875
2008521,21.728515625
2008536,46.875
2008576,53.22265625
2008600,23.3154296875
2008630,62.8662109375
2008647,23.0712890625
2008676,20.32470703125
2008711,60.97412109375
2008733,22.64404296875
2008755,58.16650390625
2008784,26.9775390625
2008814,22.0947265625
2008841,67.07763671875
2008866,30.76171875
2008878,37.65869140625
2008912,35.33935546875
2008932,21.91162109375
2008966,55.17578125
2009004,42.54150390625
2009018,46.875
2009099,57.92236328125
2009121,33.5693359375
2009137,47.119140625
2009161,29.35791015625
2009183,24.71923828125
2009203,44.73876953125
2009268,62.68310546875
2009323,57.0068359375
2009371,38.26904296875
2009405,20.20263671875
2009418,35.82763671875
2009485,57.67822265625
2009518,60.60791015625
2009536,24.84130859375
2009574,60.6689453125
2009610,65.91796875
2009634,21.05712890625
2009686,48.7060546875
2009702,29.296875
2009729,59.08203125
2009812,22.8271484375
2009847,62.01171875
2009938,60.24169921875
2010009,21.54541015625
2010020,29.96826171875
2017303,32.1044921875
2123154,81.72607421875
2123198,30.517578125
2123216,59.38720703125
2123247,54.8095703125
2123258,42.05322265625
2123273,65.24658203125
2123291,96.98486328125
2123316,79.04052734375
2123348,119.2626953125
2123365,76.72119140625
2123380,36.1328125
2123401,47.7294921875
2123429,54.6875
2123443,22.27783203125
2123461,37.59765625
2123479,40.8935546875
2123516,29.11376953125
2123546,54.8095703125
2123566,24.4140625
2123587,38.75732421875
2123610,63.1103515625
2123632,21.42333984375
2123645,61.767578125
2123686,60.36376953125
2123718,37.2314453125
2123760,23.5595703125
2123776,65.3076171875
2123792,26.55029296875
2123803,24.0478515625
2123849,27.64892578125
2123878,71.96044921875
2123890,25.146484375
2123919,24.0478515625
2123929,60.302734375
2124005,53.28369140625
2124021,27.2216796875
2124053,63.65966796875
2124078,21.3623046875
2124097,58.4716796875
2124140,33.203125
2124151,62.8662109375
2124208,52.55126953125
2124227,23.01025390625
2124267,61.82861328125
2124281,28.62548828125
2124295,22.64404296875
2124327,53.7109375
2124386,56.640625
2124406,32.16552734375
2124442,69.2138671875
2124460,37.78076171875
2124477,45.10498046875
2124531,68.603515625
2124545,22.0947265625
2124561,47.4853515625
2124572,21.6064453125
2124596,23.4375
2124610,29.11376953125
2124635,35.5224609375
2124647,59.63134765625
2124678,24.23095703125
2124700,56.82373046875
2124716,20.3857421875
2124750,43.45703125
2124772,26.4892578125
2124788,46.69189453125
2124829,59.63134765625
2124856,23.3154296875
2124881,65.4296875
2124943,78.91845703125
2124965,34.36279296875
2125008,58.65478515625
2125018,25.87890625
2125076,58.4716796875
2125153,77.81982421875
2125167,32.8369140625
2125233,57.80029296875
2125316,50.78125
2125378,54.0771484375
2125404,30.82275390625
2125422,20.99609375
2125459,21.728515625
2125470,61.6455078125
2125649,21.17919921875
2125671,37.41455078125
2132412,22.94921875
2132526,25.634765625
2192924,24.10888671875
2192993,26.2451171875
2193071,33.26416015625
2208068,71.1669921875
2208126,71.10595703125
2208141,20.263671875
2208167,55.5419921875
2208194,76.5380859375
2208215,79.16259765625
2208239,55.84716796875
2208260,83.251953125
2208275,121.7041015625
2208287,58.53271484375
2208303,51.26953125
2208326,38.330078125
2208339,57.43408203125
2208359,42.54150390625
2208392,42.29736328125
2208425,52.1240234375
2208446,48.4619140625
2208469,31.79931640625
2208487,22.64404296875
2208515,43.3349609375
2208528,37.9638671875
2208551,60.60791015625
2208594,52.55126953125
2208620,21.66748046875
2208637,35.64453125
2208680,61.03515625
2208745,56.2744140625
2208779,30.517578125
2208789,22.8271484375
2208872,55.48095703125
2208882,30.1513671875
2208892,21.1181640625
2208932,26.42822265625
2208957,67.56591796875
2208996,20.93505859375
2209040,23.8037109375
2209057,23.0712890625
2209091,57.12890625
2209133,53.16162109375
2209147,22.76611328125
2209184,26.123046875
2209216,69.4580078125
2209249,57.6171875
2209260,37.4755859375
2209283,22.76611328125
2209301,55.23681640625
2209329,25.32958984375
2209363,33.447265625
2209389,93.017578125
2209419,32.2265625
2209434,56.884765625
2209464,40.4052734375
2209501,20.93505859375
2209517,42.90771484375
2209544,23.74267578125
2209568,50.59814453125
2209582,34.423828125
2209638,46.93603515625
2209678,60.24169921875
2209715,29.1748046875
2209735,29.60205078125
2209752,28.4423828125
2209787,35.33935546875
2209798,64.208984375
2209827,33.3251953125
2209854,49.4384765625
2209928,66.5283203125
2209975,44.37255859375
2209986,59.08203125
2210012,20.56884765625
2210054,59.02099609375
2210098,59.99755859375
2210253,25.69580078125
2210364,21.30126953125
2210421,38.02490234375
2210436,52.001953125
2210645,60.546875
2219475,27.40478515625
2219632,24.5361328125
2219707,20.32470703125
2219873,22.705078125
2220003,20.20263671875
2317665,62.3779296875
2317731,20.751953125
2317763,63.720703125
2317790,66.7724609375
2317818,79.1015625
2317838,114.19677734375
2317861,57.6171875
2317892,105.712890625
2317906,78.125
2317922,48.828125
2317934,45.7763671875
2317960,54.8095703125
2317988,46.93603515625
2318005,26.9775390625
2318027,63.5986328125
2318062,52.490234375
2318086,36.68212890625
2318118,28.74755859375
2318132,38.4521484375
2318167,24.90234375
2318187,50.29296875
2318219,52.42919921875
2318237,20.6298828125
2318264,67.32177734375
2318321,61.34033203125
2318340,26.30615234375
2318370,26.123046875
2318382,59.38720703125
2318428,23.92578125
2318475,26.67236328125
2318502,46.56982421875
2318577,52.001953125
2318625,75.439453125
2318679,55.35888671875
2318695,28.25927734375
2318720,24.90234375
2318742,21.42333984375
2318767,40.10009765625
2318796,68.84765625
2318824,23.0712890625
2318854,53.1005859375
2318882,41.1376953125
2318892,30.82275390625
2318931,28.99169921875
2318950,63.4765625
2318982,39.0625
2319017,64.14794921875
2319063,51.1474609375
2319093,63.65966796875
2319109,20.5078125
2319137,51.45263671875
2319148,21.17919921875
2319177,49.37744140625
2319211,65.49072265625
2319232,24.90234375
2319250,64.51416015625
2319288,33.75244140625
2319345,33.5693359375
2319381,49.560546875
2319393,20.6298828125
2319427,51.81884765625
2319446,28.564453125
2319479,56.640625
2319504,45.22705078125
2319575,45.7763671875
2319634,48.7060546875
2319660,42.3583984375
2319693,54.99267578125
2319742,49.86572265625
2319845,61.34033203125
2319857,37.353515625
2319898,22.03369140625
2319932,56.15234375
2320012,20.93505859375
2320082,41.93115234375
2320200,57.67822265625
2327536,20.5078125
2348526,26.85546875
2383403,61.82861328125
2383534,66.95556640625
2383547,21.78955078125
2383576,69.3359375
2383587,31.06689453125
2383622,107.91015625
2383632,75.98876953125
2383671,109.92431640625
2383686,55.96923828125
2383716,49.8046875
2383736,46.38671875
2383759,65.12451171875
2383772,49.9267578125
2383804,50.23193359375
2383836,49.4384765625
2383866,53.52783203125
2383898,38.6962890625
2383930,27.40478515625
2383951,62.5
2383965,20.69091796875
2383991,27.4658203125
2384011,20.81298828125
2384033,24.35302734375
2384059,47.05810546875
2384081,23.74267578125
2384134,71.77734375
2384144,22.52197265625
2384216,50.048828125
2384256,71.2890625
2384284,25.5126953125
2384322,64.27001953125
2384346,24.0478515625
2384398,20.6298828125
2384411,28.9306640625
2384442,69.51904296875
2384486,20.69091796875
2384530,56.21337890625
2384541,26.42822265625
2384578,62.80517578125
2384600,26.06201171875
2384626,39.6728515625
2384658,50.72021484375
2384672,20.99609375
2384716,64.0869140625
2384736,28.564453125
2384760,57.80029296875
2384784,47.30224609375
2384797,58.16650390625
2384822,22.3388671875
2384847,23.193359375
2384878,67.07763671875
2384898,22.15576171875
2384916,65.7958984375
2384932,22.94921875
2384959,60.85205078125
2384989,31.005859375
2385018,56.15234375
2385049,44.98291015625
2385074,63.29345703125
2385111,23.5595703125
2385131,45.34912109375
2385163,20.32470703125
2385180,23.3154296875
2385203,61.279296875
2385217,30.1513671875
2385249,55.84716796875
2385301,62.01171875
2385325,34.0576171875
2385362,42.3583984375
2385395,31.494140625
2385460,61.21826171875
2385530,52.1240234375
2385601,58.65478515625
2385614,29.052734375
2385670,57.12890625
2385685,22.5830078125
2385825,22.5830078125
2385920,37.353515625
2386258,53.7109375
2448273,70.61767578125
2448388,53.64990234375
2448413,35.64453125
2448427,62.1337890625
2448459,59.02099609375
2448484,75.3173828125
2448502,49.37744140625
2448514,69.51904296875
2448538,88.37890625
2448568,72.8759765625
2448591,52.91748046875
2448610,28.01513671875
2448624,61.82861328125
2448651,78.18603515625
2448671,33.69140625
2448685,32.2265625
2448699,25.45166015625
2448720,51.513671875
2448733,21.728515625
2448758,24.5361328125
2448785,44.7998046875
2448816,23.193359375
2448834,39.0625
2448845,33.38623046875
2448881,39.85595703125
2448918,54.3212890625
2448966,51.26953125
2448994,23.0712890625
2449009,21.17919921875
2449022,37.53662109375
2449069,23.01025390625
2449092,23.5595703125
2449112,26.42822265625
2449122,22.3388671875
2449158,54.13818359375
2449206,21.05712890625
2449216,68.05419921875
2449269,21.17919921875
2449297,41.50390625
2449354,47.91259765625
2449378,23.98681640625
2449405,59.87548828125
2449427,34.423828125
2449447,70.068359375
2449469,21.91162109375
2449491,59.4482421875
2449501,24.7802734375
2449534,31.25
2449565,21.54541015625
2449581,61.767578125
2449626,60.05859375
2449645,27.40478515625
2449664,47.2412109375
2449681,32.3486328125
2449716,61.82861328125
2449738,27.40478515625
2449757,73.54736328125
2449780,27.9541015625
2449802,60.9130859375
2449841,39.794921875
2449857,55.72509765625
2449915,47.05810546875
2449925,27.9541015625
2449958,61.70654296875
2449992,20.5078125
2450022,51.7578125
2450050,48.27880859375
2450077,47.607421875
2450109,30.3955078125
2450126,49.98779296875
2450173,50.6591796875
2450217,22.64404296875
2450232,51.33056640625
2450249,22.76611328125
2450271,45.5322265625
2450322,28.99169921875
2450354,46.20361328125
2450440,63.04931640625
2450510,49.37744140625
2450559,33.447265625
2450582,20.44677734375
2450606,20.8740234375
2450658,57.55615234375
2450672,22.03369140625
2450744,65.0634765625
2450854,59.63134765625
2450869,38.63525390625
2450968,58.837890625
2457843,24.96337890625
2457992,29.78515625
2458604,23.62060546875
2459833,20.44677734375
2552423,76.171875
2552500,71.47216796875
2552522,26.0009765625
2552544,79.345703125
2552574,46.32568359375
2552601,89.66064453125
2552621,76.5380859375
2552651,111.14501953125
2552669,74.15771484375
2552683,59.2041015625
2552717,65.3076171875
2552732,65.49072265625
2552748,56.82373046875
2552760,56.33544921875
2552791,51.513671875
2552833,62.92724609375
2552869,48.7060546875
2552901,45.95947265625
2552931,61.82861328125
2552956,23.25439453125
2552979,22.3388671875
2552989,53.89404296875
2553014,21.30126953125
2553027,68.9697265625
2553072,27.2216796875
2553113,22.0947265625
2553176,58.65478515625
2553195,34.97314453125
2553263,25.08544921875
2553283,65.3076171875
2553310,21.66748046875
2553329,80.74951171875
2553375,40.95458984375
2553403,20.32470703125
2553441,22.64404296875
2553457,33.14208984375
2553475,65.85693359375
2553497,22.0947265625
2553523,61.46240234375
2553546,42.3583984375
2553570,70.37353515625
2553600,21.05712890625
2553631,21.3623046875
2553654,64.63623046875
2553689,28.25927734375
2553699,21.728515625
2553724,53.03955078125
2553756,39.48974609375
2553766,56.15234375
2553796,26.7333984375
2553810,62.92724609375
2553838,21.1181640625
2553874,59.9365234375
2553920,105.77392578125
2553953,24.10888671875
2553967,73.30322265625
2554007,63.96484375
2554027,20.69091796875
2554052,48.828125
2554102,53.3447265625
2554118,30.8837890625
2554168,37.29248046875
2554196,20.263671875
2554218,45.654296875
2554261,22.88818359375
2554301,23.5595703125
2554316,22.8271484375
2554363,54.99267578125
2554394,41.748046875
2554432,68.359375
2554489,36.92626953125
2554526,24.90234375
2554554,20.20263671875
2554664,55.419921875
2554718,38.2080078125
2554755,22.0947265625
2554811,57.18994140625
2554985,65.73486328125
2555005,41.259765625
2555227,20.6298828125
2561445,26.55029296875
2570006,21.05712890625
2664824,67.626953125
2664910,71.96044921875
2664960,55.11474609375
2664990,56.2744140625
2665014,65.73486328125
2665032,64.63623046875
2665043,80.56640625
2665073,65.00244140625
2665083,88.0126953125
2665107,82.09228515625
2665121,47.36328125
2665138,43.9453125
2665148,53.22265625
2665160,38.330078125
2665194,57.9833984375
2665210,51.69677734375
2665244,70.4345703125
2665264,20.99609375
2665282,26.2451171875
2665320,52.42919921875
2665347,41.1376953125
2665363,20.3857421875
2665390,27.52685546875
2665423,48.64501953125
2665447,31.3720703125
2665475,59.14306640625
2665511,23.86474609375
2665524,20.99609375
2665534,62.31689453125
2665589,69.2138671875
2665658,58.28857421875
2665671,28.1982421875
2665697,67.7490234375
2665779,29.052734375
2665834,63.29345703125
2665861,33.3251953125
2665897,27.34375
2665927,65.673828125
2665938,24.4140625
2665980,31.982421875
2666002,26.79443359375
2666036,22.76611328125
2666068,54.443359375
2666089,26.55029296875
2666114,65.0634765625
2666146,61.1572265625
2666181,51.025390625
2666198,40.0390625
2666244,52.67333984375
2666265,43.51806640625
2666286,44.37255859375
2666302,23.3154296875
2666328,47.8515625
2666373,74.0966796875
2666419,58.04443359375
2666429,38.818359375
2666458,56.2744140625
2666514,61.09619140625
2666525,49.072265625
2666598,50.96435546875
2666617,50.96435546875
2666641,29.296875
2666693,58.77685546875
2666777,36.2548828125
2666818,62.98828125
2666832,21.3623046875
2666959,60.72998046875
2666980,22.8271484375
2667047,66.71142578125
2667068,31.25
2667242,48.583984375
2667261,20.5078125
2667364,34.7900390625
2667756,21.1181640625
2674941,24.59716796875
2675171,20.751953125
2678454,67.7490234375
2765381,77.20947265625
2765419,24.35302734375
2765464,63.232421875
2765490,65.85693359375
2765506,38.63525390625
2765524,66.89453125
2765550,87.158203125
2765571,59.326171875
2765593,57.7392578125
2765609,85.38818359375
2765627,81.298828125
2765668,52.978515625
2765683,70.4345703125
2765695,59.99755859375
2765726,40.10009765625
2765746,46.93603515625
2765766,37.353515625
2765788,41.1376953125
2765809,36.43798828125
2765822,29.11376953125
2765838,21.728515625
2765849,22.76611328125
2765876,33.75244140625
2765897,37.109375
2765919,57.861328125
2765952,31.31103515625
2765963,48.40087890625
2765991,21.3623046875
2766034,50.048828125
2766061,22.0947265625
2766090,66.95556640625
2766136,66.10107421875
2766180,36.7431640625
2766213,55.35888671875
2766242,35.46142578125
2766252,21.3623046875
2766297,58.9599609375
2766313,22.0947265625
2766351,61.1572265625
2766412,29.541015625
2766429,63.96484375
2766458,26.9775390625
2766490,38.2080078125
2766508,55.0537109375
2766535,22.94921875
2766560,23.62060546875
2766611,57.67822265625
2766666,41.68701171875
2766681,32.65380859375
2766711,46.630859375
2766765,59.50927734375
2766797,63.41552734375
2766832,50.47607421875
2766850,25.87890625
2766895,61.34033203125
2766936,59.75341796875
2766955,21.1181640625
2766993,45.83740234375
2767026,33.8134765625
2767062,57.7392578125
2767116,43.27392578125
2767147,25.32958984375
2767190,56.33544921875
2767208,34.11865234375
2767222,20.751953125
2767289,54.3212890625
2767299,20.3857421875
2767413,63.720703125
2767431,37.59765625
2767473,59.2041015625
2767531,24.2919921875
2767614,48.88916015625
2767684,63.3544921875
2767786,55.17578125
2767796,41.9921875
2767969,57.12890625
2774962,20.56884765625
2781228,68.115234375
2881085,53.52783203125
2881136,31.43310546875
2881151,49.31640625
2881189,77.7587890625
2881204,35.94970703125
2881217,70.73974609375
2881244,105.89599609375
2881265,39.00146484375
2881281,94.42138671875
2881297,44.7998046875
2881320,95.76416015625
2881336,38.330078125
2881349,65.185546875
2881369,39.794921875
2881395,42.90771484375
2881418,52.91748046875
2881439,34.85107421875
2881453,26.18408203125
2881477,39.73388671875
2881503,37.4755859375
2881517,46.81396484375
2881541,48.095703125
2881552,24.169921875
2881586,26.0009765625
2881605,58.89892578125
2881629,30.57861328125
2881644,49.1943359375
2881672,25.32958984375
2881697,21.42333984375
2881722,24.658203125
2881735,64.94140625
2881790,55.17578125
2881808,25.08544921875
2881834,21.1181640625
2881859,70.73974609375
2881929,23.98681640625
2881941,65.4296875
2881969,20.3857421875
2881992,26.611328125
2882018,23.37646484375
2882060,61.03515625
2882072,27.83203125
2882113,20.751953125
2882149,59.814453125
2882201,55.2978515625
2882247,62.31689453125
2882261,32.40966796875
2882292,60.302734375
2882307,24.59716796875
2882363,66.7724609375
2882387,45.166015625
2882403,50.47607421875
2882430,29.96826171875
2882450,59.326171875
2882473,23.681640625
2882489,43.9453125
2882500,33.50830078125
2882513,40.71044921875
2882544,61.8896484375
2882573,43.212890625
2882594,34.7900390625
2882638,52.55126953125
2882671,21.78955078125
2882705,32.1044921875
2882717,56.5185546875
2882762,81.4208984375
2882780,21.240234375
2882814,57.55615234375
2882852,22.94921875
2882864,20.6298828125
2882899,59.5703125
2882951,49.4384765625
2882985,40.34423828125
2883022,55.2978515625
2883088,59.326171875
2883133,64.697265625
2883173,61.82861328125
2883214,20.8740234375
2883244,38.87939453125
2883339,59.814453125
2883395,20.32470703125
2883428,24.59716796875
2883500,36.2548828125
2883526,20.6298828125
2883544,23.92578125
2883577,64.27001953125
2883911,57.12890625
2892599,25.2685546875
2895077,66.58935546875
2916555,20.81298828125
2971842,64.697265625
2971918,71.96044921875
2971950,62.68310546875
2971981,79.7119140625
2972008,130.18798828125
2972036,47.66845703125
2972054,147.88818359375
2972067,56.2744140625
2972091,29.78515625
2972117,55.17578125
2972133,55.11474609375
2972160,51.08642578125
2972180,42.41943359375
2972212,38.26904296875
2972225,23.86474609375
2972246,41.44287109375
2972266,22.5830078125
2972279,39.55078125
2972306,24.35302734375
2972319,21.97265625
2972339,22.76611328125
2972352,50.59814453125
2972392,32.53173828125
2972406,20.5078125
2972460,38.0859375
2972488,56.57958984375
2972560,23.4375
2972584,22.8271484375
2972601,59.26513671875
2972620,21.17919921875
2972631,28.01513671875
2972676,51.33056640625
2972715,26.91650390625
2972744,48.828125
2972814,36.19384765625
2972853,67.9931640625
2972871,24.96337890625
2972894,36.0107421875
2972926,63.8427734375
2972948,21.6064453125
2972974,58.53271484375
2972996,20.69091796875
2973035,21.17919921875
2973047,55.5419921875
2973070,56.57958984375
2973086,57.12890625
2973136,55.11474609375
2973149,35.2783203125
2973181,58.53271484375
2973192,44.7998046875
2973239,50.96435546875
2973274,70.73974609375
2973320,46.5087890625
2973360,53.7109375
2973393,59.75341796875
2973410,33.5693359375
2973450,37.7197265625
2973502,20.69091796875
2973529,25.87890625
2973573,53.64990234375
2973617,46.630859375
2973630,25.69580078125
2973718,24.658203125
2973740,53.8330078125
2973784,54.443359375
2973827,20.3857421875
2973869,65.673828125
2973901,21.1181640625
2973978,63.29345703125
2974090,53.89404296875
2974125,44.5556640625
2974199,57.12890625
2974234,48.52294921875
2974392,20.32470703125
2974776,20.20263671875
2980673,21.66748046875
2981115,22.03369140625
2981871,27.7099609375
2982078,28.6865234375
3116459,65.73486328125
3116524,75.01220703125
3116552,62.5
3116581,56.5185546875
3116593,57.67822265625
3116615,56.0302734375
3116628,65.85693359375
3116670,71.35009765625
3116681,68.2373046875
3116703,59.814453125
3116733,87.40234375
3116758,43.15185546875
3116769,24.7802734375
3116784,32.04345703125
3116806,33.203125
3116824,34.912109375
3116834,46.81396484375
3116875,33.14208984375
3116886,45.95947265625
3116913,36.2548828125
3116947,35.21728515625
3116958,30.8837890625
3116995,55.0537109375
3117009,25.634765625
3117033,23.0712890625
3117043,32.470703125
3117059,27.40478515625
3117090,64.14794921875
3117140,23.193359375
3117257,80.2001953125
3117288,65.00244140625
3117302,22.15576171875
3117353,23.0712890625
3117364,25.69580078125
3117388,59.2041015625
3117450,38.87939453125
3117485,52.490234375
3117559,21.728515625
3117586,75.25634765625
3117596,21.05712890625
3117635,63.232421875
3117680,54.13818359375
3117716,20.263671875
3117728,44.5556640625
3117770,20.69091796875
3117781,29.60205078125
3117848,68.29833984375
3117864,42.66357421875
3117880,30.029296875
3117926,50.6591796875
3117957,58.41064453125
3117971,20.81298828125
3117988,20.20263671875
3118003,68.2373046875
3118041,21.97265625
3118083,20.69091796875
3118115,39.61181640625
3118134,24.658203125
3118149,31.25
3118180,57.9833984375
3118232,78.43017578125
3118271,60.1806640625
3118325,21.05712890625
3118370,43.212890625
3118397,58.349609375
3118454,20.6298828125
3118476,20.8740234375
3118543,56.2744140625
3118556,35.400390625
3118603,21.17919921875
3118763,61.767578125
3118820,25.87890625
3118961,38.57421875
3125569,25.2685546875
3126087,22.705078125
3126254,23.681640625
3127529,63.90380859375
3127974,21.3623046875
3168965,22.8271484375
3229560,75.50048828125
3229646,59.4482421875
3229674,59.75341796875
3229690,55.5419921875
3229708,73.486328125
3229730,76.59912109375
3229748,38.02490234375
3229766,91.36962890625
3229782,58.59375
3229796,75.439453125
3229821,51.26953125
3229839,46.5087890625
3229850,41.015625
3229862,43.0908203125
3229885,31.06689453125
3229903,49.560546875
3229938,63.78173828125
3229963,41.259765625
3229979,22.216796875
3230009,53.16162109375
3230036,36.56005859375
3230051,40.4052734375
3230077,61.95068359375
3230093,24.59716796875
3230138,25.390625
3230164,49.4384765625
3230184,24.4140625
3230235,41.6259765625
3230245,21.05712890625
3230288,60.4248046875
3230330,32.71484375
3230380,52.67333984375
3230396,21.240234375
3230457,59.4482421875
3230489,59.4482421875
3230500,28.62548828125
3230529,20.81298828125
3230567,32.77587890625
3230583,70.9228515625
3230640,63.29345703125
3230676,60.85205078125
3230692,39.61181640625
3230724,56.396484375
3230787,35.7666015625
3230813,39.55078125
3230881,77.1484375
3230929,60.48583984375
3230973,57.31201171875
3231010,56.15234375
3231029,54.38232421875
3231056,50.29296875
3231068,22.76611328125
3231124,57.9833984375
3231152,22.705078125
3231192,21.05712890625
3231221,64.27001953125
3231252,72.1435546875
3231283,52.1240234375
3231315,60.4248046875
3231325,38.26904296875
3231368,54.26025390625
3231411,67.87109375
3231421,23.0712890625
3231463,63.1103515625
3231554,20.3857421875
3231572,57.373046875
3231629,50.35400390625
3231689,20.44677734375
3231717,22.52197265625
3231832,41.07666015625
3231897,48.64501953125
3232081,56.884765625
3232232,21.30126953125
3239566,21.6064453125
3240760,25.81787109375
3309458,21.05712890625
3326046,61.6455078125
3326129,67.19970703125
3326144,24.71923828125
3326163,78.9794921875
3326189,55.72509765625
3326201,77.57568359375
3326225,123.71826171875
3326239,88.56201171875
3326281,98.6328125
3326291,30.1513671875
3326314,93.3837890625
3326333,31.73828125
3326346,80.322265625
3326372,45.71533203125
3326383,58.28857421875
3326411,41.19873046875
3326447,43.15185546875
3326465,44.0673828125
3326482,57.861328125
3326526,40.8935546875
3326550,39.0625
3326586,53.16162109375
3326625,21.728515625
3326665,20.751953125
3326688,24.658203125
3326721,21.91162109375
3326752,63.90380859375
3326791,61.8896484375
3326807,21.54541015625
3326835,53.03955078125
3326869,21.05712890625
3326919,82.09228515625
3327007,63.3544921875
3327028,30.1513671875
3327059,62.92724609375
3327069,26.2451171875
3327117,64.0869140625
3327171,52.1240234375
3327236,20.3857421875
3327271,31.43310546875
3327303,57.55615234375
3327322,31.1279296875
3327360,59.87548828125
3327391,50.78125
3327422,28.4423828125
3327439,46.2646484375
3327471,40.71044921875
3327481,75.5615234375
3327537,74.70703125
3327556,23.8037109375
3327580,70.4345703125
3327595,38.4521484375
3327620,21.6064453125
3327650,83.55712890625
3327661,28.50341796875
3327744,20.8740234375
3327756,34.3017578125
3327809,61.8896484375
3327839,24.0478515625
3327865,49.9267578125
3327900,48.40087890625
3327928,24.23095703125
3327944,48.33984375
3327970,28.13720703125
3327989,53.89404296875
3328006,22.27783203125
3328046,55.23681640625
3328131,20.56884765625
3328157,49.37744140625
3328206,35.888671875
3328270,54.443359375
3328395,51.20849609375
3328480,36.0107421875
3335201,22.705078125
3335742,28.4423828125
3434624,59.4482421875
3434661,35.400390625
3434677,74.03564453125
3434708,83.55712890625
3434731,73.42529296875
3434754,65.24658203125
3434782,79.7119140625
3434800,33.38623046875
3434811,56.09130859375
3434835,51.69677734375
3434848,50.10986328125
3434872,44.43359375
3434898,45.59326171875
3434919,38.87939453125
3434934,41.9921875
3434964,48.33984375
3434974,26.2451171875
3434996,20.8740234375
3435009,59.63134765625
3435042,51.1474609375
3435052,24.59716796875
3435079,55.5419921875
3435090,42.1142578125
3435132,23.01025390625
3435201,57.861328125
3435249,20.6298828125
3435270,25.5126953125
3435283,70.12939453125
3435316,60.24169921875
3435360,27.77099609375
3435377,24.169921875
3435416,57.18994140625
3435433,23.681640625
3435498,26.18408203125
3435509,22.8271484375
3435527,71.6552734375
3435579,64.39208984375
3435623,20.3857421875
3435635,81.1767578125
3435664,27.64892578125
3435742,63.65966796875
3435752,36.7431640625
3435782,43.701171875
3435797,29.9072265625
3435813,27.52685546875
3435849,20.44677734375
3435859,57.0068359375
3435872,36.9873046875
3435914,24.96337890625
3435956,34.5458984375
3435985,61.46240234375
3436029,64.02587890625
3436084,21.6064453125
3436103,56.640625
3436136,28.74755859375
3436160,64.39208984375
3436209,20.69091796875
3436226,81.1767578125
3436280,67.07763671875
3436306,31.92138671875
3436329,60.302734375
3436363,22.94921875
3436440,68.603515625
3436467,21.6064453125
3436542,36.376953125
3436554,65.185546875
3436584,20.99609375
3436688,54.26025390625
3436760,38.14697265625
3436789,30.76171875
3436824,67.56591796875
3436893,56.396484375
3436976,62.31689453125
3447086,60.05859375
3470309,69.27490234375
3470333,29.72412109375
3470344,72.509765625
3470370,41.50390625
3470407,63.5986328125
3470431,78.06396484375
3470455,112.97607421875
3470478,55.419921875
3470497,76.171875
3470514,58.04443359375
3470537,59.99755859375
3470553,74.5849609375
3470574,44.677734375
3470598,61.767578125
3470629,56.57958984375
3470649,51.3916015625
3470679,49.13330078125
3470698,38.63525390625
3470729,39.1845703125
3470742,22.88818359375
3470756,46.875
3470788,42.6025390625
3470820,52.67333984375
3470849,23.92578125
3470859,27.34375
3470886,62.5
3470930,48.2177734375
3470988,22.0947265625
3471018,62.01171875
3471036,21.54541015625
3471069,28.13720703125
3471091,26.18408203125
3471126,20.751953125
3471170,56.884765625
3471192,22.52197265625
3471222,66.0400390625
3471235,22.94921875
3471272,67.2607421875
3471282,22.0947265625
3471297,22.5830078125
3471325,28.564453125
3471353,59.99755859375
3471364,27.4658203125
3471396,25.57373046875
3471412,64.51416015625
3471435,38.39111328125
3471460,50.72021484375
3471494,38.0859375
3471512,23.92578125
3471530,67.93212890625
3471545,29.84619140625
3471577,54.13818359375
3471591,36.376953125
3471646,74.951171875
3471667,39.00146484375
3471694,61.4013671875
3471710,37.9638671875
3471749,55.6640625
3471791,60.97412109375
3471848,56.0302734375
3471876,43.9453125
3471894,44.37255859375
3471934,62.43896484375
3471947,63.720703125
3471968,21.17919921875
3471993,62.92724609375
3472098,50.84228515625
3472118,39.794921875
3472193,51.08642578125
3472287,51.025390625
3472365,41.93115234375
3472393,55.6640625
3472603,51.6357421875
3472699,43.45703125
3481367,20.32470703125
3482561,27.9541015625
3536637,66.89453125
3536891,79.65087890625
3536921,74.3408203125
3536950,142.02880859375
3536973,90.39306640625
3536992,83.55712890625
3537010,96.5576171875
3537023,75.13427734375
3537052,55.5419921875
3537066,41.259765625
3537097,72.20458984375
3537133,54.13818359375
3537146,35.888671875
3537160,70.556640625
3537189,20.20263671875
3537204,39.24560546875
3537222,20.8740234375
3537249,44.7998046875
3537270,20.3857421875
3537293,65.97900390625
3537324,22.3388671875
3537346,23.4375
3537364,49.13330078125
3537381,23.4375
3537443,29.052734375
3537517,53.955078125
3537566,70.00732421875
3537579,28.1982421875
3537595,32.77587890625
3537642,59.50927734375
3537690,77.08740234375
3537730,22.03369140625
3537755,20.3857421875
3537793,53.22265625
3537803,28.564453125
3537834,23.5595703125
3537867,59.02099609375
3537879,33.50830078125
3537905,66.58935546875
3537951,20.32470703125
3538013,47.54638671875
3538053,47.42431640625
3538100,54.5654296875
3538142,71.044921875
3538199,56.70166015625
3538217,25.45166015625
3538237,61.8896484375
3538290,62.80517578125
3538302,26.7333984375
3538357,21.30126953125
3538404,55.419921875
3538418,29.052734375
3538485,24.59716796875
3538519,53.40576171875
3538530,67.07763671875
3538604,83.3740234375
3538687,56.884765625
3538766,69.64111328125
3538815,25.08544921875
3538900,54.01611328125
3538988,59.14306640625
3539033,53.77197265625
3539061,36.62109375
3539388,31.8603515625
3539661,64.39208984375
3545416,23.25439453125
3545983,21.54541015625
3546474,23.01025390625
3547144,22.0947265625
3547259,23.25439453125
3704446,68.29833984375
3704516,68.05419921875
3704537,62.31689453125
3704547,31.3720703125
3704573,48.88916015625
3704589,91.30859375
3704602,56.0302734375
3704625,76.35498046875
3704638,57.0068359375
3704664,81.23779296875
3704678,61.46240234375
3704700,50.9033203125
3704715,69.76318359375
3704749,36.7431640625
3704776,55.11474609375
3704788,50.23193359375
3704802,39.85595703125
3704828,47.119140625
3704859,42.41943359375
3704926,56.45751953125
3704938,21.484375
3704961,46.32568359375
3705002,21.1181640625
3705013,51.6357421875
3705046,33.14208984375
3705076,23.4375
3705106,21.728515625
3705138,22.216796875
3705168,21.30126953125
3705192,75.13427734375
3705233,65.85693359375
3705293,62.255859375
3705321,27.64892578125
3705356,60.6689453125
3705383,24.84130859375
3705398,68.90869140625
3705417,20.8740234375
3705444,21.66748046875
3705454,20.32470703125
3705469,27.28271484375
3705507,23.86474609375
3705534,31.92138671875
3705547,31.18896484375
3705596,62.8662109375
3705637,44.3115234375
3705662,40.34423828125
3705683,30.33447265625
3705700,45.41015625
3705747,62.255859375
3705757,24.90234375
3705803,55.23681640625
3705814,39.36767578125
3705835,25.0244140625
3705855,48.9501953125
3705877,40.771484375
3705894,43.51806640625
3705917,23.193359375
3705952,55.23681640625
3705963,30.2734375
3705975,21.78955078125
3705999,49.560546875
3706038,22.15576171875
3706051,51.81884765625
3706075,47.66845703125
3706106,51.81884765625
3706118,37.04833984375
3706191,61.4013671875
3706260,53.28369140625
3706289,23.86474609375
3706310,48.4619140625
3706389,38.4521484375
3706413,51.57470703125
3706428,30.09033203125
3706447,57.31201171875
3706617,53.28369140625
3706632,30.57861328125
3706644,34.0576171875
3707068,55.6640625
3718124,24.4140625
3718146,68.29833984375
3718174,72.8759765625
3718199,122.9248046875
3718217,35.15625
3718234,39.24560546875
3718248,66.0400390625
3718272,82.1533203125
3718294,38.63525390625
3718320,99.2431640625
3718335,37.65869140625
3718358,45.95947265625
3718368,57.373046875
3718381,27.9541015625
3718392,46.142578125
3718409,23.13232421875
3718432,40.283203125
3718467,63.78173828125
3718498,58.2275390625
3718516,25.2685546875
3718540,76.11083984375
3718550,30.21240234375
3718591,29.23583984375
3718611,29.23583984375
3718623,55.72509765625
3718662,71.1669921875
3718675,26.611328125
3718691,33.87451171875
3718713,26.30615234375
3718750,54.19921875
3718763,21.240234375
3718798,56.5185546875
3718818,25.7568359375
3718844,70.12939453125
3718868,29.96826171875
3718888,63.65966796875
3718903,20.69091796875
3718965,55.419921875
3718986,56.33544921875
3719009,55.17578125
3719037,31.1279296875
3719067,45.22705078125
3719097,31.494140625
3719123,22.0947265625
3719150,34.5458984375
3719169,58.89892578125
3719187,29.60205078125
3719208,20.93505859375
3719229,44.12841796875
3719274,40.34423828125
3719293,22.3388671875
3719321,34.1796875
3719351,22.88818359375
3719372,46.93603515625
3719411,20.93505859375
3719468,37.9638671875
3719510,39.73388671875
3719530,45.2880859375
3719546,20.69091796875
3719567,63.78173828125
3719617,22.52197265625
3719686,61.58447265625
3719721,45.654296875
3719734,55.419921875
3719819,64.88037109375
3719866,22.52197265625
3719892,21.66748046875
3719977,25.2685546875
3720061,48.03466796875
3720098,59.02099609375
3720174,62.80517578125
3720270,30.70068359375
3720545,20.5078125
3720560,66.7724609375
3720948,20.44677734375
3726459,28.62548828125
3726627,21.728515625
3726822,25.2685546875
3727070,20.81298828125
3727203,25.0244140625
3728110,21.6064453125
3728664,25.69580078125
3728835,26.85546875
3729695,25.20751953125
3730336,23.5595703125
3730377,66.0400390625
3730410,43.3349609375
3730421,85.0830078125
3730448,57.4951171875
3730476,56.45751953125
3730492,66.7724609375
3730527,68.2373046875
3730543,78.7353515625
3730566,50.048828125
3730595,67.3828125
3730624,60.60791015625
3730639,41.44287109375
3730657,64.51416015625
3730671,43.701171875
3730705,50.59814453125
3730720,32.8369140625
3730751,65.00244140625
3730787,50.96435546875
3730814,43.212890625
3730849,54.931640625
3730860,38.51318359375
3730908,45.166015625
3730923,20.81298828125
3730950,46.38671875
3730962,22.216796875
3730992,23.0712890625
3731005,70.86181640625
3731024,34.0576171875
3731050,25.45166015625
3731090,28.25927734375
3731100,60.24169921875
3731128,21.8505859375
3731143,62.255859375
3731158,41.3818359375
3731197,49.86572265625
3731226,21.42333984375
3731242,74.8291015625
3731317,61.8896484375
3731363,47.18017578125
3731382,24.90234375
3731400,27.16064453125
3731430,45.8984375
3731460,20.93505859375
3731482,64.5751953125
3731521,25.2685546875
3731599,57.43408203125
3731618,39.9169921875
3731651,21.97265625
3731717,49.072265625
3731783,50.59814453125
3731828,52.30712890625
3731913,20.81298828125
3731925,60.9130859375
3731963,22.8271484375
3731990,20.44677734375
3732002,23.86474609375
3732044,53.16162109375
3732079,20.99609375
3732111,20.751953125
3732249,60.05859375
3732262,25.390625
3732541,54.62646484375
3732784,22.15576171875
3732881,54.8095703125
3923117,82.8857421875
3923147,28.3203125
3923162,77.45361328125
3923189,73.73046875
3923220,31.005859375
3923235,83.984375
3923252,68.7255859375
3923262,39.61181640625
3923274,24.84130859375
3923303,97.5341796875
3923334,49.560546875
3923353,44.98291015625
3923370,53.52783203125
3923382,23.01025390625
3923395,51.33056640625
3923423,41.1376953125
3923445,43.15185546875
3923455,36.376953125
3923472,34.7900390625
3923487,43.8232421875
3923525,40.6494140625
3923536,39.1845703125
3923574,51.6357421875
3923602,20.44677734375
3923621,53.3447265625
3923648,21.91162109375
3923659,20.44677734375
3923670,26.0009765625
3923698,67.3828125
3923756,21.42333984375
3923773,66.40625
3923817,21.1181640625
3923833,23.8037109375
3923868,60.48583984375
3923902,24.7802734375
3923931,26.06201171875
3923960,22.52197265625
3923976,20.44677734375
3923998,25.81787109375
3924051,62.80517578125
3924066,33.99658203125
3924081,26.0009765625
3924109,26.0009765625
3924125,20.20263671875
3924152,57.0068359375
3924183,23.13232421875
3924237,60.546875
3924255,30.76171875
3924272,21.3623046875
3924299,22.15576171875
3924366,66.95556640625
3924387,26.67236328125
3924427,58.7158203125
3924468,58.59375
3924480,75.86669921875
3924521,74.462890625
3924531,24.658203125
3924565,54.443359375
3924614,54.62646484375
3924656,55.96923828125
3924701,36.9873046875
3924736,21.30126953125
3924768,59.6923828125
3924785,21.97265625
3924810,58.16650390625
3924858,52.18505859375
3924877,20.8740234375
3924904,59.326171875
3924916,23.0712890625
3924963,20.44677734375
3924975,33.935546875
3925008,21.05712890625
3925105,51.26953125
3925184,53.955078125
3925228,59.5703125
3925251,44.677734375
3925450,21.54541015625
3931271,28.1982421875
3932744,20.6298828125
3932997,24.71923828125
3933916,20.56884765625
3934211,23.49853515625
4090930,24.47509765625
4090987,71.35009765625
4091033,58.89892578125
4091066,30.70068359375
4091076,75.8056640625
4091105,69.82421875
4091121,23.5595703125
4091134,134.70458984375
4091158,44.00634765625
4091170,93.3837890625
4091189,44.7998046875
4091208,83.984375
4091234,84.716796875
4091266,80.078125
4091284,21.42333984375
4091303,63.53759765625
4091322,42.96875
4091346,31.67724609375
4091367,44.00634765625
4091391,57.55615234375
4091422,43.3349609375
4091442,22.03369140625
4091470,56.94580078125
4091507,23.98681640625
4091537,59.814453125
4091598,23.92578125
4091639,31.73828125
4091674,30.09033203125
4091722,26.123046875
4091742,76.59912109375
4091829,34.85107421875
4091841,65.7958984375
4091858,21.54541015625
4091878,20.263671875
4091919,28.076171875
4091948,28.74755859375
4091989,20.20263671875
4092010,30.029296875
4092036,22.15576171875
4092089,55.96923828125
4092111,22.4609375
4092139,67.19970703125
4092210,56.15234375
4092237,56.2744140625
4092286,55.48095703125
4092301,34.97314453125
4092349,57.92236328125
4092359,24.10888671875
4092388,22.27783203125
4092398,74.5849609375
4092446,59.38720703125
4092553,50.72021484375
4092597,61.6455078125
4092627,71.83837890625
4092644,49.13330078125
4092742,56.21337890625
4092769,22.03369140625
4092800,50.35400390625
4092814,21.484375
4092855,56.70166015625
4092906,25.390625
4092922,43.51806640625
4092955,55.35888671875
4093216,38.63525390625
4100558,21.728515625
4100766,25.69580078125
4102231,29.541015625
4187897,68.359375
4187918,27.52685546875
4187944,73.1201171875
4187967,61.58447265625
4187980,39.85595703125
4188007,56.33544921875
4188034,72.998046875
4188054,67.81005859375
4188064,68.9697265625
4188089,46.142578125
4188120,118.408203125
4188135,59.87548828125
4188168,47.79052734375
4188182,46.9970703125
4188217,32.40966796875
4188230,36.31591796875
4188256,48.64501953125
4188274,30.70068359375
4188285,24.7802734375
4188295,29.9072265625
4188318,54.38232421875
4188328,28.6865234375
4188371,42.29736328125
4188401,47.119140625
4188445,20.5078125
4188459,64.8193359375
4188483,20.99609375
4188496,20.69091796875
4188521,61.6455078125
4188564,25.08544921875
4188611,65.61279296875
4188671,21.54541015625
4188712,23.8037109375
4188744,66.71142578125
4188791,22.216796875
4188824,20.20263671875
4188845,57.18994140625
4188864,21.17919921875
4188925,62.01171875
4188938,25.146484375
4188995,28.62548828125
4189036,62.56103515625
4189077,36.0107421875
4189101,56.15234375
4189131,46.9970703125
4189166,65.4296875
4189178,23.49853515625
4189213,23.49853515625
4189256,37.90283203125
4189275,21.05712890625
4189290,53.3447265625
4189311,39.12353515625
4189340,25.20751953125
4189354,60.24169921875
4189391,79.16259765625
4189483,67.138671875
4189511,36.376953125
4189534,62.3779296875
4189585,58.89892578125
4189633,48.095703125
4189644,22.4609375
4189667,23.8037109375
4189742,56.5185546875
4189769,36.376953125
4189802,45.83740234375
4189898,60.36376953125
4189988,35.09521484375
4190033,57.7392578125
4190144,63.8427734375
4190222,62.80517578125
4196032,23.74267578125
4197486,21.8505859375
4312688,21.91162109375
4355131,66.40625
4355158,26.611328125
4355187,67.7490234375
4355217,24.2919921875
4355229,72.32666015625
4355255,49.86572265625
4355268,21.97265625
4355285,65.24658203125
4355312,87.5244140625
4355325,46.08154296875
4355349,69.82421875
4355375,50.35400390625
4355389,31.3720703125
4355409,52.18505859375
4355431,62.6220703125
4355441,45.95947265625
4355451,35.64453125
4355465,31.55517578125
4355482,38.51318359375
4355492,32.3486328125
4355512,44.5556640625
4355534,49.74365234375
4355567,56.396484375
4355577,41.259765625
4355597,28.62548828125
4355608,41.259765625
4355638,37.2314453125
4355671,31.31103515625
4355702,23.193359375
4355719,42.17529296875
4355750,21.484375
4355798,58.4716796875
4355818,21.728515625
4355871,24.90234375
4355914,30.70068359375
4355970,58.2275390625
4356010,21.6064453125
4356025,21.42333984375
4356064,51.513671875
4356093,20.44677734375
4356116,21.240234375
4356153,20.3857421875
4356177,23.3154296875
4356253,21.78955078125
4356285,70.556640625
4356295,27.52685546875
4356341,24.2919921875
4356351,72.57080078125
4356367,24.71923828125
4356398,65.73486328125
4356416,31.494140625
4356442,53.64990234375
4356507,31.8603515625
4356523,26.91650390625
4356555,61.34033203125
4356610,44.25048828125
4356637,20.751953125
4356684,60.546875
4356697,23.193359375
4356721,22.76611328125
4356747,59.2041015625
4356797,57.92236328125
4356863,60.11962890625
4356887,55.419921875
4356901,20.44677734375
4356954,20.6298828125
4357016,62.80517578125
4357029,21.05712890625
4357052,21.1181640625
4357095,66.0400390625
4357176,23.5595703125
4357201,56.33544921875
4357276,52.24609375
4357360,22.03369140625
4357370,40.83251953125
4363435,27.9541015625
4363541,27.4658203125
4363725,21.42333984375
4363818,22.15576171875
4446129,65.4296875
4446178,27.83203125
4446197,65.91796875
4446228,23.25439453125
4446259,73.05908203125
4446290,80.99365234375
4446313,89.41650390625
4446331,92.46826171875
4446359,48.15673828125
4446380,97.22900390625
4446404,71.96044921875
4446431,62.8662109375
4446458,71.8994140625
4446485,49.9267578125
4446507,65.85693359375
4446527,39.48974609375
4446559,46.44775390625
4446583,44.86083984375
4446597,26.4892578125
4446620,44.98291015625
4446645,20.44677734375
4446665,50.4150390625
4446697,43.27392578125
4446711,20.69091796875
4446736,56.70166015625
4446749,24.23095703125
4446792,64.697265625
4446803,22.88818359375
4446852,25.08544921875
4446868,68.29833984375
4446908,21.42333984375
4446921,28.4423828125
4446955,23.0712890625
4447062,21.17919921875
4447088,28.99169921875
4447149,60.24169921875
4447162,20.32470703125
4447200,58.28857421875
4447225,20.81298828125
4447265,66.7724609375
4447284,21.17919921875
4447332,49.37744140625
4447357,33.26416015625
4447379,64.02587890625
4447398,42.8466796875
4447439,62.92724609375
4447450,46.2646484375
4447487,61.70654296875
4447519,21.484375
4447567,59.9365234375
4447607,56.0302734375
4447642,41.50390625
4447680,47.05810546875
4447720,28.74755859375
4447735,28.1982421875
4447761,58.77685546875
4447778,24.5361328125
4447825,52.3681640625
4447861,54.99267578125
4447937,43.0908203125
4447958,59.326171875
4447993,21.8505859375
4448019,57.92236328125
4448081,60.6689453125
4448135,57.80029296875
4448157,20.93505859375
4448183,71.77734375
4448249,58.53271484375
4448371,58.41064453125
4448434,55.0537109375
4454663,26.42822265625
4456356,27.2216796875
4456469,30.45654296875
4458971,54.62646484375
4458995,23.01025390625
4459018,69.580078125
4459041,73.66943359375
4459064,49.8046875
4459088,102.96630859375
4459107,74.21875
4459125,60.6689453125
4459150,32.470703125
4459167,51.81884765625
4459194,41.259765625
4459206,39.00146484375
4459232,35.7666015625
4459250,41.50390625
4459281,39.85595703125
4459291,26.0009765625
4459319,60.48583984375
4459347,49.8046875
4459359,25.7568359375
4459384,31.005859375
4459395,31.73828125
4459444,49.6826171875
4459458,29.6630859375
4459510,64.8193359375
4459530,22.94921875
4459553,24.10888671875
4459564,22.39990234375
4459588,60.9130859375
4459600,24.96337890625
4459626,58.837890625
4459638,21.484375
4459669,59.14306640625
4459693,25.69580078125
4459712,52.24609375
4459750,24.4140625
4459791,45.0439453125
4459845,53.5888671875
4459866,28.6865234375
4459888,50.23193359375
4459914,42.17529296875
4459948,23.01025390625
4459961,55.6640625
4459972,22.39990234375
4460006,58.53271484375
4460035,26.4892578125
4460067,38.14697265625
4460095,51.69677734375
4460127,44.0673828125
4460189,61.6455078125
4460202,36.62109375
4460237,26.06201171875
4460266,61.34033203125
4460286,26.0009765625
4460321,21.54541015625
4460355,54.26025390625
4460412,22.94921875
4460431,21.78955078125
4460476,57.6171875
4460528,58.349609375
4460548,24.23095703125
4460630,48.828125
4460687,62.80517578125
4460789,43.27392578125
4460895,49.86572265625
4460962,66.0400390625
4460974,27.4658203125
4461041,65.12451171875
4461089,28.25927734375
4461306,63.232421875
4461320,21.30126953125
4461361,21.30126953125
4461429,63.4765625
4461602,69.82421875
4469172,73.54736328125
4469243,69.03076171875
4469262,41.07666015625
4469284,88.68408203125
4469310,55.72509765625
4469338,92.95654296875
4469366,85.14404296875
4469384,58.2275390625
4469394,51.7578125
4469422,56.57958984375
4469441,62.56103515625
4469452,63.1103515625
4469479,51.1474609375
4469495,43.3349609375
4469515,48.7060546875
4469536,37.41455078125
4469555,41.015625
4469573,34.7900390625
4469587,34.24072265625
4469608,48.4619140625
4469628,41.015625
4469642,27.03857421875
4469656,70.73974609375
4469677,21.3623046875
4469721,57.2509765625
4469734,24.47509765625
4469764,61.279296875
4469774,26.30615234375
4469798,55.17578125
4469826,31.005859375
4469845,65.91796875
4469871,31.6162109375
4469884,25.146484375
4469914,75.1953125
4469926,31.67724609375
4469959,55.72509765625
4470017,42.05322265625
4470053,20.6298828125
4470071,22.0947265625
4470108,29.052734375
4470151,65.97900390625
4470188,24.169921875
4470200,57.12890625
4470255,38.75732421875
4470278,55.0537109375
4470298,55.7861328125
4470312,22.0947265625
4470338,49.98779296875
4470358,38.63525390625
4470405,22.4609375
4470424,65.3076171875
4470435,25.634765625
4470484,76.35498046875
4470524,54.8095703125
4470555,23.193359375
4470578,43.3349609375
4470595,25.634765625
4470728,55.35888671875
4470764,23.193359375
4470779,69.76318359375
4470842,59.50927734375
4470862,21.30126953125
4470891,54.931640625
4470922,23.49853515625
4471030,23.74267578125
4471106,60.4248046875
4471183,25.81787109375
4471234,61.279296875
4471281,20.5078125
4471568,24.23095703125
4471598,60.1806640625
4472199,53.40576171875
4696677,83.8623046875
4696689,32.53173828125
4696713,65.3076171875
4696734,24.4140625
4696750,75.0732421875
4696773,65.61279296875
4696801,62.255859375
4696811,65.61279296875
4696828,55.84716796875
4696847,25.93994140625
4696868,68.7255859375
4696886,46.81396484375
4696898,44.86083984375
4696922,63.232421875
4696932,38.9404296875
4696964,88.37890625
4696981,30.6396484375
4696999,51.8798828125
4697013,38.57421875
4697048,30.21240234375
4697061,55.35888671875
4697078,36.2548828125
4697108,59.4482421875
4697118,33.5693359375
4697151,77.94189453125
4697193,57.80029296875
4697243,60.24169921875
4697276,41.32080078125
4697318,32.2265625
4697350,26.9775390625
4697369,56.94580078125
4697406,23.98681640625
4697422,23.62060546875
4697463,28.13720703125
4697523,73.6083984375
4697545,20.56884765625
4697581,46.56982421875
4697612,36.07177734375
4697625,65.4296875
4697703,34.97314453125
4697717,21.17919921875
4697733,65.24658203125
4697768,21.54541015625
4697783,51.8798828125
4697805,20.32470703125
4697867,34.36279296875
4697907,70.9228515625
4697937,60.85205078125
4697989,36.80419921875
4698007,52.490234375
4698028,24.84130859375
4698071,21.42333984375
4698088,21.240234375
4698114,54.38232421875
4698175,46.44775390625
4698193,45.2880859375
4698225,21.8505859375
4698285,58.7158203125
4698349,62.68310546875
4698365,21.97265625
4698397,60.11962890625
4698471,52.42919921875
4698631,63.4765625
4698746,69.88525390625
4698793,61.70654296875
4704726,22.0947265625
4704963,29.96826171875
4705393,21.30126953125
4705538,27.587890625
4706463,28.01513671875
