4799201,0
31631,39.12353515625
31746,29.9072265625
31857,29.1748046875
87459,33.5693359375
87593,42.8466796875
87748,29.4189453125
134141,31.43310546875
134246,33.38623046875
134317,30.2734375
134425,30.6396484375
186698,31.8603515625
186846,32.40966796875
186950,30.09033203125
186966,29.6630859375
187048,31.982421875
187111,29.6630859375
236015,33.99658203125
236188,36.43798828125
236211,29.1748046875
246409,35.400390625
300590,48.33984375
300721,42.1142578125
353754,32.71484375
353981,33.63037109375
408860,38.87939453125
408957,30.70068359375
462211,34.423828125
462313,31.73828125
462373,39.36767578125
462400,35.15625
512762,34.85107421875
512891,30.21240234375
513028,28.86962890625
546417,29.72412109375
546457,32.53173828125
594101,33.02001953125
594274,31.982421875
594334,31.8603515625
594368,32.8369140625
641151,28.86962890625
641283,45.71533203125
696848,38.39111328125
696948,31.73828125
697014,30.09033203125
750441,34.423828125
803077,34.7900390625
803187,31.1279296875
803227,29.60205078125
803282,33.26416015625
803294,32.28759765625
845382,30.09033203125
845645,45.83740234375
894537,34.5458984375
894643,36.92626953125
951072,38.51318359375
951232,31.06689453125
1001332,29.9072265625
1001477,42.3583984375
1001660,29.296875
1001692,29.23583984375
1050270,32.77587890625
1050423,43.8232421875
1050510,29.47998046875
1050523,35.0341796875
1050600,30.8837890625
1088141,30.6396484375
1088206,43.27392578125
1088345,31.1279296875
1088479,32.28759765625
1141256,32.5927734375
1141343,34.72900390625
1191233,38.2080078125
1237627,39.0625
1237667,28.80859375
1237730,30.33447265625
1287091,50.9033203125
1287199,33.87451171875
1287265,39.4287109375
1335261,30.76171875
1335333,46.44775390625
1335468,30.82275390625
1335535,32.04345703125
1383403,44.189453125
1383505,28.86962890625
1383540,29.9072265625
1431126,31.005859375
1431187,31.8603515625
1431287,29.9072265625
1431363,30.57861328125
1476278,47.36328125
1476366,32.77587890625
1476536,31.25
1525122,39.48974609375
1525221,28.9306640625
1525259,29.052734375
1575660,29.4189453125
1575800,31.8603515625
1575917,35.7666015625
1576003,30.76171875
1630669,32.8369140625
1630744,29.296875
1630844,31.3720703125
1682751,29.541015625
1682899,32.65380859375
1682997,36.56005859375
1683104,29.296875
1733961,30.21240234375
1734044,29.1748046875
1734300,33.5693359375
1782646,28.9306640625
1782751,36.92626953125
1782865,33.14208984375
1833950,41.8701171875
1834179,31.73828125
1834192,31.18896484375
1866547,29.1748046875
1866683,32.2265625
1866768,30.6396484375
1866886,30.82275390625
1866920,30.76171875
1866981,31.982421875
1902345,44.12841796875
1902454,32.89794921875
1902575,29.052734375
1902616,29.6630859375
1962782,48.828125
2012298,39.9169921875
2012367,28.86962890625
2012399,31.43310546875
2067839,35.09521484375
2067929,34.1796875
2068001,41.32080078125
2121755,29.35791015625
2121877,33.26416015625
2121989,30.82275390625
2122041,31.005859375
2122056,29.35791015625
2122101,29.35791015625
2174604,30.6396484375
2174692,44.189453125
2174952,35.5224609375
2216124,33.63037109375
2216172,29.6630859375
2216262,34.5458984375
2216288,30.1513671875
2216349,28.99169921875
2216466,29.9072265625
2246226,29.4189453125
2246362,42.96875
2246462,32.89794921875
2246573,35.70556640625
2291546,29.9072265625
2291592,36.0107421875
2341562,37.04833984375
2341682,39.61181640625
2341774,31.8603515625
2390903,29.296875
2391086,30.70068359375
2391174,31.55517578125
2391231,32.2265625
2391270,33.69140625
2444055,34.912109375
2444140,28.80859375
2444225,29.35791015625
2493270,43.39599609375
2493303,28.86962890625
2493367,30.21240234375
2525277,29.052734375
2525364,43.76220703125
2580326,29.6630859375
2580413,29.052734375
2580490,32.89794921875
2580533,30.517578125
2580572,33.3251953125
2631082,32.3486328125
2631167,29.052734375
2631233,29.541015625
2631261,28.80859375
2658865,35.7666015625
2658875,29.9072265625
2659020,29.78515625
2716550,32.5927734375
2716610,29.9072265625
2716658,28.86962890625
2760185,31.43310546875
2760276,33.3251953125
2808572,33.8134765625
2808659,38.818359375
2858405,35.400390625
2858494,31.43310546875
2908753,32.1044921875
2908805,39.36767578125
2909008,32.04345703125
2956152,34.11865234375
2956372,32.16552734375
2998937,37.41455078125
2999035,31.43310546875
2999146,29.96826171875
3042692,29.296875
3042813,35.888671875
3042884,29.296875
3043015,35.64453125
3096323,31.8603515625
3096460,44.921875
3096550,33.26416015625
3096600,28.86962890625
3096652,36.19384765625
3096724,30.517578125
3130018,45.22705078125
3130132,29.78515625
3130178,32.53173828125
3190563,43.02978515625
3190656,30.029296875
3190748,29.9072265625
3243717,33.87451171875
3243781,29.11376953125
3243908,29.296875
3243929,28.80859375
3294701,38.57421875
3342548,34.85107421875
3342638,33.203125
3342740,29.72412109375
3342751,30.517578125
3391069,37.78076171875
3391327,28.9306640625
3440558,29.6630859375
3440587,28.9306640625
3440629,29.541015625
3440659,50.4150390625
3440748,39.24560546875
3440771,29.9072265625
3440823,31.43310546875
3440853,31.6162109375
3492630,29.052734375
3492668,30.517578125
3492718,34.48486328125
3492812,39.73388671875
3544520,34.72900390625
3544635,29.96826171875
3544692,28.99169921875
3595461,32.470703125
3595590,31.31103515625
3595670,30.3955078125
3643423,38.39111328125
3643512,36.9873046875
3700759,28.99169921875
3700836,30.82275390625
3700857,31.43310546875
3740951,41.50390625
3741058,31.06689453125
3792193,28.80859375
3792211,29.11376953125
3792342,36.07177734375
3843496,31.25
3843589,40.283203125
3843721,29.296875
3843791,30.517578125
3890769,41.07666015625
3890919,29.6630859375
3890966,28.9306640625
3941735,44.73876953125
3994327,32.77587890625
3994467,38.02490234375
4048641,38.2080078125
4100388,36.56005859375
4100540,30.76171875
4100629,31.31103515625
4100708,29.9072265625
4100736,29.9072265625
4148998,29.23583984375
4195780,28.99169921875
4195956,48.4619140625
4196038,31.43310546875
4196117,29.23583984375
4250436,28.86962890625
4250611,33.3251953125
4304842,44.00634765625
4344401,32.28759765625
4386535,34.60693359375
4386605,33.3251953125
4444912,30.8837890625
4445008,40.10009765625
4445097,30.3955078125
4445157,32.53173828125
4499052,40.283203125
4499234,28.86962890625
4549972,33.26416015625
4599618,39.9169921875
4599777,30.09033203125
4599826,31.1279296875
4644597,30.6396484375
4644725,39.12353515625
4644806,29.47998046875
4644934,29.84619140625
4698200,50.72021484375
4698286,31.73828125
4752784,31.8603515625
4752878,33.02001953125
