4798001,0
10982,43.64013671875
11041,40.10009765625
11066,49.25537109375
11166,38.57421875
11178,54.50439453125
11260,49.98779296875
11340,44.0673828125
11500,52.30712890625
11896,42.54150390625
12180,37.353515625
74724,41.6259765625
84375,40.0390625
134533,37.53662109375
158744,54.13818359375
158903,37.4755859375
186141,36.865234375
218539,40.771484375
218573,41.19873046875
218613,53.64990234375
218624,62.3779296875
258765,36.7431640625
258787,39.55078125
259229,41.80908203125
294626,39.0625
295107,39.0625
295128,41.56494140625
295189,42.05322265625
295208,38.02490234375
295508,37.90283203125
380969,49.74365234375
381698,37.17041015625
394564,37.78076171875
508799,37.4755859375
563850,45.41015625
563897,58.04443359375
563928,41.6259765625
563970,44.189453125
652753,44.921875
652923,47.18017578125
770713,58.65478515625
770795,39.4287109375
770841,37.78076171875
770951,50.96435546875
771147,43.02978515625
771283,56.94580078125
771405,38.02490234375
969111,40.283203125
980316,67.138671875
980336,39.4287109375
980685,40.58837890625
996481,37.65869140625
1031584,42.724609375
1031664,53.466796875
1031721,43.5791015625
1031766,36.80419921875
1031796,41.1376953125
1031820,36.7431640625
1032367,37.17041015625
1248134,37.7197265625
1248397,49.62158203125
1248522,47.91259765625
1248576,47.7294921875
1248613,48.583984375
1248644,41.748046875
1248675,39.55078125
1248810,45.34912109375
1248886,38.818359375
1248996,38.39111328125
1249342,38.6962890625
1249606,39.85595703125
1369682,39.12353515625
1369716,43.0908203125
1369742,56.21337890625
1369832,50.10986328125
1369868,36.92626953125
1369913,39.0625
1369971,40.0390625
1370033,52.30712890625
1370449,39.306640625
1411616,37.53662109375
1439711,40.83251953125
1465131,39.97802734375
1477436,42.724609375
1477474,37.29248046875
1477510,87.09716796875
1477545,44.25048828125
1477586,39.794921875
1477684,56.21337890625
1477795,39.61181640625
1477946,47.30224609375
1535765,37.59765625
1568564,57.67822265625
1568978,41.3818359375
1569018,55.60302734375
1569083,39.48974609375
1569174,38.6962890625
1569368,40.1611328125
1644552,53.1005859375
1644744,51.20849609375
1644843,43.701171875
1644911,39.36767578125
1644976,58.9599609375
1645004,47.79052734375
1645165,43.76220703125
1645353,44.7998046875
1645580,43.5791015625
1757742,37.53662109375
1757958,46.7529296875
1827686,37.2314453125
1827873,39.0625
1827925,38.2080078125
1859344,44.86083984375
1859358,40.95458984375
1859412,40.58837890625
1859547,37.109375
1859631,39.55078125
1859647,46.69189453125
1859674,37.841796875
1859713,38.818359375
1859889,42.8466796875
1860259,54.6875
1926630,40.1611328125
1926765,56.45751953125
1926797,41.32080078125
1926864,52.06298828125
1926886,36.865234375
1926899,40.771484375
1927006,48.27880859375
1971424,43.212890625
1972148,36.80419921875
1972253,41.6259765625
1972279,41.1376953125
1972363,38.4521484375
1972404,38.63525390625
1972436,40.46630859375
1972615,41.56494140625
2067249,36.68212890625
2085014,37.109375
2093709,38.14697265625
2102623,43.02978515625
2111810,57.43408203125
2111879,36.92626953125
2111938,47.18017578125
2111990,41.015625
2112009,39.12353515625
2222845,37.04833984375
2223167,37.7197265625
2223201,51.8798828125
2261238,51.3916015625
2290719,38.39111328125
2320917,43.27392578125
2320959,46.93603515625
2321074,41.015625
2361970,37.90283203125
2362147,42.724609375
2391123,39.12353515625
2405487,42.236328125
2446220,43.0908203125
2476192,38.14697265625
2476220,37.59765625
2476250,49.25537109375
2476323,40.34423828125
2476362,43.88427734375
2476478,43.88427734375
2476497,54.8095703125
2476749,51.025390625
2606201,37.17041015625
2606298,46.44775390625
2620674,38.39111328125
2669227,37.109375
2709127,37.78076171875
2758624,38.51318359375
2793691,37.41455078125
2822279,38.39111328125
2888360,36.80419921875
2934660,38.9404296875
2937110,48.40087890625
2937164,41.015625
2937226,40.10009765625
2937716,39.9169921875
2937776,42.66357421875
3065051,40.52734375
3116725,43.39599609375
3116887,46.56982421875
3117275,36.865234375
3117295,41.80908203125
3117333,45.47119140625
3117371,57.9833984375
3117496,39.6728515625
3117506,46.08154296875
3117603,43.64013671875
3117622,41.44287109375
3117944,43.15185546875
3118160,41.6259765625
3170910,41.56494140625
3277523,47.05810546875
3277670,51.1474609375
3277757,44.7998046875
3277794,36.80419921875
3277853,41.56494140625
3277875,42.1142578125
3278043,43.02978515625
3278083,37.4755859375
3278552,38.4521484375
3439449,39.306640625
3439466,40.52734375
3439574,40.4052734375
3439640,38.2080078125
3439665,59.9365234375
3439710,41.32080078125
3439734,37.41455078125
3439835,42.3583984375
3439887,39.4287109375
3440149,45.10498046875
3498129,36.68212890625
3517969,39.1845703125
3550112,37.29248046875
3550154,37.65869140625
3550211,40.0390625
3550258,37.65869140625
3550302,45.95947265625
3550382,42.78564453125
3550669,39.85595703125
3590864,38.57421875
3590987,37.29248046875
3591062,46.56982421875
3606973,40.10009765625
3753892,45.59326171875
3753963,46.20361328125
3754012,59.9365234375
3754042,37.4755859375
3754111,40.1611328125
3754136,62.07275390625
3754265,40.8935546875
3754341,37.29248046875
3754529,40.4052734375
3754618,40.0390625
3991014,50.1708984375
3991162,40.771484375
3991213,37.109375
3991236,46.630859375
3991278,36.9873046875
3991666,37.90283203125
3991755,39.00146484375
3992044,40.83251953125
4057971,37.29248046875
4110581,46.630859375
4110755,37.353515625
4110833,50.59814453125
4110972,36.80419921875
4192715,48.2177734375
4192806,48.4619140625
4192906,43.5791015625
4192926,42.1142578125
4193023,37.2314453125
4193157,41.19873046875
4193249,42.29736328125
4284051,37.53662109375
4284221,43.9453125
4316585,53.22265625
4316769,59.99755859375
4317129,40.22216796875
4367417,50.59814453125
4367566,38.14697265625
4367811,44.677734375
4367884,37.29248046875
4391096,62.01171875
4391171,38.26904296875
4391183,48.76708984375
4391458,39.4287109375
4413730,50.35400390625
4413850,37.78076171875
4413899,37.29248046875
4414011,37.78076171875
4414053,40.283203125
4414325,45.95947265625
4471623,45.2880859375
4471673,44.98291015625
4472153,39.306640625
4505676,52.06298828125
4505710,39.9169921875
4505785,43.0908203125
4505879,37.59765625
4506011,43.76220703125
4506283,50.96435546875
4639718,37.04833984375
4639779,37.4755859375
4639804,48.40087890625
4639816,40.0390625
4639899,36.7431640625
4639962,48.76708984375
4640125,51.513671875
4640239,41.68701171875
4713291,37.4755859375
4771823,40.58837890625
4772075,45.2880859375
4772318,36.865234375
