4798001,0
7178,44.3115234375
14224,42.29736328125
65431,43.27392578125
119641,42.41943359375
121721,48.40087890625
134582,44.5556640625
160700,42.29736328125
163326,42.29736328125
180648,45.0439453125
188437,46.630859375
210431,45.0439453125
212029,46.142578125
217762,44.73876953125
226169,48.52294921875
241270,48.2177734375
242650,43.76220703125
243111,42.66357421875
299672,42.90771484375
342331,42.66357421875
350556,43.0908203125
367714,48.76708984375
371018,45.654296875
416491,45.5322265625
465811,47.54638671875
472938,44.12841796875
474178,46.2646484375
478020,43.27392578125
486368,44.12841796875
521274,45.71533203125
527880,43.45703125
529736,42.48046875
574230,46.630859375
593349,46.93603515625
618449,42.236328125
645120,43.15185546875
663429,45.34912109375
682891,47.54638671875
704740,42.41943359375
724057,42.17529296875
764231,44.00634765625
769362,43.76220703125
827269,49.6826171875
941944,45.71533203125
962219,47.2412109375
996947,46.93603515625
997645,43.76220703125
998013,45.166015625
1007030,42.724609375
1009377,43.39599609375
1029127,42.48046875
1051435,43.76220703125
1081649,43.9453125
1124393,42.3583984375
1220855,43.64013671875
1855447,45.47119140625
1990636,48.27880859375
1992071,41.6259765625
2005554,44.98291015625
2078941,41.6259765625
2111833,43.02978515625
2147955,45.59326171875
2197437,46.44775390625
2219500,41.6259765625
2225173,41.68701171875
2230509,43.5791015625
2280748,44.43359375
2296626,41.68701171875
2323560,41.56494140625
2330084,47.05810546875
2375611,42.8466796875
2395789,42.90771484375
2407129,41.748046875
2421135,43.8232421875
2596179,43.5791015625
2822502,42.1142578125
3011612,44.43359375
3094920,46.630859375
3308064,42.66357421875
3316847,42.8466796875
3322502,41.8701171875
3344715,41.93115234375
3377298,43.15185546875
3400163,43.212890625
3418508,44.677734375
3432262,43.9453125
3445766,44.25048828125
3464752,44.73876953125
3466477,45.5322265625
3484534,43.5791015625
3531697,44.98291015625
3548712,44.73876953125
4353608,42.05322265625
4595520,42.1142578125
4758119,44.25048828125
4795652,42.48046875
