4798001,0
51979,152.83203125
52069,136.65771484375
52096,140.7470703125
52119,97.83935546875
52130,61.8896484375
52142,91.61376953125
52165,89.53857421875
52186,77.69775390625
52214,138.48876953125
52232,77.81982421875
52255,62.07275390625
52281,78.43017578125
52306,72.20458984375
52334,106.14013671875
52363,91.97998046875
52394,104.98046875
52430,78.30810546875
52442,26.30615234375
52467,87.2802734375
52508,77.880859375
52558,85.38818359375
52811,86.181640625
53272,106.62841796875
60964,141.4794921875
61097,114.31884765625
61138,128.23486328125
61183,130.31005859375
61209,121.7041015625
61239,121.52099609375
61268,89.2333984375
61295,88.56201171875
61318,78.67431640625
61342,91.796875
61367,97.71728515625
61391,85.14404296875
61411,94.6044921875
61425,75.8056640625
61466,70.98388671875
61477,72.6318359375
61495,66.71142578125
61526,70.61767578125
61551,59.26513671875
61598,96.5576171875
61623,35.400390625
61641,69.51904296875
61699,92.59033203125
61805,108.21533203125
62202,128.173828125
62362,25.57373046875
62427,109.7412109375
62478,103.82080078125
62538,106.201171875
62587,96.3134765625
62604,27.587890625
62631,73.05908203125
62663,93.6279296875
62675,25.32958984375
62712,74.8291015625
62754,81.787109375
62891,89.05029296875
120336,157.3486328125
121698,148.0712890625
121750,138.24462890625
121774,104.00390625
121801,113.34228515625
121823,72.8759765625
121846,85.0830078125
121869,61.6455078125
121897,111.9384765625
121915,75.8056640625
121939,64.14794921875
121960,91.24755859375
121989,81.84814453125
122016,78.0029296875
122044,85.63232421875
122061,32.40966796875
122076,69.27490234375
122088,33.38623046875
122110,77.1484375
122147,94.23828125
122194,86.669921875
122252,92.28515625
122594,111.14501953125
122965,98.81591796875
123139,101.86767578125
180407,150.2685546875
180472,26.42822265625
180492,101.4404296875
180518,130.0048828125
180542,106.99462890625
180565,94.8486328125
180588,117.3095703125
180609,91.30859375
180632,73.486328125
180653,108.642578125
180668,70.25146484375
180687,44.5556640625
180713,84.53369140625
180730,59.63134765625
180757,82.275390625
180785,83.740234375
180816,91.552734375
180847,98.5107421875
180885,96.61865234375
180930,81.84814453125
180943,26.06201171875
180988,89.66064453125
181213,109.0087890625
181643,28.99169921875
181684,119.32373046875
181829,117.37060546875
181900,83.06884765625
274833,150.45166015625
274846,27.03857421875
274893,128.90625
274916,123.96240234375
274939,118.95751953125
274961,126.0986328125
274982,96.13037109375
275017,114.56298828125
275027,73.2421875
275050,69.39697265625
275075,100.52490234375
275100,71.533203125
275125,75.74462890625
275154,75.0732421875
275183,93.75
275215,71.83837890625
275251,82.763671875
275289,80.99365234375
275309,25.390625
275332,99.91455078125
275405,101.98974609375
275566,107.72705078125
276124,116.39404296875
276270,112.12158203125
283637,126.953125
283748,142.63916015625
283796,126.46484375
283828,119.56787109375
283866,105.46875
283878,33.3251953125
283906,99.30419921875
283931,99.06005859375
283961,96.49658203125
283986,93.3837890625
284010,87.34130859375
284037,79.04052734375
284060,94.05517578125
284086,133.85009765625
284111,69.51904296875
284137,73.30322265625
284163,65.49072265625
284191,65.97900390625
284220,84.04541015625
284253,69.51904296875
284286,83.19091796875
284326,88.37890625
284343,25.2685546875
284392,78.06396484375
284628,106.5673828125
284861,105.89599609375
284968,113.83056640625
285023,93.93310546875
285112,101.6845703125
285180,102.84423828125
285237,99.18212890625
285289,82.51953125
285337,70.49560546875
285375,86.48681640625
285422,90.087890625
285558,30.45654296875
356293,160.15625
356357,25.93994140625
356384,111.083984375
356405,105.46875
356428,109.2529296875
356451,90.27099609375
356473,100.40283203125
356496,71.1669921875
356521,120.30029296875
356539,85.205078125
356562,60.546875
356581,96.3134765625
356610,83.0078125
356639,82.21435546875
356664,74.3408203125
356693,77.7587890625
356718,26.611328125
356733,30.70068359375
356761,87.09716796875
356808,80.13916015625
356868,105.77392578125
356965,104.00390625
357137,106.4453125
357453,127.9296875
357629,117.24853515625
357703,100.76904296875
357760,98.7548828125
357855,84.77783203125
357886,88.2568359375
357932,104.3701171875
358024,92.4072265625
417680,149.23095703125
417700,28.01513671875
417743,114.501953125
417769,103.1494140625
417793,108.82568359375
417816,98.81591796875
417838,96.5576171875
417859,82.94677734375
417890,93.56689453125
417904,56.33544921875
417917,55.6640625
417946,94.42138671875
417974,63.4765625
418001,88.92822265625
418029,66.5283203125
418058,81.60400390625
418081,25.93994140625
418092,83.6181640625
418126,93.81103515625
418169,89.66064453125
418219,95.458984375
418299,87.2802734375
418535,120.7275390625
418790,107.0556640625
418981,122.86376953125
419032,79.40673828125
419139,114.92919921875
419193,87.40234375
419278,76.23291015625
485154,134.09423828125
485191,30.70068359375
485211,135.6201171875
485237,104.18701171875
485260,106.0791015625
485282,111.9384765625
485306,110.29052734375
485326,78.91845703125
485346,63.5986328125
485365,106.0791015625
485377,85.75439453125
485419,81.84814453125
485439,66.10107421875
485464,63.41552734375
485492,64.697265625
485521,83.0078125
485540,32.04345703125
485553,87.34130859375
485589,88.68408203125
485629,80.4443359375
485680,32.470703125
485751,86.7919921875
486274,111.26708984375
486481,122.4365234375
563725,162.78076171875
563748,27.2216796875
563779,26.55029296875
563800,135.8642578125
563825,123.10791015625
563847,79.58984375
563868,115.1123046875
563889,82.1533203125
563911,63.720703125
563940,103.8818359375
563957,82.3974609375
563979,67.32177734375
564003,89.29443359375
564028,72.021484375
564055,132.38525390625
564083,63.78173828125
564113,115.41748046875
564146,87.2802734375
564182,106.689453125
564226,100.89111328125
564286,91.85791015625
564358,27.64892578125
564395,102.783203125
564723,115.41748046875
564817,25.32958984375
565004,123.59619140625
565214,116.5771484375
606184,121.52099609375
606241,140.31982421875
606267,114.8681640625
606295,85.0830078125
606318,100.2197265625
606340,101.37939453125
606361,80.810546875
606383,93.017578125
606410,130.92041015625
606421,79.4677734375
606452,68.17626953125
606470,87.82958984375
606502,73.18115234375
606531,90.02685546875
606557,83.740234375
606587,96.5576171875
606619,89.66064453125
606660,106.201171875
606709,92.46826171875
606792,105.46875
606939,99.06005859375
607106,99.365234375
607316,99.42626953125
607429,25.93994140625
607453,114.92919921875
607538,105.77392578125
607662,89.7216796875
607704,96.00830078125
736590,120.4833984375
736643,107.72705078125
736666,126.46484375
736688,103.02734375
736710,99.365234375
736733,93.68896484375
736765,108.58154296875
736777,89.2333984375
736801,80.2001953125
736824,83.43505859375
736849,77.5146484375
736880,77.392578125
736905,91.552734375
736935,87.95166015625
736967,97.65625
737002,100.830078125
737041,93.75
737093,89.4775390625
737155,96.37451171875
737272,106.5673828125
737497,97.412109375
737797,124.20654296875
737914,124.08447265625
738031,111.14501953125
738166,113.28125
744511,106.0791015625
744644,138.18359375
744701,126.8310546875
744714,30.33447265625
744737,92.34619140625
744782,118.1640625
744816,113.1591796875
744848,75.0732421875
744874,85.9375
744903,89.53857421875
744927,76.0498046875
744952,82.03125
744977,91.85791015625
745002,73.91357421875
745028,67.138671875
745050,122.25341796875
745075,73.54736328125
745101,70.37353515625
745117,69.15283203125
745128,87.7685546875
745156,67.68798828125
745189,124.1455078125
745223,84.65576171875
745238,29.1748046875
745263,101.37939453125
745278,25.57373046875
745317,93.3837890625
745607,97.59521484375
745738,91.61376953125
745868,116.27197265625
745985,99.67041015625
746038,102.11181640625
746113,99.79248046875
746168,94.7265625
746238,87.58544921875
746277,96.19140625
746338,69.39697265625
746403,82.1533203125
785187,135.8642578125
785273,110.7177734375
785297,125.48828125
785322,84.28955078125
785344,112.48779296875
785367,97.2900390625
785387,84.41162109375
785409,77.7587890625
785431,80.62744140625
785443,106.8115234375
785475,66.58935546875
785504,103.271484375
785526,60.546875
785553,81.787109375
785582,72.75390625
785614,86.669921875
785630,38.2080078125
785650,82.09228515625
785689,81.23779296875
785707,27.28271484375
785740,96.25244140625
785757,26.67236328125
785831,83.92333984375
786048,123.046875
786264,104.43115234375
786352,111.2060546875
786464,92.28515625
786524,96.8017578125
786572,102.35595703125
786622,96.61865234375
786736,97.83935546875
786746,25.20751953125
842213,144.6533203125
842263,25.7568359375
842303,147.5830078125
842328,122.00927734375
842350,99.30419921875
842372,88.37890625
842394,97.0458984375
842415,81.72607421875
842435,75.50048828125
842458,156.67724609375
842480,56.396484375
842511,73.6083984375
842529,76.72119140625
842555,76.59912109375
842582,68.359375
842613,95.64208984375
842637,43.0908203125
842653,28.13720703125
842683,88.134765625
842727,72.265625
842789,97.22900390625
843099,103.94287109375
843368,104.18701171875
843481,110.65673828125
843552,115.66162109375
843563,25.390625
843608,105.224609375
843698,84.41162109375
843781,96.19140625
843871,109.9853515625
928714,150.5126953125
928758,140.19775390625
928785,118.408203125
928807,116.8212890625
928829,123.6572265625
928852,84.04541015625
928874,83.80126953125
928889,103.3935546875
928920,90.63720703125
928946,116.5771484375
928969,62.98828125
928997,96.0693359375
929008,61.46240234375
929025,65.4296875
929054,94.42138671875
929071,35.0341796875
929088,86.85302734375
929129,102.6611328125
929175,98.20556640625
929210,35.888671875
929230,99.9755859375
929363,105.5908203125
929498,120.54443359375
929730,108.2763671875
929892,112.060546875
930007,111.14501953125
930062,96.61865234375
930114,96.6796875
930160,86.97509765625
930225,96.25244140625
937462,146.78955078125
937602,106.01806640625
937637,28.3203125
937647,125.8544921875
937685,101.9287109375
937720,89.78271484375
937747,104.248046875
937773,88.623046875
937803,95.0927734375
937827,87.0361328125
937854,87.5244140625
937878,64.453125
937902,54.26025390625
937926,72.32666015625
937951,65.673828125
937961,93.56689453125
937978,50.78125
938003,62.3779296875
938031,113.525390625
938046,27.16064453125
938063,71.1669921875
938095,101.01318359375
938130,81.35986328125
938165,40.283203125
938413,97.412109375
938618,119.7509765625
938798,117.37060546875
938882,86.97509765625
938936,89.4775390625
938988,89.17236328125
939069,108.5205078125
939114,99.4873046875
939153,93.1396484375
939185,76.96533203125
939248,72.8759765625
1004498,155.21240234375
1004548,25.81787109375
1004573,138.85498046875
1004597,119.62890625
1004619,122.25341796875
1004640,90.576171875
1004662,109.80224609375
1004684,74.0966796875
1004710,111.87744140625
1004728,73.3642578125
1004752,63.53759765625
1004768,82.3974609375
1004803,87.21923828125
1004830,100.03662109375
1004860,80.6884765625
1004893,110.29052734375
1004930,98.93798828125
1004940,25.81787109375
1004974,78.7353515625
1005019,30.2734375
1005033,89.90478515625
1005108,93.81103515625
1005302,118.95751953125
1005651,103.08837890625
1005726,102.783203125
1005775,117.0654296875
1005846,88.80615234375
1005921,106.4453125
1005984,96.49658203125
1045485,147.76611328125
1045559,66.162109375
1045585,29.052734375
1045608,33.02001953125
1045621,60.05859375
1045640,90.576171875
1045661,99.853515625
1045682,71.96044921875
1045704,102.1728515625
1045729,131.28662109375
1045748,49.072265625
1045770,78.857421875
1045794,112.4267578125
1045819,66.95556640625
1045846,74.0966796875
1045856,63.4765625
1045875,74.89013671875
1045908,81.298828125
1045919,33.203125
1045941,67.9931640625
1045957,29.78515625
1045984,99.91455078125
1046041,103.08837890625
1046174,109.86328125
1046471,100.9521484375
1046581,134.58251953125
1046657,88.8671875
1046709,87.0361328125
1046747,96.3134765625
1046823,85.693359375
1046888,106.4453125
1046930,98.93798828125
1047025,101.25732421875
1047108,94.54345703125
1112247,26.611328125
1112269,140.56396484375
1112326,140.9912109375
1112336,34.1796875
1112359,100.52490234375
1112386,113.09814453125
1112408,116.943359375
1112430,90.2099609375
1112452,70.86181640625
1112474,110.3515625
1112500,105.65185546875
1112518,63.232421875
1112542,69.4580078125
1112560,82.03125
1112593,81.23779296875
1112619,72.998046875
1112649,76.23291015625
1112680,91.73583984375
1112715,86.5478515625
1112730,35.888671875
1112758,119.32373046875
1112814,85.26611328125
1112935,113.8916015625
1113175,94.54345703125
1113362,26.7333984375
1113422,119.44580078125
1113470,88.31787109375
1113546,85.5712890625
1113633,106.3232421875
1113694,102.5390625
1113777,98.9990234375
1113806,30.3955078125
1113874,102.84423828125
1173692,156.92138671875
1173782,156.1279296875
1173809,117.37060546875
1173833,83.06884765625
1173855,91.796875
1173877,85.63232421875
1173899,77.880859375
1173919,74.5849609375
1173942,131.77490234375
1173964,78.4912109375
1173989,67.3828125
1174001,83.3740234375
1174039,71.10595703125
1174068,93.75
1174097,99.853515625
1174129,43.39599609375
1174173,96.49658203125
1174217,91.552734375
1174307,113.09814453125
1174446,88.37890625
1174779,89.53857421875
1174869,91.064453125
1174913,25.81787109375
1174969,113.70849609375
1175086,111.38916015625
1175179,97.5341796875
1225455,105.65185546875
1225537,142.08984375
1225566,114.501953125
1225590,115.966796875
1225615,79.65087890625
1225637,117.1875
1225659,78.43017578125
1225680,68.9697265625
1225696,127.01416015625
1225727,82.70263671875
1225755,90.14892578125
1225775,63.41552734375
1225801,80.4443359375
1225829,69.3359375
1225861,89.78271484375
1225892,84.716796875
1225930,102.1728515625
1225979,80.322265625
1226045,109.06982421875
1226314,124.1455078125
1226552,123.47412109375
1226639,89.41650390625
1226700,91.85791015625
1226783,81.60400390625
1226893,100.03662109375
1226960,109.9853515625
1239318,25.2685546875
1300194,153.01513671875
1300277,28.3203125
1300291,117.24853515625
1300314,136.77978515625
1300337,104.736328125
1300358,92.71240234375
1300380,90.576171875
1300401,78.91845703125
1300422,92.1630859375
1300436,105.8349609375
1300469,67.81005859375
1300494,139.83154296875
1300520,79.2236328125
1300547,70.9228515625
1300557,56.5185546875
1300575,66.10107421875
1300606,95.703125
1300636,27.83203125
1300659,32.5927734375
1300684,97.412109375
1300738,80.74951171875
1300970,112.4267578125
1301311,119.62890625
1301405,94.23828125
1301464,108.94775390625
1301544,117.37060546875
1301587,85.14404296875
1301603,26.42822265625
1301667,85.14404296875
1301720,118.10302734375
1343559,103.02734375
1343616,27.2216796875
1343634,118.95751953125
1343651,28.6865234375
1343680,115.05126953125
1343702,91.00341796875
1343725,98.9990234375
1343746,92.59033203125
1343767,67.32177734375
1343790,80.01708984375
1343801,96.5576171875
1343836,65.7958984375
1343861,118.2861328125
1343888,71.22802734375
1343915,67.626953125
1343925,60.6689453125
1343946,84.1064453125
1343977,94.66552734375
1343993,42.724609375
1344016,95.15380859375
1344033,25.634765625
1344067,92.22412109375
1344143,100.89111328125
1344337,119.07958984375
1344641,102.11181640625
1344730,116.455078125
1344812,121.9482421875
1344932,103.45458984375
1344996,105.1025390625
1405864,110.3515625
1405933,132.75146484375
1405958,130.859375
1405983,104.91943359375
1406003,112.4267578125
1406026,80.9326171875
1406048,69.88525390625
1406070,94.29931640625
1406093,53.52783203125
1406116,70.3125
1406140,148.86474609375
1406166,87.40234375
1406194,87.46337890625
1406224,84.8388671875
1406256,80.50537109375
1406267,39.1845703125
1406294,82.58056640625
1406333,107.7880859375
1406400,91.4306640625
1406546,108.94775390625
1406722,98.69384765625
1406975,100.52490234375
1407134,115.966796875
1407233,127.86865234375
1407269,25.2685546875
1407333,98.5107421875
1407378,79.65087890625
1490249,133.544921875
1490307,120.30029296875
1490333,98.93798828125
1490357,110.83984375
1490379,118.71337890625
1490400,76.5380859375
1490422,103.759765625
1490444,86.24267578125
1490457,100.76904296875
1490473,72.93701171875
1490490,80.4443359375
1490518,109.130859375
1490542,75.74462890625
1490569,91.064453125
1490580,52.79541015625
1490599,82.94677734375
1490630,85.0830078125
1490641,30.33447265625
1490664,88.7451171875
1490702,33.0810546875
1490761,93.32275390625
1490823,97.412109375
1491008,99.79248046875
1491238,122.314453125
1491426,25.87890625
1491484,130.67626953125
1491603,112.060546875
1491638,26.79443359375
1491662,87.890625
1491813,113.58642578125
1566944,111.9384765625
1566976,29.296875
1566996,119.07958984375
1567021,113.09814453125
1567043,106.01806640625
1567064,107.0556640625
1567085,88.19580078125
1567107,99.7314453125
1567140,87.2802734375
1567154,69.88525390625
1567177,63.232421875
1567202,144.59228515625
1567227,90.087890625
1567257,72.44873046875
1567286,89.111328125
1567296,26.2451171875
1567318,80.4443359375
1567354,99.18212890625
1567397,107.7880859375
1567455,116.27197265625
1567519,25.87890625
1567568,118.0419921875
1568060,92.7734375
1568181,129.33349609375
1568264,106.75048828125
1568322,99.853515625
1568399,107.60498046875
1568473,98.93798828125
1568613,117.919921875
1616344,147.64404296875
1616414,38.14697265625
1616430,131.34765625
1616454,130.06591796875
1616478,92.8955078125
1616499,106.01806640625
1616519,97.0458984375
1616541,90.63720703125
1616565,135.55908203125
1616586,90.2099609375
1616610,79.7119140625
1616627,102.47802734375
1616647,38.14697265625
1616661,63.41552734375
1616690,124.81689453125
1616720,85.14404296875
1616751,116.02783203125
1616769,29.60205078125
1616790,69.4580078125
1616803,26.91650390625
1616832,91.49169921875
1616889,102.47802734375
1617024,107.5439453125
1617253,103.45458984375
1617350,28.4423828125
1617412,93.44482421875
1617498,84.9609375
1617611,121.39892578125
1617685,103.6376953125
1617772,108.88671875
1617891,90.88134765625
1663145,127.5634765625
1663213,148.01025390625
1663238,118.1640625
1663260,119.32373046875
1663284,100.830078125
1663305,100.2197265625
1663328,88.80615234375
1663350,62.8662109375
1663365,95.39794921875
1663396,73.54736328125
1663421,74.3408203125
1663446,83.0078125
1663475,75.74462890625
1663503,87.46337890625
1663534,76.0498046875
1663558,45.0439453125
1663569,97.47314453125
1663582,32.958984375
1663609,93.75
1663628,25.87890625
1663662,98.388671875
1663754,92.10205078125
1664101,102.9052734375
1664263,116.27197265625
1664327,79.77294921875
1664427,110.29052734375
1664478,83.984375
1664540,101.1962890625
1664588,87.70751953125
1664654,25.87890625
1702571,126.5869140625
1702643,26.91650390625
1702668,150.32958984375
1702695,103.8818359375
1702721,90.14892578125
1702743,88.80615234375
1702767,95.64208984375
1702788,111.87744140625
1702809,87.82958984375
1702831,75.74462890625
1702843,118.83544921875
1702879,79.40673828125
1702907,97.2900390625
1702930,69.4580078125
1702957,94.6044921875
1702985,70.9228515625
1702995,28.3203125
1703017,72.021484375
1703051,84.716796875
1703094,92.1630859375
1703151,100.28076171875
1703252,112.12158203125
1703615,125.06103515625
1703723,106.93359375
1703810,122.9248046875
1703883,99.06005859375
1703958,93.93310546875
1704060,110.3515625
1704130,99.9755859375
1704150,28.38134765625
1785183,145.08056640625
1785216,27.16064453125
1785241,137.5732421875
1785266,89.4775390625
1785288,96.98486328125
1785310,105.52978515625
1785332,89.90478515625
1785353,79.9560546875
1785382,108.7646484375
1785392,59.08203125
1785420,77.33154296875
1785444,161.68212890625
1785469,78.4912109375
1785497,81.54296875
1785508,51.025390625
1785526,68.84765625
1785558,99.30419921875
1785587,32.53173828125
1785604,25.69580078125
1785637,100.9521484375
1785703,96.25244140625
1786113,26.7333984375
1786336,125.1220703125
1786387,25.20751953125
1786413,123.779296875
1786468,103.759765625
1786570,122.98583984375
1786719,99.7314453125
1860293,131.591796875
1860319,25.93994140625
1860350,141.2353515625
1860374,116.02783203125
1860396,119.93408203125
1860417,93.32275390625
1860438,95.03173828125
1860460,74.76806640625
1860478,129.21142578125
1860505,73.73046875
1860529,79.77294921875
1860539,95.27587890625
1860554,65.4296875
1860580,70.98388671875
1860606,122.25341796875
1860635,95.88623046875
1860668,117.00439453125
1860682,25.146484375
1860703,76.23291015625
1860714,38.87939453125
1860747,81.0546875
1860757,25.45166015625
1860800,26.79443359375
1860968,93.20068359375
1861402,105.3466796875
1861538,108.33740234375
1861671,126.64794921875
1892264,158.63037109375
1892349,149.10888671875
1892375,111.99951171875
1892400,117.5537109375
1892423,123.59619140625
1892444,90.27099609375
1892465,88.92822265625
1892488,67.626953125
1892511,82.3974609375
1892529,101.1962890625
1892557,76.84326171875
1892581,75.50048828125
1892593,90.75927734375
1892634,73.18115234375
1892662,124.20654296875
1892692,77.20947265625
1892727,112.36572265625
1892767,75.439453125
1892821,102.783203125
1893096,90.33203125
1893318,117.3095703125
1893398,91.4306640625
1893471,114.2578125
1893557,118.95751953125
1893625,89.66064453125
1893636,30.45654296875
1893750,85.51025390625
1953088,134.521484375
1953163,98.2666015625
1953188,137.14599609375
1953213,121.15478515625
1953237,100.9521484375
1953260,118.59130859375
1953282,88.31787109375
1953304,81.298828125
1953320,90.02685546875
1953339,78.55224609375
1953377,74.462890625
1953403,62.31689453125
1953430,74.64599609375
1953460,73.6083984375
1953489,92.71240234375
1953500,40.8935546875
1953525,94.7265625
1953539,25.5126953125
1953564,89.111328125
1953611,46.9970703125
1953714,25.2685546875
1954073,25.390625
1954109,101.07421875
1954245,33.38623046875
1954357,106.689453125
1954517,109.130859375
1954634,94.66552734375
2061135,127.50244140625
2061613,124.45068359375
2076046,135.009765625
2076094,25.7568359375
2076104,133.30078125
2076129,127.685546875
2076151,115.234375
2076172,93.07861328125
2076193,72.3876953125
2076215,72.265625
2076236,139.70947265625
2076261,70.4345703125
2076285,83.80126953125
2076300,81.1767578125
2076339,82.33642578125
2076367,97.22900390625
2076398,96.49658203125
2076411,43.701171875
2076431,98.69384765625
2076469,88.9892578125
2076514,99.79248046875
2076591,102.9052734375
2076834,92.10205078125
2077169,113.70849609375
2077325,28.076171875
2077422,117.1875
2077519,99.30419921875
2146880,25.5126953125
2146896,139.83154296875
2146947,33.0810546875
2146959,125.8544921875
2146985,114.92919921875
2147009,126.220703125
2147032,104.98046875
2147053,59.4482421875
2147075,102.47802734375
2147101,126.46484375
2147121,66.46728515625
2147144,82.51953125
2147170,90.88134765625
2147196,75.50048828125
2147225,119.81201171875
2147256,88.37890625
2147286,106.01806640625
2147322,81.48193359375
2147367,101.01318359375
2147428,108.88671875
2147652,94.42138671875
2147980,132.38525390625
2148102,106.93359375
2148205,129.638671875
2148267,101.5625
2148328,101.98974609375
2196571,156.25
2196593,25.2685546875
2196625,154.1748046875
2196648,87.2802734375
2196670,95.52001953125
2196691,88.80615234375
2196713,110.7177734375
2196733,97.900390625
2196754,77.69775390625
2196770,102.72216796875
2196787,72.75390625
2196828,113.8916015625
2196853,78.43017578125
2196880,89.4775390625
2196892,49.62158203125
2196908,67.81005859375
2196940,84.65576171875
2196955,32.16552734375
2196972,73.3642578125
2197010,108.94775390625
2197057,91.552734375
2197185,102.96630859375
2197362,104.06494140625
2197735,105.712890625
2197872,114.68505859375
2197921,103.8818359375
2198019,104.79736328125
2242471,125.8544921875
2242501,29.11376953125
2242530,26.55029296875
2242545,123.6572265625
2242574,136.53564453125
2242597,103.6376953125
2242620,102.5390625
2242641,93.81103515625
2242663,82.3974609375
2242686,83.1298828125
2242712,114.31884765625
2242732,69.39697265625
2242756,78.67431640625
2242780,100.40283203125
2242807,71.044921875
2242836,75.13427734375
2242869,74.462890625
2242906,122.6806640625
2242950,98.20556640625
2242971,27.77099609375
2243007,91.61376953125
2243096,110.107421875
2243345,117.37060546875
2243551,100.52490234375
2243636,122.55859375
2243785,128.5400390625
2243860,119.20166015625
2243904,26.85546875
2243936,106.87255859375
2288468,124.755859375
2288537,126.52587890625
2288563,123.71826171875
2288587,95.88623046875
2288611,87.82958984375
2288633,89.2333984375
2288654,59.814453125
2288676,71.22802734375
2288701,123.84033203125
2288721,92.95654296875
2288745,82.94677734375
2288764,83.06884765625
2288795,64.0869140625
2288822,78.2470703125
2288850,70.25146484375
2288878,80.99365234375
2288890,27.7099609375
2288913,82.21435546875
2288951,103.21044921875
2289021,96.3134765625
2289135,111.63330078125
2289525,122.6806640625
2289643,106.14013671875
2289791,122.1923828125
2289868,113.1591796875
2289930,93.75
2392357,25.93994140625
2392383,106.26220703125
2392434,138.5498046875
2392456,122.55859375
2392479,142.88330078125
2392503,92.1630859375
2392523,72.57080078125
2392544,80.01708984375
2392558,105.46875
2392591,88.8671875
2392617,101.4404296875
2392643,76.47705078125
2392669,77.1484375
2392698,74.70703125
2392729,93.07861328125
2392741,26.06201171875
2392764,75.74462890625
2392804,80.99365234375
2392814,25.7568359375
2392854,91.9189453125
2392926,91.24755859375
2393048,116.455078125
2393499,28.01513671875
2393583,93.20068359375
2393809,130.31005859375
2393973,108.642578125
2400785,150.69580078125
2400935,121.7041015625
2400983,127.86865234375
2401042,131.89697265625
2401081,105.40771484375
2401093,35.64453125
2401125,114.31884765625
2401152,105.52978515625
2401185,105.52978515625
2401210,84.41162109375
2401237,91.00341796875
2401263,89.29443359375
2401285,93.1396484375
2401311,81.23779296875
2401334,63.29345703125
2401363,116.39404296875
2401385,77.08740234375
2401409,63.720703125
2401433,80.01708984375
2401446,25.32958984375
2401467,63.04931640625
2401497,77.81982421875
2401536,74.89013671875
2401571,44.0673828125
2401631,80.810546875
2401731,109.68017578125
2401935,88.9892578125
2402039,85.8154296875
2402061,28.25927734375
2402295,106.201171875
2402398,92.10205078125
2402482,89.66064453125
2402517,94.90966796875
2402593,85.99853515625
2402740,105.77392578125
2444121,132.50732421875
2444194,148.0712890625
2444217,99.9755859375
2444244,99.79248046875
2444267,89.41650390625
2444289,83.67919921875
2444310,105.712890625
2444333,84.5947265625
2444356,86.0595703125
2444368,105.16357421875
2444402,75.50048828125
2444434,70.61767578125
2444452,65.7958984375
2444480,71.8994140625
2444510,77.94189453125
2444540,89.4775390625
2444566,48.40087890625
2444578,81.54296875
2444619,76.96533203125
2444688,95.947265625
2444779,115.41748046875
2445070,120.91064453125
2445300,123.22998046875
2445372,101.5625
2445488,104.6142578125
2445600,123.779296875
2483747,129.94384765625
2483858,119.44580078125
2483886,139.892578125
2483910,89.7216796875
2483931,91.24755859375
2483953,75.13427734375
2483974,80.99365234375
2483995,82.58056640625
2484018,74.40185546875
2484032,83.6181640625
2484050,70.556640625
2484088,82.09228515625
2484098,71.71630859375
2484114,60.05859375
2484140,87.646484375
2484168,99.54833984375
2484179,25.81787109375
2484201,61.03515625
2484234,108.154296875
2484283,100.09765625
2484341,94.23828125
2484490,118.10302734375
2484985,114.74609375
2485016,121.03271484375
2485197,122.25341796875
2544164,105.28564453125
2544245,129.39453125
2544269,128.0517578125
2544297,105.16357421875
2544322,110.107421875
2544344,107.2998046875
2544365,92.83447265625
2544388,90.88134765625
2544416,93.26171875
2544435,76.2939453125
2544459,67.5048828125
2544478,79.4677734375
2544512,85.9375
2544543,93.56689453125
2544572,77.69775390625
2544605,121.52099609375
2544643,93.505859375
2544655,26.55029296875
2544691,86.181640625
2544785,111.2060546875
2544972,25.146484375
2544984,112.060546875
2545161,106.93359375
2545306,101.4404296875
2545440,114.68505859375
2545611,97.59521484375
2608467,119.56787109375
2608517,27.34375
2608541,116.3330078125
2608571,103.6376953125
2608596,112.60986328125
2608619,125.48828125
2608639,107.5439453125
2608661,70.3125
2608681,68.05419921875
2608706,134.82666015625
2608728,65.85693359375
2608751,83.19091796875
2608769,91.064453125
2608802,85.0830078125
2608830,80.2001953125
2608859,87.646484375
2608891,94.482421875
2608909,25.87890625
2608928,89.111328125
2608946,28.25927734375
2608971,86.5478515625
2609026,101.25732421875
2609117,86.0595703125
2609368,90.087890625
2609796,25.32958984375
2609869,114.44091796875
2610019,92.1630859375
2661483,150.0244140625
2661542,122.6806640625
2661571,99.2431640625
2661596,108.58154296875
2661617,93.75
2661639,84.53369140625
2661660,67.19970703125
2661683,74.03564453125
2661698,99.18212890625
2661728,93.20068359375
2661753,62.80517578125
2661764,93.26171875
2661804,85.44921875
2661832,151.42822265625
2661863,89.35546875
2661896,105.40771484375
2661934,89.53857421875
2661962,35.5224609375
2661985,92.529296875
2662067,115.3564453125
2662275,113.4033203125
2662656,29.1748046875
2662809,25.634765625
2662860,98.7548828125
2758293,127.0751953125
2758329,25.5126953125
2758355,121.03271484375
2758380,130.615234375
2758403,93.93310546875
2758425,119.56787109375
2758446,85.44921875
2758469,77.5146484375
2758488,121.09375
2758513,84.9609375
2758537,80.87158203125
2758563,79.28466796875
2758587,74.27978515625
2758616,122.6806640625
2758647,79.7119140625
2758679,106.3232421875
2758714,89.41650390625
2758724,28.38134765625
2758756,106.99462890625
2758809,101.318359375
2758932,112.97607421875
2759182,102.23388671875
2759519,117.37060546875
2759640,115.478515625
2759736,118.34716796875
2759874,117.00439453125
2811736,107.97119140625
2811812,149.10888671875
2811839,112.24365234375
2811864,108.33740234375
2811888,114.07470703125
2811910,106.8115234375
2811932,103.08837890625
2811954,68.84765625
2811971,118.83544921875
2812001,95.703125
2812025,68.05419921875
2812035,65.3076171875
2812051,56.45751953125
2812076,77.45361328125
2812104,93.20068359375
2812136,86.5478515625
2812152,34.97314453125
2812168,66.71142578125
2812180,28.86962890625
2812208,96.13037109375
2812252,83.8623046875
2812324,100.341796875
2812463,84.9609375
2812665,117.37060546875
2812841,124.6337890625
2813033,124.08447265625
2813139,106.50634765625
2877257,149.96337890625
2877280,25.146484375
2877309,130.43212890625
2877336,113.6474609375
2877357,119.07958984375
2877379,111.4501953125
2877401,81.298828125
2877424,94.29931640625
2877447,93.81103515625
2877460,98.69384765625
2877495,84.28955078125
2877525,98.08349609375
2877547,88.80615234375
2877578,83.8623046875
2877590,62.43896484375
2877607,86.48681640625
2877639,90.087890625
2877654,47.36328125
2877677,79.77294921875
2877694,31.79931640625
2877722,110.77880859375
2877786,98.6328125
2877912,104.18701171875
2878321,122.4365234375
2878613,119.44580078125
2878908,41.56494140625
2956685,130.615234375
2956734,32.04345703125
2956755,138.97705078125
2956777,114.3798828125
2956799,112.60986328125
2956821,115.478515625
2956842,88.19580078125
2956863,86.42578125
2956896,111.2060546875
2956909,67.7490234375
2956932,82.33642578125
2956959,112.73193359375
2956981,84.9609375
2957008,80.078125
2957025,73.05908203125
2957035,74.27978515625
2957066,79.77294921875
2957087,38.14697265625
2957101,75.25634765625
2957141,95.27587890625
2957189,92.28515625
2957284,101.37939453125
2957441,118.5302734375
2957643,25.146484375
2957907,111.14501953125
3035477,164.85595703125
3035516,26.67236328125
3035527,148.92578125
3035551,130.43212890625
3035574,93.1396484375
3035594,109.55810546875
3035615,88.8671875
3035638,86.181640625
3035664,119.7509765625
3035684,87.95166015625
3035708,77.63671875
3035732,94.8486328125
3035756,81.84814453125
3035786,86.73095703125
3035815,75.439453125
3035846,89.66064453125
3035881,83.19091796875
3035893,36.31591796875
3035922,84.716796875
3035964,28.564453125
3036053,113.525390625
3036182,102.35595703125
3036430,124.57275390625
3036833,90.9423828125
3036879,26.2451171875
3036941,116.69921875
3044053,131.77490234375
3044198,118.0419921875
3044241,118.896484375
3044251,25.7568359375
3044288,112.548828125
3044325,96.5576171875
3044355,110.595703125
3044382,81.4208984375
3044394,31.31103515625
3044416,96.435546875
3044439,90.27099609375
3044462,103.6376953125
3044487,97.22900390625
3044512,93.017578125
3044536,89.17236328125
3044561,71.10595703125
3044590,89.05029296875
3044609,69.15283203125
3044636,62.744140625
3044663,120.60546875
3044690,63.41552734375
3044720,92.1630859375
3044736,54.5654296875
3044751,57.861328125
3044761,31.3720703125
3044795,74.40185546875
3044850,90.14892578125
3045064,90.4541015625
3045276,103.57666015625
3045479,112.548828125
3045594,110.4736328125
3045648,26.42822265625
3045671,95.21484375
3045721,100.52490234375
3045794,84.5947265625
3108902,133.4228515625
3108952,25.93994140625
3108970,139.404296875
3108986,29.11376953125
3109019,151.0009765625
3109043,85.0830078125
3109064,89.35546875
3109085,94.482421875
3109107,95.76416015625
3109125,101.01318359375
3109141,76.5380859375
3109176,68.7255859375
3109188,85.63232421875
3109224,75.1953125
3109253,121.9482421875
3109283,78.30810546875
3109316,123.59619140625
3109353,76.96533203125
3109385,28.076171875
3109397,89.41650390625
3109453,96.49658203125
3109546,101.25732421875
3109717,120.2392578125
3110120,111.63330078125
3110326,85.693359375
3110383,28.50341796875
3110535,25.146484375
3156445,28.01513671875
3156524,32.470703125
3156584,28.01513671875
3156601,131.77490234375
3156626,99.42626953125
3156651,108.2763671875
3156674,107.84912109375
3156696,98.9990234375
3156718,72.3876953125
3156741,90.39306640625
3156763,70.37353515625
3156789,150.2685546875
3156811,71.71630859375
3156836,80.99365234375
3156860,87.0361328125
3156887,81.298828125
3156915,76.0498046875
3156946,88.0126953125
3156983,84.3505859375
3157025,104.4921875
3157076,86.7919921875
3157208,73.3642578125
3157405,118.7744140625
3157604,25.57373046875
3157852,128.35693359375
3158075,115.6005859375
3204766,141.05224609375
3204833,25.5126953125
3204844,60.4248046875
3204871,133.85009765625
3204900,84.3505859375
3204923,104.1259765625
3204944,108.82568359375
3204966,95.88623046875
3204988,70.00732421875
3205011,75.927734375
3205029,113.525390625
3205057,103.759765625
3205082,73.8525390625
3205095,79.40673828125
3205109,66.22314453125
3205136,75.50048828125
3205163,112.6708984375
3205197,83.67919921875
3205223,45.22705078125
3205235,106.5673828125
3205276,94.78759765625
3205335,86.12060546875
3205444,94.29931640625
3205679,96.00830078125
3205865,80.87158203125
3206147,113.6474609375
3268482,162.17041015625
3268552,104.00390625
3268580,115.72265625
3268604,128.0517578125
3268629,107.48291015625
3268651,88.7451171875
3268674,94.66552734375
3268696,84.5947265625
3268720,156.06689453125
3268741,82.03125
3268765,72.509765625
3268782,77.0263671875
3268817,75.5615234375
3268846,77.69775390625
3268875,78.7353515625
3268908,93.68896484375
3268946,78.79638671875
3268982,37.41455078125
3269027,25.20751953125
3269051,90.576171875
3269412,116.69921875
3269656,120.1171875
3270289,26.123046875
3347301,147.52197265625
3347323,25.7568359375
3347351,25.146484375
3347366,100.341796875
3347388,101.9287109375
3347412,113.34228515625
3347435,91.552734375
3347456,89.41650390625
3347478,77.392578125
3347500,84.9609375
3347526,119.5068359375
3347544,70.00732421875
3347570,70.4345703125
3347588,91.97998046875
3347622,76.904296875
3347653,82.8857421875
3347680,76.96533203125
3347712,88.7451171875
3347747,80.87158203125
3347757,26.7333984375
3347793,83.43505859375
3347853,82.82470703125
3347989,98.6328125
3348122,25.390625
3348398,25.634765625
3348430,121.52099609375
3348835,107.36083984375
3391136,147.0947265625
3391221,144.8974609375
3391244,125.18310546875
3391269,119.5068359375
3391291,118.59130859375
3391314,87.0361328125
3391337,77.7587890625
3391358,86.181640625
3391380,84.1064453125
3391404,130.67626953125
3391425,57.31201171875
3391450,78.18603515625
3391470,86.5478515625
3391501,69.82421875
3391528,76.416015625
3391559,83.67919921875
3391594,89.78271484375
3391630,69.4580078125
3391670,28.25927734375
3391729,102.35595703125
3392169,108.70361328125
3475656,141.05224609375
3475716,129.5166015625
3475739,86.669921875
3475764,107.666015625
3475786,96.74072265625
3475807,68.7255859375
3475832,76.11083984375
3475854,83.740234375
3475879,124.6337890625
3475892,67.81005859375
3475922,92.34619140625
3475949,115.66162109375
3475975,75.8056640625
3476005,79.58984375
3476016,53.5888671875
3476035,62.5
3476071,86.42578125
3476108,79.345703125
3476157,89.29443359375
3476207,28.38134765625
3476221,115.234375
3476243,27.77099609375
3476687,90.02685546875
3484896,134.8876953125
3484978,131.103515625
3485023,127.5634765625
3485071,123.10791015625
3485104,100.64697265625
3485134,122.1923828125
3485164,93.1396484375
3485196,98.81591796875
3485220,88.92822265625
3485245,94.90966796875
3485270,85.26611328125
3485293,70.98388671875
3485317,74.462890625
3485343,76.84326171875
3485367,147.27783203125
3485390,65.91796875
3485419,68.78662109375
3485440,85.51025390625
3485474,73.66943359375
3485504,102.60009765625
3485515,28.3203125
3485540,61.8896484375
3485571,31.982421875
3485587,25.390625
3485626,29.96826171875
3485640,83.984375
3486121,130.31005859375
3486223,105.3466796875
3486383,117.61474609375
3486484,109.68017578125
3566449,30.2734375
3566537,140.9912109375
3566563,130.126953125
3566587,105.3466796875
3566609,103.08837890625
3566630,69.82421875
3566653,98.20556640625
3566675,90.88134765625
3566703,107.91015625
3566721,51.025390625
3566746,77.45361328125
3566771,123.96240234375
3566799,91.1865234375
3566828,85.63232421875
3566856,73.66943359375
3566891,92.7734375
3566917,26.7333984375
3566928,86.24267578125
3566953,32.28759765625
3566971,117.919921875
3567028,103.3935546875
3567143,110.107421875
3567469,128.35693359375
3567848,123.9013671875
3614475,127.44140625
3614556,115.66162109375
3614586,121.64306640625
3614607,108.58154296875
3614630,98.6328125
3614652,101.74560546875
3614673,116.5771484375
3614684,94.17724609375
3614719,79.1015625
3614746,119.32373046875
3614766,73.42529296875
3614789,61.09619140625
3614816,132.38525390625
3614843,84.9609375
3614871,66.5283203125
3614884,49.31640625
3614904,48.88916015625
3614939,88.43994140625
3614978,89.90478515625
3615023,95.76416015625
3615081,89.599609375
3615669,108.2763671875
3615771,25.20751953125
3708908,147.216796875
3708918,25.7568359375
3708972,131.103515625
3708999,116.27197265625
3709021,118.34716796875
3709043,110.04638671875
3709064,81.97021484375
3709086,75.01220703125
3709109,100.4638671875
3709123,91.552734375
3709140,71.35009765625
3709156,62.1337890625
3709180,82.82470703125
3709204,73.8525390625
3709231,77.880859375
3709260,88.43994140625
3709290,98.69384765625
3709317,44.49462890625
3709364,93.56689453125
3709381,25.81787109375
3709412,89.90478515625
3709521,88.7451171875
3709766,89.9658203125
3710148,27.587890625
3793135,155.3955078125
3793195,120.42236328125
3793220,136.53564453125
3793243,115.78369140625
3793264,105.3466796875
3793286,56.396484375
3793306,99.4873046875
3793328,96.98486328125
3793339,100.03662109375
3793374,70.73974609375
3793405,79.04052734375
3793424,65.49072265625
3793452,91.49169921875
3793481,81.23779296875
3793512,92.529296875
3793535,47.30224609375
3793545,108.33740234375
3793565,25.32958984375
3793584,91.36962890625
3793599,25.32958984375
3793628,83.06884765625
3793696,99.30419921875
3793805,94.8486328125
3794081,124.32861328125
3882315,139.0380859375
3882383,146.8505859375
3882405,124.755859375
3882429,96.19140625
3882450,110.9619140625
3882471,97.412109375
3882493,84.716796875
3882515,83.6181640625
3882533,106.5673828125
3882561,73.05908203125
3882585,100.76904296875
3882598,99.4873046875
3882637,81.11572265625
3882666,120.54443359375
3882696,93.56689453125
3882729,111.87744140625
3882764,99.12109375
3882790,25.81787109375
3882807,99.853515625
3882868,89.05029296875
3883014,90.02685546875
3883245,25.32958984375
3957795,148.74267578125
3957886,153.564453125
3957914,130.18798828125
3957939,101.9287109375
3957962,120.05615234375
3957983,82.03125
3958005,79.65087890625
3958027,91.4306640625
3958051,59.75341796875
3958062,94.05517578125
3958099,91.00341796875
3958127,110.9619140625
3958151,79.16259765625
3958179,80.99365234375
3958210,74.76806640625
3958244,73.486328125
3958257,40.4052734375
3958278,95.703125
3958322,105.28564453125
3958376,87.646484375
3959558,51.08642578125
3966980,125.732421875
3967050,27.16064453125
3967125,141.78466796875
3967163,105.65185546875
3967179,26.3671875
3967199,116.39404296875
3967231,113.46435546875
3967262,107.7880859375
3967292,98.5107421875
3967318,86.24267578125
3967344,75.62255859375
3967368,65.91796875
3967392,82.6416015625
3967416,66.2841796875
3967441,86.12060546875
3967472,106.201171875
3967491,52.06298828125
3967516,66.40625
3967541,133.85009765625
3967569,66.650390625
3967597,82.3974609375
3967628,69.9462890625
3967638,31.92138671875
3967668,85.26611328125
3967679,28.13720703125
3967707,62.92724609375
3967799,91.30859375
3967949,88.7451171875
3967983,26.55029296875
3968279,103.759765625
3968429,119.56787109375
3968485,26.7333984375
3968616,114.07470703125
3968667,103.271484375
4034261,27.9541015625
4034315,141.41845703125
4034350,25.93994140625
4034376,138.7939453125
4034401,119.7509765625
4034425,111.083984375
4034447,104.91943359375
4034469,95.947265625
4034491,96.00830078125
4034513,83.80126953125
4034543,108.21533203125
4034559,87.95166015625
4034584,78.67431640625
4034609,122.86376953125
4034635,70.49560546875
4034662,83.8623046875
4034675,64.697265625
4034693,79.89501953125
4034703,29.60205078125
4034725,88.2568359375
4034737,38.0859375
4034762,86.181640625
4034795,31.92138671875
4034863,97.412109375
4034940,107.36083984375
4035255,108.7646484375
4035563,124.0234375
4035678,123.47412109375
4035751,130.55419921875
4100736,25.45166015625
4100751,149.169921875
4100820,33.69140625
4100840,149.47509765625
4100867,114.19677734375
4100889,128.90625
4100911,119.20166015625
4100931,104.6142578125
4100955,97.412109375
4100976,87.34130859375
4100999,83.67919921875
4101009,99.91455078125
4101048,92.34619140625
4101073,117.37060546875
4101099,76.416015625
4101127,92.4072265625
4101157,66.71142578125
4101190,89.9658203125
4101227,91.73583984375
4101241,27.16064453125
4101272,101.98974609375
4101334,77.392578125
4101633,108.0322265625
4152926,115.29541015625
4152959,25.69580078125
4152989,26.06201171875
4153022,102.47802734375
4153045,125
4153068,111.328125
4153091,110.53466796875
4153113,104.55322265625
4153136,77.94189453125
4153157,92.22412109375
4153180,81.1767578125
4153190,113.34228515625
4153225,60.546875
4153254,85.205078125
4153274,65.97900390625
4153301,91.49169921875
4153331,82.51953125
4153360,87.70751953125
4153395,90.087890625
4153439,97.96142578125
4153495,94.78759765625
4153582,114.68505859375
4153816,115.3564453125
4154448,106.8115234375
4228947,130.9814453125
4228982,26.3671875
4229015,27.34375
4229045,115.3564453125
4229068,127.0751953125
4229091,91.796875
4229111,82.1533203125
4229134,103.45458984375
4229156,81.97021484375
4229177,109.375
4229203,82.8857421875
4229227,73.974609375
4229240,79.4677734375
4229280,79.04052734375
4229308,97.65625
4229338,83.06884765625
4229371,136.65771484375
4229411,84.8388671875
4229458,94.78759765625
4229517,85.205078125
4229814,98.44970703125
4230372,89.78271484375
4365906,128.72314453125
4365931,27.2216796875
4365967,28.1982421875
4365997,126.64794921875
4366022,98.9990234375
4366043,97.0458984375
4366065,102.47802734375
4366089,95.947265625
4366111,87.46337890625
4366134,78.06396484375
4366158,64.27001953125
4366184,138.00048828125
4366211,76.904296875
4366240,96.6796875
4366250,51.57470703125
4366270,96.6796875
4366303,88.56201171875
4366338,92.041015625
4366373,32.1044921875
4366429,99.42626953125
4366500,90.14892578125
4366563,28.99169921875
4366692,111.572265625
4415298,133.60595703125
4415364,128.23486328125
4415391,132.38525390625
4415417,101.37939453125
4415440,118.46923828125
4415463,93.26171875
4415485,89.05029296875
4415507,88.80615234375
4415536,117.24853515625
4415554,74.462890625
4415579,71.71630859375
4415604,118.95751953125
4415631,81.35986328125
4415658,73.486328125
4415689,88.43994140625
4415722,99.42626953125
4415758,77.2705078125
4415797,34.36279296875
4415858,70.00732421875
4416726,115.78369140625
4464008,159.85107421875
4464049,25.87890625
4464083,147.52197265625
4464114,116.0888671875
4464138,106.8115234375
4464162,116.0888671875
4464184,103.69873046875
4464207,78.125
4464230,87.7685546875
4464252,97.2900390625
4464272,103.3935546875
4464299,74.951171875
4464323,79.7119140625
4464337,84.716796875
4464377,77.57568359375
4464405,103.08837890625
4464436,85.205078125
4464472,111.14501953125
4464486,29.052734375
4464511,68.78662109375
4464566,105.712890625
4464660,75.98876953125
4465399,121.27685546875
4579878,30.09033203125
4579910,134.6435546875
4579941,45.71533203125
4579962,92.7734375
4579983,123.35205078125
4580007,111.63330078125
4580027,109.9853515625
4580049,92.8955078125
4580071,68.603515625
4580095,95.88623046875
4580119,90.2099609375
4580143,67.7490234375
4580153,87.09716796875
4580168,71.8994140625
4580196,84.1064453125
4580223,85.14404296875
4580252,81.6650390625
4580286,118.2861328125
4580324,107.91015625
4580345,29.72412109375
4580367,97.16796875
4580432,95.88623046875
4580525,92.28515625
4580960,27.587890625
4632105,118.896484375
4638521,149.5361328125
4638560,30.6396484375
4638585,153.4423828125
4638609,104.55322265625
4638634,98.93798828125
4638658,90.2099609375
4638681,80.9326171875
4638702,74.40185546875
4638724,95.03173828125
4638738,96.49658203125
4638769,81.6650390625
4638794,86.0595703125
4638820,82.8857421875
4638848,85.14404296875
4638876,92.95654296875
4638908,80.50537109375
4638926,27.587890625
4638942,86.97509765625
4638979,101.01318359375
4639035,102.294921875
4639105,80.56640625
4639219,97.35107421875
4640034,26.4892578125
4708861,132.14111328125
4708910,25.81787109375
4708933,147.216796875
4708954,132.4462890625
4708977,97.7783203125
4709000,106.38427734375
4709022,81.97021484375
4709043,104.30908203125
4709076,105.40771484375
4709088,74.5849609375
4709111,81.0546875
4709137,127.197265625
4709161,75.86669921875
4709188,101.5625
4709200,58.04443359375
4709217,71.59423828125
4709247,72.44873046875
4709264,26.2451171875
4709283,82.6416015625
4709324,107.421875
4709373,98.388671875
4709383,26.2451171875
4709453,85.5712890625
4710188,28.4423828125
4710589,29.78515625
4779499,150.20751953125
4779573,135.25390625
4779600,106.3232421875
4779626,125.48828125
4779648,99.67041015625
4779670,108.2763671875
4779692,84.9609375
4779715,75.68359375
4779742,120.66650390625
4779761,66.95556640625
4779786,80.4443359375
4779806,93.505859375
4779839,81.35986328125
4779867,85.44921875
4779899,84.3505859375
4779911,26.9775390625
4779933,90.63720703125
4779971,77.81982421875
4779991,27.34375
4780013,95.64208984375
4780084,88.37890625
4780197,106.62841796875
4780746,116.63818359375
