4799001,0
1992,15.44189453125
14525,15.625
14899,18.310546875
15118,15.625
15252,15.9912109375
15662,16.6015625
27613,16.357421875
27952,16.7236328125
52007,19.53125
52228,15.5029296875
66001,18.310546875
66145,16.2353515625
66851,15.869140625
66992,15.625
81156,17.2119140625
81308,15.5029296875
81529,18.00537109375
81617,16.9677734375
82003,15.93017578125
94581,18.12744140625
94954,15.56396484375
96033,17.578125
109823,16.357421875
127305,17.51708984375
127863,16.9677734375
128122,16.90673828125
130563,18.73779296875
143705,21.8505859375
144559,15.44189453125
158490,19.71435546875
158655,19.22607421875
159090,18.9208984375
159218,15.56396484375
159963,16.4794921875
176758,23.3154296875
176899,19.287109375
177048,17.76123046875
177182,15.625
177255,16.11328125
198720,16.05224609375
216124,17.9443359375
216255,16.05224609375
216612,17.822265625
235434,17.822265625
235551,18.310546875
236238,17.9443359375
251421,17.39501953125
251546,15.44189453125
251947,15.625
252111,18.24951171875
270017,22.39990234375
296129,20.263671875
296231,15.625
296691,15.5029296875
296750,17.88330078125
296855,15.56396484375
297102,16.2353515625
322243,23.98681640625
322345,16.54052734375
322659,19.6533203125
322704,16.7236328125
337317,18.00537109375
337685,19.8974609375
338224,15.80810546875
338277,15.56396484375
338612,15.625
357951,19.287109375
358086,15.9912109375
358609,18.5546875
358706,15.80810546875
358743,16.11328125
359061,17.15087890625
359468,16.9677734375
380560,16.17431640625
380675,15.56396484375
381120,15.44189453125
381354,23.62060546875
413144,17.27294921875
413262,17.63916015625
413708,18.12744140625
413738,17.88330078125
413761,15.625
414089,15.7470703125
446584,16.66259765625
446698,15.93017578125
447205,16.05224609375
447379,16.7236328125
447509,15.7470703125
447982,15.44189453125
1311341,23.25439453125
1311413,17.27294921875
1311424,23.4375
1311505,21.8505859375
1311594,15.93017578125
1311644,18.73779296875
1311747,19.95849609375
1312829,15.9912109375
1313461,15.68603515625
1366930,18.5546875
1367071,15.80810546875
1367148,19.6533203125
1367164,18.5546875
1367197,25.45166015625
1367341,18.24951171875
1367472,17.15087890625
1368191,15.68603515625
1369334,16.6015625
1404067,18.1884765625
1404306,19.47021484375
1404351,16.2353515625
1404376,15.869140625
1404403,17.88330078125
1404436,16.29638671875
1404646,18.12744140625
1405004,15.869140625
1405069,17.02880859375
1438309,17.9443359375
1438765,17.15087890625
1438809,17.51708984375
1438845,19.04296875
1438911,20.32470703125
1439062,18.1884765625
1439166,16.4794921875
1473624,20.263671875
1474003,20.69091796875
1474235,16.4794921875
1474330,18.24951171875
1475072,20.69091796875
1476042,16.29638671875
1476783,15.68603515625
1506508,17.4560546875
1506984,18.9208984375
1507357,19.4091796875
1507654,18.12744140625
1507691,16.9677734375
1507782,17.2119140625
1507874,19.53125
1508202,15.869140625
1508596,16.54052734375
1509436,16.11328125
1539180,18.24951171875
1539874,20.69091796875
1540146,18.798828125
1540432,19.47021484375
1540459,16.05224609375
1540509,16.9677734375
1540769,18.06640625
1540802,15.68603515625
1572459,18.85986328125
1572942,16.6015625
1573196,17.15087890625
1573487,18.4326171875
1573519,19.34814453125
1573629,15.869140625
1573749,18.1884765625
1574419,15.625
1574507,16.2353515625
1601965,17.88330078125
1602257,15.5029296875
1602353,17.15087890625
1602429,16.9677734375
1602489,18.24951171875
1602616,15.68603515625
1628364,16.6015625
1628551,17.02880859375
1628717,15.7470703125
1628855,17.08984375
1628901,16.4794921875
1629050,19.53125
1629453,15.7470703125
1656396,18.00537109375
1656584,15.44189453125
1656745,15.5029296875
1657070,16.6015625
1657090,15.44189453125
1657119,16.357421875
1657385,17.08984375
1686188,19.53125
1686337,19.4091796875
1686497,15.80810546875
1686670,16.7236328125
1686733,20.01953125
1686837,24.90234375
1687894,16.66259765625
1688794,15.68603515625
1714190,21.3623046875
1714311,18.24951171875
1714668,16.41845703125
1714685,19.47021484375
1715559,15.625
1742449,18.6767578125
1742576,15.7470703125
1742855,17.51708984375
1742925,17.2119140625
1769696,23.13232421875
1769926,17.578125
1770078,16.29638671875
1770125,15.7470703125
1770213,15.5029296875
1770264,17.51708984375
1770295,16.29638671875
1770310,17.822265625
1770418,15.44189453125
1770541,16.9677734375
1789773,19.47021484375
1789933,17.333984375
1790402,20.263671875
1790440,17.88330078125
1790600,15.9912109375
1790615,16.29638671875
1790680,15.56396484375
1790719,18.1884765625
1810083,18.49365234375
1810211,16.17431640625
1810562,15.869140625
1810645,20.56884765625
1810663,16.90673828125
1810716,15.7470703125
1810915,16.845703125
1829960,18.310546875
1830093,19.59228515625
1830483,15.869140625
1830547,15.5029296875
1830623,15.869140625
1830639,16.05224609375
1830740,16.4794921875
1831001,17.4560546875
1832175,15.625
1853068,20.3857421875
1853192,17.333984375
1853529,17.2119140625
1853580,15.625
1853618,19.6533203125
1853691,16.2353515625
1853722,19.4091796875
1873024,18.98193359375
1873450,17.9443359375
1873626,16.54052734375
1891029,16.6015625
1891320,16.11328125
1891506,18.5546875
1891660,17.4560546875
1891733,22.3388671875
1891920,16.6015625
1892136,16.90673828125
1909491,17.08984375
1909988,15.9912109375
1910025,16.17431640625
1910373,15.44189453125
1931536,16.90673828125
1931917,16.78466796875
1932201,19.10400390625
1951420,20.263671875
1951527,15.93017578125
1952008,16.66259765625
1952068,16.41845703125
1952355,15.93017578125
1969366,21.484375
1970180,17.39501953125
1993497,17.88330078125
1994237,17.7001953125
1994307,15.625
1995681,18.1884765625
2015198,17.63916015625
2015574,15.68603515625
2015664,16.05224609375
2015685,16.66259765625
2015828,16.2353515625
2016047,17.39501953125
2039697,17.02880859375
2040244,16.357421875
2040570,15.5029296875
2041110,16.2353515625
2062193,19.59228515625
2062940,19.34814453125
2063148,15.869140625
2063450,15.93017578125
2064867,15.56396484375
2091460,15.93017578125
2091555,16.66259765625
2092050,17.333984375
2092167,16.17431640625
2092295,16.29638671875
2093410,16.17431640625
2093517,15.9912109375
2122903,22.94921875
2123029,17.51708984375
2123208,18.6767578125
2123857,16.41845703125
2157439,16.05224609375
2157561,17.39501953125
2157663,16.9677734375
2157977,18.310546875
2158174,16.4794921875
2178192,16.90673828125
2178804,16.357421875
2178919,15.869140625
2178929,15.93017578125
2179104,15.68603515625
2179150,15.93017578125
2179588,17.51708984375
2205264,17.15087890625
2205379,17.578125
2205956,17.7001953125
2241557,20.08056640625
2242230,16.6015625
2242492,16.845703125
2278502,23.13232421875
2279279,19.71435546875
2279391,16.17431640625
2279553,15.56396484375
2281268,17.02880859375
2324666,19.71435546875
2324760,16.05224609375
2324901,17.15087890625
2325531,18.24951171875
2325714,18.73779296875
2326520,15.625
2394891,19.34814453125
2395071,24.0478515625
2395341,19.59228515625
2395548,20.5078125
2395757,18.4326171875
2395965,16.78466796875
2396003,18.5546875
2396073,16.05224609375
2396085,17.822265625
2396986,16.11328125
2397370,16.41845703125
2450968,16.6015625
2451354,19.59228515625
2451689,18.00537109375
2452777,20.56884765625
2453514,15.93017578125
2453799,18.6767578125
3646278,25.2685546875
3735616,21.54541015625
3753622,18.310546875
3801732,21.8505859375
3833218,19.47021484375
3856133,22.03369140625
3899075,16.11328125
3900036,20.01953125
3937287,20.44677734375
4033414,22.52197265625
4068493,20.32470703125
4093599,16.90673828125
4172909,19.95849609375
4196420,17.7001953125
4217185,16.7236328125
4241883,23.0712890625
4273579,21.6064453125
4290198,19.53125
4325190,21.728515625
4340771,16.41845703125
4368808,17.51708984375
4381032,19.04296875
4403539,20.81298828125
4421112,20.08056640625
4442101,17.76123046875
4443537,21.8505859375
4445749,22.15576171875
4445765,19.10400390625
4446005,21.42333984375
4446154,15.5029296875
4446397,16.357421875
4447154,15.9912109375
4449606,17.39501953125
4461315,15.56396484375
4462899,15.68603515625
4465993,15.56396484375
4494148,17.822265625
4494628,19.59228515625
4495530,16.11328125
4495965,17.2119140625
4496022,15.7470703125
4517085,20.99609375
4517688,19.287109375
4518154,16.78466796875
4518811,15.68603515625
4519978,15.625
4519999,15.80810546875
4520046,16.05224609375
4520179,15.9912109375
4520275,16.29638671875
4520881,15.869140625
4542134,19.53125
4542521,16.357421875
4542990,16.17431640625
4543516,16.41845703125
4544385,15.56396484375
4545076,15.80810546875
4545250,15.68603515625
4563415,18.9208984375
4564114,15.80810546875
4564433,16.90673828125
4564511,16.357421875
4564687,16.05224609375
4584473,18.9208984375
4584816,18.310546875
4585049,19.53125
4585249,16.41845703125
4585451,16.66259765625
4604828,20.32470703125
4605033,17.2119140625
4605570,15.5029296875
4605583,20.32470703125
4605605,19.8974609375
4605775,19.10400390625
4605971,15.56396484375
4623550,17.15087890625
4623766,19.22607421875
4624013,16.05224609375
4624161,16.29638671875
4624242,23.3154296875
4624505,16.05224609375
4624640,16.357421875
4641575,15.56396484375
4641832,15.44189453125
4642252,16.2353515625
4642303,15.56396484375
4659897,17.15087890625
4660078,20.69091796875
4660463,17.02880859375
4660485,15.9912109375
4660568,16.05224609375
4660668,16.29638671875
4660695,15.56396484375
4675787,18.4326171875
4676038,15.56396484375
4676378,16.7236328125
4676459,16.2353515625
4693022,20.44677734375
4693219,15.5029296875
4693398,15.93017578125
4693562,15.56396484375
4693595,16.05224609375
4707611,17.76123046875
4707842,16.54052734375
4708777,15.7470703125
4723645,16.78466796875
4723840,18.5546875
4724221,15.44189453125
4724445,15.80810546875
4724722,19.6533203125
4737466,19.95849609375
4738466,15.93017578125
4738658,18.5546875
4739273,20.99609375
4751775,16.845703125
4752514,15.93017578125
4766393,19.10400390625
4767221,16.7236328125
4767298,15.68603515625
4780425,18.85986328125
4780583,15.625
4780749,16.11328125
4781384,15.869140625
4781475,16.845703125
4794196,15.56396484375
4794583,18.310546875
4794695,16.05224609375
4794875,15.9912109375
4794941,18.00537109375
4794991,17.9443359375
