4799001,0
4139,39.24560546875
4747,40.771484375
66949,39.36767578125
67225,41.93115234375
67270,47.2412109375
67536,45.8984375
93152,38.0859375
93539,39.9169921875
93854,42.41943359375
105998,41.19873046875
108060,39.24560546875
121313,38.02490234375
121809,39.00146484375
135376,43.64013671875
150293,39.9169921875
150457,39.73388671875
162877,38.330078125
179879,37.7197265625
193873,42.78564453125
194424,37.90283203125
209563,42.8466796875
226846,37.841796875
243936,37.841796875
244168,38.6962890625
293454,39.306640625
312701,41.68701171875
336203,41.3818359375
360256,39.6728515625
385157,39.306640625
386282,39.1845703125
416517,38.330078125
461755,38.26904296875
462081,38.818359375
463137,41.56494140625
476322,40.52734375
487740,42.48046875
488023,38.02490234375
525340,39.85595703125
525670,39.48974609375
574330,38.39111328125
585966,38.63525390625
610248,38.4521484375
610994,38.4521484375
646127,38.330078125
646457,43.39599609375
670380,40.8935546875
682012,38.818359375
683119,38.51318359375
683328,38.330078125
695367,42.05322265625
706595,46.81396484375
719254,40.1611328125
731429,38.2080078125
732414,39.12353515625
733024,39.55078125
756206,40.83251953125
756591,40.0390625
757302,39.0625
769499,38.57421875
794488,39.48974609375
807029,39.1845703125
819664,41.19873046875
843736,37.7197265625
844809,40.34423828125
845122,37.78076171875
871371,40.83251953125
871643,38.26904296875
871859,45.22705078125
885903,37.9638671875
899269,38.39111328125
899411,40.71044921875
912412,46.9970703125
913760,41.6259765625
914123,39.97802734375
942524,41.56494140625
955117,42.48046875
956316,44.00634765625
956590,40.58837890625
956790,39.85595703125
956942,39.12353515625
971549,37.7197265625
971746,38.87939453125
984949,42.41943359375
986023,42.236328125
1001073,40.46630859375
1001517,39.48974609375
1016766,38.0859375
1016860,40.34423828125
1033009,42.724609375
1048601,40.52734375
1064810,39.4287109375
1097742,37.9638671875
1098000,46.875
1116085,37.841796875
1148930,37.90283203125
1156597,38.39111328125
1156951,41.9921875
1175176,41.9921875
1175409,38.0859375
1210610,38.02490234375
1211084,39.4287109375
1242272,43.51806640625
1260083,46.69189453125
1262255,37.7197265625
1296679,38.330078125
1308673,40.1611328125
1312861,38.63525390625
1367781,38.75732421875
1369155,39.794921875
1383354,39.24560546875
1396355,40.52734375
1397228,39.00146484375
1409635,39.85595703125
1424133,38.39111328125
1450204,38.02490234375
1451185,39.36767578125
1452617,39.00146484375
1478770,38.0859375
1478963,38.6962890625
1491293,40.22216796875
1491461,37.841796875
1491810,37.65869140625
1546370,43.76220703125
1559477,39.24560546875
1560514,39.48974609375
1573910,46.44775390625
1587022,41.80908203125
1588119,41.9921875
1602030,38.9404296875
1631124,38.75732421875
1631480,39.24560546875
1644852,38.63525390625
1646772,42.724609375
1658779,39.6728515625
1659761,44.43359375
1660120,41.50390625
1660449,38.26904296875
1674325,37.841796875
1675371,38.818359375
1690168,39.1845703125
1690455,39.6728515625
1690663,40.4052734375
1704492,39.97802734375
1705693,39.55078125
1721147,46.7529296875
1722394,40.6494140625
1736688,39.9169921875
1736841,41.9921875
1750760,46.2646484375
1764937,38.87939453125
1765258,39.55078125
1767434,40.8935546875
1782001,45.654296875
1815912,38.14697265625
1815940,39.9169921875
1816445,38.4521484375
1830431,40.71044921875
1831469,40.58837890625
1846732,37.7197265625
1849149,42.05322265625
1849407,43.27392578125
1849588,39.1845703125
1883242,39.24560546875
1884770,39.4287109375
1899940,38.87939453125
1916283,41.68701171875
1924259,41.1376953125
1940430,38.9404296875
1940784,38.14697265625
1959710,38.6962890625
1959925,37.9638671875
1988518,38.14697265625
2004755,39.794921875
2007593,49.9267578125
2058528,39.1845703125
2058960,40.0390625
2060544,39.6728515625
2079161,41.9921875
2105201,39.00146484375
2120859,41.8701171875
2123031,37.65869140625
2164466,41.19873046875
2178512,38.818359375
2192818,42.6025390625
2205005,40.8935546875
2206434,49.98779296875
2218466,45.95947265625
2232926,44.0673828125
2233000,38.26904296875
2234275,39.306640625
2247741,38.330078125
2248479,44.61669921875
2248925,41.44287109375
2249491,39.306640625
2262081,40.22216796875
2262244,39.55078125
2263632,43.3349609375
2277593,43.27392578125
2278527,40.22216796875
2291133,39.1845703125
2291648,40.0390625
2306286,43.27392578125
2306585,39.24560546875
2321305,38.75732421875
2335932,38.4521484375
2338383,38.0859375
2351975,42.17529296875
2352369,38.0859375
2366880,39.48974609375
2381785,40.95458984375
2382774,42.1142578125
2383476,39.73388671875
2383602,49.98779296875
2397890,37.7197265625
2399428,38.63525390625
2413195,40.0390625
2413986,38.4521484375
2414397,41.3818359375
2444117,39.61181640625
2446339,41.6259765625
2460626,39.4287109375
2477174,39.9169921875
2510966,39.00146484375
2511184,38.57421875
2511703,40.1611328125
2541689,44.73876953125
2558880,42.17529296875
2579597,38.4521484375
2593612,38.39111328125
2593920,39.1845703125
2615191,42.78564453125
2674611,38.39111328125
2724292,40.22216796875
2724760,39.12353515625
2773835,43.45703125
2810033,42.41943359375
2839630,38.0859375
2842350,42.724609375
2843050,39.9169921875
2855410,42.17529296875
2856183,41.19873046875
2871826,48.03466796875
2885890,38.51318359375
2900261,37.65869140625
2902095,40.71044921875
2929497,38.57421875
2930096,41.748046875
2930276,40.283203125
2944669,40.46630859375
2959242,40.34423828125
2959690,38.818359375
2960290,40.6494140625
2974015,43.64013671875
2987501,42.8466796875
2988411,42.6025390625
3018511,37.7197265625
3018749,41.93115234375
3018904,38.330078125
3034076,42.29736328125
3047833,40.22216796875
3062049,38.14697265625
3064039,39.9169921875
3079533,41.015625
3079710,40.46630859375
3093799,41.6259765625
3094548,38.2080078125
3109014,42.78564453125
3109540,37.90283203125
3110168,43.212890625
3126058,38.39111328125
3140529,37.90283203125
3142079,41.8701171875
3142307,39.24560546875
3155938,38.75732421875
3190899,43.45703125
3191817,37.65869140625
3198699,40.71044921875
3239203,40.4052734375
3240333,38.51318359375
3241165,44.00634765625
3242234,45.10498046875
3256293,41.8701171875
3277089,38.818359375
3277291,59.14306640625
3309960,39.00146484375
3314305,37.78076171875
3314665,45.8984375
3328149,39.1845703125
3333208,38.330078125
3363262,39.1845703125
3364064,41.68701171875
3364090,38.87939453125
3380519,38.4521484375
3382329,42.17529296875
3382836,38.2080078125
3399353,37.9638671875
3400979,40.46630859375
3401748,41.3818359375
3415996,38.57421875
3432573,41.56494140625
3449889,40.10009765625
3452408,44.7998046875
3452582,47.05810546875
3480299,41.259765625
3498757,37.7197265625
3500097,40.4052734375
3528665,37.90283203125
3529932,38.26904296875
3570696,43.212890625
3570861,38.51318359375
3571040,39.85595703125
3598211,40.58837890625
3598414,38.6962890625
3615519,40.34423828125
3633058,39.00146484375
3668609,39.00146484375
3694855,37.78076171875
3695628,39.306640625
3711323,39.85595703125
3725886,39.55078125
3726224,38.63525390625
3753636,38.330078125
3755828,39.9169921875
3756344,40.58837890625
3769441,39.97802734375
3770451,38.818359375
3783974,38.02490234375
3785182,38.2080078125
3785923,38.14697265625
3815050,38.39111328125
3815267,39.85595703125
3829909,40.71044921875
3830074,42.54150390625
3842635,40.0390625
3845046,39.24560546875
3845320,39.1845703125
3860878,43.64013671875
3875508,41.9921875
3888440,37.65869140625
3905090,41.68701171875
3905817,43.8232421875
3906028,43.76220703125
3906748,38.51318359375
3922464,37.841796875
3935293,37.65869140625
3935866,42.48046875
3939363,39.97802734375
3954421,37.841796875
3972284,38.9404296875
3972916,41.44287109375
4006819,45.166015625
4025333,38.57421875
4042321,38.02490234375
4042587,44.5556640625
4042965,41.748046875
4043230,41.9921875
4043313,39.73388671875
4060049,40.771484375
4060666,42.17529296875
4079153,39.55078125
4098217,38.818359375
4098650,38.330078125
4137919,37.65869140625
4156146,38.4521484375
4158097,46.08154296875
4184728,42.724609375
4184931,47.36328125
4202420,38.9404296875
4205113,37.90283203125
4227955,43.45703125
4228558,42.8466796875
4266247,41.9921875
4296864,37.65869140625
4313973,43.64013671875
4352683,42.8466796875
4379938,42.3583984375
4411527,40.58837890625
4426414,42.724609375
4427662,44.677734375
4441851,45.47119140625
4442133,39.1845703125
4483870,38.87939453125
4484446,37.7197265625
4498311,38.26904296875
4498866,40.0390625
4555987,42.236328125
4556901,39.9169921875
4557202,41.1376953125
4557520,40.58837890625
4573843,38.330078125
4603013,39.1845703125
4618973,38.4521484375
4619395,41.80908203125
4636918,38.63525390625
4651373,39.0625
4652662,42.05322265625
4668787,39.24560546875
4668976,37.65869140625
4682133,38.818359375
4687404,43.39599609375
4687597,39.1845703125
4704270,39.73388671875
4724326,38.0859375
4760552,38.63525390625
4761199,37.65869140625
4780651,39.97802734375
4782094,42.17529296875
4795025,40.83251953125
