4798001,0
16634,75.98876953125
16690,33.87451171875
16702,62.5
16712,106.01806640625
16740,44.25048828125
16762,58.28857421875
16780,47.91259765625
16796,39.85595703125
16806,34.72900390625
16846,35.5224609375
16875,32.65380859375
16892,34.48486328125
16939,41.8701171875
16969,31.06689453125
17025,33.14208984375
17125,37.59765625
17334,41.8701171875
17389,37.78076171875
17426,32.53173828125
17476,34.36279296875
17590,43.88427734375
17718,36.0107421875
17778,31.55517578125
17817,38.818359375
17864,40.771484375
17928,30.94482421875
18196,35.7666015625
25333,31.92138671875
139829,65.49072265625
139908,33.203125
139932,57.43408203125
139954,62.01171875
139970,46.38671875
139992,79.58984375
140018,50.84228515625
140032,43.5791015625
140050,33.87451171875
140082,39.36767578125
140099,43.8232421875
140119,38.02490234375
140152,31.982421875
140188,32.2265625
140239,38.330078125
140622,31.73828125
140673,38.02490234375
140753,31.3720703125
140873,31.005859375
140964,35.33935546875
141008,32.71484375
141327,31.92138671875
141492,38.14697265625
141662,34.5458984375
164393,63.29345703125
164413,31.55517578125
164472,36.19384765625
164507,41.19873046875
164517,51.57470703125
164538,54.443359375
164570,74.03564453125
164584,53.40576171875
164594,43.02978515625
164610,32.470703125
164628,54.13818359375
164642,50.10986328125
164685,40.22216796875
164698,35.0341796875
164735,41.6259765625
164791,37.90283203125
164848,30.94482421875
165046,36.865234375
165144,34.7900390625
165270,41.1376953125
165326,34.60693359375
165399,33.50830078125
165425,34.3017578125
165522,35.888671875
165566,36.2548828125
165611,32.65380859375
165740,33.38623046875
165836,37.04833984375
166283,44.921875
166378,36.31591796875
213138,58.16650390625
213170,37.841796875
213199,67.0166015625
213216,85.75439453125
213249,41.6259765625
213268,40.58837890625
213299,58.41064453125
213311,31.005859375
213333,37.59765625
213371,36.68212890625
213391,31.79931640625
213403,40.771484375
213413,31.79931640625
213432,32.3486328125
213448,33.0810546875
213492,31.92138671875
213591,34.85107421875
213652,30.94482421875
213694,34.7900390625
213766,32.1044921875
213825,35.15625
213903,33.26416015625
214014,31.982421875
214097,38.75732421875
214161,44.37255859375
214341,35.15625
214446,31.73828125
214499,32.5927734375
214705,31.06689453125
214838,31.8603515625
215018,40.71044921875
293709,72.20458984375
293808,31.67724609375
293856,34.66796875
293870,46.9970703125
293904,33.203125
293926,76.96533203125
293938,79.7119140625
293983,33.447265625
293996,46.20361328125
294009,38.02490234375
294022,32.53173828125
294036,36.4990234375
294078,34.66796875
294092,34.97314453125
294119,40.1611328125
294163,40.46630859375
294223,33.75244140625
294247,36.865234375
294290,32.470703125
294332,35.21728515625
294451,32.71484375
294611,35.94970703125
294775,37.109375
294823,32.71484375
294841,39.61181640625
294895,35.0341796875
294960,34.24072265625
295023,35.0341796875
295070,37.9638671875
295159,33.26416015625
295332,31.005859375
295373,31.55517578125
295487,33.203125
295659,37.04833984375
321647,62.56103515625
321739,56.0302734375
321751,76.47705078125
321775,57.2509765625
321795,42.29736328125
321824,60.36376953125
321852,33.3251953125
321865,35.888671875
321896,33.8134765625
321937,34.85107421875
321959,43.45703125
321971,35.94970703125
322060,34.11865234375
322163,37.65869140625
322305,43.64013671875
322587,32.04345703125
322625,31.92138671875
322751,31.18896484375
322788,39.85595703125
322804,35.2783203125
322996,36.1328125
323055,31.25
323075,34.11865234375
323209,31.982421875
361113,73.54736328125
361142,31.06689453125
361211,53.64990234375
361233,54.50439453125
361243,60.546875
361275,58.2275390625
361285,45.83740234375
361303,40.0390625
361319,69.4580078125
361335,40.83251953125
361375,38.2080078125
361406,31.8603515625
361430,36.43798828125
361460,38.14697265625
361503,51.1474609375
361522,33.99658203125
361604,31.79931640625
361642,31.31103515625
361690,35.94970703125
361762,34.7900390625
361943,31.43310546875
361995,35.15625
362080,32.65380859375
362112,39.12353515625
362170,31.3720703125
362334,40.10009765625
362848,33.203125
363155,31.25
390135,65.673828125
390151,31.43310546875
390196,36.07177734375
390234,37.9638671875
390257,80.38330078125
390267,52.67333984375
390299,74.03564453125
390317,40.1611328125
390327,43.8232421875
390351,43.27392578125
390362,31.1279296875
390374,41.56494140625
390393,38.87939453125
390406,48.33984375
390436,33.14208984375
390454,33.3251953125
390481,42.1142578125
390517,31.982421875
390582,32.5927734375
390641,40.52734375
390674,40.0390625
391002,32.53173828125
391159,33.63037109375
391203,33.69140625
391246,33.935546875
391393,31.73828125
391476,39.85595703125
391543,35.0341796875
391878,36.7431640625
391970,33.14208984375
428923,66.95556640625
428962,30.94482421875
428993,32.470703125
429004,40.71044921875
429024,62.19482421875
429048,81.11572265625
429064,40.34423828125
429076,68.603515625
429117,38.9404296875
429132,46.9970703125
429166,38.57421875
429206,34.85107421875
429216,34.48486328125
429239,32.89794921875
429262,33.02001953125
429413,32.65380859375
429470,39.794921875
429715,38.14697265625
429789,39.306640625
429872,33.69140625
429924,35.94970703125
430097,36.80419921875
430143,46.7529296875
430180,33.5693359375
430306,33.3251953125
430335,33.69140625
430675,31.43310546875
430911,41.56494140625
470413,59.6923828125
470481,57.0068359375
470501,71.47216796875
470526,82.1533203125
470542,31.43310546875
470571,54.8095703125
470593,52.55126953125
470605,44.98291015625
470648,33.50830078125
470691,31.494140625
470766,47.9736328125
470806,36.7431640625
470867,34.97314453125
470951,34.85107421875
471216,37.9638671875
471317,34.912109375
471356,33.75244140625
471417,37.7197265625
471499,44.49462890625
471544,33.203125
471559,35.09521484375
471675,34.3017578125
472178,37.90283203125
472355,40.8935546875
534343,37.17041015625
534362,69.27490234375
534436,63.3544921875
534456,80.078125
534467,65.24658203125
534497,46.2646484375
534529,41.50390625
534552,53.8330078125
534574,52.42919921875
534598,34.66796875
534642,46.56982421875
534688,34.48486328125
534744,57.861328125
534784,34.0576171875
534823,31.79931640625
534967,31.06689453125
535340,36.4990234375
535463,33.26416015625
535602,35.70556640625
535675,32.3486328125
535701,31.92138671875
535836,34.48486328125
535977,37.17041015625
578037,32.2265625
578132,88.31787109375
578148,37.65869140625
578163,53.89404296875
578198,53.40576171875
578217,63.65966796875
578227,42.96875
578246,42.6025390625
578266,55.35888671875
578281,46.32568359375
578302,35.7666015625
578329,37.841796875
578403,36.1328125
578536,42.8466796875
578671,44.73876953125
578800,31.79931640625
578923,39.73388671875
578971,34.0576171875
579015,33.5693359375
579052,33.99658203125
579072,34.85107421875
579159,35.09521484375
579224,31.6162109375
579329,32.5927734375
579385,38.0859375
579438,35.21728515625
579861,31.55517578125
579927,44.49462890625
685818,34.423828125
685832,34.1796875
685870,60.302734375
685884,43.45703125
685894,88.2568359375
685915,62.68310546875
685945,55.5419921875
685962,41.68701171875
685980,35.82763671875
686002,45.0439453125
686023,31.43310546875
686035,47.91259765625
686049,44.43359375
686066,33.69140625
686076,31.982421875
686123,37.65869140625
686145,31.6162109375
686157,31.1279296875
686197,37.53662109375
686428,31.31103515625
686475,31.6162109375
686534,36.62109375
686679,31.43310546875
686732,35.5224609375
686950,35.70556640625
687098,39.48974609375
687308,31.73828125
687469,39.85595703125
687710,38.63525390625
726079,72.81494140625
726134,40.771484375
726160,42.29736328125
726172,76.72119140625
726198,63.65966796875
726209,34.97314453125
726230,52.1240234375
726242,42.17529296875
726258,39.61181640625
726272,43.9453125
726295,33.02001953125
726337,31.43310546875
726387,31.3720703125
726416,33.935546875
726441,39.9169921875
726495,40.1611328125
726808,35.09521484375
726820,32.3486328125
726982,34.7900390625
727068,41.8701171875
727113,34.1796875
727231,31.67724609375
727315,40.10009765625
727371,35.888671875
727494,33.8134765625
727567,41.1376953125
727680,33.0810546875
727804,33.5693359375
799533,81.60400390625
799571,31.79931640625
799592,60.546875
799608,100.89111328125
799629,52.67333984375
799645,32.8369140625
799662,42.41943359375
799674,54.87060546875
799684,49.31640625
799700,34.3017578125
799710,41.1376953125
799726,37.4755859375
799768,43.76220703125
799785,34.85107421875
799827,32.2265625
799843,32.28759765625
799873,39.9169921875
799918,39.73388671875
799958,40.0390625
799981,32.77587890625
800009,31.31103515625
800082,33.02001953125
800158,42.48046875
800208,35.7666015625
800272,36.4990234375
800323,32.65380859375
800364,34.85107421875
800409,37.2314453125
800491,38.14697265625
800671,32.89794921875
800808,37.841796875
800892,32.28759765625
801024,35.09521484375
801196,32.8369140625
801352,35.0341796875
830119,63.65966796875
830172,32.28759765625
830195,40.52734375
830206,33.0810546875
830225,93.505859375
830245,48.88916015625
830258,56.640625
830287,55.7861328125
830304,47.05810546875
830319,35.70556640625
830342,36.9873046875
830353,31.06689453125
830384,35.70556640625
830395,35.2783203125
830436,31.55517578125
830553,31.06689453125
830590,32.77587890625
830641,33.26416015625
830774,39.306640625
831190,49.072265625
831337,37.59765625
831374,36.56005859375
831416,31.18896484375
831472,41.56494140625
831816,31.1279296875
832000,47.119140625
886257,71.10595703125
886287,37.04833984375
886328,32.3486328125
886357,69.51904296875
886383,81.0546875
886398,33.02001953125
886419,50.96435546875
886451,37.353515625
886468,48.88916015625
886491,42.66357421875
886517,37.41455078125
886544,32.89794921875
886559,41.56494140625
886666,35.21728515625
886715,34.7900390625
886767,32.8369140625
886815,46.32568359375
886949,32.71484375
887000,30.94482421875
887150,41.8701171875
887362,33.69140625
887384,31.55517578125
887521,31.18896484375
887579,42.3583984375
887647,35.2783203125
887721,34.24072265625
888029,35.64453125
987870,32.5927734375
987990,64.39208984375
988049,43.27392578125
988072,72.021484375
988091,55.35888671875
988122,55.908203125
988150,55.23681640625
988161,44.921875
988186,41.6259765625
988206,35.09521484375
988247,33.63037109375
988261,40.22216796875
988301,35.46142578125
988564,43.39599609375
988631,31.494140625
988654,32.2265625
988752,32.470703125
988788,34.97314453125
988810,35.46142578125
988858,35.888671875
988940,34.11865234375
989085,31.3720703125
989127,32.65380859375
989312,31.982421875
989349,40.1611328125
989712,34.3017578125
1030979,63.78173828125
1031003,44.37255859375
1031041,41.3818359375
1031052,50.10986328125
1031063,107.36083984375
1031085,52.490234375
1031101,38.6962890625
1031130,63.78173828125
1031158,48.27880859375
1031173,60.97412109375
1031213,36.43798828125
1031239,40.46630859375
1031268,37.17041015625
1031305,42.05322265625
1031457,32.65380859375
1031509,31.79931640625
1031612,32.04345703125
1031703,31.92138671875
1031749,47.36328125
1031903,37.2314453125
1031977,35.82763671875
1032027,36.92626953125
1032107,39.306640625
1032232,33.87451171875
1032299,31.67724609375
1032554,33.8134765625
1032670,41.1376953125
1078911,62.80517578125
1078976,43.88427734375
1078998,68.4814453125
1079008,89.2333984375
1079032,67.56591796875
1079062,53.52783203125
1079089,80.4443359375
1079100,64.88037109375
1079115,37.353515625
1079128,31.06689453125
1079149,47.54638671875
1079200,33.69140625
1079333,35.94970703125
1079542,36.31591796875
1079592,38.39111328125
1079628,32.65380859375
1079690,45.41015625
1079711,37.41455078125
1079770,33.38623046875
1079829,33.50830078125
1079968,32.40966796875
1080007,37.7197265625
1080101,34.0576171875
1080122,31.494140625
1080239,31.55517578125
1080280,34.85107421875
1080382,41.015625
1080690,33.75244140625
1127028,31.92138671875
1127057,59.75341796875
1127083,38.2080078125
1127121,41.50390625
1127144,78.06396484375
1127164,104.4921875
1127183,37.841796875
1127194,35.7666015625
1127220,64.14794921875
1127232,68.17626953125
1127253,34.3017578125
1127285,31.43310546875
1127308,39.00146484375
1127334,46.32568359375
1127398,33.02001953125
1127465,33.0810546875
1127556,31.06689453125
1127604,39.794921875
1127806,32.77587890625
1127856,37.59765625
1128055,42.66357421875
1128105,36.7431640625
1128414,32.470703125
1128467,40.283203125
1128543,35.82763671875
1128614,32.89794921875
1128720,40.8935546875
1128860,33.87451171875
1165790,65.673828125
1165808,39.55078125
1165844,33.63037109375
1165855,58.10546875
1165870,72.75390625
1165892,51.6357421875
1165909,57.92236328125
1165933,56.21337890625
1165963,37.90283203125
1165987,42.3583984375
1166015,34.85107421875
1166033,34.36279296875
1166078,40.10009765625
1166088,31.1279296875
1166112,32.71484375
1166170,34.36279296875
1166268,40.58837890625
1166381,43.15185546875
1166455,33.3251953125
1166476,33.63037109375
1166543,33.3251953125
1166620,41.3818359375
1166668,47.36328125
1166717,35.82763671875
1166760,31.43310546875
1166879,32.16552734375
1166895,33.0810546875
1166986,33.8134765625
1167024,32.3486328125
1167184,31.3720703125
1167386,44.37255859375
1167518,42.90771484375
1167539,37.04833984375
1205299,78.67431640625
1205343,31.67724609375
1205374,43.39599609375
1205386,59.08203125
1205402,84.5947265625
1205432,44.37255859375
1205448,48.64501953125
1205466,53.466796875
1205481,49.98779296875
1205514,49.072265625
1205526,45.41015625
1205536,35.400390625
1205566,35.64453125
1205579,32.28759765625
1205601,32.53173828125
1205656,31.3720703125
1205672,34.0576171875
1205712,34.7900390625
1205750,33.14208984375
1205820,40.4052734375
1205913,36.31591796875
1205991,34.66796875
1206044,31.982421875
1206108,33.935546875
1206151,36.376953125
1206190,34.48486328125
1206255,31.06689453125
1206304,32.40966796875
1206370,31.55517578125
1206399,34.5458984375
1206517,40.34423828125
1206596,32.1044921875
1207094,36.68212890625
1253722,59.87548828125
1253781,48.76708984375
1253793,59.5703125
1253803,89.66064453125
1253830,63.29345703125
1253845,45.59326171875
1253878,51.45263671875
1253888,50.84228515625
1253926,48.7060546875
1253937,32.04345703125
1253969,39.24560546875
1253990,38.57421875
1254037,32.53173828125
1254082,42.6025390625
1254165,46.142578125
1254256,33.69140625
1254426,32.8369140625
1254479,33.3251953125
1254694,37.78076171875
1254772,39.12353515625
1254810,38.02490234375
1254847,32.53173828125
1254949,36.376953125
1255043,32.470703125
1255087,31.06689453125
1255158,31.92138671875
1255499,36.56005859375
1297520,59.99755859375
1297600,53.7109375
1297610,106.8115234375
1297638,96.61865234375
1297663,72.265625
1297684,38.2080078125
1297694,43.3349609375
1297767,47.2412109375
1297782,36.56005859375
1297802,32.53173828125
1298033,34.912109375
1298133,31.25
1298413,31.25
1298500,36.2548828125
1298572,33.203125
1298610,40.22216796875
1298656,36.1328125
1298826,33.69140625
1298896,37.53662109375
1299055,31.92138671875
1299372,43.701171875
1347305,63.8427734375
1347348,35.09521484375
1347375,48.76708984375
1347397,56.2744140625
1347415,30.94482421875
1347437,41.32080078125
1347464,36.80419921875
1347486,40.71044921875
1347520,33.87451171875
1347555,38.51318359375
1347584,33.8134765625
1347611,30.94482421875
1347799,35.46142578125
1348119,39.48974609375
1348162,31.494140625
1348206,31.31103515625
1348247,32.2265625
1348366,39.48974609375
1348427,31.55517578125
1348584,31.31103515625
1348852,35.46142578125
1349067,40.10009765625
1427671,73.05908203125
1427703,42.96875
1427730,70.37353515625
1427746,95.39794921875
1427763,43.0908203125
1427777,49.86572265625
1427796,67.93212890625
1427815,37.109375
1427831,34.60693359375
1427871,48.76708984375
1427927,32.1044921875
1427977,42.17529296875
1428006,33.0810546875
1428072,32.28759765625
1428162,31.73828125
1428224,39.73388671875
1428319,32.470703125
1428373,33.26416015625
1428429,41.259765625
1428610,41.1376953125
1428694,34.5458984375
1428739,38.0859375
1428900,39.00146484375
1429086,33.69140625
1429112,37.53662109375
1429392,32.71484375
1475713,75.25634765625
1475755,35.2783203125
1475785,72.69287109375
1475803,70.98388671875
1475820,38.9404296875
1475856,46.44775390625
1475867,33.50830078125
1475891,34.36279296875
1475914,42.90771484375
1475973,47.18017578125
1475983,31.494140625
1476005,34.423828125
1476028,33.38623046875
1476122,36.80419921875
1476224,32.40966796875
1476366,40.46630859375
1476426,33.8134765625
1476526,34.1796875
1476579,34.72900390625
1476618,35.94970703125
1476636,32.28759765625
1476838,46.44775390625
1476890,31.25
1476966,33.87451171875
1477071,38.330078125
1477614,32.40966796875
1555736,31.8603515625
1555788,60.6689453125
1555836,35.64453125
1555880,34.85107421875
1555902,44.25048828125
1555913,53.28369140625
1555936,75.62255859375
1555964,76.7822265625
1555979,34.97314453125
1555997,41.93115234375
1556019,41.56494140625
1556052,36.80419921875
1556076,44.98291015625
1556111,48.4619140625
1556128,34.60693359375
1556151,35.7666015625
1556181,35.0341796875
1556234,31.3720703125
1556548,37.65869140625
1556700,32.53173828125
1556738,34.0576171875
1556881,46.2646484375
1556918,34.912109375
1556959,33.0810546875
1556997,33.99658203125
1557095,37.4755859375
1557192,33.8134765625
1557246,32.40966796875
1557265,31.31103515625
1601661,60.1806640625
1601725,45.166015625
1601744,75.50048828125
1601771,61.58447265625
1601783,50.23193359375
1601801,33.99658203125
1601824,36.9873046875
1601841,49.74365234375
1601877,32.89794921875
1601889,32.470703125
1601909,34.85107421875
1601939,36.62109375
1602037,41.9921875
1602156,48.2177734375
1602202,32.3486328125
1602250,34.423828125
1602426,35.64453125
1602473,35.82763671875
1602535,32.958984375
1602571,32.470703125
1602662,38.14697265625
1602732,31.55517578125
1602813,36.07177734375
1602928,38.2080078125
1602984,34.1796875
1644631,65.12451171875
1644679,44.0673828125
1644709,36.68212890625
1644724,62.92724609375
1644742,60.72998046875
1644767,44.98291015625
1644800,64.88037109375
1644811,66.5283203125
1644831,44.0673828125
1644863,38.87939453125
1644889,31.67724609375
1644972,33.447265625
1644988,38.9404296875
1645261,33.8134765625
1645349,36.865234375
1645405,32.958984375
1645457,37.4755859375
1645505,45.34912109375
1645652,37.17041015625
1645683,33.5693359375
1645765,37.29248046875
1645800,34.48486328125
1645836,31.06689453125
1645923,34.66796875
1645964,33.0810546875
1646083,33.447265625
1646317,38.26904296875
1681104,60.05859375
1681153,35.70556640625
1681207,38.51318359375
1681220,86.36474609375
1681246,83.06884765625
1681262,37.41455078125
1681288,52.24609375
1681315,38.0859375
1681336,31.6162109375
1681350,38.51318359375
1681398,34.48486328125
1681527,33.38623046875
1681629,32.04345703125
1681784,31.494140625
1681867,30.94482421875
1681884,33.8134765625
1681924,34.3017578125
1681974,41.6259765625
1682008,33.02001953125
1682053,33.0810546875
1682105,34.423828125
1682205,38.51318359375
1682324,31.1279296875
1682416,31.25
1682449,37.53662109375
1682507,35.46142578125
1682578,31.6162109375
1682692,31.494140625
1682855,36.2548828125
1722976,63.78173828125
1723023,32.04345703125
1723088,66.34521484375
1723098,66.46728515625
1723121,43.3349609375
1723136,45.7763671875
1723158,59.14306640625
1723170,38.2080078125
1723194,36.43798828125
1723218,39.4287109375
1723264,50.048828125
1723275,38.4521484375
1723286,35.94970703125
1723303,39.55078125
1723328,36.865234375
1723437,31.73828125
1723472,31.982421875
1723629,32.1044921875
1723723,31.3720703125
1723748,33.02001953125
1723766,49.6826171875
1723861,37.2314453125
1723933,37.4755859375
1723983,36.07177734375
1724073,48.76708984375
1724158,32.28759765625
1724301,33.38623046875
1724499,32.71484375
1724614,31.1279296875
1724783,37.78076171875
1755393,62.255859375
1755496,32.16552734375
1755508,78.79638671875
1755539,59.50927734375
1755563,68.78662109375
1755589,52.06298828125
1755600,41.32080078125
1755613,36.62109375
1755654,31.67724609375
1755664,34.48486328125
1755704,32.958984375
1755788,33.50830078125
1755933,35.2783203125
1756028,33.935546875
1756186,31.25
1756306,40.58837890625
1756423,31.67724609375
1757106,34.5458984375
1801521,66.10107421875
1801589,36.0107421875
1801637,86.24267578125
1801662,38.14697265625
1801676,69.15283203125
1801711,86.42578125
1801733,55.0537109375
1801772,32.53173828125
1801791,41.56494140625
1801802,31.1279296875
1801822,32.958984375
1801846,43.45703125
1801856,31.8603515625
1802184,33.3251953125
1802219,35.46142578125
1802367,31.73828125
1802440,33.75244140625
1802729,31.6162109375
1802744,40.0390625
1802801,34.11865234375
1802845,34.36279296875
1802885,34.0576171875
1802995,32.28759765625
1851238,31.25
1851262,56.94580078125
1851286,40.4052734375
1851322,43.27392578125
1851349,76.72119140625
1851369,54.6875
1851379,49.6826171875
1851406,48.40087890625
1851424,43.212890625
1851446,49.86572265625
1851464,34.912109375
1851477,41.93115234375
1851512,39.73388671875
1851543,39.0625
1851577,31.55517578125
1851815,32.40966796875
1852129,47.42431640625
1852171,35.70556640625
1852198,31.25
1852223,31.67724609375
1852265,40.22216796875
1852303,32.958984375
1852502,33.75244140625
1852776,31.55517578125
1898439,56.70166015625
1898492,34.24072265625
1898520,33.8134765625
1898540,78.55224609375
1898568,62.68310546875
1898582,58.10546875
1898601,51.94091796875
1898612,37.109375
1898630,39.306640625
1898654,62.1337890625
1898665,31.25
1898699,33.63037109375
1898711,40.58837890625
1898728,31.18896484375
1898833,37.04833984375
1898869,36.31591796875
1899239,31.1279296875
1899329,32.89794921875
1899366,38.87939453125
1899388,31.005859375
1899410,31.43310546875
1899456,31.92138671875
1899499,36.07177734375
1899620,32.2265625
1899633,33.02001953125
1899677,31.43310546875
1899754,41.259765625
1899857,31.43310546875
1959149,64.51416015625
1959190,31.55517578125
1959233,64.51416015625
1959246,76.59912109375
1959258,57.31201171875
1959278,35.888671875
1959310,43.15185546875
1959342,52.42919921875
1959361,44.73876953125
1959394,36.376953125
1959458,38.26904296875
1959559,32.40966796875
1959608,36.43798828125
1959657,34.36279296875
1959987,34.66796875
1960080,31.06689453125
1960163,31.31103515625
1960302,30.94482421875
1960436,35.15625
1960487,38.330078125
1960853,31.25
2023403,62.68310546875
2023495,39.4287109375
2023524,38.4521484375
2023552,49.86572265625
2023582,91.9189453125
2023606,39.97802734375
2023618,35.46142578125
2023639,41.259765625
2023650,42.41943359375
2023675,33.75244140625
2023689,31.494140625
2023708,32.3486328125
2023748,40.58837890625
2023774,36.19384765625
2023810,32.53173828125
2023891,35.7666015625
2023990,31.67724609375
2024377,31.18896484375
2024484,38.818359375
2024618,33.8134765625
2024667,33.50830078125
2024823,39.24560546875
2065312,68.2373046875
2065395,41.259765625
2065413,62.1337890625
2065426,85.26611328125
2065455,46.7529296875
2065475,79.1015625
2065498,73.30322265625
2065516,69.7021484375
2065529,35.7666015625
2065561,32.40966796875
2065580,45.0439453125
2065593,38.87939453125
2065606,32.28759765625
2065619,34.48486328125
2065667,39.00146484375
2065704,32.958984375
2065817,37.2314453125
2065913,33.14208984375
2065933,31.31103515625
2065970,36.80419921875
2066187,31.494140625
2066271,30.94482421875
2066365,32.2265625
2066395,32.3486328125
2066474,31.25
2066587,31.494140625
2066648,32.3486328125
2066683,40.95458984375
2066965,32.04345703125
2112166,60.11962890625
2112273,35.21728515625
2112297,31.06689453125
2112308,79.4677734375
2112342,56.94580078125
2112365,58.41064453125
2112381,34.3017578125
2112393,52.978515625
2112419,44.73876953125
2112443,40.22216796875
2112478,37.4755859375
2112501,39.0625
2112529,31.31103515625
2112565,40.283203125
2112576,36.07177734375
2112624,34.0576171875
2112973,35.0341796875
2113018,32.3486328125
2113062,38.26904296875
2113109,41.1376953125
2113293,34.11865234375
2113336,47.91259765625
2113498,34.97314453125
2113629,32.958984375
2113738,31.67724609375
2168954,74.462890625
2168993,35.5224609375
2169027,55.60302734375
2169047,81.72607421875
2169070,46.9970703125
2169087,56.21337890625
2169122,41.9921875
2169140,58.65478515625
2169164,44.00634765625
2169198,46.44775390625
2169223,42.236328125
2169280,41.8701171875
2169512,42.3583984375
2169694,35.0341796875
2169866,34.7900390625
2169911,32.16552734375
2169955,33.447265625
2170001,32.04345703125
2170043,31.1279296875
2170089,33.5693359375
2170156,31.06689453125
2170172,35.82763671875
2170624,32.1044921875
2218131,61.34033203125
2218150,36.376953125
2218186,34.11865234375
2218217,66.2841796875
2218233,95.52001953125
2218249,45.7763671875
2218272,51.45263671875
2218301,60.97412109375
2218330,51.025390625
2218348,39.306640625
2218363,36.865234375
2218380,42.41943359375
2218407,34.3017578125
2218423,40.6494140625
2218471,34.7900390625
2218484,39.00146484375
2218538,33.14208984375
2218666,30.94482421875
2218772,31.92138671875
2218851,32.04345703125
2219036,35.7666015625
2219189,35.94970703125
2219379,40.6494140625
2219435,31.8603515625
2284508,74.951171875
2284573,33.8134765625
2284594,88.9892578125
2284606,113.4033203125
2284629,64.27001953125
2284658,46.44775390625
2284678,45.95947265625
2284701,38.63525390625
2284727,48.52294921875
2284746,33.935546875
2284769,47.8515625
2284801,32.8369140625
2284831,37.41455078125
2284876,34.7900390625
2284927,31.55517578125
2285253,36.7431640625
2285336,32.8369140625
2285518,36.9873046875
2285548,50.1708984375
2285581,33.50830078125
2285821,31.43310546875
2285860,37.65869140625
2379567,73.30322265625
2379681,34.60693359375
2379705,80.322265625
2379737,44.12841796875
2379758,42.1142578125
2379781,37.4755859375
2379802,33.69140625
2379812,41.015625
2379831,44.921875
2379851,40.34423828125
2379862,46.2646484375
2379897,32.3486328125
2379921,37.841796875
2380030,33.63037109375
2380158,38.75732421875
2380236,32.5927734375
2380365,39.55078125
2380419,36.56005859375
2380517,33.935546875
2380541,36.62109375
2380562,34.85107421875
2380619,33.87451171875
2380738,39.306640625
2380785,49.31640625
2380864,38.0859375
2381026,31.25
2381315,39.1845703125
2427027,54.6875
2427046,31.92138671875
2427142,30.94482421875
2427176,62.68310546875
2427200,63.232421875
2427217,56.70166015625
2427235,32.65380859375
2427257,47.36328125
2427278,53.5888671875
2427295,43.5791015625
2427321,42.724609375
2427344,36.9873046875
2427376,35.09521484375
2427399,38.39111328125
2427613,38.26904296875
2427667,36.31591796875
2427725,41.50390625
2427832,31.3720703125
2427992,33.99658203125
2428035,33.75244140625
2428104,31.67724609375
2428141,37.29248046875
2428181,41.9921875
2428266,33.75244140625
2428296,32.71484375
2428309,32.470703125
2428344,32.28759765625
2428382,32.1044921875
2428480,31.494140625
2428531,31.6162109375
2476565,60.85205078125
2476579,33.935546875
2476647,60.4248046875
2476658,105.40771484375
2476695,34.3017578125
2476713,37.841796875
2476724,56.09130859375
2476746,39.36767578125
2476771,44.61669921875
2476788,53.955078125
2476828,31.31103515625
2476865,37.78076171875
2476968,36.1328125
2477062,42.05322265625
2477072,38.0859375
2477110,32.65380859375
2477342,32.71484375
2477383,35.46142578125
2477435,30.94482421875
2477546,35.09521484375
2477631,31.55517578125
2477644,34.60693359375
2477833,39.6728515625
2477869,40.58837890625
2477932,31.982421875
2478056,32.53173828125
2478218,35.94970703125
2534125,60.05859375
2534162,33.69140625
2534208,56.21337890625
2534230,73.2421875
2534242,80.74951171875
2534253,63.3544921875
2534289,57.80029296875
2534304,54.99267578125
2534326,42.05322265625
2534352,41.32080078125
2534389,36.7431640625
2534415,47.4853515625
2534452,31.982421875
2534509,46.630859375
2534561,33.14208984375
2534607,42.3583984375
2534661,32.2265625
2534777,37.109375
2534986,32.8369140625
2535081,32.470703125
2535116,36.31591796875
2535161,43.3349609375
2535211,33.63037109375
2535282,31.3720703125
2535292,31.494140625
2535424,38.9404296875
2535567,32.3486328125
2535618,32.5927734375
2600201,31.06689453125
2600259,65.73486328125
2600310,34.1796875
2600408,67.44384765625
2600422,37.04833984375
2600446,68.17626953125
2600462,63.3544921875
2600478,50.23193359375
2600504,62.3779296875
2600523,42.1142578125
2600542,33.38623046875
2600559,41.44287109375
2600600,36.376953125
2600612,33.38623046875
2600702,32.40966796875
2600726,41.93115234375
2600738,39.73388671875
2600823,31.55517578125
2600892,31.67724609375
2601048,37.17041015625
2601145,32.470703125
2601238,31.6162109375
2601421,33.63037109375
2601504,40.4052734375
2601558,34.3017578125
2601589,31.494140625
2601789,33.38623046875
2656333,64.63623046875
2656369,34.97314453125
2656412,33.99658203125
2656472,73.6083984375
2656498,72.44873046875
2656525,85.87646484375
2656557,41.68701171875
2656568,37.17041015625
2656583,64.51416015625
2656607,31.1279296875
2656631,46.56982421875
2656651,55.11474609375
2656670,40.52734375
2656680,34.0576171875
2656721,40.6494140625
2656807,34.72900390625
2656882,33.447265625
2656943,31.1279296875
2657342,31.55517578125
2657387,33.02001953125
2657441,32.1044921875
2657484,31.18896484375
2657575,31.43310546875
2657674,42.05322265625
2657861,35.82763671875
2657932,32.2265625
2747695,67.3828125
2747728,43.212890625
2747756,81.54296875
2747777,82.275390625
2747796,50.6591796875
2747816,75.1953125
2747839,58.16650390625
2747860,42.1142578125
2747888,45.7763671875
2747906,36.92626953125
2747925,36.9873046875
2747970,33.75244140625
2747989,32.65380859375
2748064,31.005859375
2748175,38.9404296875
2748227,33.02001953125
2748269,33.203125
2748431,39.12353515625
2748631,39.97802734375
2748669,36.62109375
2748784,31.55517578125
2748826,37.7197265625
2748857,44.5556640625
2749052,32.65380859375
2749137,31.18896484375
2749313,36.1328125
2756912,32.2265625
2799596,34.1796875
2799627,75.3173828125
2799672,34.912109375
2799683,35.70556640625
2799703,34.24072265625
2799727,82.3974609375
2799743,55.419921875
2799757,56.2744140625
2799780,49.37744140625
2799801,38.87939453125
2799814,51.94091796875
2799857,34.0576171875
2799873,33.02001953125
2799883,39.85595703125
2799917,31.1279296875
2799942,34.0576171875
2799993,31.73828125
2800215,34.48486328125
2800328,31.25
2800442,36.19384765625
2800482,41.32080078125
2800668,32.40966796875
2800680,36.9873046875
2800720,31.25
2800770,33.5693359375
2800812,34.72900390625
2800851,37.65869140625
2800882,46.142578125
2801375,42.05322265625
2835556,68.115234375
2835603,34.66796875
2835621,31.494140625
2835652,65.5517578125
2835662,61.1572265625
2835684,56.0302734375
2835718,59.4482421875
2835739,44.7998046875
2835765,43.8232421875
2835788,45.59326171875
2835850,35.94970703125
2835867,31.92138671875
2835912,45.41015625
2836038,35.82763671875
2836087,34.60693359375
2836146,40.83251953125
2836264,31.06689453125
2836305,31.005859375
2836419,37.29248046875
2836564,35.888671875
2836605,37.41455078125
2836656,50.59814453125
2836692,31.79931640625
2836750,32.2265625
2836790,37.53662109375
2837214,32.958984375
2879031,71.71630859375
2879100,33.0810546875
2879111,65.4296875
2879126,76.59912109375
2879149,34.1796875
2879166,59.75341796875
2879194,38.87939453125
2879213,56.45751953125
2879231,37.7197265625
2879246,45.10498046875
2879266,33.50830078125
2879303,55.35888671875
2879318,37.53662109375
2879342,34.36279296875
2879435,32.77587890625
2879531,38.87939453125
2879585,40.10009765625
2879632,40.10009765625
2879748,33.203125
2880066,37.04833984375
2880117,33.38623046875
2880206,31.31103515625
2880309,37.29248046875
2880404,36.07177734375
2880798,41.8701171875
2934249,77.392578125
2934267,39.6728515625
2934320,38.87939453125
2934340,86.60888671875
2934360,44.3115234375
2934392,54.443359375
2934403,49.13330078125
2934425,41.015625
2934444,31.494140625
2934468,37.78076171875
2934507,47.30224609375
2934528,33.203125
2934550,37.353515625
2934568,33.26416015625
2934592,34.3017578125
2934694,37.78076171875
2934870,31.494140625
2934912,33.38623046875
2934957,38.63525390625
2935110,33.69140625
2935245,33.3251953125
2935323,32.04345703125
2935394,33.87451171875
2935458,44.49462890625
2935510,33.26416015625
2935616,33.87451171875
2935665,33.447265625
2935892,31.8603515625
3043842,74.8291015625
3043877,41.8701171875
3043902,54.50439453125
3043915,52.6123046875
3043931,62.5
3043943,48.52294921875
3043979,48.7060546875
3043993,65.73486328125
3044003,52.67333984375
3044024,45.22705078125
3044056,38.0859375
3044074,34.7900390625
3044117,32.2265625
3044258,31.3720703125
3044303,31.005859375
3044577,33.87451171875
3044810,31.005859375
3044875,34.24072265625
3044888,32.04345703125
3044949,32.5927734375
3045063,31.8603515625
3045114,33.38623046875
3045161,33.935546875
3045213,37.59765625
3132268,59.08203125
3132310,32.40966796875
3132338,67.93212890625
3132352,88.07373046875
3132376,78.79638671875
3132397,65.3076171875
3132415,40.6494140625
3132429,42.54150390625
3132466,32.53173828125
3132492,31.6162109375
3132564,30.94482421875
3132733,32.53173828125
3132958,31.8603515625
3133214,34.423828125
3133295,36.68212890625
3133605,32.958984375
3236836,59.87548828125
3236848,32.04345703125
3236880,31.18896484375
3236911,73.2421875
3236930,58.10546875
3236950,33.87451171875
3236970,48.52294921875
3236988,44.0673828125
3237009,45.71533203125
3237022,39.73388671875
3237073,32.28759765625
3237095,38.9404296875
3237341,36.0107421875
3237401,33.02001953125
3237512,46.875
3237566,42.17529296875
3237617,42.48046875
3237775,37.29248046875
3237894,35.2783203125
3237907,31.79931640625
3237948,31.92138671875
3238115,32.5927734375
3238164,40.95458984375
3238197,32.470703125
3238239,36.62109375
3245747,31.92138671875
3280624,67.56591796875
3280653,31.1279296875
3280682,48.15673828125
3280701,71.96044921875
3280719,46.2646484375
3280738,45.654296875
3280762,50.4150390625
3280782,44.3115234375
3280813,43.8232421875
3280823,34.5458984375
3280845,40.95458984375
3280861,35.33935546875
3280879,33.935546875
3280898,44.3115234375
3280921,34.423828125
3280936,33.5693359375
3281141,32.28759765625
3281193,32.04345703125
3281354,40.34423828125
3281621,41.80908203125
3281668,49.4384765625
3281726,32.16552734375
3281758,42.3583984375
3282096,33.0810546875
3327354,65.0634765625
3327414,38.39111328125
3327438,50.9033203125
3327451,91.61376953125
3327477,58.04443359375
3327496,44.12841796875
3327541,32.77587890625
3327555,31.982421875
3327569,33.14208984375
3327595,36.1328125
3327611,51.26953125
3327646,31.3720703125
3327680,42.6025390625
3327735,35.64453125
3327763,35.7666015625
3327970,32.3486328125
3328068,31.3720703125
3328375,31.55517578125
3328492,33.0810546875
3328659,34.97314453125
3328744,31.25
3379072,61.279296875
3379118,31.43310546875
3379148,84.5947265625
3379166,99.12109375
3379176,62.07275390625
3379204,55.17578125
3379220,43.3349609375
3379238,45.83740234375
3379279,31.494140625
3379318,37.9638671875
3379379,36.4990234375
3379477,31.18896484375
3379668,36.62109375
3379878,32.40966796875
3379918,34.7900390625
3379961,48.27880859375
3380057,32.71484375
3380396,36.865234375
3380507,31.8603515625
3380674,34.97314453125
3440472,61.34033203125
3440486,31.005859375
3440522,41.19873046875
3440544,62.5
3440580,83.43505859375
3440595,58.837890625
3440605,47.91259765625
3440628,56.33544921875
3440651,38.2080078125
3440666,40.52734375
3440744,32.71484375
3441171,32.1044921875
3441221,35.15625
3441460,32.71484375
3441507,53.1005859375
3441541,35.46142578125
3441590,35.5224609375
3441641,36.62109375
3441682,31.43310546875
3441775,37.90283203125
3441893,34.48486328125
3441993,31.1279296875
3442154,36.4990234375
3531891,81.48193359375
3531920,34.1796875
3531943,70.3125
3531976,89.17236328125
3531996,49.37744140625
3532017,49.86572265625
3532037,47.7294921875
3532051,37.90283203125
3532074,47.30224609375
3532094,45.166015625
3532122,31.31103515625
3532147,38.0859375
3532187,36.31591796875
3532209,32.53173828125
3532438,31.79931640625
3532505,36.31591796875
3532591,32.16552734375
3532658,42.3583984375
3532702,34.423828125
3532765,37.41455078125
3532817,46.142578125
3532861,38.9404296875
3533034,33.203125
3533074,33.99658203125
3533152,32.71484375
3624325,82.6416015625
3624368,34.5458984375
3624381,40.52734375
3624401,85.87646484375
3624421,54.6875
3624441,70.3125
3624454,36.80419921875
3624474,40.1611328125
3624494,33.02001953125
3624504,44.7998046875
3624528,32.89794921875
3624551,33.87451171875
3624570,34.24072265625
3624584,38.4521484375
3624621,32.71484375
3624669,39.0625
3624688,33.14208984375
3625113,45.166015625
3625170,37.4755859375
3625412,36.31591796875
3625494,33.447265625
3625537,31.005859375
3625616,35.888671875
3625658,33.26416015625
3632910,32.1044921875
3634839,62.6220703125
3673922,39.0625
3707947,77.1484375
3707984,35.94970703125
3708019,63.78173828125
3708034,42.3583984375
3708066,55.6640625
3708090,38.51318359375
3708117,58.59375
3708143,40.10009765625
3708157,32.5927734375
3708179,38.818359375
3708205,36.4990234375
3708258,38.818359375
3708312,31.982421875
3708438,31.55517578125
3708485,39.4287109375
3708511,34.72900390625
3708652,35.21728515625
3708811,39.97802734375
3709057,35.64453125
3709107,37.41455078125
3709149,33.50830078125
3709191,31.67724609375
3773359,60.11962890625
3773387,43.64013671875
3773407,81.84814453125
3773425,84.1064453125
3773442,71.4111328125
3773459,44.37255859375
3773481,49.62158203125
3773492,52.24609375
3773517,31.8603515625
3773542,34.912109375
3773594,31.43310546875
3773639,34.48486328125
3773658,32.65380859375
3773687,34.3017578125
3773777,31.25
3773820,31.73828125
3773902,31.31103515625
3774017,44.7998046875
3774121,34.48486328125
3774235,34.0576171875
3774367,32.1044921875
3774406,35.09521484375
3774611,38.87939453125
3774665,32.89794921875
3774815,34.85107421875
3879880,85.0830078125
3879921,67.7490234375
3879943,106.8115234375
3879957,49.13330078125
3879976,51.20849609375
3879997,39.00146484375
3880009,31.1279296875
3880059,35.400390625
3880080,44.189453125
3880316,37.78076171875
3880413,34.423828125
3880466,36.0107421875
3880572,33.203125
3880633,34.85107421875
3880688,32.04345703125
3880806,31.18896484375
3880861,41.015625
3880934,33.14208984375
3881053,34.7900390625
3881167,32.5927734375
3881253,32.470703125
3881436,35.5224609375
3968986,64.02587890625
3969042,39.73388671875
3969076,31.25
3969092,78.369140625
3969120,41.1376953125
3969136,44.5556640625
3969153,42.724609375
3969164,54.19921875
3969195,47.30224609375
3969233,34.48486328125
3969258,56.7626953125
3969269,62.1337890625
3969280,35.21728515625
3969318,38.63525390625
3969422,33.8134765625
3969559,34.60693359375
3969793,34.3017578125
3969906,36.0107421875
3970161,41.19873046875
3970288,32.3486328125
3970387,35.7666015625
3970473,44.37255859375
3970513,32.53173828125
3970562,34.48486328125
3970593,31.8603515625
4004322,58.4716796875
4004387,61.6455078125
4004405,74.03564453125
4004423,56.33544921875
4004441,81.54296875
4004477,35.64453125
4004539,31.18896484375
4004554,40.8935546875
4004566,32.2265625
4004583,35.70556640625
4004650,42.29736328125
4004686,40.1611328125
4004782,41.259765625
4004895,31.25
4005089,44.7998046875
4005133,39.48974609375
4005167,35.94970703125
4005255,31.67724609375
4005468,38.330078125
4005593,34.11865234375
4005705,32.28759765625
4051174,70.12939453125
4051237,41.93115234375
4051264,74.03564453125
4051288,76.2939453125
4051307,61.34033203125
4051332,56.33544921875
4051345,32.65380859375
4051355,35.400390625
4051371,34.423828125
4051395,36.80419921875
4051426,42.724609375
4051469,32.470703125
4051538,35.46142578125
4051579,34.1796875
4051634,31.79931640625
4051886,33.02001953125
4051978,35.0341796875
4052018,31.31103515625
4052099,38.51318359375
4052150,36.4990234375
4052223,37.17041015625
4052261,40.0390625
4052296,35.64453125
4052334,48.9501953125
4052701,35.7666015625
4133307,85.205078125
4133355,33.26416015625
4133368,67.07763671875
4133383,66.83349609375
4133402,60.11962890625
4133419,71.044921875
4133446,66.95556640625
4133468,45.7763671875
4133485,48.828125
4133500,46.5087890625
4133524,37.65869140625
4133542,34.423828125
4133575,35.09521484375
4134175,32.71484375
4134221,33.935546875
4134251,33.02001953125
4134345,33.38623046875
4134434,37.41455078125
4134548,35.5224609375
4134627,33.75244140625
4134680,31.25
4177566,67.56591796875
4177635,37.78076171875
4177645,45.654296875
4177672,96.98486328125
4177695,53.7109375
4177724,65.185546875
4177735,56.15234375
4177775,37.04833984375
4177795,42.90771484375
4177817,37.53662109375
4177872,43.3349609375
4177916,35.15625
4178042,42.54150390625
4178091,31.31103515625
4178252,34.72900390625
4178304,34.97314453125
4178344,32.3486328125
4178368,35.64453125
4178398,31.92138671875
4178511,39.73388671875
4178631,32.71484375
4178677,44.25048828125
4178714,32.470703125
4178783,34.423828125
4178821,36.865234375
4178872,31.982421875
4178933,31.3720703125
4251946,78.06396484375
4252003,31.55517578125
4252021,63.96484375
4252037,81.6650390625
4252056,56.2744140625
4252076,66.46728515625
4252087,39.1845703125
4252100,39.55078125
4252115,35.33935546875
4252140,41.44287109375
4252167,31.3720703125
4252207,34.85107421875
4252288,31.005859375
4252415,31.982421875
4252515,36.62109375
4252626,35.94970703125
4252768,35.46142578125
4252866,31.18896484375
4252915,34.36279296875
4252948,35.94970703125
4252986,41.93115234375
4253168,31.25
4419710,33.75244140625
4419741,32.5927734375
4419773,60.1806640625
4419783,83.67919921875
4419807,54.87060546875
4419831,44.86083984375
4419843,33.203125
4419855,53.89404296875
4419885,61.1572265625
4419920,36.9873046875
4419946,31.43310546875
4419975,38.6962890625
4419993,37.04833984375
4420043,38.51318359375
4420079,31.43310546875
4420092,31.494140625
4420423,31.3720703125
4420692,32.71484375
4420871,33.26416015625
4421043,33.99658203125
4430159,60.24169921875
4430444,40.8935546875
4430488,62.19482421875
4430531,32.958984375
4430583,38.9404296875
4430594,76.66015625
4430615,41.19873046875
4430637,44.3115234375
4430665,42.41943359375
4430691,57.7392578125
4430702,47.18017578125
4430728,37.78076171875
4430743,38.2080078125
4430792,32.8369140625
4430804,34.912109375
4430825,37.17041015625
4430985,32.89794921875
4431138,31.005859375
4431181,31.25
4431446,32.28759765625
4431494,33.14208984375
4431555,31.55517578125
4431601,44.61669921875
4431648,34.36279296875
4431682,33.99658203125
4431713,31.18896484375
4431756,34.48486328125
4431802,35.58349609375
4431829,34.7900390625
4432054,31.67724609375
4478061,74.3408203125
4478092,33.50830078125
4478124,35.33935546875
4478136,63.1103515625
4478147,93.75
4478169,36.43798828125
4478191,46.142578125
4478215,42.3583984375
4478229,45.71533203125
4478262,37.2314453125
4478275,42.96875
4478341,35.0341796875
4478360,34.11865234375
4478397,40.10009765625
4478428,34.7900390625
4478930,42.724609375
4478978,31.6162109375
4479079,34.36279296875
4479232,32.958984375
4479371,32.2265625
4479623,31.31103515625
4514115,69.03076171875
4514205,42.90771484375
4514216,109.68017578125
4514229,72.44873046875
4514248,40.10009765625
4514266,62.80517578125
4514277,34.48486328125
4514300,33.50830078125
4514316,32.8369140625
4514345,41.1376953125
4514361,48.2177734375
4514457,46.630859375
4514508,35.94970703125
4514606,33.69140625
4514694,31.92138671875
4514868,32.3486328125
4514899,31.79931640625
4514986,38.2080078125
4515013,31.494140625
4515158,33.87451171875
4515207,39.0625
4515284,36.62109375
4515324,34.912109375
4515516,31.79931640625
4610599,32.470703125
4610639,32.65380859375
4610655,54.0771484375
4610674,112.3046875
4610696,52.42919921875
4610709,36.9873046875
4610732,36.7431640625
4610747,35.888671875
4610757,45.34912109375
4610804,31.005859375
4610840,34.66796875
4610903,34.48486328125
4610946,40.71044921875
4610988,34.5458984375
4611024,33.26416015625
4611199,32.71484375
4611578,32.958984375
4611632,31.494140625
4611758,37.4755859375
4611798,38.0859375
4611826,34.11865234375
4611843,33.14208984375
4611890,36.865234375
4611943,33.5693359375
4621889,34.72900390625
4644769,42.6025390625
4644860,31.6162109375
4644874,79.2236328125
4644895,47.607421875
4644919,54.50439453125
4644934,46.08154296875
4644951,50.78125
4644991,49.9267578125
4645030,46.69189453125
4645153,34.97314453125
4645459,32.65380859375
4645564,40.22216796875
4645676,35.5224609375
4645758,36.2548828125
4645816,32.53173828125
4645973,32.2265625
4646106,35.09521484375
4646169,35.82763671875
4646227,34.1796875
4681860,70.00732421875
4681889,48.76708984375
4681949,63.232421875
4681964,77.0263671875
4681978,48.64501953125
4682005,73.73046875
4682029,50.537109375
4682039,34.85107421875
4682049,54.74853515625
4682071,33.63037109375
4682116,35.58349609375
4682152,40.771484375
4682287,33.75244140625
4682742,32.71484375
4682878,36.376953125
4682925,34.1796875
4683315,31.3720703125
4722143,65.24658203125
4722180,31.31103515625
4722222,35.21728515625
4722237,118.59130859375
4722254,72.75390625
4722279,65.24658203125
4722305,81.0546875
4722319,40.22216796875
4722331,36.68212890625
4722347,37.109375
4722363,41.748046875
4722402,32.3486328125
4722416,42.17529296875
4722437,38.63525390625
4722473,32.28759765625
4722509,32.5927734375
4722581,41.56494140625
4722617,35.2783203125
4722660,38.6962890625
4722676,41.015625
4723102,32.958984375
4723142,34.3017578125
4723183,34.48486328125
4723266,34.24072265625
4723388,34.7900390625
4723415,35.0341796875
4723652,32.470703125
