4798001,0
4684,47.36328125
4724,35.21728515625
4740,70.25146484375
4773,48.828125
4801,43.88427734375
4821,82.3974609375
4837,54.443359375
4850,55.17578125
4861,44.677734375
4874,71.96044921875
4892,50.84228515625
4907,72.81494140625
4925,64.14794921875
4963,46.2646484375
4984,27.28271484375
5003,28.80859375
5019,29.96826171875
5040,36.68212890625
5072,43.0908203125
5082,32.65380859375
5118,28.564453125
5140,39.1845703125
5154,33.203125
5173,34.3017578125
5271,30.6396484375
5290,38.6962890625
5305,31.1279296875
5321,26.9775390625
5350,37.353515625
5392,30.33447265625
5407,37.04833984375
5426,28.1982421875
5443,31.8603515625
5455,28.50341796875
5483,35.2783203125
5501,27.52685546875
5515,27.7099609375
5557,29.4189453125
5589,27.7099609375
5631,28.3203125
5724,28.50341796875
5745,31.92138671875
5797,28.86962890625
5820,47.4853515625
5834,30.09033203125
5865,27.89306640625
5927,35.70556640625
6039,35.58349609375
6058,30.70068359375
6182,29.47998046875
6223,33.87451171875
6262,30.3955078125
6774,29.4189453125
6996,27.28271484375
125857,36.56005859375
125882,28.564453125
125910,35.15625
125934,39.9169921875
125951,88.8671875
125964,68.54248046875
125978,38.39111328125
125988,68.17626953125
126020,55.2978515625
126042,48.27880859375
126064,66.40625
126097,65.36865234375
126124,62.1337890625
126140,44.921875
126173,56.33544921875
126187,41.50390625
126200,40.71044921875
126213,33.63037109375
126250,36.2548828125
126279,33.75244140625
126298,40.83251953125
126343,40.6494140625
126355,28.9306640625
126408,31.06689453125
126427,30.94482421875
126477,29.96826171875
126505,30.76171875
126521,36.80419921875
126557,34.97314453125
126592,29.1748046875
126638,31.18896484375
126649,29.72412109375
126692,36.68212890625
126725,27.40478515625
126770,31.005859375
126828,42.6025390625
126906,30.70068359375
126923,29.541015625
126992,28.1982421875
127004,32.40966796875
127089,33.69140625
127111,41.8701171875
127219,29.9072265625
127311,30.70068359375
127372,28.99169921875
127435,30.70068359375
127464,27.34375
127488,28.74755859375
127524,29.6630859375
127640,40.771484375
127800,36.865234375
240654,27.03857421875
240683,32.8369140625
240699,36.80419921875
240735,54.99267578125
240768,37.59765625
240785,43.9453125
240817,88.7451171875
240832,69.76318359375
240845,44.7998046875
240875,52.734375
240889,31.25
240910,67.32177734375
240932,36.4990234375
240946,39.6728515625
240960,27.52685546875
240985,44.49462890625
241000,27.4658203125
241014,30.57861328125
241058,27.16064453125
241117,35.15625
241221,28.01513671875
241261,34.48486328125
241308,31.55517578125
241323,28.4423828125
241363,29.541015625
241394,27.7099609375
241418,30.09033203125
241466,35.888671875
241480,33.99658203125
241536,28.076171875
241568,33.935546875
241582,29.35791015625
241608,35.2783203125
241674,28.50341796875
241690,29.052734375
241720,31.31103515625
241731,35.94970703125
241771,32.1044921875
241842,27.03857421875
241868,32.77587890625
241889,30.029296875
241912,37.841796875
241974,34.1796875
241991,27.587890625
242023,28.3203125
242073,30.6396484375
242089,27.4658203125
242114,35.94970703125
242139,27.34375
242172,30.82275390625
242250,30.33447265625
242338,27.587890625
242399,28.13720703125
242431,29.72412109375
242619,28.80859375
328282,28.6865234375
328310,54.443359375
328338,70.068359375
328356,57.12890625
328370,54.3212890625
328404,72.75390625
328418,52.6123046875
328451,63.5986328125
328476,74.40185546875
328494,29.541015625
328524,44.61669921875
328539,38.6962890625
328566,41.9921875
328591,56.2744140625
328603,41.748046875
328622,27.89306640625
328657,31.79931640625
328684,30.517578125
328704,27.40478515625
328729,27.52685546875
328769,29.72412109375
328805,31.1279296875
328821,29.60205078125
328865,28.25927734375
328894,27.52685546875
328918,30.029296875
328953,29.11376953125
328977,31.1279296875
328990,30.6396484375
329022,30.6396484375
329082,29.84619140625
329102,35.888671875
329132,27.77099609375
329156,37.04833984375
329167,32.40966796875
329184,32.65380859375
329264,51.513671875
329306,30.45654296875
329318,28.4423828125
329431,27.4658203125
329443,41.19873046875
329516,34.24072265625
329551,27.2216796875
329592,32.65380859375
329627,33.02001953125
329696,38.75732421875
329763,31.92138671875
329830,27.52685546875
330085,29.60205078125
433697,27.28271484375
433739,28.62548828125
433754,33.02001953125
433774,32.2265625
433800,69.4580078125
433810,67.0166015625
433830,59.38720703125
433855,85.51025390625
433871,57.7392578125
433892,44.921875
433910,44.189453125
433937,63.29345703125
433967,39.73388671875
433981,41.56494140625
433996,32.8369140625
434012,31.18896484375
434026,51.33056640625
434064,30.1513671875
434088,44.98291015625
434116,28.99169921875
434132,29.052734375
434151,27.28271484375
434181,31.494140625
434203,32.5927734375
434225,29.35791015625
434295,27.7099609375
434312,27.7099609375
434335,30.82275390625
434370,29.541015625
434403,32.28759765625
434447,29.47998046875
434464,27.4658203125
434491,37.109375
434510,31.3720703125
434547,28.50341796875
434559,32.89794921875
434612,33.935546875
434671,27.587890625
434699,28.13720703125
434761,33.26416015625
434780,28.38134765625
434829,30.3955078125
434854,27.34375
434868,29.72412109375
434891,29.47998046875
434910,33.99658203125
434970,32.5927734375
435030,31.1279296875
435050,34.48486328125
435099,26.9775390625
435121,32.2265625
435166,41.68701171875
435229,37.353515625
435458,28.01513671875
436077,30.76171875
508735,31.005859375
508750,27.03857421875
508779,27.28271484375
508790,50.78125
508815,76.23291015625
508839,43.0908203125
508849,65.0634765625
508861,66.83349609375
508895,59.814453125
508925,44.5556640625
508938,100.52490234375
508958,38.0859375
508973,57.2509765625
509007,43.701171875
509025,49.8046875
509047,37.04833984375
509068,36.865234375
509085,36.80419921875
509102,30.1513671875
509121,36.62109375
509166,47.91259765625
509205,39.73388671875
509278,34.48486328125
509292,30.517578125
509304,28.38134765625
509335,29.052734375
509346,37.53662109375
509407,29.60205078125
509447,30.2734375
509461,29.72412109375
509511,35.888671875
509540,40.4052734375
509551,28.6865234375
509602,31.06689453125
509615,32.3486328125
509650,28.99169921875
509674,31.43310546875
509723,28.9306640625
509742,27.40478515625
509762,34.48486328125
509780,48.40087890625
509799,42.54150390625
509841,33.935546875
509862,30.57861328125
509901,32.77587890625
509960,38.02490234375
510021,27.89306640625
510037,30.3955078125
510080,29.1748046875
510095,32.470703125
510144,34.36279296875
510225,37.78076171875
510247,29.96826171875
510330,31.6162109375
510356,28.74755859375
586621,30.94482421875
586661,39.6728515625
586672,27.89306640625
586697,44.5556640625
586712,90.6982421875
586738,55.48095703125
586749,43.88427734375
586778,70.98388671875
586797,51.33056640625
586827,75.5615234375
586841,52.734375
586859,48.27880859375
586889,47.18017578125
586904,57.43408203125
586922,29.296875
586940,29.47998046875
586955,31.3720703125
586979,28.80859375
586999,33.203125
587013,33.0810546875
587039,40.95458984375
587056,37.29248046875
587095,27.28271484375
587159,38.75732421875
587174,27.28271484375
587190,35.94970703125
587225,28.01513671875
587235,28.076171875
587318,33.935546875
587412,39.55078125
587447,32.3486328125
587460,37.29248046875
587560,32.1044921875
587589,28.62548828125
587624,34.36279296875
587675,31.43310546875
587710,37.29248046875
587757,27.16064453125
587791,33.75244140625
587808,30.76171875
587887,29.052734375
587913,36.68212890625
587957,35.0341796875
587985,26.9775390625
588034,33.8134765625
588053,31.1279296875
588167,30.1513671875
588227,27.7099609375
588317,30.45654296875
677539,30.21240234375
677550,35.21728515625
677572,54.38232421875
677597,79.77294921875
677615,71.59423828125
677651,63.04931640625
677673,38.75732421875
677687,62.1337890625
677715,57.18994140625
677727,39.55078125
677753,47.119140625
677793,45.59326171875
677810,29.296875
677824,29.78515625
677834,27.099609375
677849,28.3203125
677861,29.35791015625
677894,35.46142578125
677905,34.60693359375
677942,32.89794921875
677952,30.82275390625
677985,26.91650390625
678020,27.7099609375
678037,36.4990234375
678167,29.4189453125
678213,29.541015625
678237,31.73828125
678277,28.99169921875
678295,41.1376953125
678380,29.84619140625
678418,33.75244140625
678437,34.0576171875
678484,31.79931640625
678527,41.50390625
678546,29.541015625
678585,30.2734375
678633,28.99169921875
678693,29.11376953125
678728,28.74755859375
678738,31.494140625
678770,28.62548828125
678833,29.72412109375
678888,40.10009765625
678923,30.45654296875
679004,27.77099609375
679066,34.7900390625
679125,33.447265625
679196,27.34375
760218,30.33447265625
760253,32.1044921875
760271,28.076171875
760291,58.41064453125
760319,68.29833984375
760329,56.45751953125
760354,38.87939453125
760380,73.30322265625
760392,70.25146484375
760412,51.7578125
760431,51.94091796875
760449,63.5986328125
760470,48.4619140625
760488,42.54150390625
760502,43.0908203125
760514,49.31640625
760532,34.0576171875
760579,28.564453125
760614,38.02490234375
760643,38.02490234375
760669,45.654296875
760699,27.83203125
760714,28.564453125
760746,31.3720703125
760766,29.47998046875
760829,32.5927734375
760893,27.77099609375
760911,29.47998046875
760974,30.76171875
761002,30.82275390625
761012,27.03857421875
761055,37.78076171875
761069,29.47998046875
761105,40.46630859375
761118,28.80859375
761141,28.13720703125
761175,28.80859375
761224,33.935546875
761246,28.80859375
761276,43.27392578125
761393,29.1748046875
761416,28.6865234375
761459,31.92138671875
761563,27.83203125
761586,29.47998046875
761658,41.9921875
761689,27.4658203125
761773,28.076171875
761839,37.65869140625
761926,26.9775390625
761954,31.73828125
769889,27.099609375
776262,26.91650390625
835856,40.22216796875
835878,34.60693359375
835889,109.68017578125
835907,66.0400390625
835923,35.33935546875
835946,82.03125
835961,56.82373046875
835981,59.99755859375
836004,56.33544921875
836018,34.11865234375
836033,49.560546875
836055,60.36376953125
836071,41.3818359375
836092,34.11865234375
836105,35.15625
836149,35.2783203125
836160,27.2216796875
836173,28.4423828125
836194,35.82763671875
836215,33.02001953125
836226,26.9775390625
836277,28.076171875
836287,29.35791015625
836327,31.982421875
836348,26.91650390625
836433,27.40478515625
836451,29.96826171875
836504,43.15185546875
836542,29.11376953125
836568,40.83251953125
836587,28.564453125
836783,27.099609375
836810,30.57861328125
836847,26.9775390625
836879,26.9775390625
836912,27.9541015625
836931,31.6162109375
836942,32.5927734375
836972,33.8134765625
837021,29.47998046875
837042,36.43798828125
837085,27.52685546875
837145,28.74755859375
837165,27.03857421875
837192,33.3251953125
837222,27.4658203125
837246,34.3017578125
837341,27.89306640625
837383,32.77587890625
837393,29.052734375
837411,30.09033203125
837465,27.9541015625
886118,28.3203125
886139,30.82275390625
886200,47.79052734375
886244,27.099609375
886259,33.63037109375
886284,50.23193359375
886297,97.10693359375
886309,65.61279296875
886327,55.35888671875
886349,79.2236328125
886361,56.15234375
886382,47.66845703125
886395,46.32568359375
886411,43.45703125
886431,32.16552734375
886451,28.4423828125
886469,36.2548828125
886486,30.70068359375
886503,31.982421875
886527,30.8837890625
886545,27.4658203125
886570,29.4189453125
886608,27.16064453125
886632,46.9970703125
886683,35.64453125
886695,27.52685546875
886713,33.0810546875
886756,29.052734375
886782,32.53173828125
886813,31.6162109375
886840,31.92138671875
886882,33.5693359375
886994,26.91650390625
887012,30.70068359375
887050,31.982421875
887143,27.9541015625
887243,35.888671875
887366,28.01513671875
887406,28.3203125
887428,31.67724609375
887439,35.82763671875
887510,31.79931640625
887598,26.9775390625
887725,31.31103515625
887755,39.0625
984570,27.64892578125
984587,41.07666015625
984611,85.63232421875
984629,73.54736328125
984641,53.40576171875
984678,66.95556640625
984708,67.138671875
984718,68.66455078125
984753,39.306640625
984782,49.1943359375
984800,27.34375
984824,40.283203125
984849,48.15673828125
984869,48.095703125
984881,29.60205078125
984905,38.75732421875
984936,26.9775390625
984965,28.38134765625
984979,30.8837890625
985083,33.203125
985149,42.29736328125
985252,30.1513671875
985311,31.005859375
985349,30.517578125
985376,28.01513671875
985403,26.9775390625
985436,28.86962890625
985523,40.52734375
985603,30.82275390625
985721,28.50341796875
985754,28.1982421875
985795,35.58349609375
985824,31.06689453125
985879,27.34375
985969,27.28271484375
986054,43.5791015625
986117,28.01513671875
986812,29.296875
1027586,29.47998046875
1027645,33.203125
1027657,55.2978515625
1027669,28.62548828125
1027701,32.28759765625
1027731,40.71044921875
1027741,79.4677734375
1027786,64.63623046875
1027814,48.64501953125
1027825,33.63037109375
1027843,70.98388671875
1027856,33.14208984375
1027880,30.8837890625
1027893,36.56005859375
1027914,50.72021484375
1027930,29.4189453125
1027963,35.09521484375
1027987,36.43798828125
1028010,27.40478515625
1028040,31.982421875
1028090,34.3017578125
1028115,29.4189453125
1028187,32.16552734375
1028244,28.564453125
1028256,28.3203125
1028311,31.982421875
1028428,33.8134765625
1028480,30.76171875
1028513,29.96826171875
1028682,34.60693359375
1028718,34.48486328125
1028774,29.23583984375
1028854,29.84619140625
1028897,29.96826171875
1028916,28.3203125
1028948,27.587890625
1028973,29.9072265625
1029018,35.2783203125
1029044,29.60205078125
1029142,30.1513671875
1068605,27.7099609375
1068672,26.91650390625
1068682,39.36767578125
1068701,27.587890625
1068731,33.5693359375
1068759,33.14208984375
1068782,51.3916015625
1068805,85.75439453125
1068835,67.68798828125
1068846,56.7626953125
1068872,44.37255859375
1068895,57.12890625
1068920,51.025390625
1068933,49.31640625
1068955,47.42431640625
1068974,28.13720703125
1068986,34.423828125
1069035,37.29248046875
1069045,29.11376953125
1069068,31.3720703125
1069097,41.748046875
1069127,27.4658203125
1069148,28.13720703125
1069189,27.9541015625
1069219,32.16552734375
1069253,28.6865234375
1069303,27.34375
1069314,28.076171875
1069360,31.1279296875
1069390,34.66796875
1069442,29.72412109375
1069586,32.1044921875
1069709,40.95458984375
1069754,27.34375
1069785,33.14208984375
1069795,30.1513671875
1069842,26.91650390625
1069858,33.50830078125
1069899,27.34375
1069952,29.052734375
1070038,28.50341796875
1070055,29.11376953125
1070080,36.376953125
1070095,29.96826171875
1109779,32.2265625
1109802,31.25
1109829,33.935546875
1109839,33.02001953125
1109861,40.6494140625
1109893,76.171875
1109909,66.40625
1109934,67.0166015625
1109947,65.3076171875
1109964,47.05810546875
1109998,72.57080078125
1110017,47.2412109375
1110033,43.02978515625
1110045,28.564453125
1110063,29.541015625
1110087,29.96826171875
1110100,33.935546875
1110136,30.57861328125
1110153,31.67724609375
1110185,41.748046875
1110200,34.60693359375
1110221,27.28271484375
1110242,27.34375
1110297,35.82763671875
1110325,27.099609375
1110347,31.494140625
1110521,32.3486328125
1110549,27.89306640625
1110598,28.6865234375
1110615,27.16064453125
1110730,32.1044921875
1110789,33.203125
1110805,27.16064453125
1110829,29.23583984375
1110922,32.958984375
1110970,27.34375
1110989,32.89794921875
1111016,27.28271484375
1111067,30.76171875
1111155,38.63525390625
1111208,28.564453125
1111235,28.25927734375
1111397,28.1982421875
1111544,28.62548828125
1147176,31.005859375
1147232,33.0810546875
1147250,30.70068359375
1147277,38.6962890625
1147310,34.1796875
1147330,46.69189453125
1147362,67.7490234375
1147377,35.7666015625
1147394,81.72607421875
1147421,62.68310546875
1147445,49.072265625
1147469,66.46728515625
1147490,45.166015625
1147509,33.935546875
1147527,35.15625
1147541,40.4052734375
1147560,38.57421875
1147597,31.43310546875
1147612,28.564453125
1147668,28.9306640625
1147699,31.005859375
1147725,39.36767578125
1147810,27.7099609375
1147854,31.1279296875
1148007,29.1748046875
1148189,35.64453125
1148209,27.099609375
1148268,36.43798828125
1148282,28.4423828125
1148331,31.92138671875
1148357,28.13720703125
1148369,30.45654296875
1148478,32.958984375
1149019,33.99658203125
1189425,27.03857421875
1192483,29.4189453125
1192499,36.7431640625
1192529,32.5927734375
1192543,39.306640625
1192560,81.6650390625
1192578,32.40966796875
1192588,90.4541015625
1192606,63.8427734375
1192630,65.73486328125
1192654,59.2041015625
1192675,37.7197265625
1192695,54.38232421875
1192711,66.162109375
1192731,42.724609375
1192762,34.423828125
1192802,32.28759765625
1192814,33.02001953125
1192851,31.8603515625
1192884,35.21728515625
1192897,38.9404296875
1192927,30.70068359375
1192976,35.7666015625
1192990,29.052734375
1193008,27.52685546875
1193113,28.80859375
1193124,28.86962890625
1193156,29.96826171875
1193252,27.64892578125
1193329,28.50341796875
1193393,37.29248046875
1193435,33.87451171875
1193464,29.296875
1193501,39.0625
1193537,28.13720703125
1193624,32.53173828125
1193655,32.1044921875
1193732,28.9306640625
1193887,26.9775390625
1193924,31.92138671875
1193935,36.376953125
1194157,27.587890625
1237706,27.34375
1237750,34.97314453125
1237782,33.203125
1237801,71.59423828125
1237817,37.109375
1237855,83.0078125
1237873,61.46240234375
1237902,113.1591796875
1237917,60.72998046875
1237947,63.29345703125
1237964,39.24560546875
1237980,42.3583984375
1237996,32.65380859375
1238010,30.3955078125
1238029,36.1328125
1238047,31.06689453125
1238065,27.89306640625
1238078,35.5224609375
1238103,27.2216796875
1238140,31.55517578125
1238165,30.82275390625
1238201,27.83203125
1238250,27.89306640625
1238275,37.90283203125
1238288,28.1982421875
1238345,31.494140625
1238466,29.78515625
1238616,29.96826171875
1238685,33.75244140625
1238893,27.03857421875
1238956,42.29736328125
1238997,27.16064453125
1239115,29.6630859375
1239164,35.64453125
1278261,28.25927734375
1278324,27.89306640625
1278339,34.36279296875
1278367,45.71533203125
1278399,36.0107421875
1278409,57.55615234375
1278431,41.19873046875
1278449,40.71044921875
1278470,65.24658203125
1278488,45.22705078125
1278516,64.88037109375
1278538,38.75732421875
1278569,44.43359375
1278588,31.25
1278618,41.3818359375
1278637,28.1982421875
1278650,28.6865234375
1278664,33.63037109375
1278702,29.96826171875
1278728,28.3203125
1278761,32.958984375
1279106,28.86962890625
1279126,27.28271484375
1279199,31.18896484375
1279285,27.099609375
1279317,27.89306640625
1279368,37.53662109375
1279398,27.64892578125
1279418,27.587890625
1279524,44.00634765625
1279581,27.34375
1279667,30.94482421875
1279697,28.25927734375
1279756,30.82275390625
1279828,31.06689453125
1323688,33.38623046875
1323719,45.59326171875
1323738,29.23583984375
1323750,38.63525390625
1323788,48.27880859375
1323798,41.32080078125
1323823,62.8662109375
1323835,46.81396484375
1323846,82.94677734375
1323870,47.36328125
1323900,67.0166015625
1323910,51.81884765625
1323940,27.34375
1323979,30.029296875
1324003,31.3720703125
1324057,30.1513671875
1324203,28.01513671875
1324238,32.77587890625
1324275,29.6630859375
1324452,32.28759765625
1324503,28.076171875
1324616,33.14208984375
1324642,31.06689453125
1324667,29.47998046875
1324764,29.296875
1324784,30.57861328125
1324820,27.03857421875
1324862,28.6865234375
1324874,30.8837890625
1325019,27.89306640625
1325062,27.40478515625
1370666,31.1279296875
1370694,39.48974609375
1370711,37.2314453125
1370723,34.24072265625
1370742,34.66796875
1370752,85.14404296875
1370768,88.43994140625
1370795,64.02587890625
1370816,47.91259765625
1370828,63.65966796875
1370861,39.794921875
1370887,55.23681640625
1370901,79.58984375
1370918,34.48486328125
1370932,40.83251953125
1370970,33.26416015625
1370993,31.06689453125
1371015,30.45654296875
1371045,29.6630859375
1371058,28.99169921875
1371081,32.89794921875
1371173,35.33935546875
1371206,31.73828125
1371222,32.04345703125
1371243,36.1328125
1371258,26.91650390625
1371278,27.28271484375
1371301,27.52685546875
1371331,28.1982421875
1371393,28.076171875
1371513,28.50341796875
1371529,31.31103515625
1371642,27.099609375
1371661,34.60693359375
1371720,40.8935546875
1371821,36.80419921875
1371836,31.06689453125
1372032,32.28759765625
1372264,28.076171875
1430702,31.06689453125
1430713,30.45654296875
1430756,37.59765625
1430781,48.64501953125
1430794,119.0185546875
1430813,56.0302734375
1430826,50.72021484375
1430839,62.98828125
1430850,78.67431640625
1430879,48.03466796875
1430893,51.26953125
1430930,40.283203125
1430941,55.35888671875
1430962,30.3955078125
1430979,33.75244140625
1430996,28.99169921875
1431012,32.40966796875
1431044,28.25927734375
1431073,30.1513671875
1431089,32.3486328125
1431106,34.36279296875
1431133,28.86962890625
1431214,27.16064453125
1431273,29.541015625
1431327,30.8837890625
1431360,28.564453125
1431397,29.4189453125
1431519,29.60205078125
1431569,29.541015625
1431601,27.03857421875
1431655,27.099609375
1431686,27.28271484375
1431706,29.35791015625
1431725,28.74755859375
1431779,27.28271484375
1431830,33.5693359375
1431868,34.5458984375
1431912,33.0810546875
1431951,32.5927734375
1431984,39.9169921875
1432075,32.04345703125
1432296,26.9775390625
1432583,27.77099609375
1480345,27.52685546875
1480356,32.40966796875
1480384,28.9306640625
1480411,45.71533203125
1480428,69.88525390625
1480447,100.40283203125
1480476,45.654296875
1480489,68.54248046875
1480511,54.50439453125
1480524,50.29296875
1480539,51.20849609375
1480551,39.55078125
1480583,34.85107421875
1480597,34.36279296875
1480637,32.16552734375
1480650,47.7294921875
1480660,36.92626953125
1480704,32.470703125
1480722,27.099609375
1480813,42.66357421875
1480886,26.91650390625
1481125,29.9072265625
1481148,34.7900390625
1481168,36.2548828125
1481234,30.57861328125
1481245,29.6630859375
1481283,35.33935546875
1481294,27.28271484375
1481390,35.5224609375
1481447,29.6630859375
1481513,28.6865234375
1481580,28.50341796875
1481609,27.2216796875
1481683,33.63037109375
1481726,31.1279296875
1538812,29.23583984375
1538842,36.31591796875
1538879,84.5947265625
1538903,84.16748046875
1538923,89.78271484375
1538953,32.04345703125
1538970,56.70166015625
1538992,30.8837890625
1539004,37.65869140625
1539020,46.2646484375
1539038,29.23583984375
1539070,31.005859375
1539105,39.9169921875
1539127,37.78076171875
1539142,31.31103515625
1539170,28.9306640625
1539200,28.86962890625
1539257,36.92626953125
1539349,32.2265625
1539461,29.84619140625
1539491,30.517578125
1539559,32.8369140625
1539599,27.28271484375
1539623,27.64892578125
1539697,28.86962890625
1539746,28.1982421875
1539783,31.494140625
1539801,41.6259765625
1539886,28.564453125
1539896,36.62109375
1539936,27.34375
1540021,28.86962890625
1540070,27.587890625
1540112,28.076171875
1540200,27.9541015625
1600671,33.3251953125
1600684,28.9306640625
1600714,27.099609375
1600735,62.1337890625
1600759,76.96533203125
1600783,96.8017578125
1600800,59.6923828125
1600818,57.67822265625
1600840,61.4013671875
1600868,33.935546875
1600900,34.0576171875
1600926,35.64453125
1600993,33.935546875
1601055,27.52685546875
1601160,27.28271484375
1601208,27.4658203125
1601251,32.40966796875
1601443,30.45654296875
1601496,29.35791015625
1601539,33.69140625
1601580,39.36767578125
1601615,27.2216796875
1601628,27.77099609375
1601676,27.77099609375
1601712,30.029296875
1601769,32.89794921875
1601839,27.9541015625
1601878,28.3203125
1601925,27.28271484375
1601981,28.564453125
1602043,29.23583984375
1602076,29.60205078125
1613594,28.9306640625
1613609,31.6162109375
1613668,29.11376953125
1613693,32.77587890625
1613704,31.982421875
1613732,32.1044921875
1613761,55.0537109375
1613778,37.109375
1613796,77.20947265625
1613821,34.24072265625
1613839,47.7294921875
1613852,51.513671875
1613884,41.56494140625
1613904,40.4052734375
1613932,41.015625
1613948,41.259765625
1613980,34.72900390625
1613990,27.83203125
1614002,29.78515625
1614016,30.21240234375
1614067,29.1748046875
1614077,32.470703125
1614109,37.78076171875
1614119,26.91650390625
1614140,30.33447265625
1614157,27.89306640625
1614183,28.25927734375
1614272,29.4189453125
1614424,28.1982421875
1614454,28.13720703125
1614482,27.89306640625
1614628,28.9306640625
1614709,27.34375
1614765,27.28271484375
1614844,27.52685546875
1614913,29.78515625
1615111,27.7099609375
1666749,30.8837890625
1666768,74.0966796875
1666782,85.205078125
1666802,29.11376953125
1666831,75.1953125
1666856,52.734375
1666887,49.74365234375
1666900,50.84228515625
1666916,36.56005859375
1666930,34.24072265625
1666950,53.16162109375
1666966,30.3955078125
1667021,36.7431640625
1667058,28.86962890625
1667093,31.1279296875
1667124,28.4423828125
1667253,27.28271484375
1667316,31.1279296875
1667350,29.6630859375
1667484,32.16552734375
1667502,28.25927734375
1667541,28.076171875
1667568,29.296875
1667617,27.2216796875
1667668,35.82763671875
1667689,27.40478515625
1667769,27.77099609375
1667868,30.029296875
1667947,28.3203125
1667959,27.34375
1668051,27.16064453125
1668074,30.82275390625
1731690,26.91650390625
1731712,39.9169921875
1731728,37.2314453125
1731761,29.052734375
1731774,112.48779296875
1731795,36.865234375
1731806,49.86572265625
1731822,116.2109375
1731841,28.80859375
1731856,31.005859375
1731886,47.4853515625
1731908,43.76220703125
1731920,38.26904296875
1731959,37.29248046875
1731975,39.00146484375
1731995,34.423828125
1732012,33.50830078125
1732023,28.076171875
1732069,38.87939453125
1732089,31.18896484375
1732107,36.1328125
1732121,30.57861328125
1732236,27.64892578125
1732361,29.9072265625
1732546,29.541015625
1732564,38.87939453125
1732606,28.86962890625
1732678,29.052734375
1732703,27.40478515625
1732833,30.33447265625
1732902,27.9541015625
1732950,27.52685546875
1733021,30.029296875
1733150,27.2216796875
1791780,38.2080078125
1791798,27.03857421875
1791811,33.50830078125
1791825,136.77978515625
1791851,60.302734375
1791869,103.6376953125
1791883,45.34912109375
1791904,57.373046875
1791916,87.21923828125
1791943,43.5791015625
1791958,50.10986328125
1791971,40.4052734375
1791997,37.29248046875
1792043,30.82275390625
1792064,29.052734375
1792092,40.8935546875
1792122,30.8837890625
1792140,28.80859375
1792213,29.60205078125
1792241,30.2734375
1792276,27.40478515625
1792307,27.89306640625
1792430,28.99169921875
1792481,29.96826171875
1792517,45.7763671875
1792538,40.6494140625
1792565,36.1328125
1792654,28.62548828125
1792674,33.14208984375
1792696,31.25
1792772,27.34375
1792827,42.236328125
1792898,28.9306640625
1792917,37.59765625
1792930,30.1513671875
1793063,45.95947265625
1793120,27.34375
1834882,27.89306640625
1834910,43.76220703125
1834926,39.1845703125
1834954,86.97509765625
1834966,61.4013671875
1835001,127.685546875
1835020,33.50830078125
1835031,35.94970703125
1835054,59.6923828125
1835075,42.41943359375
1835087,39.48974609375
1835123,31.55517578125
1835139,29.96826171875
1835153,27.34375
1835205,35.64453125
1835266,28.564453125
1835281,27.16064453125
1835365,27.52685546875
1835427,28.3203125
1835448,30.517578125
1835559,27.03857421875
1835634,30.8837890625
1835671,33.69140625
1835710,30.3955078125
1835755,27.16064453125
1835805,27.16064453125
1835871,35.15625
1835903,34.24072265625
1835962,28.50341796875
1836024,29.1748046875
1836110,34.72900390625
1836127,30.57861328125
1836196,28.25927734375
1836279,28.25927734375
1836429,27.4658203125
1903837,29.052734375
1903857,31.73828125
1903887,71.2890625
1903918,92.041015625
1903938,109.0087890625
1903964,68.17626953125
1903988,59.38720703125
1904002,33.26416015625
1904025,36.1328125
1904055,41.80908203125
1904080,48.9501953125
1904093,28.564453125
1904218,29.78515625
1904320,28.80859375
1904387,28.62548828125
1904600,27.64892578125
1904646,30.6396484375
1904789,29.052734375
1904827,29.541015625
1904943,36.31591796875
1904966,32.77587890625
1905054,32.77587890625
1905093,31.79931640625
1905134,28.86962890625
1905153,27.099609375
1905273,28.38134765625
1915133,27.099609375
1968361,29.47998046875
1968389,28.62548828125
1968413,75.439453125
1968430,64.51416015625
1968461,34.85107421875
1968471,69.88525390625
1968498,43.02978515625
1968509,73.66943359375
1968540,28.3203125
1968553,41.1376953125
1968574,28.86962890625
1968611,36.0107421875
1968622,32.3486328125
1968632,33.69140625
1968681,27.52685546875
1968699,37.29248046875
1968716,32.3486328125
1968732,34.1796875
1968786,26.9775390625
1968818,31.18896484375
1968830,28.80859375
1968866,30.45654296875
1968914,37.109375
1969028,27.34375
1969041,30.09033203125
1969074,27.03857421875
1969208,27.2216796875
1969226,31.1279296875
1969321,28.13720703125
1969335,34.912109375
1969351,39.12353515625
1969386,27.16064453125
1969419,33.02001953125
1969486,27.4658203125
1969521,30.94482421875
1969592,35.2783203125
1969638,46.630859375
1969703,37.17041015625
1969730,28.62548828125
1969768,31.8603515625
2016293,33.63037109375
2016310,39.794921875
2016326,105.95703125
2016339,62.01171875
2016360,72.69287109375
2016374,68.2373046875
2016388,66.34521484375
2016409,46.38671875
2016420,64.5751953125
2016446,52.42919921875
2016477,29.78515625
2016499,38.02490234375
2016515,32.470703125
2016531,31.005859375
2016546,40.34423828125
2016575,32.77587890625
2016610,28.99169921875
2016661,27.03857421875
2016727,32.16552734375
2016969,31.73828125
2017091,28.1982421875
2017115,30.76171875
2017166,35.400390625
2017250,28.01513671875
2017271,26.91650390625
2017360,42.54150390625
2017396,31.005859375
2017515,29.4189453125
2017805,28.13720703125
2017857,27.03857421875
2070413,34.72900390625
2070447,43.212890625
2070471,109.86328125
2070482,53.1005859375
2070513,125.1220703125
2070545,60.9130859375
2070561,58.41064453125
2070580,49.62158203125
2070591,39.48974609375
2070604,32.04345703125
2070620,30.21240234375
2070637,31.3720703125
2070647,33.87451171875
2070662,33.87451171875
2070683,37.65869140625
2070732,29.541015625
2070760,31.005859375
2070786,38.87939453125
2070866,37.353515625
2070910,26.9775390625
2070980,30.82275390625
2071040,27.9541015625
2071138,27.52685546875
2071186,30.82275390625
2071258,27.03857421875
2071281,31.25
2071296,38.9404296875
2071328,37.04833984375
2071382,26.91650390625
2071441,27.587890625
2071474,31.1279296875
2071486,35.7666015625
2071541,40.10009765625
2071587,33.447265625
2071603,27.34375
2071623,36.376953125
2071641,38.0859375
2071672,29.052734375
2071684,30.45654296875
2071733,28.62548828125
2071756,34.0576171875
2071813,28.25927734375
2096872,34.1796875
2096888,42.3583984375
2096915,36.07177734375
2096932,74.21875
2096947,63.90380859375
2096971,32.53173828125
2096981,70.25146484375
2097003,27.28271484375
2097020,58.77685546875
2097048,48.76708984375
2097073,33.447265625
2097084,43.27392578125
2097105,47.607421875
2097123,44.37255859375
2097170,35.82763671875
2097203,34.66796875
2097285,27.03857421875
2097299,29.4189453125
2097378,34.66796875
2097489,35.2783203125
2097533,29.541015625
2097565,40.771484375
2097599,28.6865234375
2097623,27.40478515625
2097638,28.01513671875
2097727,28.38134765625
2097767,36.68212890625
2097778,31.73828125
2097826,28.38134765625
2097865,35.0341796875
2097955,27.64892578125
2097973,31.005859375
2098020,28.076171875
2098037,37.29248046875
2098063,35.82763671875
2098106,28.50341796875
2098130,26.91650390625
2098248,36.376953125
2098279,29.052734375
2098330,30.76171875
2162689,27.2216796875
2162705,39.00146484375
2162733,77.20947265625
2162752,80.6884765625
2162771,35.7666015625
2162786,68.42041015625
2162797,75.3173828125
2162822,41.8701171875
2162836,49.98779296875
2162875,45.95947265625
2162885,33.02001953125
2162924,44.0673828125
2162938,32.71484375
2162956,29.11376953125
2162979,28.4423828125
2163012,30.33447265625
2163040,29.1748046875
2163074,29.052734375
2163121,27.34375
2163166,35.21728515625
2163188,28.74755859375
2163251,31.494140625
2163280,34.5458984375
2163399,28.25927734375
2163434,30.09033203125
2163477,28.50341796875
2163554,32.04345703125
2163573,27.4658203125
2163607,34.85107421875
2163647,31.8603515625
2163669,42.3583984375
2163687,29.6630859375
2163848,27.83203125
2163862,36.865234375
2163898,28.9306640625
2163966,38.9404296875
2164020,32.5927734375
2164116,32.16552734375
2226958,32.470703125
2226968,46.08154296875
2226983,29.35791015625
2227003,29.6630859375
2227017,47.4853515625
2227044,51.57470703125
2227061,97.2900390625
2227077,36.2548828125
2227089,37.353515625
2227107,74.8291015625
2227123,36.43798828125
2227144,40.46630859375
2227166,29.9072265625
2227203,36.07177734375
2227215,27.40478515625
2227238,38.87939453125
2227266,29.11376953125
2227316,30.6396484375
2227341,30.1513671875
2227388,30.3955078125
2227407,29.296875
2227535,27.16064453125
2227595,28.076171875
2227727,27.28271484375
2227807,31.1279296875
2227847,31.73828125
2227919,28.62548828125
2227951,27.587890625
2227990,28.3203125
2228018,29.296875
2228114,27.099609375
2228147,29.4189453125
2228164,31.06689453125
2228195,28.1982421875
2228245,28.86962890625
2284121,27.52685546875
2284142,40.4052734375
2284169,40.6494140625
2284186,83.06884765625
2284201,64.75830078125
2284224,62.255859375
2284238,57.18994140625
2284266,44.921875
2284277,60.302734375
2284302,35.2783203125
2284320,38.9404296875
2284355,31.005859375
2284367,35.0341796875
2284389,28.564453125
2284413,35.15625
2284429,29.296875
2284446,31.18896484375
2284522,31.79931640625
2284597,28.01513671875
2284646,31.3720703125
2284686,26.9775390625
2284776,28.564453125
2284841,29.72412109375
2284871,30.8837890625
2284892,35.46142578125
2284910,28.4423828125
2284923,29.052734375
2285021,27.77099609375
2285047,27.89306640625
2285118,27.16064453125
2285149,28.38134765625
2285195,27.9541015625
2285282,32.89794921875
2285335,31.982421875
2285352,32.3486328125
2285376,32.89794921875
2285449,33.935546875
2285517,28.86962890625
2285599,38.9404296875
2285700,34.85107421875
2324021,36.07177734375
2324046,32.2265625
2324068,48.828125
2324081,63.232421875
2324093,55.23681640625
2324123,84.04541015625
2324153,49.560546875
2324177,50.47607421875
2324202,45.95947265625
2324235,28.86962890625
2324266,45.5322265625
2324287,31.73828125
2324310,31.18896484375
2324356,31.005859375
2324379,28.3203125
2324411,28.076171875
2324527,28.076171875
2324566,33.50830078125
2324585,43.15185546875
2324618,27.83203125
2324705,28.62548828125
2324771,28.9306640625
2324865,29.4189453125
2324901,27.28271484375
2324962,32.53173828125
2325014,28.9306640625
2325079,29.296875
2325169,32.16552734375
2325185,27.03857421875
2325216,31.1279296875
2325239,33.8134765625
2325275,27.77099609375
2325355,31.06689453125
2325388,30.09033203125
2325427,32.958984375
2406960,27.28271484375
2406984,45.41015625
2407010,71.2890625
2407029,33.5693359375
2407062,95.5810546875
2407073,59.26513671875
2407083,35.09521484375
2407106,45.0439453125
2407118,74.462890625
2407134,32.77587890625
2407148,45.34912109375
2407180,30.33447265625
2407210,28.50341796875
2407251,27.9541015625
2407368,30.8837890625
2407516,28.076171875
2407541,32.04345703125
2407619,32.71484375
2407744,31.005859375
2407811,29.4189453125
2407826,31.31103515625
2407927,27.34375
2408016,26.9775390625
2408070,28.01513671875
2408114,29.9072265625
2408161,33.99658203125
2408201,37.353515625
2408218,30.1513671875
2408338,34.48486328125
2499579,35.21728515625
2499599,46.32568359375
2499614,77.2705078125
2499642,44.00634765625
2499664,89.66064453125
2499680,32.5927734375
2499694,40.52734375
2499711,55.908203125
2499739,49.74365234375
2499772,29.1748046875
2499794,30.82275390625
2499813,29.1748046875
2499831,32.8369140625
2499855,39.794921875
2499918,30.09033203125
2499964,27.52685546875
2499974,34.66796875
2500173,28.1982421875
2500233,32.71484375
2500326,29.23583984375
2500379,31.92138671875
2500408,29.47998046875
2500418,34.60693359375
2500461,28.62548828125
2500492,28.38134765625
2500516,31.005859375
2500532,29.23583984375
2500574,33.3251953125
2500609,27.34375
2500620,34.48486328125
2500660,35.21728515625
2500733,32.470703125
2500749,30.3955078125
2500767,29.6630859375
2500785,28.99169921875
2500819,28.38134765625
2500849,27.587890625
2500868,33.69140625
2500985,28.80859375
2560775,27.34375
2560814,28.6865234375
2560843,51.8798828125
2560857,77.0263671875
2560870,99.67041015625
2560899,90.4541015625
2560923,34.3017578125
2560943,51.33056640625
2560954,46.32568359375
2560984,44.12841796875
2561004,32.958984375
2561021,30.21240234375
2561059,27.16064453125
2561136,27.89306640625
2561154,34.72900390625
2561179,28.1982421875
2561249,29.541015625
2561366,28.13720703125
2561465,27.03857421875
2561601,31.73828125
2561621,34.3017578125
2561659,34.60693359375
2561671,28.9306640625
2561739,27.099609375
2561861,30.57861328125
2561926,28.86962890625
2561976,29.11376953125
2561987,33.447265625
2562016,28.076171875
2562139,29.6630859375
2562154,27.28271484375
2562201,36.62109375
2625865,28.564453125
2625888,99.4873046875
2625905,80.56640625
2625924,56.33544921875
2625943,80.13916015625
2625969,61.58447265625
2625983,89.7216796875
2626023,56.45751953125
2626048,45.34912109375
2626067,46.81396484375
2626188,28.38134765625
2626264,33.63037109375
2626280,27.52685546875
2626500,27.4658203125
2626540,28.62548828125
2626593,27.89306640625
2626614,27.2216796875
2626644,34.0576171875
2626666,29.72412109375
2626776,27.64892578125
2626819,27.83203125
2626833,39.97802734375
2626871,27.7099609375
2626887,30.45654296875
2626922,28.50341796875
2626934,28.25927734375
2626968,35.58349609375
2626981,28.80859375
2627053,34.24072265625
2627102,33.14208984375
2627357,37.109375
2716157,36.865234375
2716210,34.85107421875
2716258,33.50830078125
2716272,31.3720703125
2716291,42.6025390625
2716310,40.771484375
2716325,74.8291015625
2716343,51.1474609375
2716359,38.51318359375
2716385,79.4677734375
2716401,57.18994140625
2716412,59.814453125
2716425,36.19384765625
2716437,52.24609375
2716465,40.10009765625
2716482,33.5693359375
2716497,30.2734375
2716515,29.296875
2716527,39.24560546875
2716545,27.587890625
2716597,31.06689453125
2716615,30.8837890625
2716660,36.68212890625
2716882,29.4189453125
2717088,35.82763671875
2717187,34.72900390625
2717231,27.40478515625
2717268,33.75244140625
2717345,31.06689453125
2717464,29.84619140625
2717669,27.03857421875
2819182,26.91650390625
2819216,32.65380859375
2819247,55.908203125
2819258,88.31787109375
2819281,58.59375
2819298,70.37353515625
2819308,49.9267578125
2819343,53.52783203125
2819378,35.5224609375
2819392,46.5087890625
2819421,34.3017578125
2819462,35.21728515625
2819513,29.541015625
2819540,27.40478515625
2819576,27.587890625
2819627,29.541015625
2819711,27.2216796875
2819771,27.28271484375
2819884,31.92138671875
2820010,33.02001953125
2820069,26.9775390625
2820087,44.86083984375
2820133,29.96826171875
2820184,35.7666015625
2820203,34.48486328125
2820228,35.33935546875
2820270,29.23583984375
2820298,30.6396484375
2820327,35.15625
2820342,29.541015625
2820362,31.67724609375
2820407,33.203125
2820435,28.01513671875
2820464,28.25927734375
2820537,31.25
2820577,28.25927734375
2820650,40.0390625
2908302,27.40478515625
2908317,30.1513671875
2908362,32.958984375
2908377,32.16552734375
2908396,27.40478515625
2908426,37.353515625
2908451,75.1953125
2908468,63.720703125
2908491,79.40673828125
2908506,48.2177734375
2908522,51.20849609375
2908535,53.22265625
2908567,46.7529296875
2908580,30.6396484375
2908603,29.35791015625
2908622,31.982421875
2908685,31.005859375
2908726,27.89306640625
2908750,27.52685546875
2908840,30.09033203125
2908885,26.9775390625
2908956,28.4423828125
2909009,29.78515625
2909083,27.34375
2909152,28.25927734375
2909215,29.23583984375
2909358,28.564453125
2909411,41.259765625
2909484,30.94482421875
2909509,29.052734375
2909522,31.31103515625
2909567,30.94482421875
2909614,27.28271484375
2909629,32.2265625
2909650,41.56494140625
2909728,29.052734375
2909810,33.99658203125
2910197,27.7099609375
2992709,28.86962890625
2992739,35.64453125
2992770,90.6982421875
2992783,53.1005859375
2992817,107.0556640625
2992841,46.56982421875
2992852,47.8515625
2992868,58.65478515625
2992892,41.3818359375
2992907,60.1806640625
2992930,33.447265625
2992942,27.03857421875
2992958,34.72900390625
2992980,33.75244140625
2993023,31.67724609375
2993077,30.029296875
2993101,38.330078125
2993241,27.099609375
2993273,30.1513671875
2993324,28.01513671875
2993503,27.34375
2993619,27.587890625
2993664,31.73828125
2993695,28.13720703125
2993723,32.28759765625
2993749,31.67724609375
2993769,28.01513671875
2993788,29.78515625
2993847,28.74755859375
2993875,31.1279296875
2993907,29.4189453125
2993924,32.3486328125
2993946,31.982421875
2993987,35.5224609375
2994015,27.52685546875
2994235,27.52685546875
3016658,30.8837890625
3016689,48.52294921875
3016708,94.7265625
3016726,65.00244140625
3016752,106.26220703125
3016766,64.208984375
3016792,64.94140625
3016806,84.716796875
3016835,47.8515625
3016850,49.01123046875
3016879,28.1982421875
3016917,35.400390625
3017033,29.96826171875
3017185,32.40966796875
3017248,34.97314453125
3017264,27.40478515625
3017430,27.587890625
3017517,30.82275390625
3017547,28.99169921875
3017565,36.07177734375
3017615,27.34375
3017695,30.76171875
3017734,34.24072265625
3017807,28.99169921875
3017842,28.25927734375
3017859,34.3017578125
3017905,38.330078125
3017941,40.46630859375
3017975,31.6162109375
3017992,26.9775390625
3140223,29.35791015625
3140268,30.1513671875
3140281,30.94482421875
3140315,37.65869140625
3140339,57.55615234375
3140362,74.951171875
3140384,63.96484375
3140405,92.8955078125
3140435,83.67919921875
3140457,53.16162109375
3140474,34.5458984375
3140501,52.91748046875
3140533,39.73388671875
3140569,29.60205078125
3140613,27.77099609375
3140628,27.03857421875
3140694,33.447265625
3140706,27.4658203125
3140757,28.74755859375
3140822,27.2216796875
3141102,36.43798828125
3141153,31.1279296875
3141197,31.8603515625
3141266,32.1044921875
3141330,27.099609375
3141377,29.35791015625
3141421,30.21240234375
3141448,28.564453125
3141466,31.18896484375
3141520,26.91650390625
3141568,28.62548828125
3141618,41.50390625
3155891,33.3251953125
3155925,28.564453125
3155957,35.400390625
3155978,110.04638671875
3155990,36.31591796875
3156019,73.486328125
3156029,116.943359375
3156061,74.52392578125
3156071,32.470703125
3156089,43.02978515625
3156112,31.1279296875
3156122,36.31591796875
3156160,30.21240234375
3156186,36.0107421875
3156215,32.65380859375
3156266,29.96826171875
3156277,36.2548828125
3156372,33.69140625
3156486,37.4755859375
3156507,32.04345703125
3156583,32.28759765625
3156620,27.40478515625
3156643,29.052734375
3156673,26.91650390625
3156712,27.40478515625
3156732,29.296875
3156743,31.92138671875
3156812,29.23583984375
3156835,30.45654296875
3156852,31.1279296875
3156871,34.24072265625
3156895,27.587890625
3156934,28.25927734375
3156948,27.34375
3157009,31.43310546875
3157033,33.38623046875
3157075,38.14697265625
3157137,33.99658203125
3157170,30.3955078125
3157195,32.8369140625
3157241,42.78564453125
3157308,27.40478515625
3206478,27.099609375
3206515,49.072265625
3206533,93.3837890625
3206544,51.3916015625
3206568,45.47119140625
3206583,67.07763671875
3206605,76.84326171875
3206629,77.81982421875
3206651,47.18017578125
3206671,40.58837890625
3206700,27.03857421875
3206719,36.1328125
3206753,41.07666015625
3206799,29.47998046875
3206853,30.45654296875
3206888,29.11376953125
3206971,30.09033203125
3207127,28.076171875
3207146,31.005859375
3207165,31.73828125
3207200,28.13720703125
3207232,28.9306640625
3207289,27.099609375
3207304,30.33447265625
3207342,40.71044921875
3207354,30.517578125
3207426,29.9072265625
3207444,37.7197265625
3207518,27.77099609375
3207530,29.23583984375
3207564,27.83203125
3207640,27.28271484375
3207660,34.66796875
3207679,30.3955078125
3207735,30.3955078125
3207766,27.77099609375
3207792,32.89794921875
3207876,33.8134765625
3208032,27.52685546875
3292480,28.86962890625
3292510,96.923828125
3292522,38.14697265625
3292543,52.55126953125
3292555,63.78173828125
3292573,55.2978515625
3292585,42.6025390625
3292605,48.2177734375
3292616,47.4853515625
3292641,38.02490234375
3292663,34.7900390625
3292698,31.8603515625
3292711,31.982421875
3292741,31.06689453125
3292816,30.94482421875
3293032,29.35791015625
3293064,32.16552734375
3293145,29.11376953125
3293164,27.099609375
3293251,31.982421875
3293279,32.16552734375
3293299,29.35791015625
3293379,27.77099609375
3293415,27.34375
3293464,29.11376953125
3293516,38.51318359375
3293529,37.109375
3293578,29.052734375
3293604,28.13720703125
3293656,27.89306640625
3293689,39.61181640625
3293753,54.6875
3293771,29.23583984375
3293814,29.35791015625
3312865,29.1748046875
3312884,26.91650390625
3312903,38.9404296875
3312920,63.5986328125
3312943,59.814453125
3312974,106.99462890625
3312987,42.8466796875
3313011,45.41015625
3313027,47.05810546875
3313044,44.921875
3313065,39.61181640625
3313091,35.09521484375
3313121,32.77587890625
3313148,28.62548828125
3313199,30.70068359375
3313261,28.74755859375
3313300,28.9306640625
3313349,28.564453125
3313395,29.23583984375
3313434,27.64892578125
3313518,30.09033203125
3313554,27.28271484375
3313570,29.052734375
3313689,34.72900390625
3313725,31.31103515625
3313783,38.330078125
3313821,33.447265625
3313898,28.80859375
3313915,28.86962890625
3313951,28.564453125
3313961,40.83251953125
3314100,43.212890625
3314114,31.18896484375
3314171,36.1328125
3314227,27.03857421875
3314278,27.89306640625
3376219,41.93115234375
3376251,74.52392578125
3376261,90.087890625
3376278,56.94580078125
3376302,79.04052734375
3376324,40.6494140625
3376349,45.0439453125
3376360,45.654296875
3376389,67.138671875
3376425,28.6865234375
3376477,29.35791015625
3376519,44.0673828125
3376560,37.353515625
3376603,30.3955078125
3376712,35.09521484375
3376740,28.74755859375
3376782,33.02001953125
3376800,30.6396484375
3376871,27.83203125
3376907,32.16552734375
3376920,28.50341796875
3376953,32.04345703125
3377019,32.5927734375
3377068,29.23583984375
3377092,32.2265625
3377130,26.9775390625
3377156,27.83203125
3377172,31.31103515625
3377223,30.33447265625
3377274,28.6865234375
3377292,32.04345703125
3377314,33.0810546875
3377338,33.02001953125
3377359,27.52685546875
3377383,29.35791015625
3377431,46.32568359375
3377454,34.72900390625
3377558,28.076171875
3377591,28.13720703125
3407050,34.3017578125
3407073,66.5283203125
3407085,87.46337890625
3407106,37.353515625
3407120,29.23583984375
3407134,92.95654296875
3407161,46.93603515625
3407179,65.0634765625
3407192,59.4482421875
3407222,46.2646484375
3407241,38.14697265625
3407269,34.36279296875
3407412,28.9306640625
3407442,29.1748046875
3407533,38.9404296875
3407586,32.470703125
3407718,32.958984375
3407729,28.38134765625
3407763,29.23583984375
3407847,33.203125
3407889,30.82275390625
3407969,29.6630859375
3408008,36.19384765625
3408074,30.6396484375
3408096,26.91650390625
3408129,34.60693359375
3408141,34.0576171875
3408173,28.4423828125
3408199,29.1748046875
3408257,34.5458984375
3408302,30.94482421875
3408312,29.11376953125
3408343,32.89794921875
3408366,28.9306640625
3408393,29.4189453125
3487280,30.09033203125
3487312,64.14794921875
3487323,62.01171875
3487337,40.4052734375
3487366,62.92724609375
3487392,64.39208984375
3487411,78.43017578125
3487424,53.1005859375
3487454,56.396484375
3487479,34.3017578125
3487491,27.16064453125
3487554,33.63037109375
3487567,37.90283203125
3487583,31.67724609375
3487597,28.62548828125
3487628,27.89306640625
3487691,26.91650390625
3487715,26.9775390625
3487759,31.18896484375
3488002,31.31103515625
3488069,28.6865234375
3488085,29.35791015625
3488127,31.005859375
3488144,34.912109375
3488183,26.91650390625
3488201,27.4658203125
3488306,30.3955078125
3488338,27.03857421875
3488363,31.005859375
3488387,27.099609375
3488444,30.6396484375
3488469,47.36328125
3488502,29.72412109375
3488551,27.7099609375
3488593,28.4423828125
3488611,27.77099609375
3488636,38.75732421875
3488805,27.34375
3488898,29.296875
3489005,32.04345703125
3580998,27.03857421875
3581027,84.5947265625
3581039,81.11572265625
3581067,58.837890625
3581080,67.3828125
3581107,43.45703125
3581117,71.59423828125
3581140,28.13720703125
3581157,59.63134765625
3581179,36.56005859375
3581196,31.55517578125
3581219,30.70068359375
3581262,35.2783203125
3581281,27.16064453125
3581356,32.1044921875
3581367,30.3955078125
3581640,28.80859375
3581724,27.77099609375
3581888,27.16064453125
3581917,37.90283203125
3581963,30.517578125
3582007,28.1982421875
3582051,27.89306640625
3582067,26.9775390625
3582157,32.16552734375
3582186,27.28271484375
3582247,27.40478515625
3582270,36.80419921875
3582285,40.0390625
3582329,29.1748046875
3582390,32.1044921875
3582430,34.3017578125
3603164,29.1748046875
3603190,28.564453125
3603207,47.66845703125
3603226,107.666015625
3603250,57.12890625
3603276,98.9990234375
3603301,54.38232421875
3603325,72.08251953125
3603352,52.001953125
3603369,47.42431640625
3603385,34.36279296875
3603399,33.38623046875
3603424,32.2265625
3603439,28.25927734375
3603462,32.8369140625
3603521,29.4189453125
3603564,28.38134765625
3603630,28.86962890625
3603654,31.79931640625
3603728,28.74755859375
3603756,35.7666015625
3603794,28.80859375
3603832,30.6396484375
3603880,35.888671875
3603899,32.3486328125
3603965,32.89794921875
3604017,41.50390625
3604046,27.52685546875
3604081,31.494140625
3604105,28.01513671875
3604164,27.099609375
3604180,31.1279296875
3604208,33.203125
3604239,27.28271484375
3604277,30.70068359375
3604368,35.5224609375
3604380,30.70068359375
3604429,32.8369140625
3604464,30.029296875
3604481,31.982421875
3604517,27.83203125
3745109,30.6396484375
3745134,31.18896484375
3745166,35.94970703125
3745188,28.4423828125
3745202,37.78076171875
3745224,80.6884765625
3745244,116.455078125
3745270,42.29736328125
3745280,49.13330078125
3745291,65.7958984375
3745313,54.0771484375
3745324,35.400390625
3745334,44.25048828125
3745367,29.84619140625
3745392,29.84619140625
3745406,35.09521484375
3745425,42.236328125
3745511,27.099609375
3745706,29.4189453125
3745722,30.45654296875
3745767,31.005859375
3745961,28.3203125
3746159,28.99169921875
3746256,28.564453125
3746357,32.2265625
3746399,33.447265625
3746444,28.80859375
3746478,27.587890625
3746507,45.71533203125
3746521,27.099609375
3746570,29.296875
3746609,28.3203125
3746661,27.587890625
3746694,27.587890625
3746875,27.40478515625
3776018,30.45654296875
3776036,33.447265625
3776053,99.79248046875
3776069,69.27490234375
3776083,39.73388671875
3776110,71.8994140625
3776125,40.71044921875
3776147,60.85205078125
3776163,35.82763671875
3776190,52.734375
3776216,40.71044921875
3776246,33.69140625
3776272,31.92138671875
3776307,27.52685546875
3776327,27.7099609375
3776370,28.62548828125
3776453,28.99169921875
3776723,30.029296875
3776794,28.3203125
3776836,34.11865234375
3776854,28.25927734375
3776891,28.25927734375
3776908,30.57861328125
3776928,27.34375
3776954,28.076171875
3776997,32.89794921875
3777040,30.94482421875
3777073,32.1044921875
3777140,28.1982421875
3777191,34.7900390625
3777330,40.34423828125
3834494,28.9306640625
3834519,29.9072265625
3834531,42.90771484375
3834559,75.50048828125
3834573,56.70166015625
3834588,41.44287109375
3834611,51.513671875
3834629,60.1806640625
3834647,71.22802734375
3834662,51.8798828125
3834692,52.490234375
3834718,49.62158203125
3834734,33.69140625
3834756,28.01513671875
3834781,28.99169921875
3834795,27.9541015625
3834809,34.36279296875
3834839,27.77099609375
3834868,31.67724609375
3834986,27.28271484375
3835117,28.9306640625
3835158,27.2216796875
3835190,27.099609375
3835294,34.3017578125
3835371,30.57861328125
3835400,29.72412109375
3835442,29.35791015625
3835467,29.23583984375
3835483,30.70068359375
3835564,30.517578125
3835584,34.423828125
3835622,27.89306640625
3835665,34.0576171875
3835717,49.31640625
3835871,37.59765625
3930113,31.06689453125
3930195,31.79931640625
3930237,30.82275390625
3930276,50.59814453125
3930294,58.04443359375
3930307,85.51025390625
3930327,61.09619140625
3930338,46.56982421875
3930370,55.6640625
3930390,46.7529296875
3930414,61.279296875
3930434,37.53662109375
3930456,30.57861328125
3930475,39.36767578125
3930499,36.376953125
3930523,28.38134765625
3930548,27.64892578125
3930827,27.16064453125
3930842,27.587890625
3931009,35.70556640625
3931123,28.13720703125
3931136,27.2216796875
3931182,34.36279296875
3931211,27.52685546875
3931235,27.52685546875
3931372,28.6865234375
3931463,28.13720703125
3931516,29.72412109375
3931547,31.92138671875
3931577,28.13720703125
3931599,33.203125
3954262,27.4658203125
3954289,37.841796875
3954319,66.0400390625
3954333,100.89111328125
3954359,74.8291015625
3954377,98.0224609375
3954398,68.4814453125
3954408,37.7197265625
3954423,60.48583984375
3954463,40.0390625
3954489,33.69140625
3954509,39.85595703125
3954566,49.62158203125
3954576,34.0576171875
3954593,27.34375
3954627,27.4658203125
3954661,28.9306640625
3954710,38.2080078125
3954759,27.77099609375
3954833,30.82275390625
3954899,28.86962890625
3954909,31.494140625
3954974,27.77099609375
3954985,30.94482421875
3955121,31.1279296875
3955142,34.5458984375
3955158,40.95458984375
3955274,28.50341796875
3955295,40.95458984375
3955327,28.01513671875
3955380,29.60205078125
3955411,30.82275390625
3955428,36.92626953125
3955460,26.9775390625
3955495,27.03857421875
3955572,32.28759765625
3955596,40.283203125
3955629,28.25927734375
3955714,28.4423828125
4056271,29.4189453125
4056307,30.82275390625
4056319,33.203125
4056341,36.19384765625
4056371,42.96875
4056391,35.46142578125
4056409,72.509765625
4056429,48.88916015625
4056449,112.548828125
4056467,48.33984375
4056498,70.3125
4056523,69.9462890625
4056554,47.42431640625
4056568,39.0625
4056598,28.564453125
4056684,42.6025390625
4056768,27.16064453125
4056820,28.25927734375
4056865,29.78515625
4057207,27.34375
4057239,28.99169921875
4057268,28.50341796875
4057282,31.494140625
4057317,29.35791015625
4057402,35.33935546875
4057433,27.40478515625
4057488,27.83203125
4057502,28.1982421875
4057557,33.3251953125
4057597,28.86962890625
4057619,28.6865234375
4057661,29.4189453125
4057768,41.8701171875
4057818,27.52685546875
4077879,26.9775390625
4077892,32.3486328125
4077922,32.958984375
4077950,102.9052734375
4077961,44.5556640625
4077976,42.54150390625
4077999,73.3642578125
4078021,62.07275390625
4078033,29.296875
4078046,78.67431640625
4078059,34.0576171875
4078088,75.13427734375
4078103,42.17529296875
4078126,32.40966796875
4078148,29.35791015625
4078184,29.60205078125
4078246,26.9775390625
4078325,34.60693359375
4078367,29.60205078125
4078392,33.3251953125
4078448,31.6162109375
4078514,30.82275390625
4078568,33.0810546875
4078600,27.587890625
4078626,50.1708984375
4078696,32.28759765625
4078745,29.78515625
4078847,30.57861328125
4078875,33.8134765625
4078938,35.46142578125
4078970,34.1796875
4078987,28.9306640625
4079031,27.7099609375
4079052,28.62548828125
4079099,46.38671875
4079180,30.76171875
4079257,30.2734375
4079275,31.43310546875
4194047,29.23583984375
4194069,88.134765625
4194081,97.16796875
4194111,51.81884765625
4194122,71.6552734375
4194137,40.83251953125
4194159,63.720703125
4194173,47.05810546875
4194190,28.38134765625
4194207,38.6962890625
4194232,48.095703125
4194265,43.9453125
4194281,27.4658203125
4194624,30.517578125
4194698,27.64892578125
4194741,29.4189453125
4194840,37.59765625
4194854,27.099609375
4194868,28.1982421875
4194903,33.0810546875
4194978,32.71484375
4195031,33.26416015625
4195041,40.58837890625
4195078,34.97314453125
4195179,34.60693359375
4195192,36.4990234375
4195217,27.34375
4195272,44.61669921875
4195307,37.9638671875
4195363,28.6865234375
4195426,33.8134765625
4195612,27.03857421875
4195773,29.4189453125
4195862,27.77099609375
4291003,41.015625
4291033,48.40087890625
4291045,45.10498046875
4291071,37.04833984375
4291082,58.16650390625
4291118,119.9951171875
4291132,54.74853515625
4291155,68.9697265625
4291172,88.80615234375
4291188,63.96484375
4291200,58.837890625
4291228,30.6396484375
4291248,31.982421875
4291262,32.77587890625
4291282,32.3486328125
4291298,28.74755859375
4291384,30.517578125
4291408,27.64892578125
4291559,27.28271484375
4291723,33.203125
4291836,26.9775390625
4291921,26.91650390625
4291984,28.564453125
4292041,28.1982421875
4292083,28.01513671875
4292202,27.16064453125
4292236,33.8134765625
4292293,29.11376953125
4292319,35.64453125
4292338,28.80859375
4292414,30.21240234375
4292488,27.03857421875
4292617,27.52685546875
4292840,27.587890625
4293032,27.2216796875
4312770,27.34375
4312786,36.56005859375
4312813,45.71533203125
4312829,87.158203125
4312853,90.14892578125
4312880,125.48828125
4312891,61.09619140625
4312915,56.396484375
4312930,62.3779296875
4312948,50.96435546875
4312983,47.36328125
4313002,44.43359375
4313020,38.63525390625
4313056,38.818359375
4313071,29.47998046875
4313087,45.654296875
4313097,28.3203125
4313145,27.16064453125
4313165,29.60205078125
4313338,28.74755859375
4313456,29.296875
4313491,30.6396484375
4313588,27.03857421875
4313605,29.11376953125
4313628,29.23583984375
4313679,27.099609375
4313800,27.7099609375
4313834,27.03857421875
4313886,37.2314453125
4313965,28.4423828125
4314032,30.82275390625
4314062,31.494140625
4314075,29.35791015625
4314165,35.5224609375
4410731,28.3203125
4410742,28.13720703125
4410777,28.99169921875
4410790,69.64111328125
4410805,57.2509765625
4410828,28.6865234375
4410846,31.92138671875
4410865,104.3701171875
4410877,76.2939453125
4410889,33.5693359375
4410904,85.693359375
4410932,44.86083984375
4410947,51.69677734375
4410980,51.20849609375
4410990,57.18994140625
4411016,30.70068359375
4411051,32.71484375
4411106,32.5927734375
4411226,30.6396484375
4411348,27.03857421875
4411362,27.2216796875
4411435,28.38134765625
4411531,29.6630859375
4411599,32.65380859375
4411616,33.203125
4411782,36.0107421875
4411829,36.0107421875
4411847,31.31103515625
4411890,35.5224609375
4411911,40.771484375
4411922,40.58837890625
4411955,28.4423828125
4411988,29.72412109375
4412056,40.58837890625
4412163,29.541015625
4412238,27.28271484375
4412428,30.2734375
4441940,41.748046875
4441955,41.56494140625
4441966,103.08837890625
4441980,82.8857421875
4442019,92.46826171875
4442031,104.98046875
4442041,62.19482421875
4442065,65.73486328125
4442080,36.7431640625
4442097,36.7431640625
4442119,34.97314453125
4442143,27.16064453125
4442154,27.587890625
4442224,27.64892578125
4442275,30.94482421875
4442306,34.24072265625
4442335,31.25
4442495,27.28271484375
4442510,30.6396484375
4442536,30.76171875
4442586,32.40966796875
4442624,31.6162109375
4442665,28.4423828125
4442707,38.0859375
4442784,28.13720703125
4442846,27.9541015625
4442958,29.84619140625
4443055,36.4990234375
4443146,28.564453125
4443172,36.9873046875
4443242,28.38134765625
4443265,27.03857421875
4443383,29.9072265625
4443502,29.72412109375
4497956,33.69140625
4497988,93.93310546875
4498001,59.63134765625
4498039,72.6318359375
4498051,82.8857421875
4498063,46.875
4498085,94.23828125
4498121,33.14208984375
4498135,27.28271484375
4498148,28.564453125
4498190,33.14208984375
4498218,30.45654296875
4498247,30.21240234375
4498280,29.1748046875
4498304,44.921875
4498414,27.40478515625
4498469,35.46142578125
4498590,31.79931640625
4498617,33.0810546875
4498729,32.28759765625
4498797,27.4658203125
4498854,28.13720703125
4498917,32.958984375
4498985,32.8369140625
4499052,27.099609375
4499073,26.91650390625
4499111,34.1796875
4499188,43.701171875
4499239,36.68212890625
4499276,31.8603515625
4614977,29.6630859375
4615026,32.04345703125
4615057,36.62109375
4615076,33.3251953125
4615090,30.57861328125
4615120,90.087890625
4615156,62.80517578125
4615173,50.29296875
4615196,39.00146484375
4615206,35.21728515625
4615226,54.62646484375
4615256,54.0771484375
4615267,29.11376953125
4615298,32.5927734375
4615321,26.91650390625
4615385,29.35791015625
4615465,28.38134765625
4615504,28.74755859375
4615629,27.2216796875
4615724,26.91650390625
4615763,28.9306640625
4615801,27.7099609375
4615829,30.517578125
4615876,27.64892578125
4615918,27.28271484375
4615938,27.28271484375
4616075,28.86962890625
4616130,32.8369140625
4616212,27.7099609375
4616282,33.99658203125
4616316,29.23583984375
4616446,34.85107421875
4666345,28.076171875
4666364,29.9072265625
4666377,33.447265625
4666400,103.02734375
4666416,108.33740234375
4666449,77.94189453125
4666459,85.02197265625
4666474,49.560546875
4666491,52.55126953125
4666519,40.34423828125
4666538,53.7109375
4666566,37.109375
4666582,39.306640625
4666595,31.1279296875
4666635,38.02490234375
4666726,28.4423828125
4667089,28.6865234375
4667138,32.470703125
4667170,32.04345703125
4667192,27.587890625
4667259,28.4423828125
4667284,30.2734375
4667334,37.41455078125
4667374,31.982421875
4667390,35.70556640625
4667401,41.93115234375
4667452,27.89306640625
4667482,32.65380859375
4667503,27.89306640625
4667532,34.3017578125
4667604,29.60205078125
4667650,44.61669921875
4667669,32.89794921875
4667708,34.36279296875
4776349,26.9775390625
4776392,31.25
4776407,34.1796875
4776417,36.7431640625
4776434,31.494140625
4776445,42.724609375
4776462,70.9228515625
4776482,120.7275390625
4776496,56.09130859375
4776528,68.17626953125
4776540,77.81982421875
4776557,52.1240234375
4776568,39.6728515625
4776597,55.72509765625
4776610,43.64013671875
4776620,40.1611328125
4776651,38.2080078125
4776674,30.1513671875
4776693,26.9775390625
4776796,32.04345703125
4776832,29.72412109375
4776892,32.3486328125
4777066,38.51318359375
4777116,38.57421875
4777189,28.1982421875
4777250,30.33447265625
4777266,29.60205078125
4777330,34.66796875
4777354,41.015625
4777379,27.9541015625
4777444,32.2265625
4777504,40.58837890625
4777518,31.005859375
4777534,27.34375
4777661,31.18896484375
4777687,29.78515625
4777834,27.34375
4777902,35.64453125
