4799001,0
16820,35.21728515625
21460,39.24560546875
22781,37.04833984375
23836,35.888671875
24080,47.4853515625
24359,35.33935546875
24705,39.73388671875
43399,37.53662109375
45128,38.87939453125
51063,37.9638671875
56081,40.283203125
58129,37.90283203125
58715,37.65869140625
58797,34.5458984375
59394,39.9169921875
59632,37.109375
59780,37.4755859375
59990,37.90283203125
60065,38.75732421875
60123,35.64453125
60217,37.17041015625
60491,35.21728515625
60611,41.07666015625
82324,46.9970703125
85203,37.17041015625
85643,42.29736328125
86258,36.68212890625
86515,35.09521484375
86553,49.8046875
86692,40.46630859375
86722,35.09521484375
87124,36.7431640625
87201,42.78564453125
87248,41.07666015625
106705,43.9453125
112243,35.94970703125
115485,41.68701171875
118163,45.0439453125
118858,43.0908203125
118879,46.20361328125
119161,35.21728515625
119449,39.24560546875
119470,42.6025390625
119509,40.83251953125
119642,35.0341796875
119718,35.7666015625
140291,44.5556640625
140930,36.19384765625
141272,34.72900390625
141770,38.4521484375
150708,41.1376953125
153241,37.9638671875
155383,35.64453125
155511,36.68212890625
157716,40.10009765625
158051,42.29736328125
159369,38.2080078125
159652,46.44775390625
160009,36.56005859375
160856,37.109375
162356,35.94970703125
162837,36.92626953125
163870,35.64453125
165301,36.19384765625
174441,36.56005859375
178126,43.51806640625
178392,35.33935546875
178588,35.09521484375
179070,48.583984375
180867,36.43798828125
189111,35.70556640625
193749,35.15625
194195,35.09521484375
194421,36.62109375
194464,40.95458984375
194550,36.56005859375
194807,36.07177734375
194884,38.57421875
195105,35.7666015625
195240,39.9169921875
212554,39.6728515625
214428,43.51806640625
215237,36.376953125
215553,46.9970703125
216116,35.46142578125
216993,35.58349609375
224114,37.29248046875
227529,36.92626953125
229644,37.109375
229951,38.6962890625
233009,39.1845703125
235406,36.07177734375
239984,37.41455078125
240426,35.70556640625
240993,45.7763671875
241071,53.7109375
241181,37.841796875
241276,38.9404296875
241363,34.5458984375
241457,37.841796875
241558,43.88427734375
241583,41.6259765625
241699,35.0341796875
241716,35.33935546875
242277,42.29736328125
258801,44.5556640625
259453,40.1611328125
259953,40.46630859375
259988,38.9404296875
260167,36.31591796875
260416,35.94970703125
260484,41.50390625
260810,43.8232421875
261027,43.3349609375
261141,36.07177734375
269885,44.98291015625
274593,40.83251953125
278072,36.2548828125
278379,36.07177734375
278814,34.72900390625
278897,39.794921875
278947,48.03466796875
279086,50.47607421875
279221,37.04833984375
279267,36.43798828125
279427,40.4052734375
279608,36.43798828125
279797,41.93115234375
280808,35.09521484375
294539,39.794921875
298200,35.7666015625
300168,40.771484375
301783,36.62109375
305181,36.68212890625
309756,39.73388671875
310404,39.55078125
310691,42.90771484375
311026,39.61181640625
311170,35.0341796875
311210,40.6494140625
311270,37.53662109375
311635,34.60693359375
329099,39.55078125
329796,41.259765625
330187,35.0341796875
330351,35.46142578125
330376,38.330078125
330760,55.23681640625
330909,37.7197265625
330974,34.7900390625
331518,35.0341796875
331694,39.73388671875
349316,48.40087890625
350582,46.38671875
351054,49.072265625
351153,37.53662109375
351258,45.166015625
351337,39.48974609375
351366,38.6962890625
351687,37.53662109375
374805,38.02490234375
377655,40.771484375
377841,42.6025390625
378375,37.841796875
378813,34.60693359375
378831,39.1845703125
378918,37.109375
379010,37.78076171875
379116,35.33935546875
379268,40.8935546875
379479,37.29248046875
379553,34.85107421875
397836,39.9169921875
398447,38.14697265625
398721,37.59765625
398755,36.865234375
398943,41.015625
399256,49.86572265625
399312,34.97314453125
399458,41.93115234375
399533,40.1611328125
399768,36.80419921875
399922,39.9169921875
418635,36.31591796875
422234,51.69677734375
423341,35.82763671875
423383,38.51318359375
423432,38.63525390625
423602,36.2548828125
423697,40.0390625
423797,41.50390625
423997,40.46630859375
424024,47.79052734375
424035,34.97314453125
424319,37.59765625
424401,35.7666015625
424522,40.8935546875
444381,42.8466796875
450347,39.794921875
453767,45.71533203125
455353,37.7197265625
455494,44.3115234375
455977,38.57421875
456043,36.43798828125
456125,36.80419921875
456304,46.20361328125
456345,37.29248046875
456466,59.38720703125
456513,35.0341796875
456526,38.6962890625
456556,36.31591796875
456653,41.19873046875
456694,40.52734375
476996,46.08154296875
477891,40.771484375
478120,53.8330078125
478204,45.0439453125
478505,45.47119140625
478543,40.46630859375
478591,34.60693359375
478679,47.66845703125
478848,39.97802734375
478992,34.912109375
480696,35.0341796875
500921,41.6259765625
503884,36.56005859375
505758,41.3818359375
505792,42.3583984375
506274,35.46142578125
506304,40.283203125
506638,41.19873046875
506840,34.85107421875
526344,39.00146484375
527087,34.912109375
527485,41.68701171875
527636,48.2177734375
533827,40.1611328125
536822,42.724609375
541204,36.376953125
541745,38.6962890625
542515,37.4755859375
542574,39.61181640625
543071,39.61181640625
543231,40.6494140625
543368,34.5458984375
543388,48.7060546875
543481,39.24560546875
543561,35.888671875
543687,37.04833984375
543717,37.109375
567383,44.73876953125
569349,40.771484375
569963,35.400390625
570047,38.0859375
570131,41.8701171875
570427,68.17626953125
570615,35.2783203125
570711,35.7666015625
570875,37.65869140625
591044,40.6494140625
597939,37.41455078125
602125,37.109375
602803,35.09521484375
603799,43.3349609375
603915,40.71044921875
604118,35.888671875
604319,46.69189453125
604330,40.46630859375
604502,35.888671875
604568,40.34423828125
604604,40.22216796875
604645,48.64501953125
604911,34.66796875
605041,40.283203125
625567,40.771484375
625931,38.4521484375
626420,40.22216796875
626570,38.330078125
626831,39.306640625
626857,40.34423828125
627149,35.64453125
627240,47.54638671875
627403,37.78076171875
627883,45.10498046875
648810,37.04833984375
651868,41.6259765625
654139,46.5087890625
654274,35.400390625
654606,39.1845703125
654808,35.82763671875
654846,36.43798828125
654865,44.677734375
655033,58.77685546875
655092,34.97314453125
655219,38.4521484375
655281,40.34423828125
655489,36.1328125
675040,38.2080078125
675725,37.59765625
676084,37.65869140625
676185,44.37255859375
677027,36.62109375
686269,35.888671875
689680,38.39111328125
692119,41.259765625
692846,38.39111328125
692896,60.546875
692992,43.27392578125
693216,38.57421875
693238,38.14697265625
693299,45.47119140625
693477,41.015625
693609,36.31591796875
715850,35.5224609375
719922,46.5087890625
723627,44.5556640625
725282,41.3818359375
725558,40.46630859375
725962,37.2314453125
726026,37.17041015625
726058,34.72900390625
726152,40.46630859375
726213,39.36767578125
726340,35.58349609375
726479,37.2314453125
726553,39.12353515625
726663,37.353515625
726714,34.7900390625
726964,37.59765625
727294,34.60693359375
747467,36.68212890625
750437,39.48974609375
755928,35.7666015625
758941,39.24560546875
759966,37.353515625
760408,43.701171875
760495,35.58349609375
760714,49.25537109375
760833,37.78076171875
760924,37.17041015625
760991,34.97314453125
761015,38.0859375
761374,40.0390625
761409,38.330078125
761634,44.25048828125
783407,38.87939453125
783455,35.21728515625
783788,44.0673828125
784061,36.376953125
784339,44.98291015625
784401,42.29736328125
786539,35.2783203125
798902,39.306640625
800333,34.912109375
801839,39.97802734375
802876,39.85595703125
804890,39.24560546875
809549,41.56494140625
809577,39.306640625
811470,38.14697265625
811772,56.396484375
812121,35.46142578125
812227,36.56005859375
812293,40.58837890625
812433,34.7900390625
812511,49.13330078125
812651,36.68212890625
812922,38.4521484375
813229,35.94970703125
831495,36.19384765625
833139,34.60693359375
833440,34.66796875
833687,43.8232421875
833951,43.15185546875
834275,35.15625
834835,40.8935546875
836644,38.4521484375
847316,40.10009765625
850132,39.73388671875
852103,42.724609375
859808,35.5224609375
860761,45.22705078125
861739,41.1376953125
862670,35.58349609375
862800,35.58349609375
862961,37.29248046875
863096,48.828125
863292,34.60693359375
863596,40.58837890625
863808,36.80419921875
864019,37.41455078125
879505,41.6259765625
882381,39.48974609375
882616,42.3583984375
882671,38.818359375
882749,40.46630859375
883078,40.58837890625
883145,40.95458984375
883465,43.02978515625
883633,34.7900390625
883655,34.97314453125
883762,48.03466796875
884089,35.0341796875
884261,35.2783203125
897978,44.0673828125
903719,39.1845703125
904795,38.26904296875
905265,39.48974609375
911162,38.87939453125
911828,35.70556640625
913980,35.2783203125
915333,35.888671875
916206,39.73388671875
916536,34.66796875
916908,38.87939453125
917145,41.259765625
917255,44.921875
917665,36.19384765625
917697,36.9873046875
917878,37.9638671875
917980,37.90283203125
918674,39.1845703125
930652,39.48974609375
932640,45.34912109375
935956,36.2548828125
937359,49.74365234375
937591,49.74365234375
938165,41.259765625
938220,39.97802734375
938319,36.31591796875
938533,36.19384765625
938888,43.76220703125
939134,39.36767578125
939828,40.95458984375
940336,36.4990234375
955595,35.64453125
959232,42.3583984375
962544,35.2783203125
963473,37.2314453125
963548,38.63525390625
964186,44.86083984375
964543,44.73876953125
964568,43.51806640625
964906,37.109375
965150,42.78564453125
965612,37.41455078125
965852,38.26904296875
982244,38.57421875
982953,38.02490234375
982974,40.771484375
983026,41.19873046875
983201,42.3583984375
983340,37.53662109375
983437,35.46142578125
983454,35.7666015625
983579,41.748046875
983684,37.90283203125
983757,51.513671875
983837,38.0859375
983948,37.353515625
984064,35.58349609375
984106,37.59765625
1001763,38.0859375
1002633,45.654296875
1002729,39.306640625
1002819,38.9404296875
1003212,44.49462890625
1003257,40.6494140625
1003548,35.888671875
1003627,35.15625
1024256,40.0390625
1028619,35.58349609375
1029664,43.45703125
1029776,41.80908203125
1029882,39.0625
1029953,44.0673828125
1030034,40.8935546875
1030206,35.888671875
1030243,36.56005859375
1030312,36.865234375
1030598,40.10009765625
1030633,35.58349609375
1049068,36.7431640625
1050641,35.400390625
1050671,40.771484375
1051031,36.7431640625
1051347,47.119140625
1051423,45.8984375
1051643,37.4755859375
1051712,36.0107421875
1051812,38.02490234375
1051847,40.1611328125
1051880,39.1845703125
1052121,57.861328125
1052371,37.29248046875
1072745,39.85595703125
1075363,37.04833984375
1077801,40.95458984375
1077900,39.97802734375
1078166,41.259765625
1078203,38.6962890625
1078249,42.96875
1078343,36.9873046875
1078536,69.4580078125
1078794,45.0439453125
1078836,44.5556640625
1098481,45.95947265625
1099232,37.2314453125
1099314,39.12353515625
1099475,48.52294921875
1099527,42.8466796875
1099627,42.41943359375
1099803,47.66845703125
1100009,36.80419921875
1100080,35.400390625
1100339,41.19873046875
1101963,35.46142578125
1122566,35.09521484375
1126822,38.39111328125
1127681,51.94091796875
1127923,41.259765625
1127938,35.46142578125
1128175,47.79052734375
1128277,38.4521484375
1128446,40.52734375
1128458,38.26904296875
1148008,38.02490234375
1149226,37.841796875
1150279,38.75732421875
1164176,36.31591796875
1164421,39.0625
1165647,36.865234375
1165700,39.0625
1165776,34.60693359375
1166037,41.68701171875
1166121,37.841796875
1166242,62.98828125
1166310,39.73388671875
1166387,38.39111328125
1166408,35.33935546875
1166538,39.4287109375
1166654,37.04833984375
1190287,34.7900390625
1192679,36.4990234375
1196905,44.43359375
1198323,50.4150390625
1198484,35.5224609375
1198582,37.53662109375
1198616,46.9970703125
1198698,49.98779296875
1198789,39.73388671875
1198844,38.818359375
1219800,47.91259765625
1220194,37.4755859375
1220460,38.63525390625
1220521,58.16650390625
1220559,36.376953125
1220767,35.09521484375
1220802,41.56494140625
1220964,38.26904296875
1221283,38.63525390625
1243566,41.80908203125
1248649,36.31591796875
1249618,41.44287109375
1249807,39.48974609375
1249926,35.94970703125
1249957,36.92626953125
1250253,37.41455078125
1250284,34.912109375
1250349,37.53662109375
1250444,35.888671875
1250547,42.66357421875
1250607,44.25048828125
1269518,39.61181640625
1272787,40.1611328125
1272934,44.86083984375
1273110,38.9404296875
1279767,37.4755859375
1283496,39.306640625
1285806,44.98291015625
1287912,37.17041015625
1288070,35.888671875
1288374,40.34423828125
1288679,38.75732421875
1288837,50.4150390625
1288876,43.0908203125
1289032,41.015625
1289324,48.095703125
1312400,43.212890625
1317460,45.22705078125
1318641,34.60693359375
1319447,37.65869140625
1319705,38.87939453125
1319934,49.98779296875
1320378,43.51806640625
1320458,41.6259765625
1320536,41.32080078125
1320703,36.376953125
1320742,36.2548828125
1339824,45.71533203125
1340986,36.56005859375
1341045,34.5458984375
1341069,35.33935546875
1341611,53.40576171875
1341705,38.330078125
1341866,46.9970703125
1341949,37.353515625
1341981,36.31591796875
1342009,38.818359375
1342622,43.8232421875
1343701,34.5458984375
1355421,44.00634765625
1359643,35.21728515625
1362490,37.17041015625
1363444,41.80908203125
1363531,41.3818359375
1363922,34.72900390625
1363944,39.73388671875
1364098,42.66357421875
1364156,37.841796875
1364438,40.52734375
1364516,37.353515625
1364541,37.109375
1364649,36.62109375
1364716,39.306640625
1364804,37.17041015625
1391551,39.4287109375
1393784,40.71044921875
1394299,35.70556640625
1394415,38.6962890625
1394699,43.9453125
1394986,34.60693359375
1395176,51.26953125
1395197,36.80419921875
1395207,42.3583984375
1395348,36.376953125
1395436,37.53662109375
1395553,40.283203125
1395620,35.70556640625
1395698,44.12841796875
1396037,41.3818359375
1396402,35.33935546875
1416977,36.07177734375
1417634,44.49462890625
1417650,35.58349609375
1417731,37.90283203125
1417900,40.95458984375
1418107,46.08154296875
1418430,48.27880859375
1418930,36.80419921875
1419056,41.44287109375
1419354,34.97314453125
1419475,37.90283203125
1442582,35.64453125
1444588,36.62109375
1444860,36.4990234375
1445426,40.71044921875
1445507,52.30712890625
1445547,35.15625
1445788,39.55078125
1445880,35.21728515625
1445957,39.1845703125
1446035,45.5322265625
1446160,35.58349609375
1464986,36.80419921875
1473378,45.41015625
1477192,44.73876953125
1478659,37.53662109375
1478827,36.43798828125
1478889,44.677734375
1478960,46.20361328125
1479085,36.4990234375
1479124,37.353515625
1479148,45.10498046875
1479192,46.44775390625
1479293,39.12353515625
1479738,40.10009765625
1479950,38.51318359375
1500498,36.7431640625
1501695,36.376953125
1501708,46.69189453125
1513998,46.142578125
1518509,41.015625
1522662,36.68212890625
1523500,39.6728515625
1525006,38.87939453125
1525556,44.921875
1525578,39.1845703125
1525808,51.81884765625
1525869,46.08154296875
1526000,38.14697265625
1526018,38.2080078125
1526254,51.94091796875
1526432,38.330078125
1526618,35.15625
1526863,37.04833984375
1546047,36.56005859375
1547753,39.6728515625
1559115,40.8935546875
1562914,44.7998046875
1563248,34.66796875
1564524,38.02490234375
1564620,35.2783203125
1564815,36.56005859375
1564926,35.70556640625
1564979,36.56005859375
1565066,43.15185546875
1565285,40.10009765625
1565473,35.94970703125
1565650,36.07177734375
1566017,34.7900390625
1585221,35.5224609375
1590535,43.5791015625
1599018,44.61669921875
1599451,38.51318359375
1599772,51.08642578125
1599927,43.88427734375
1599962,42.96875
1600011,39.48974609375
1600082,45.0439453125
1600171,41.68701171875
1600293,44.86083984375
1600464,52.55126953125
1600793,44.49462890625
1600898,40.52734375
1622286,42.78564453125
1623958,38.2080078125
1632401,35.2783203125
1635707,36.9873046875
1638273,41.015625
1640538,36.0107421875
1644659,40.71044921875
1646146,37.29248046875
1646302,42.96875
1646563,49.8046875
1646722,46.0205078125
1646816,36.56005859375
1646979,34.60693359375
1647199,35.94970703125
1647331,47.9736328125
1647611,37.353515625
1647685,38.26904296875
1665918,49.25537109375
1666066,35.15625
1666347,41.93115234375
1666519,55.2978515625
1666664,39.48974609375
1666696,35.58349609375
1666742,45.22705078125
1666786,36.0107421875
1666807,43.15185546875
1666985,37.9638671875
1667015,45.8984375
1667230,38.330078125
1667241,44.43359375
1667656,44.37255859375
1668139,38.9404296875
1668881,38.14697265625
1687021,46.32568359375
1689454,42.90771484375
1691296,34.5458984375
1692220,37.7197265625
1692241,41.07666015625
1692908,41.259765625
1692972,45.2880859375
1693224,34.7900390625
1693399,40.0390625
1693433,45.41015625
1693608,42.8466796875
1693683,36.68212890625
1693741,38.2080078125
1693980,35.70556640625
1713297,37.353515625
1713337,39.0625
1713690,35.7666015625
1713770,40.71044921875
1714080,54.62646484375
1714138,45.5322265625
1714201,37.41455078125
1714883,36.68212890625
1715248,37.2314453125
1715649,35.94970703125
1732686,36.0107421875
1737870,42.8466796875
1739886,38.26904296875
1739910,35.70556640625
1740224,38.57421875
1740272,41.1376953125
1740553,41.44287109375
1740636,41.68701171875
1740731,43.9453125
1740782,35.09521484375
1740803,36.56005859375
1740847,47.4853515625
1741107,35.888671875
1760606,37.59765625
1761098,41.19873046875
1761780,36.56005859375
1761814,35.0341796875
1762125,42.724609375
1762465,35.7666015625
1762571,72.69287109375
1763153,39.1845703125
1763442,38.26904296875
1764187,35.15625
1775833,39.97802734375
1781780,35.46142578125
1783677,47.42431640625
1784034,39.00146484375
1784336,39.9169921875
1784393,48.828125
1784574,38.2080078125
1784640,34.72900390625
1784868,36.68212890625
1784890,34.7900390625
1785010,41.68701171875
1785179,44.921875
1785335,37.17041015625
1815306,38.0859375
1816609,42.236328125
1817078,43.02978515625
1817805,44.0673828125
1817995,35.94970703125
1818046,35.0341796875
1818056,48.2177734375
1818126,34.66796875
1818204,36.07177734375
1818230,42.17529296875
1818330,55.5419921875
1818383,40.22216796875
1818424,45.7763671875
1818569,44.37255859375
1818706,38.0859375
1839271,36.865234375
1840181,41.259765625
1840333,38.87939453125
1840397,38.26904296875
1840635,36.1328125
1840901,35.33935546875
1840919,47.54638671875
1840983,35.0341796875
1841088,36.0107421875
1841269,37.53662109375
1841279,43.76220703125
1841338,41.93115234375
1841567,41.19873046875
1862559,37.78076171875
1867523,39.73388671875
1869905,44.5556640625
1870274,35.5224609375
1870390,43.8232421875
1870490,50.537109375
1870540,37.7197265625
1870571,40.52734375
1870598,40.95458984375
1870785,34.912109375
1871159,40.10009765625
1892980,35.58349609375
1900611,42.54150390625
1902991,35.21728515625
1904310,36.07177734375
1904514,39.6728515625
1904692,34.97314453125
1904902,36.0107421875
1905115,42.66357421875
1905212,45.0439453125
1905370,41.015625
1926161,36.43798828125
1927404,41.6259765625
1927684,40.10009765625
1927699,41.56494140625
1927944,34.5458984375
1928110,44.677734375
1928148,36.68212890625
1928286,39.48974609375
1928324,36.68212890625
1928397,38.2080078125
1928506,38.57421875
1928531,39.794921875
1928569,35.15625
1928713,37.04833984375
1928794,50.59814453125
1928835,34.66796875
1929157,37.04833984375
1929484,36.865234375
1953292,39.97802734375
1955269,51.81884765625
1955387,45.8984375
1955782,38.0859375
1955798,40.71044921875
1955884,36.19384765625
1956174,37.841796875
1956234,41.44287109375
1956325,35.5224609375
1956560,41.748046875
1978148,36.4990234375
1988191,37.78076171875
1990494,40.0390625
1991861,35.888671875
1992467,47.9736328125
1992540,43.27392578125
1992675,42.90771484375
1992769,35.64453125
1992838,37.353515625
1992988,44.37255859375
1993048,38.39111328125
1993151,43.76220703125
2015262,34.60693359375
2016258,40.83251953125
2016385,43.39599609375
2016663,39.794921875
2016832,49.4384765625
2017115,41.32080078125
2017274,46.81396484375
2017395,48.76708984375
2017627,35.82763671875
2017870,45.41015625
2017908,41.50390625
2018116,47.42431640625
2018279,35.82763671875
2018322,35.46142578125
2018680,34.5458984375
2019103,35.15625
2044475,36.7431640625
2047130,40.58837890625
2048353,45.71533203125
2048404,38.75732421875
2048465,35.46142578125
2048569,38.0859375
2048648,44.3115234375
2048916,40.4052734375
2048926,55.23681640625
2049207,35.70556640625
2049288,38.4521484375
2070094,43.8232421875
2071271,34.97314453125
2071406,35.15625
2071434,45.22705078125
2072205,36.865234375
2072679,39.24560546875
2086605,36.43798828125
2089782,35.94970703125
2089900,38.63525390625
2090584,41.19873046875
2090828,37.17041015625
2090848,37.4755859375
2090930,40.46630859375
2091082,51.81884765625
2091283,38.75732421875
2091363,41.32080078125
2091616,43.212890625
2118923,41.44287109375
2120471,42.17529296875
2120508,48.9501953125
2120820,37.9638671875
2120952,37.29248046875
2121181,37.04833984375
2121203,39.12353515625
2121219,41.68701171875
2121243,35.94970703125
2121494,35.0341796875
2121611,38.2080078125
2121656,39.85595703125
2121775,36.865234375
2122048,35.0341796875
2141552,39.97802734375
2143330,45.10498046875
2143860,45.34912109375
2144615,38.26904296875
2151937,38.4521484375
2158252,35.58349609375
2161376,38.2080078125
2161477,44.49462890625
2165539,42.17529296875
2170939,37.53662109375
2171026,36.68212890625
2172125,40.71044921875
2172142,36.1328125
2172393,43.15185546875
2172670,49.25537109375
2172741,37.841796875
2172878,38.2080078125
2173080,40.8935546875
2173139,39.6728515625
2173334,39.00146484375
2191927,41.6259765625
2193323,40.52734375
2193421,35.2783203125
2193853,36.62109375
2194066,43.9453125
2194169,42.6025390625
2194423,42.236328125
2194459,36.865234375
2194469,39.1845703125
2194770,41.93115234375
2194869,41.32080078125
2195208,41.93115234375
2195618,34.85107421875
2208883,39.12353515625
2213673,38.818359375
2217937,36.1328125
2220472,37.78076171875
2221296,39.73388671875
2222783,37.2314453125
2222911,47.4853515625
2223159,42.6025390625
2223341,46.32568359375
2223400,40.58837890625
2223525,39.55078125
2223561,40.22216796875
2223687,51.6357421875
2223798,36.376953125
2223976,35.58349609375
2224027,36.56005859375
2224301,35.09521484375
2224653,34.60693359375
2224678,34.912109375
2242863,44.00634765625
2244567,39.73388671875
2245489,40.95458984375
2245667,40.71044921875
2245876,40.22216796875
2256715,41.56494140625
2260019,36.62109375
2261306,35.7666015625
2261953,40.22216796875
2262091,36.2548828125
2262362,48.76708984375
2262698,44.43359375
2262777,43.212890625
2262875,34.85107421875
2262929,36.2548828125
2262970,35.0341796875
2263140,34.85107421875
2263206,43.02978515625
2263231,35.0341796875
2263428,38.02490234375
2263600,45.0439453125
2282429,39.794921875
2285805,34.5458984375
2292082,38.51318359375
2294661,36.376953125
2295002,40.34423828125
2295198,36.4990234375
2295282,39.55078125
2295333,38.02490234375
2295343,35.64453125
2295445,59.87548828125
2295543,38.26904296875
2295599,37.17041015625
2295681,34.85107421875
2295796,48.76708984375
2315765,36.80419921875
2316612,43.88427734375
2317028,36.62109375
2317095,44.00634765625
2317302,43.45703125
2317458,41.19873046875
2317666,34.5458984375
2317731,36.1328125
2317764,35.09521484375
2317838,35.58349609375
2344831,39.24560546875
2344990,43.76220703125
2345325,42.6025390625
2345380,36.865234375
2345510,56.94580078125
2345532,43.88427734375
2345583,38.818359375
2345747,38.2080078125
2345766,34.97314453125
2345894,45.34912109375
2346289,35.15625
2366291,35.64453125
2366353,40.22216796875
2367651,37.4755859375
2367787,38.63525390625
2368261,42.78564453125
2368492,44.49462890625
2368683,38.818359375
2368847,36.9873046875
2368923,38.0859375
2369308,43.3349609375
2392639,44.37255859375
2395216,45.7763671875
2396230,34.60693359375
2396354,42.236328125
2396425,35.82763671875
2396506,49.13330078125
2396518,40.71044921875
2396723,53.77197265625
2396738,35.64453125
2396763,46.5087890625
2396847,36.31591796875
2397020,42.54150390625
2417992,34.72900390625
2420054,43.3349609375
2426654,41.1376953125
2431744,34.66796875
2433243,54.19921875
2433277,42.236328125
2433677,38.4521484375
2433740,39.12353515625
2433807,44.86083984375
2433931,35.94970703125
2433960,34.66796875
2434060,35.2783203125
2434091,43.8232421875
2434260,41.32080078125
2456664,44.37255859375
2458579,41.44287109375
2460203,35.5224609375
2460580,35.2783203125
2469097,36.31591796875
2472955,41.6259765625
2475796,37.109375
2476128,38.9404296875
2483938,41.1376953125
2484357,35.33935546875
2485054,36.2548828125
2485428,37.41455078125
2485509,39.1845703125
2485722,39.1845703125
2485799,42.66357421875
2485955,34.66796875
2486032,35.2783203125
2506102,42.3583984375
2507045,35.888671875
2507177,35.2783203125
2507490,36.07177734375
2507580,39.00146484375
2507663,35.21728515625
2507871,35.21728515625
2508015,37.59765625
2508099,42.96875
2508118,35.33935546875
2508165,39.24560546875
2508367,35.70556640625
2508424,36.68212890625
2508548,54.0771484375
2508811,36.68212890625
2510341,35.7666015625
2527712,39.61181640625
2534212,38.57421875
2539379,37.65869140625
2541021,41.259765625
2541050,51.08642578125
2541469,47.607421875
2541540,40.0390625
2541580,43.8232421875
2541632,46.9970703125
2541785,39.61181640625
2541910,38.39111328125
2541950,37.2314453125
2542179,35.94970703125
2564325,35.58349609375
2564510,37.65869140625
2564818,39.73388671875
2564948,39.61181640625
2565013,36.92626953125
2565147,36.9873046875
2565321,45.47119140625
2565397,43.8232421875
2565691,37.7197265625
2565725,47.607421875
2566029,34.85107421875
2587244,36.4990234375
2591062,34.912109375
2596311,36.43798828125
2596941,35.15625
2597228,36.68212890625
2597484,48.27880859375
2597507,40.52734375
2597597,37.17041015625
2597887,36.43798828125
2597915,43.9453125
2620068,39.9169921875
2621438,46.69189453125
2621648,38.0859375
2621812,38.14697265625
2622372,41.93115234375
2622820,37.78076171875
2632224,40.83251953125
2636019,36.376953125
2639785,39.9169921875
2647386,46.32568359375
2647539,35.64453125
2647763,42.6025390625
2647991,44.49462890625
2648043,39.97802734375
2648170,40.46630859375
2648213,39.85595703125
2648292,53.955078125
2648307,51.57470703125
2648374,37.65869140625
2648444,35.0341796875
2648527,48.40087890625
2648565,47.607421875
2648677,34.85107421875
2648832,38.0859375
2648947,40.52734375
2648993,35.94970703125
2668747,43.212890625
2670062,45.5322265625
2670321,34.72900390625
2670368,39.55078125
2670741,40.8935546875
2670783,44.3115234375
2670841,40.283203125
2670859,37.17041015625
2671068,37.109375
2671125,37.04833984375
2671304,37.90283203125
2671687,44.5556640625
2671992,34.5458984375
2686872,40.771484375
2694289,38.818359375
2699284,48.33984375
2699486,35.09521484375
2699632,38.4521484375
2699746,35.46142578125
2699815,40.52734375
2699868,36.4990234375
2699971,35.2783203125
2700011,39.73388671875
2700060,49.98779296875
2700290,37.78076171875
2700431,39.306640625
2720323,43.15185546875
2721657,39.794921875
2721857,38.51318359375
2722961,39.00146484375
2734613,36.1328125
2738717,37.65869140625
2740049,42.8466796875
2740502,44.7998046875
2741017,45.5322265625
2741317,45.8984375
2741365,38.9404296875
2741459,36.865234375
2741658,38.818359375
2741787,39.61181640625
2742234,34.60693359375
2763010,37.90283203125
2766329,36.80419921875
2770381,37.9638671875
2770615,36.9873046875
2770937,41.8701171875
2771003,36.56005859375
2771117,36.19384765625
2771236,48.9501953125
2771381,47.36328125
2771399,43.701171875
2771565,34.72900390625
2771628,44.37255859375
2771949,37.90283203125
2791621,43.39599609375
2802333,39.85595703125
2803534,35.21728515625
2804311,35.0341796875
2804378,36.4990234375
2804592,43.02978515625
2804616,35.5224609375
2804790,37.353515625
2804880,35.400390625
2804896,35.64453125
2805065,35.888671875
2805123,38.9404296875
2805153,35.7666015625
2825913,41.6259765625
2827063,43.51806640625
2827151,42.48046875
2827171,37.65869140625
2827435,35.09521484375
2827679,38.0859375
2827949,38.2080078125
2828106,36.68212890625
2828173,42.05322265625
2853797,41.07666015625
2857997,44.43359375
2858589,47.607421875
2858917,46.5087890625
2859034,35.46142578125
2859139,42.05322265625
2859200,40.58837890625
2859338,49.25537109375
2859403,40.4052734375
2859500,41.3818359375
2880882,35.7666015625
2883096,37.53662109375
2891824,38.9404296875
2895731,34.97314453125
2896591,41.56494140625
2896712,45.34912109375
2896812,45.71533203125
2896866,43.39599609375
2896885,37.7197265625
2897011,42.96875
2897055,42.724609375
2897134,35.09521484375
2897174,48.40087890625
2897219,49.9267578125
2897238,40.771484375
2897281,37.53662109375
2897412,43.88427734375
2897510,39.85595703125
2897808,35.70556640625
2919780,41.259765625
2923994,46.81396484375
2929930,44.12841796875
2932500,39.97802734375
2933314,37.78076171875
2933569,36.4990234375
2933592,36.62109375
2933639,47.54638671875
2933701,37.53662109375
2933779,42.1142578125
2933810,36.92626953125
2933942,36.31591796875
2934067,38.0859375
2934142,36.80419921875
2934392,34.97314453125
2953665,36.80419921875
2961266,36.865234375
2964151,45.5322265625
2965074,36.0107421875
2965215,34.97314453125
2965419,40.6494140625
2965486,36.376953125
2965555,37.4755859375
2965623,36.376953125
2965669,35.46142578125
2965768,37.9638671875
2965839,40.95458984375
2965931,39.85595703125
2965986,35.94970703125
2965997,35.46142578125
2966042,36.376953125
2966329,40.283203125
2966432,46.20361328125
2966643,35.82763671875
2966765,41.1376953125
2987920,37.841796875
2989239,41.3818359375
2999062,39.48974609375
3002283,39.85595703125
3004441,36.43798828125
3009747,39.00146484375
3014012,34.85107421875
3014062,49.74365234375
3014499,44.43359375
3014539,39.12353515625
3014741,39.61181640625
3014813,35.82763671875
3014837,35.21728515625
3014849,37.29248046875
3014998,35.94970703125
3015214,44.25048828125
3015301,35.94970703125
3015560,44.7998046875
3015957,42.236328125
3016221,34.912109375
3035942,41.748046875
3037227,34.72900390625
3037430,34.66796875
3037604,34.60693359375
3037715,35.09521484375
3037825,34.7900390625
3037895,36.92626953125
3038338,39.9169921875
3038856,37.29248046875
3049699,35.2783203125
3054551,40.34423828125
3057156,40.22216796875
3062435,39.85595703125
3063995,35.82763671875
3064476,49.072265625
3064576,36.865234375
3064597,37.29248046875
3064664,45.7763671875
3064692,37.109375
3064814,34.85107421875
3064988,42.78564453125
3065138,37.7197265625
3065296,40.71044921875
3065614,36.68212890625
3065923,38.75732421875
3084115,41.1376953125
3085725,34.912109375
3085919,34.72900390625
3086259,41.6259765625
3086329,43.0908203125
3086551,45.8984375
3086657,49.9267578125
3086782,38.87939453125
3087027,34.85107421875
3087172,38.51318359375
3087249,37.90283203125
3087330,36.4990234375
3087726,36.43798828125
3088188,36.0107421875
3102896,37.353515625
3105690,36.43798828125
3107938,37.4755859375
3109417,39.9169921875
3116623,37.17041015625
3121510,38.63525390625
3121823,38.75732421875
3122580,36.31591796875
3122610,39.306640625
3122828,47.607421875
3122881,34.85107421875
3122903,37.65869140625
3122973,36.1328125
3123203,37.78076171875
3123278,42.41943359375
3123493,43.51806640625
3123638,41.015625
3148295,39.48974609375
3150457,35.58349609375
3150899,43.701171875
3151059,35.09521484375
3151210,41.015625
3151289,35.82763671875
3151506,35.888671875
3151608,40.771484375
3151649,35.09521484375
3151744,36.2548828125
3151802,35.21728515625
3152027,47.54638671875
3152081,35.46142578125
3152202,38.75732421875
3152257,36.4990234375
3152539,34.7900390625
3152870,35.21728515625
3167664,42.17529296875
3171842,36.7431640625
3171883,37.41455078125
3172036,40.83251953125
3172551,44.73876953125
3172593,43.76220703125
3172693,41.3818359375
3172837,43.8232421875
3173010,43.701171875
3173134,37.29248046875
3173257,44.43359375
3173564,38.818359375
3173637,45.22705078125
3191270,38.02490234375
3198475,39.306640625
3199775,41.80908203125
3199880,49.072265625
3200000,42.6025390625
3200034,36.80419921875
3200193,39.1845703125
3200373,40.71044921875
3200392,40.22216796875
3200441,54.26025390625
3200554,36.9873046875
3200778,37.17041015625
3221626,35.94970703125
3222471,35.82763671875
3222604,38.26904296875
3222716,52.30712890625
3222943,35.70556640625
3223026,35.15625
3223075,44.7998046875
3223131,37.4755859375
3223247,41.1376953125
3223331,47.18017578125
3223486,41.50390625
3223534,41.44287109375
3223717,39.24560546875
3223968,34.72900390625
3224074,38.02490234375
3224147,37.41455078125
3224409,37.17041015625
3247803,40.83251953125
3250825,44.189453125
3251124,37.9638671875
3251280,36.2548828125
3251381,35.0341796875
3251440,40.71044921875
3251463,73.2421875
3251605,38.63525390625
3251667,43.3349609375
3251797,42.6025390625
3252056,39.97802734375
3272344,35.33935546875
3273514,51.33056640625
3273665,41.93115234375
3274099,53.16162109375
3274137,36.0107421875
3274288,40.283203125
3274330,38.818359375
3274415,34.60693359375
3274611,37.2314453125
3274625,41.1376953125
3274695,35.82763671875
3294853,39.48974609375
3300713,38.9404296875
3303570,36.92626953125
3303812,36.56005859375
3303913,39.0625
3303975,40.8935546875
3304133,44.3115234375
3304160,38.87939453125
3304185,38.9404296875
3304217,35.400390625
3304305,46.0205078125
3304388,44.43359375
3304609,35.70556640625
3304649,40.58837890625
3304856,38.818359375
3326542,48.33984375
3326834,40.8935546875
3327090,47.18017578125
3327312,53.8330078125
3327387,40.52734375
3327709,35.58349609375
3327740,36.92626953125
3327750,35.888671875
3328011,48.88916015625
3328062,40.6494140625
3328248,47.66845703125
3328492,36.1328125
3328601,35.70556640625
3328857,37.841796875
3353421,37.53662109375
3358700,37.65869140625
3358903,35.0341796875
3359079,40.52734375
3359208,36.865234375
3359323,35.58349609375
3359346,41.1376953125
3359412,40.95458984375
3359450,39.00146484375
3359557,45.22705078125
3359723,42.724609375
3359775,40.46630859375
3360079,37.53662109375
3360203,37.109375
3383093,35.64453125
3383251,52.91748046875
3383602,41.748046875
3383753,54.13818359375
3383865,35.46142578125
3383931,46.142578125
3384102,37.17041015625
3384327,53.466796875
3384646,42.1142578125
3412728,45.41015625
3412741,35.7666015625
3412861,47.66845703125
3413001,37.04833984375
3413168,36.07177734375
3413291,39.97802734375
3413330,38.2080078125
3413346,38.0859375
3413391,45.71533203125
3413462,35.94970703125
3413695,36.43798828125
3413718,38.26904296875
3440634,37.65869140625
3445957,40.8935546875
3447358,38.02490234375
3447638,55.35888671875
3447721,39.85595703125
3447871,44.5556640625
3447942,45.10498046875
3448053,51.45263671875
3448075,38.87939453125
3448231,34.60693359375
3448248,45.71533203125
3448382,37.53662109375
3448587,39.97802734375
3448630,38.330078125
3470623,38.9404296875
3471574,36.80419921875
3471655,40.283203125
3471979,35.33935546875
3480532,40.95458984375
3485782,42.05322265625
3488935,36.2548828125
3492674,45.2880859375
3495399,50.537109375
3497792,44.43359375
3498729,40.52734375
3499048,39.1845703125
3499316,39.85595703125
3499576,35.70556640625
3499744,46.630859375
3500212,35.82763671875
3500328,42.29736328125
3500594,34.7900390625
3500750,38.14697265625
3501136,37.29248046875
3525110,34.72900390625
3532381,37.17041015625
3534121,40.4052734375
3535440,41.6259765625
3536331,36.0107421875
3536640,45.166015625
3536795,39.306640625
3536954,47.54638671875
3536974,45.47119140625
3537098,39.00146484375
3537377,44.00634765625
3537680,35.400390625
3538104,41.6259765625
3538330,39.794921875
3554726,41.50390625
3556619,41.8701171875
3558999,44.61669921875
3561341,41.015625
3561581,37.90283203125
3563056,41.07666015625
3570496,37.2314453125
3573287,38.4521484375
3575277,42.48046875
3576022,37.59765625
3576653,35.82763671875
3576880,40.71044921875
3577060,35.15625
3577354,44.921875
3577665,47.119140625
3577721,41.8701171875
3577883,43.39599609375
3578223,35.5224609375
3578260,40.71044921875
3578363,35.46142578125
3578496,37.59765625
3578554,36.1328125
3579076,37.78076171875
3592456,42.724609375
3597449,34.66796875
3598790,34.5458984375
3598813,35.400390625
3603303,38.57421875
3605854,36.19384765625
3616421,38.0859375
3619827,42.1142578125
3624111,36.376953125
3626750,44.677734375
3626934,40.8935546875
3627248,34.66796875
3627394,34.66796875
3627621,44.25048828125
3627685,36.4990234375
3627858,35.15625
3628148,44.5556640625
3628669,35.94970703125
3646780,39.00146484375
3648891,41.259765625
3649291,42.29736328125
3649535,53.1005859375
3649908,37.9638671875
3649972,38.4521484375
3650011,47.79052734375
3650340,36.4990234375
3650374,43.51806640625
3650691,36.92626953125
3664583,38.14697265625
3670108,36.9873046875
3674817,36.80419921875
3679756,36.07177734375
3680550,44.12841796875
3680996,64.75830078125
3681095,34.912109375
3681120,36.31591796875
3681155,36.4990234375
3681304,51.20849609375
3681362,39.1845703125
3681440,37.78076171875
3682183,37.04833984375
3701760,42.54150390625
3702506,36.0107421875
3702799,63.53759765625
3702894,38.02490234375
3703039,34.7900390625
3703163,51.94091796875
3703214,38.57421875
3703384,52.3681640625
3703553,34.5458984375
3703764,34.7900390625
3722093,34.66796875
3725931,34.85107421875
3728644,39.24560546875
3732540,36.865234375
3736431,39.85595703125
3736674,35.46142578125
3737059,37.41455078125
3737764,43.9453125
3737873,43.15185546875
3738165,39.55078125
3738225,40.95458984375
3738452,36.62109375
3758472,36.62109375
3760747,41.015625
3761208,41.19873046875
3761616,35.33935546875
3761628,50.84228515625
3761685,36.07177734375
3762034,40.34423828125
3762078,40.6494140625
3762160,40.0390625
3762347,34.66796875
3762399,36.7431640625
3762444,36.31591796875
3784800,41.50390625
3789061,35.7666015625
3791581,37.65869140625
3791741,45.654296875
3791939,43.45703125
3792006,38.26904296875
3792049,40.58837890625
3792153,47.42431640625
3792304,38.6962890625
3792584,44.86083984375
3813598,46.20361328125
3815710,37.7197265625
3826829,38.6962890625
3829995,35.46142578125
3832503,38.02490234375
3833451,43.3349609375
3834937,37.90283203125
3835432,42.724609375
3841233,40.58837890625
3845475,36.9873046875
3846304,38.57421875
3846559,37.353515625
3846666,37.841796875
3846720,35.5224609375
3846831,41.748046875
3847159,40.10009765625
3847262,38.9404296875
3847421,36.56005859375
3847641,38.75732421875
3869452,35.21728515625
3870050,47.42431640625
3870517,38.39111328125
3870613,35.15625
3870815,35.46142578125
3870886,38.26904296875
3870939,36.92626953125
3871123,36.19384765625
3871287,43.88427734375
3871460,35.94970703125
3871567,40.6494140625
3871635,51.6357421875
3871935,36.68212890625
3871947,34.60693359375
3872057,57.31201171875
3894919,42.96875
3899345,38.0859375
3901844,37.9638671875
3901897,35.46142578125
3901917,41.80908203125
3902103,41.19873046875
3902143,47.9736328125
3902184,41.259765625
3902315,35.888671875
3902338,37.17041015625
3902402,44.921875
3902430,45.8984375
3902584,38.6962890625
3902729,39.6728515625
3903007,43.0908203125
3924173,41.56494140625
3925354,42.66357421875
3925369,41.07666015625
3925436,40.283203125
3925827,41.80908203125
3926137,36.80419921875
3926181,46.81396484375
3927809,35.7666015625
3943475,48.52294921875
3949449,39.36767578125
3952327,37.29248046875
3953101,37.2314453125
3954989,40.52734375
3955102,35.70556640625
3955351,37.841796875
3955535,44.86083984375
3955576,41.6259765625
3955696,38.14697265625
3955846,37.59765625
3978994,42.1142578125
3986466,35.7666015625
3988495,49.4384765625
3988722,52.734375
3989017,41.8701171875
3989063,50.59814453125
3989173,38.14697265625
3989221,54.931640625
3989254,34.7900390625
3989289,39.12353515625
3989351,36.31591796875
3989361,35.15625
3989424,35.888671875
3989514,39.61181640625
3989616,36.62109375
3990002,41.32080078125
4011657,40.34423828125
4014340,38.0859375
4023403,44.189453125
4027816,37.841796875
4030420,39.24560546875
4031215,37.2314453125
4031898,39.73388671875
4032138,41.19873046875
4032203,46.08154296875
4032309,38.75732421875
4032829,47.18017578125
4032875,39.6728515625
4033038,38.0859375
4033172,34.7900390625
4033355,36.07177734375
4033696,39.61181640625
4057414,34.66796875
4062116,42.41943359375
4062314,35.21728515625
4062480,43.8232421875
4062582,38.57421875
4062653,34.72900390625
4062742,35.46142578125
4062781,54.443359375
4062828,37.29248046875
4062932,35.5224609375
4063006,45.71533203125
4063308,36.68212890625
4063534,55.0537109375
4063805,36.56005859375
4095559,42.48046875
4098745,35.0341796875
4099493,35.0341796875
4100285,34.85107421875
4100868,43.9453125
4101090,35.21728515625
4101121,65.00244140625
4101382,41.8701171875
4101640,34.97314453125
4101718,43.0908203125
4101778,37.17041015625
4102006,38.57421875
4102135,35.58349609375
4126312,40.58837890625
4128388,42.724609375
4129235,36.865234375
4129516,37.2314453125
4129610,38.4521484375
4129680,41.19873046875
4129839,36.68212890625
4129898,37.7197265625
4130100,50.537109375
4130112,47.8515625
4130276,37.59765625
4130872,38.2080078125
4131289,34.85107421875
4150603,40.283203125
4156635,41.015625
4160579,40.6494140625
4161798,41.9921875
4161943,41.50390625
4162229,44.3115234375
4162257,35.2783203125
4162454,38.57421875
4162534,40.8935546875
4162627,35.21728515625
4162729,38.6962890625
4162801,46.44775390625
4163352,35.09521484375
4184901,35.70556640625
4185217,35.21728515625
4187453,38.63525390625
4199551,42.6025390625
4203686,44.61669921875
4207843,40.46630859375
4208472,37.53662109375
4209930,43.39599609375
4210310,38.0859375
4210475,36.31591796875
4210899,41.93115234375
4210951,35.82763671875
4210982,43.02978515625
4211052,39.73388671875
4211134,53.40576171875
4211251,37.9638671875
4211934,39.55078125
4212220,36.07177734375
4232264,41.259765625
4246593,45.71533203125
4247826,39.55078125
4247989,39.55078125
4248221,38.57421875
4248273,35.15625
4248296,42.6025390625
4248438,42.8466796875
4248498,36.43798828125
4248546,34.66796875
4248591,38.2080078125
4248645,38.39111328125
4248895,53.1005859375
4248985,47.2412109375
4249148,34.912109375
4249289,37.90283203125
4249630,35.21728515625
4267067,34.66796875
4273649,36.19384765625
4275590,37.17041015625
4277027,40.4052734375
4277453,44.37255859375
4277510,34.5458984375
4277631,36.376953125
4277687,35.5224609375
4277864,35.15625
4277931,51.33056640625
4278248,34.60693359375
4278639,35.58349609375
4298611,43.51806640625
4300365,35.15625
4310329,40.8935546875
4315143,36.80419921875
4315533,70.4345703125
4315591,41.56494140625
4315663,35.64453125
4315684,36.92626953125
4315756,38.26904296875
4315908,39.794921875
4315991,37.53662109375
4316136,42.29736328125
4316464,34.97314453125
4340403,35.5224609375
4346047,40.4052734375
4349077,39.48974609375
4350857,42.17529296875
4350989,43.64013671875
4351273,39.9169921875
4351501,42.96875
4351581,42.66357421875
4351656,59.87548828125
4351708,35.2783203125
4351765,34.66796875
4351815,38.75732421875
4351966,48.33984375
4351981,49.37744140625
4352041,35.21728515625
4352235,37.17041015625
4352258,36.376953125
4373980,41.19873046875
4375921,40.0390625
4386965,40.0390625
4391147,41.259765625
4391269,46.69189453125
4391499,42.17529296875
4391719,36.31591796875
4391754,36.865234375
4391884,35.46142578125
4391912,34.5458984375
4391930,37.29248046875
4392184,42.29736328125
4392225,36.2548828125
4392257,44.43359375
4392480,47.30224609375
4416791,37.41455078125
4420724,41.015625
4421143,39.1845703125
4421170,38.9404296875
4421286,40.46630859375
4421339,35.09521484375
4421383,56.45751953125
4421508,35.15625
4421654,36.31591796875
4421744,45.8984375
4421879,39.794921875
4422076,36.80419921875
4452916,35.70556640625
4455661,39.794921875
4456112,40.10009765625
4456404,43.27392578125
4456487,51.20849609375
4456544,35.2783203125
4456773,47.18017578125
4456861,36.0107421875
4456957,39.1845703125
4456989,39.0625
4457006,39.61181640625
4457171,34.5458984375
4457212,40.52734375
4479875,41.259765625
4482701,35.46142578125
4488285,48.583984375
4490431,36.865234375
4491845,57.55615234375
4491937,39.24560546875
4492164,36.31591796875
4492248,37.29248046875
4492327,42.48046875
4492376,35.46142578125
4492425,37.04833984375
4492512,46.630859375
4492541,41.80908203125
4492572,40.52734375
4516017,36.68212890625
4521477,36.376953125
4525654,41.3818359375
4527622,40.10009765625
4528035,50.84228515625
4528290,39.36767578125
4528383,42.05322265625
4528527,40.771484375
4528559,39.55078125
4528794,41.259765625
4528975,53.89404296875
4529030,49.560546875
4529271,35.82763671875
4529289,36.1328125
4529372,36.376953125
4551946,37.9638671875
4557801,38.9404296875
4563100,36.07177734375
4564520,36.865234375
4564785,38.75732421875
4564883,41.44287109375
4564950,36.92626953125
4565052,39.6728515625
4565090,36.1328125
4565123,39.0625
4565195,38.51318359375
4565231,34.5458984375
4565248,37.65869140625
4565590,36.80419921875
4565925,37.29248046875
4588912,35.21728515625
4596522,37.29248046875
4602256,48.33984375
4604380,41.80908203125
4604498,42.48046875
4604991,38.75732421875
4605051,38.57421875
4605216,36.80419921875
4605289,40.771484375
4605398,35.0341796875
4605599,35.7666015625
4605632,37.109375
4605973,46.38671875
4606173,50.10986328125
4606434,36.4990234375
4634454,46.7529296875
4635401,35.2783203125
4635519,40.52734375
4635673,42.8466796875
4635834,41.6259765625
4635855,37.9638671875
4635895,37.04833984375
4636025,37.4755859375
4636071,39.48974609375
4636496,36.1328125
4636827,40.0390625
4657234,38.9404296875
4670235,41.259765625
4673118,35.2783203125
4676011,34.7900390625
4676533,46.20361328125
4676859,40.22216796875
4676907,36.80419921875
4677150,46.630859375
4677308,40.71044921875
4677400,35.15625
4677433,37.109375
4677508,42.05322265625
4677590,36.376953125
4677650,37.7197265625
4677730,36.43798828125
4678021,37.109375
4678100,44.73876953125
4678177,36.07177734375
4678626,35.70556640625
4697027,40.6494140625
4704956,38.0859375
4706226,37.65869140625
4706489,45.47119140625
4706663,37.9638671875
4706681,52.734375
4706726,39.55078125
4707068,44.25048828125
4707151,41.07666015625
4707208,37.4755859375
4707421,36.68212890625
4707461,35.0341796875
4707495,35.70556640625
4708384,36.0107421875
4730871,40.771484375
4734138,39.00146484375
4741524,39.97802734375
4743286,44.49462890625
4743589,35.46142578125
4743922,37.29248046875
4744023,59.87548828125
4744187,39.85595703125
4744272,35.888671875
4744327,35.15625
4744446,48.2177734375
4744621,38.57421875
4744642,35.5224609375
4744732,40.0390625
4745018,35.0341796875
4745253,36.4990234375
4766220,41.80908203125
4768634,39.24560546875
4771335,35.64453125
4780367,36.2548828125
4785522,44.61669921875
4785663,43.701171875
4785986,35.82763671875
4786262,55.908203125
4786342,37.2314453125
4786414,41.3818359375
4786717,39.12353515625
4787114,38.39111328125
4787342,34.72900390625
4787413,36.4990234375
