4799201,0
111166,37.2314453125
111187,33.26416015625
111206,31.1279296875
111226,27.77099609375
111244,26.79443359375
111275,33.447265625
111315,57.92236328125
111364,30.2734375
111394,29.6630859375
111608,31.31103515625
222961,28.25927734375
222991,45.47119140625
223023,50.84228515625
223079,28.50341796875
223110,38.51318359375
223138,26.06201171875
223170,29.78515625
223494,26.18408203125
408828,45.59326171875
408859,31.25
408880,27.34375
408906,34.36279296875
408945,28.3203125
408965,36.1328125
409035,28.86962890625
587011,34.66796875
587026,43.0908203125
587068,29.296875
587083,33.14208984375
587116,28.25927734375
587170,37.90283203125
587227,41.80908203125
587397,26.79443359375
824239,28.01513671875
824269,39.85595703125
824297,30.3955078125
824324,44.921875
824351,36.62109375
824365,27.34375
824378,29.541015625
824421,36.376953125
1021155,37.9638671875
1021201,32.04345703125
1021220,48.2177734375
1021255,29.541015625
1021341,26.67236328125
1021502,26.42822265625
1021523,26.67236328125
1329712,27.9541015625
1329745,41.44287109375
1329771,32.71484375
1329804,30.70068359375
1329950,29.1748046875
1330088,33.14208984375
1546886,27.77099609375
1546914,39.73388671875
1546947,27.77099609375
1546982,31.005859375
1547001,28.80859375
1547071,28.1982421875
1547114,27.40478515625
1999495,38.75732421875
2006604,32.89794921875
2362818,28.564453125
2362907,27.77099609375
2362945,32.958984375
2990743,34.36279296875
2990804,45.34912109375
2990826,34.3017578125
2990854,31.6162109375
2990876,29.84619140625
2990886,35.2783203125
2990929,35.0341796875
2991059,26.79443359375
3379888,44.86083984375
3379941,33.02001953125
3379956,49.62158203125
3379973,28.25927734375
3380036,42.90771484375
3380116,40.58837890625
3380159,30.8837890625
3380318,29.11376953125
3380512,26.30615234375
4004477,36.865234375
4004501,45.0439453125
4004576,39.1845703125
4004613,30.1513671875
4004810,31.06689453125
4390732,33.69140625
4390770,27.28271484375
4390856,30.3955078125
4390872,32.958984375
4390908,27.34375
4390977,26.30615234375
4391041,27.03857421875
4600323,26.123046875
4600369,65.185546875
4600433,31.06689453125
4600458,30.029296875
4600477,33.8134765625
4600536,49.98779296875
