4798001,0
391,84.228515625
578,42.3583984375
612,61.09619140625
2602,68.7255859375
5945,71.59423828125
9520,44.86083984375
11061,80.810546875
13673,71.10595703125
22901,81.54296875
23267,78.125
25163,68.78662109375
27856,67.07763671875
32473,66.0400390625
32879,57.55615234375
32913,43.02978515625
34604,66.46728515625
36460,68.54248046875
36501,44.189453125
36847,75.439453125
37493,45.8984375
38267,43.15185546875
39397,44.73876953125
39559,44.61669921875
39751,113.76953125
39787,56.0302734375
39800,44.25048828125
39903,47.8515625
40004,43.8232421875
40020,83.80126953125
40086,43.45703125
40277,59.26513671875
40470,43.02978515625
40605,48.88916015625
40620,62.19482421875
40686,75.86669921875
40980,52.24609375
41334,44.61669921875
41719,42.54150390625
41879,89.78271484375
42175,47.7294921875
42328,44.37255859375
54317,85.14404296875
55564,86.36474609375
62232,80.01708984375
64550,44.49462890625
69247,83.31298828125
69452,43.45703125
70506,42.41943359375
70929,78.9794921875
76906,46.0205078125
83065,84.228515625
83227,95.76416015625
83270,79.58984375
84034,69.39697265625
95698,80.26123046875
95852,90.14892578125
96309,86.5478515625
97589,72.8759765625
98858,47.4853515625
99001,48.828125
99128,52.6123046875
99259,44.921875
99394,67.138671875
99538,52.30712890625
99606,43.51806640625
99744,43.76220703125
99782,44.00634765625
99805,59.99755859375
99833,109.130859375
99968,88.5009765625
100062,54.26025390625
100545,42.6025390625
100829,46.20361328125
101091,43.9453125
101965,42.8466796875
108669,74.15771484375
109472,42.41943359375
116374,77.33154296875
121340,76.171875
121663,73.66943359375
123749,88.43994140625
132638,80.078125
144435,83.1298828125
144660,66.650390625
145448,68.54248046875
157790,81.72607421875
157880,69.39697265625
160686,71.96044921875
161497,69.88525390625
161796,63.5986328125
166481,72.93701171875
170054,72.1435546875
170128,44.37255859375
170539,44.86083984375
172787,44.73876953125
178248,76.7822265625
179365,45.47119140625
179624,65.185546875
182999,69.27490234375
183182,73.66943359375
183395,47.66845703125
183457,54.443359375
183539,56.09130859375
183598,44.3115234375
183670,45.654296875
183687,42.48046875
183971,46.69189453125
183999,47.2412109375
184010,50.84228515625
184059,54.87060546875
184165,43.88427734375
184214,44.921875
184248,58.7158203125
184259,50.47607421875
184301,47.9736328125
184313,58.59375
184346,64.453125
184396,49.072265625
184498,49.6826171875
184532,63.4765625
184546,48.64501953125
184669,58.837890625
184743,100.341796875
184789,66.0400390625
184828,42.90771484375
184921,43.39599609375
184939,51.20849609375
185140,57.55615234375
185358,42.66357421875
185520,52.978515625
186011,52.30712890625
196095,44.37255859375
196787,44.25048828125
214705,92.4072265625
220857,80.078125
220983,71.71630859375
221121,44.189453125
221164,67.7490234375
225772,69.76318359375
230595,74.462890625
232904,74.3408203125
234921,81.6650390625
236308,78.2470703125
238926,94.1162109375
239004,74.8291015625
239052,75.74462890625
239066,63.90380859375
239109,55.84716796875
239194,53.28369140625
239256,44.37255859375
239571,51.81884765625
239607,70.1904296875
239631,73.05908203125
239712,46.38671875
240025,67.32177734375
244500,48.7060546875
244655,78.2470703125
244892,70.068359375
253527,68.42041015625
253686,67.93212890625
258328,68.4814453125
264365,72.3876953125
265153,44.61669921875
267236,80.56640625
267282,79.58984375
267341,60.302734375
267645,62.1337890625
267903,48.27880859375
268295,68.2373046875
268434,50.9033203125
268453,45.166015625
268524,46.08154296875
268536,54.87060546875
268553,50.1708984375
268694,49.86572265625
268747,47.91259765625
268813,55.96923828125
268830,50.6591796875
268879,43.0908203125
268902,86.3037109375
268919,48.583984375
268941,54.01611328125
268964,54.99267578125
268985,72.69287109375
269080,45.10498046875
269123,54.50439453125
269150,47.119140625
269202,60.72998046875
269214,57.31201171875
269335,45.2880859375
269375,49.072265625
269416,46.0205078125
269438,47.91259765625
269567,70.61767578125
269613,49.62158203125
269708,64.27001953125
269805,43.51806640625
269840,42.41943359375
269926,52.24609375
269946,45.8984375
270006,51.26953125
270208,56.884765625
270233,49.25537109375
270344,42.6025390625
270432,44.86083984375
270528,45.34912109375
271289,48.095703125
284192,72.81494140625
302683,83.0078125
307491,79.1015625
309800,71.47216796875
309947,78.79638671875
310125,80.01708984375
310157,60.72998046875
310707,66.2841796875
311674,45.10498046875
322676,71.71630859375
324946,68.7255859375
325750,74.40185546875
326595,47.4853515625
333181,81.97021484375
343892,63.720703125
344024,79.89501953125
344078,79.1015625
344099,48.40087890625
344230,66.34521484375
344264,57.55615234375
344318,43.8232421875
344338,48.64501953125
344390,44.25048828125
344443,49.9267578125
344468,66.650390625
344546,50.47607421875
344744,43.51806640625
344858,44.00634765625
344879,56.640625
344929,45.34912109375
344943,46.7529296875
344979,43.9453125
345021,48.095703125
345049,58.53271484375
345069,49.9267578125
345143,49.1943359375
345174,44.43359375
345190,52.24609375
345217,48.4619140625
345227,77.5146484375
345252,44.00634765625
345285,44.677734375
345333,47.9736328125
345345,43.3349609375
345527,55.7861328125
345552,55.908203125
345572,47.54638671875
345640,75.01220703125
345820,64.02587890625
345901,49.560546875
346048,45.654296875
346291,44.921875
346605,51.1474609375
346869,49.4384765625
354926,70.068359375
354957,46.9970703125
355064,69.2138671875
355165,50.6591796875
355228,54.13818359375
355314,66.89453125
355491,68.66455078125
355639,43.88427734375
356094,43.9453125
356274,47.7294921875
357043,45.0439453125
360844,64.88037109375
362052,74.03564453125
362219,57.43408203125
362686,58.837890625
363234,46.32568359375
376459,65.36865234375
376745,56.94580078125
377393,57.55615234375
377481,62.92724609375
377713,42.90771484375
377963,45.22705078125
378087,49.1943359375
378422,46.93603515625
378619,56.884765625
378982,51.69677734375
379309,42.78564453125
380808,45.166015625
381389,52.8564453125
395942,90.8203125
398336,78.79638671875
398346,42.3583984375
398386,43.212890625
398415,57.0068359375
398776,54.50439453125
399617,50.1708984375
402806,82.45849609375
408487,79.2236328125
422056,81.72607421875
423560,94.66552734375
423580,44.43359375
423591,46.142578125
423700,51.26953125
424142,52.734375
424755,56.884765625
424783,48.15673828125
425210,56.640625
425223,46.08154296875
425413,45.10498046875
425575,75.86669921875
425777,49.13330078125
426235,43.9453125
426765,65.91796875
427190,44.00634765625
446220,76.72119140625
446256,67.5048828125
446283,93.1396484375
446302,43.3349609375
446334,92.34619140625
446387,64.697265625
446408,55.60302734375
446649,43.27392578125
446675,48.52294921875
446693,48.40087890625
454035,77.20947265625
454287,83.43505859375
455920,71.83837890625
464102,42.724609375
465607,80.50537109375
467334,81.97021484375
468385,50.23193359375
468405,90.75927734375
468444,46.38671875
468454,98.9990234375
468479,83.49609375
468530,111.2060546875
468620,71.10595703125
468819,56.15234375
468989,53.22265625
469210,61.70654296875
469820,52.001953125
470049,43.51806640625
470100,49.6826171875
470241,46.56982421875
470508,43.3349609375
470636,49.01123046875
470722,53.466796875
470867,43.76220703125
470927,45.8984375
471307,48.15673828125
471653,43.51806640625
472145,46.875
472755,46.7529296875
489710,45.95947265625
490337,44.677734375
490579,87.46337890625
497817,42.3583984375
498253,46.08154296875
498282,71.1669921875
499525,43.8232421875
511977,46.32568359375
512729,42.78564453125
516763,96.00830078125
518866,72.75390625
518890,64.94140625
518953,59.75341796875
518989,87.40234375
519332,67.7490234375
527535,42.724609375
528795,47.66845703125
528938,44.86083984375
530423,78.91845703125
530688,86.5478515625
538237,73.6083984375
538497,89.7216796875
539693,80.2001953125
542054,66.162109375
547395,69.2138671875
549476,78.9794921875
549500,71.8994140625
549531,50.84228515625
549542,121.03271484375
549618,52.06298828125
550387,49.1943359375
550418,79.833984375
557945,50.47607421875
558015,45.0439453125
558735,55.2978515625
558811,74.462890625
559039,50.47607421875
565692,82.8857421875
565913,82.70263671875
566352,45.22705078125
566985,58.10546875
567194,93.68896484375
572046,89.9658203125
576733,56.7626953125
576974,79.2236328125
578608,70.98388671875
584018,92.8955078125
584275,43.15185546875
585094,70.6787109375
585178,46.2646484375
585197,70.37353515625
585794,75.8056640625
585820,55.48095703125
585845,85.63232421875
587289,64.0869140625
587583,63.41552734375
587654,46.7529296875
587934,81.1767578125
588409,44.37255859375
591591,86.12060546875
597346,42.96875
597371,69.03076171875
597381,42.8466796875
597772,43.64013671875
597892,46.93603515625
597978,63.78173828125
598011,42.48046875
600303,66.10107421875
603712,69.51904296875
603879,66.10107421875
606129,45.95947265625
606139,44.00634765625
606198,42.3583984375
611374,59.5703125
611416,59.9365234375
611431,48.27880859375
611445,55.419921875
611462,59.4482421875
611655,48.583984375
618110,57.31201171875
618147,47.42431640625
618169,77.69775390625
618203,72.021484375
618754,51.57470703125
624299,62.92724609375
624322,84.65576171875
626770,49.6826171875
626830,65.36865234375
626844,52.1240234375
631714,72.8759765625
631773,82.51953125
631803,65.97900390625
631855,85.44921875
632040,75.5615234375
632064,58.9599609375
632235,58.53271484375
632488,74.8291015625
632545,55.6640625
637554,47.36328125
637567,49.072265625
637671,60.48583984375
637757,69.15283203125
638467,52.79541015625
638501,75.5615234375
642867,80.50537109375
645451,43.9453125
646262,51.7578125
649224,67.0166015625
649298,59.87548828125
649589,80.50537109375
655415,88.07373046875
655710,68.4814453125
656370,56.70166015625
656402,53.5888671875
656465,50.78125
661788,85.8154296875
664784,47.30224609375
666970,49.6826171875
671654,47.2412109375
672921,92.041015625
672942,44.677734375
673445,45.0439453125
673997,54.99267578125
674024,62.744140625
674049,72.6318359375
674349,81.97021484375
674385,77.2705078125
674424,76.35498046875
680565,53.52783203125
680656,52.6123046875
680998,76.35498046875
681344,46.142578125
681438,42.96875
682211,71.6552734375
687074,54.50439453125
687085,77.33154296875
687280,52.3681640625
687771,48.7060546875
687849,48.76708984375
688042,46.32568359375
688205,78.67431640625
689571,59.2041015625
689699,67.7490234375
689735,53.1005859375
689762,50.72021484375
689797,65.5517578125
690202,46.38671875
694437,62.744140625
694461,42.41943359375
694606,101.13525390625
694969,67.9931640625
695022,74.89013671875
695767,42.66357421875
696102,82.275390625
701824,66.71142578125
701839,68.359375
701893,64.453125
701917,57.06787109375
701935,74.21875
701973,71.71630859375
702213,44.0673828125
702316,45.34912109375
702560,46.0205078125
705804,79.65087890625
705895,64.94140625
705914,87.21923828125
706011,81.23779296875
706067,76.84326171875
706167,43.9453125
706191,59.75341796875
706266,53.89404296875
706296,54.6875
706330,59.2041015625
706355,45.0439453125
706390,47.8515625
706411,53.16162109375
706510,54.8095703125
706562,46.56982421875
706608,55.84716796875
706628,78.857421875
706682,46.93603515625
706696,68.17626953125
706753,67.7490234375
706776,49.1943359375
706828,46.5087890625
706851,47.7294921875
706915,53.7109375
706944,46.32568359375
706978,47.36328125
707012,55.23681640625
707073,67.44384765625
707091,61.767578125
707132,48.03466796875
707150,58.16650390625
707190,45.5322265625
707218,42.54150390625
707270,66.40625
707462,50.29296875
707497,53.5888671875
707507,62.1337890625
707607,44.7998046875
707719,46.32568359375
707769,55.35888671875
707824,54.26025390625
707878,45.34912109375
708012,42.8466796875
708522,47.4853515625
708634,42.96875
708787,43.0908203125
710879,51.1474609375
711694,42.8466796875
711928,45.2880859375
712361,42.724609375
712546,42.724609375
712985,44.3115234375
713329,51.08642578125
713476,43.64013671875
714821,45.95947265625
716915,44.00634765625
723249,42.54150390625
723317,49.1943359375
725141,43.0908203125
729899,43.701171875
730617,87.2802734375
730755,73.05908203125
730868,66.0400390625
730995,43.15185546875
731211,66.40625
731270,47.66845703125
732100,58.04443359375
732137,55.11474609375
732634,59.26513671875
732669,50.6591796875
733560,44.00634765625
740924,73.54736328125
740944,48.40087890625
741319,82.51953125
741359,56.5185546875
751769,78.91845703125
751795,42.48046875
757280,74.40185546875
757477,61.03515625
758041,84.77783203125
758075,81.97021484375
758316,53.955078125
759355,42.724609375
759432,59.14306640625
759997,49.31640625
765520,44.49462890625
765810,92.529296875
770742,47.66845703125
770767,46.08154296875
770850,46.32568359375
771053,43.5791015625
771383,48.03466796875
772190,43.27392578125
778517,49.49951171875
778544,54.01611328125
778555,75.13427734375
778873,44.37255859375
779101,65.673828125
779297,84.8388671875
784601,44.189453125
784910,94.42138671875
785385,42.54150390625
785573,91.49169921875
785715,56.45751953125
785837,55.908203125
786036,44.49462890625
794041,48.7060546875
794081,48.88916015625
794141,42.66357421875
794179,83.19091796875
794205,43.15185546875
794760,43.701171875
798811,72.20458984375
798844,78.369140625
798881,49.37744140625
798893,63.1103515625
799063,46.9970703125
799272,76.11083984375
799368,69.03076171875
803612,43.3349609375
803640,69.091796875
804687,73.91357421875
805077,44.5556640625
811943,83.80126953125
813286,44.189453125
813515,46.2646484375
814382,46.32568359375
814602,59.08203125
814684,42.66357421875
818813,88.0126953125
819044,43.27392578125
819456,45.654296875
824627,76.66015625
826048,58.65478515625
829474,64.51416015625
829683,66.7724609375
830054,44.7998046875
830712,56.33544921875
830938,44.921875
830949,72.08251953125
831169,68.42041015625
831184,46.69189453125
831247,52.18505859375
831333,46.875
831390,64.63623046875
831416,92.28515625
831438,46.44775390625
831878,43.8232421875
832032,45.22705078125
832093,45.22705078125
832236,45.59326171875
832270,55.419921875
832303,102.35595703125
832465,44.7998046875
832520,49.072265625
832772,55.72509765625
832948,44.49462890625
832965,43.39599609375
833267,46.08154296875
833971,43.212890625
834522,44.12841796875
839257,80.2001953125
841435,53.89404296875
841506,48.4619140625
842990,85.87646484375
851227,54.931640625
853556,98.6328125
853684,71.96044921875
853784,58.4716796875
853829,51.8798828125
854009,63.29345703125
854167,42.48046875
854396,50.537109375
854419,46.08154296875
854619,43.3349609375
854736,46.32568359375
854802,58.7158203125
854844,51.26953125
854856,65.185546875
854881,44.49462890625
854922,42.724609375
854972,50.9033203125
854992,61.09619140625
855022,49.37744140625
855049,54.5654296875
855074,47.54638671875
855140,44.921875
855172,47.05810546875
855348,53.52783203125
855410,48.88916015625
855434,56.09130859375
855473,51.57470703125
855517,49.560546875
855554,42.96875
855629,46.0205078125
855712,44.677734375
855790,42.41943359375
855825,44.5556640625
855967,44.61669921875
856563,56.0302734375
857612,45.83740234375
861071,42.78564453125
865352,58.65478515625
865390,44.921875
865576,45.59326171875
865819,42.8466796875
874465,68.7255859375
881506,43.64013671875
884429,78.4912109375
885082,92.1630859375
885359,75.3173828125
885439,44.00634765625
885779,48.7060546875
886004,65.3076171875
886299,44.43359375
886410,50.29296875
887138,44.7998046875
887412,53.7109375
887735,48.33984375
889171,61.21826171875
899662,75.5615234375
899855,42.41943359375
900079,46.93603515625
900104,91.4306640625
905189,83.49609375
905368,87.70751953125
905381,82.763671875
914130,45.71533203125
918587,76.5380859375
920273,42.41943359375
920484,44.61669921875
920539,44.189453125
920682,56.21337890625
921158,59.08203125
928360,67.7490234375
928433,79.52880859375
933277,77.20947265625
933434,83.3740234375
940924,72.93701171875
946250,61.03515625
946583,44.677734375
947727,45.7763671875
948301,49.74365234375
952182,46.32568359375
953602,51.69677734375
953623,89.111328125
954591,97.7783203125
956673,77.45361328125
957615,75.01220703125
957962,43.701171875
962073,45.5322265625
962996,54.99267578125
963221,50.9033203125
963431,47.30224609375
963556,48.88916015625
963635,42.90771484375
963675,43.27392578125
963851,45.8984375
964443,46.32568359375
964591,61.6455078125
964931,54.01611328125
965226,49.01123046875
965538,43.76220703125
977176,82.82470703125
978091,48.15673828125
978759,78.79638671875
984234,57.31201171875
984314,57.12890625
990983,42.3583984375
998348,79.833984375
998527,82.763671875
999527,44.12841796875
1000754,63.04931640625
1007624,101.86767578125
1008546,49.4384765625
1008809,43.27392578125
1008854,42.6025390625
1008991,48.52294921875
1009357,43.51806640625
1009651,49.560546875
1009884,45.22705078125
1010116,46.142578125
1010186,47.119140625
1018824,82.33642578125
1024835,99.365234375
1025200,74.52392578125
1034627,85.205078125
1041848,78.91845703125
1043864,43.15185546875
1047978,43.8232421875
1049869,78.0029296875
1050735,79.52880859375
1053763,83.0078125
1057830,45.10498046875
1060400,78.55224609375
1063767,80.078125
1063863,43.64013671875
1064327,46.08154296875
1064971,42.8466796875
1065071,43.212890625
1069609,87.158203125
1069861,75.8056640625
1073574,88.80615234375
1076755,67.5048828125
1078577,58.4716796875
1081051,70.068359375
1083826,63.29345703125
1090342,43.02978515625
1091699,44.61669921875
1096517,52.79541015625
1096790,75.98876953125
1096968,72.3876953125
1096993,65.61279296875
1097028,66.162109375
1097056,53.77197265625
1097115,82.03125
1097179,43.45703125
1097203,54.6875
1097293,43.3349609375
1097420,53.8330078125
1097563,54.74853515625
1097857,42.48046875
1098083,47.4853515625
1098173,44.61669921875
1098384,42.3583984375
1098704,44.98291015625
1098920,48.15673828125
1099250,42.96875
1099454,90.8203125
1099592,49.01123046875
1100412,45.83740234375
1100713,43.701171875
1106763,81.97021484375
1107197,73.79150390625
1112849,44.49462890625
1117054,82.70263671875
1121762,85.99853515625
1122231,61.279296875
1127284,73.91357421875
1132226,72.69287109375
1141276,86.181640625
1141780,43.8232421875
1142323,83.0078125
1145585,67.7490234375
1149486,87.890625
1149892,56.82373046875
1149919,48.4619140625
1150133,45.654296875
1150439,43.02978515625
1150691,54.87060546875
1150909,51.26953125
1150937,42.78564453125
1151019,43.02978515625
1151174,42.724609375
1151397,44.86083984375
1151905,46.5087890625
1156904,74.52392578125
1157061,79.2236328125
1157249,55.48095703125
1158380,49.74365234375
1163233,74.21875
1163815,44.0673828125
1166992,53.5888671875
1167163,51.1474609375
1173012,66.58935546875
1174777,81.72607421875
1178240,76.11083984375
1178340,88.56201171875
1178539,81.11572265625
1178877,50.84228515625
1178986,56.396484375
1179051,45.71533203125
1179369,67.93212890625
1179452,51.8798828125
1179791,42.78564453125
1179944,56.884765625
1180893,43.701171875
1190228,82.21435546875
1196028,76.66015625
1196201,74.951171875
1197964,43.39599609375
1201611,72.998046875
1218623,78.0029296875
1219069,81.1767578125
1222228,89.599609375
1222425,67.32177734375
1222497,43.45703125
1222820,48.03466796875
1222841,43.02978515625
1223136,52.001953125
1223359,43.76220703125
1223919,44.00634765625
1224298,55.908203125
1224656,43.88427734375
1225256,42.8466796875
1235967,52.001953125
1236400,48.583984375
1239509,88.80615234375
1239791,77.57568359375
1240112,44.43359375
1246256,81.97021484375
1246373,91.97998046875
1246740,81.9091796875
1246860,65.7958984375
1247014,80.56640625
1247050,49.13330078125
1247128,44.189453125
1247152,45.5322265625
1247270,42.48046875
1247280,44.49462890625
1247334,53.28369140625
1247353,43.51806640625
1247453,46.38671875
1247536,57.67822265625
1247700,47.2412109375
1247811,61.70654296875
1247854,52.1240234375
1248863,44.12841796875
1249301,47.119140625
1256650,81.84814453125
1261328,86.669921875
1261531,66.95556640625
1261584,42.96875
1261664,57.9833984375
1261795,51.513671875
1261937,47.7294921875
1262129,53.7109375
1262203,43.76220703125
1262450,45.34912109375
1262844,50.1708984375
1263095,43.0908203125
1263136,42.90771484375
1263321,49.62158203125
1263547,44.5556640625
1263922,42.48046875
1273317,49.98779296875
1273391,53.955078125
1273604,73.66943359375
1274011,94.6044921875
1282176,80.2001953125
1283307,42.3583984375
1283667,70.556640625
1286172,63.04931640625
1286306,72.998046875
1286508,74.15771484375
1286593,47.9736328125
1286664,55.60302734375
1286839,47.79052734375
1287174,70.25146484375
1287849,42.41943359375
1287873,45.95947265625
1287922,49.25537109375
1288267,48.88916015625
1296498,72.93701171875
1302112,73.73046875
1302188,52.55126953125
1302996,75.8056640625
1303135,58.41064453125
1303720,42.96875
1304410,42.41943359375
1304783,50.84228515625
1304884,42.724609375
1306168,43.701171875
1313954,89.17236328125
1313980,69.3359375
1313994,42.66357421875
1314074,77.2705078125
1314150,42.90771484375
1314172,81.11572265625
1314230,75.98876953125
1314267,44.3115234375
1314598,50.59814453125
1314892,49.13330078125
1315195,42.78564453125
1315222,80.01708984375
1315300,61.46240234375
1315980,46.20361328125
1316593,46.38671875
1317438,65.85693359375
1323414,75.62255859375
1323471,83.06884765625
1323695,81.23779296875
1323897,50.78125
1324555,45.5322265625
1324634,74.21875
1324972,57.861328125
1324992,63.8427734375
1325238,43.45703125
1325425,47.4853515625
1325452,45.8984375
1325816,43.02978515625
1326970,43.76220703125
1332328,82.763671875
1332766,61.03515625
1340118,71.83837890625
1344485,73.3642578125
1344600,70.73974609375
1344768,68.78662109375
1344848,46.32568359375
1345008,70.556640625
1345292,53.64990234375
1345617,54.87060546875
1345806,47.7294921875
1346163,50.1708984375
1354084,59.75341796875
1356958,87.5244140625
1357093,46.56982421875
1357275,77.880859375
1357349,43.64013671875
1365726,64.8193359375
1375209,85.51025390625
1375719,75.3173828125
1379548,83.67919921875
1379689,73.3642578125
1379814,53.77197265625
1379913,43.64013671875
1379997,74.40185546875
1380358,43.88427734375
1380393,44.86083984375
1380525,43.3349609375
1380729,44.189453125
1380917,52.91748046875
1381602,68.05419921875
1381800,55.908203125
1381842,43.45703125
1382320,47.4853515625
1382780,49.8046875
1391856,79.16259765625
1396465,74.21875
1396641,66.34521484375
1396885,107.5439453125
1397311,53.22265625
1397513,43.02978515625
1398095,52.6123046875
1398278,47.91259765625
1398937,46.38671875
1399396,44.49462890625
1399614,48.095703125
1405359,76.2939453125
1405450,64.3310546875
1407064,68.2373046875
1412856,86.7919921875
1412985,74.40185546875
1413023,44.921875
1413134,43.8232421875
1416358,61.34033203125
1416573,58.59375
1416743,52.24609375
1417345,71.10595703125
1417696,42.48046875
1417994,59.326171875
1418425,44.25048828125
1419743,63.17138671875
1420029,46.875
1420359,43.0908203125
1420443,69.51904296875
1420474,61.279296875
1420838,52.6123046875
1421458,45.7763671875
1421488,43.76220703125
1422074,42.48046875
1422941,75.74462890625
1426415,43.15185546875
1427346,60.36376953125
1435497,75.74462890625
1436916,44.5556640625
1437143,77.5146484375
1439693,42.78564453125
1439746,43.76220703125
1440286,78.4912109375
1445496,83.984375
1445881,78.2470703125
1451587,82.51953125
1453199,68.115234375
1453673,42.78564453125
1456821,44.25048828125
1459382,66.7724609375
1459438,42.724609375
1459747,71.96044921875
1460228,46.20361328125
1460435,57.7392578125
1460464,42.78564453125
1460480,44.5556640625
1460517,43.8232421875
1460619,51.025390625
1460646,62.07275390625
1460906,44.7998046875
1461144,53.466796875
1461468,42.78564453125
1462969,44.0673828125
1471187,69.39697265625
1471362,44.25048828125
1476674,86.36474609375
1480047,69.2138671875
1482912,80.078125
1485699,52.8564453125
1487018,60.72998046875
1487088,47.8515625
1487236,71.77734375
1487447,42.3583984375
1487763,54.13818359375
1488424,44.61669921875
1488777,46.2646484375
1489019,72.509765625
1489079,42.90771484375
1489991,77.94189453125
1490008,48.52294921875
1490147,44.5556640625
1490237,47.7294921875
1490751,45.8984375
1490988,50.23193359375
1491041,74.89013671875
1491097,71.83837890625
1491135,46.44775390625
1491586,47.18017578125
1491771,56.15234375
1492083,42.41943359375
1492113,42.78564453125
1492196,67.32177734375
1492295,44.37255859375
1492328,44.98291015625
1492497,48.4619140625
1492870,42.48046875
1500927,69.51904296875
1503426,71.96044921875
1504624,65.7958984375
1504992,69.51904296875
1505663,43.88427734375
1506021,42.78564453125
1507197,58.04443359375
1508121,63.65966796875
1511034,62.68310546875
1511425,57.0068359375
1515071,70.068359375
1517255,78.55224609375
1518233,46.9970703125
1519499,76.416015625
1524572,43.15185546875
1525015,61.279296875
1528272,67.87109375
1528778,60.36376953125
1530742,57.9833984375
1532343,62.07275390625
1532627,64.697265625
1532952,58.77685546875
1533677,44.61669921875
1534616,53.40576171875
1545592,76.0498046875
1549561,73.91357421875
1555575,45.2880859375
1555834,44.189453125
1556110,42.54150390625
1556378,47.91259765625
1556704,46.08154296875
1557330,53.52783203125
1557410,44.61669921875
1557477,46.0205078125
1557616,53.03955078125
1558713,47.79052734375
1564054,85.75439453125
1564464,74.21875
1564680,56.94580078125
1566801,45.166015625
1566822,59.26513671875
1566851,82.21435546875
1566889,53.52783203125
1566941,79.345703125
1566971,64.208984375
1567003,68.90869140625
1567016,71.47216796875
1567048,47.4853515625
1567072,46.32568359375
1567118,65.97900390625
1567154,83.19091796875
1567187,45.95947265625
1567208,50.537109375
1567247,67.9931640625
1567325,42.54150390625
1567337,55.48095703125
1567360,45.47119140625
1567413,43.45703125
1567431,42.3583984375
1567463,64.51416015625
1567473,52.8564453125
1567505,58.10546875
1567536,47.7294921875
1567592,53.466796875
1567620,49.49951171875
1567635,44.7998046875
1567667,67.68798828125
1567677,64.453125
1567698,49.98779296875
1567710,59.02099609375
1567765,50.23193359375
1567778,51.08642578125
1567871,47.66845703125
1567891,43.76220703125
1567922,47.66845703125
1567973,47.8515625
1567996,42.66357421875
1568035,45.95947265625
1568069,53.03955078125
1568133,56.0302734375
1568200,56.45751953125
1568232,45.166015625
1568346,44.921875
1568388,55.0537109375
1568462,47.79052734375
1568605,75.8056640625
1568686,44.73876953125
1568784,43.8232421875
1568961,46.7529296875
1569012,48.2177734375
1569104,46.38671875
1569234,42.78564453125
1569517,42.48046875
1569587,45.34912109375
1569793,45.2880859375
1569975,48.4619140625
1576106,43.39599609375
1581215,44.0673828125
1582832,46.9970703125
1590931,44.189453125
1595175,81.0546875
1596889,43.39599609375
1600937,81.72607421875
1606706,65.36865234375
1611322,148.4375
1611673,73.05908203125
1611932,45.654296875
1612068,92.46826171875
1612305,52.1240234375
1612677,43.02978515625
1612736,45.10498046875
1612946,42.48046875
1613037,49.9267578125
1613814,51.513671875
1613932,44.73876953125
1614560,46.2646484375
1621015,71.35009765625
1622434,69.03076171875
1625492,46.20361328125
1627571,95.0927734375
1627804,75.01220703125
1627847,42.6025390625
1627963,52.001953125
1628039,44.0673828125
1638855,72.509765625
1641437,71.96044921875
1642107,68.66455078125
1648964,74.15771484375
1651139,50.29296875
1651408,56.0302734375
1651480,51.94091796875
1654375,82.51953125
1654720,70.61767578125
1656514,48.4619140625
1659806,42.724609375
1660136,83.740234375
1667272,46.630859375
1668880,87.21923828125
1668908,62.6220703125
1668931,47.4853515625
1669100,84.89990234375
1669223,76.904296875
1669276,54.19921875
1669362,62.43896484375
1669483,42.3583984375
1669580,56.09130859375
1669629,45.34912109375
1669710,50.4150390625
1669745,50.29296875
1669761,50.29296875
1669785,63.53759765625
1669805,42.78564453125
1669834,49.31640625
1669849,60.48583984375
1669869,43.8232421875
1669894,61.46240234375
1669913,64.14794921875
1669924,49.62158203125
1669955,50.1708984375
1669965,55.48095703125
1669989,57.4951171875
1670035,46.69189453125
1670061,52.30712890625
1670131,59.02099609375
1670142,50.10986328125
1670179,42.3583984375
1670199,45.5322265625
1670215,51.7578125
1670262,51.3916015625
1670331,43.212890625
1670381,48.88916015625
1670394,49.31640625
1670593,44.921875
1670621,43.88427734375
1670698,48.7060546875
1670802,44.0673828125
1670905,45.5322265625
1670937,43.3349609375
1671001,44.921875
1671124,61.34033203125
1671181,43.701171875
1671194,44.00634765625
1671325,51.1474609375
1671735,45.5322265625
1672221,55.7861328125
1683776,44.0673828125
1683858,49.8046875
1683979,51.8798828125
1684012,47.42431640625
1684110,52.6123046875
1684190,43.9453125
1684210,44.921875
1684236,55.11474609375
1684277,47.9736328125
1684298,53.52783203125
1684353,43.51806640625
1684381,48.15673828125
1684405,46.32568359375
1684508,49.072265625
1684603,45.34912109375
1684707,46.5087890625
1684730,56.2744140625
1684780,43.45703125
1684938,50.47607421875
1684975,64.02587890625
1685099,50.35400390625
1685164,47.2412109375
1685186,46.81396484375
1685222,47.54638671875
1685389,46.93603515625
1690688,47.30224609375
1708372,45.166015625
1720525,80.810546875
1723854,44.98291015625
1723876,85.693359375
1723949,84.5947265625
1723974,43.212890625
1724001,110.107421875
1724030,83.43505859375
1724062,76.23291015625
1724079,55.11474609375
1724194,55.17578125
1724226,115.3564453125
1724299,75.8056640625
1724581,45.8984375
1724602,46.2646484375
1724631,49.62158203125
1724776,72.021484375
1724900,50.10986328125
1724953,45.8984375
1724981,45.34912109375
1724991,62.6220703125
1725036,47.05810546875
1725056,44.677734375
1725108,45.83740234375
1725188,45.34912109375
1725212,62.19482421875
1725247,43.3349609375
1725285,52.24609375
1725377,61.58447265625
1725457,47.4853515625
1725565,43.212890625
1725665,44.25048828125
1725729,46.5087890625
1725861,64.75830078125
1725885,45.22705078125
1725968,51.08642578125
1726576,48.4619140625
1726611,44.12841796875
1737058,42.8466796875
1737076,50.10986328125
1737097,84.77783203125
1737121,49.560546875
1737212,56.82373046875
1737412,42.48046875
1737656,47.18017578125
1737681,42.3583984375
1737845,43.3349609375
1737916,58.65478515625
1738152,47.7294921875
1738302,45.83740234375
1738514,58.53271484375
1738779,59.14306640625
1738909,43.88427734375
1739233,58.59375
1739358,53.8330078125
1739804,49.49951171875
1744138,75.50048828125
1747151,68.2373046875
1747956,69.580078125
1748018,86.3037109375
1748276,79.7119140625
1748336,45.71533203125
1748690,64.94140625
1749705,46.69189453125
1763861,83.251953125
1765289,76.7822265625
1767133,100.7080078125
1767186,64.3310546875
1775547,43.3349609375
1775580,101.07421875
1775590,61.1572265625
1775639,76.416015625
1775681,46.93603515625
1775716,57.43408203125
1775734,50.84228515625
1775748,65.0634765625
1775830,49.072265625
1775900,47.8515625
1775972,43.15185546875
1776030,47.7294921875
1776047,43.45703125
1776100,65.85693359375
1776157,46.7529296875
1776187,56.2744140625
1776250,83.06884765625
1776323,45.0439453125
1776364,57.12890625
1776427,43.27392578125
1776444,53.955078125
1776524,46.630859375
1776534,49.01123046875
1776616,63.720703125
1776652,52.490234375
1776662,45.7763671875
1776689,42.96875
1776923,45.166015625
1776953,43.8232421875
1777032,43.3349609375
1777069,43.5791015625
1777103,51.94091796875
1777237,47.30224609375
1777269,55.84716796875
1777381,44.00634765625
1777405,50.1708984375
1777625,46.7529296875
1777777,43.212890625
1778057,48.4619140625
1778361,49.13330078125
1787729,86.36474609375
1787781,62.92724609375
1787897,83.8623046875
1787952,48.64501953125
1788027,43.02978515625
1788108,47.7294921875
1788126,42.96875
1788159,42.48046875
1788245,60.97412109375
1788299,47.05810546875
1788367,46.56982421875
1788457,47.2412109375
1788489,43.02978515625
1788584,46.69189453125
1788657,49.9267578125
1788759,44.43359375
1788792,46.38671875
1788823,44.43359375
1788914,64.8193359375
1788925,46.08154296875
1788971,44.37255859375
1789033,52.18505859375
1789142,43.0908203125
1789153,42.66357421875
1789262,49.4384765625
1789297,47.7294921875
1789510,46.142578125
1789696,47.30224609375
1789979,51.45263671875
1800314,44.00634765625
1801842,82.51953125
1802247,52.8564453125
1803334,43.3349609375
1809285,81.48193359375
1812705,57.861328125
1812734,83.49609375
1812768,76.5380859375
1812789,81.48193359375
1812810,44.00634765625
1812853,72.021484375
1812882,74.03564453125
1812918,44.12841796875
1812945,46.142578125
1812966,43.51806640625
1813014,46.0205078125
1813059,46.7529296875
1813079,70.068359375
1813211,64.51416015625
1813256,61.09619140625
1813270,63.04931640625
1813332,45.0439453125
1813645,53.7109375
1813716,44.677734375
1813938,57.7392578125
1813955,44.677734375
1814069,53.52783203125
1814186,54.0771484375
1814231,43.15185546875
1814405,47.30224609375
1814499,48.27880859375
1814684,45.10498046875
1814872,49.37744140625
1815153,43.15185546875
1826854,42.66357421875
1827104,44.43359375
1834847,44.7998046875
1837409,80.9326171875
1837470,63.720703125
1837493,82.94677734375
1837548,74.951171875
1837593,53.7109375
1837626,56.57958984375
1837727,80.50537109375
1837795,66.89453125
1837846,45.0439453125
1837862,42.6025390625
1837999,65.36865234375
1838084,57.80029296875
1838103,47.119140625
1838136,52.3681640625
1838228,59.87548828125
1838284,53.64990234375
1838317,58.04443359375
1838353,47.119140625
1838429,49.98779296875
1838442,52.8564453125
1838538,59.99755859375
1838654,68.29833984375
1838678,44.73876953125
1838750,42.54150390625
1838776,72.8759765625
1838884,46.32568359375
1839005,50.59814453125
1839019,50.4150390625
1839222,57.9833984375
1839581,51.8798828125
1839790,44.677734375
1840144,44.0673828125
1852546,48.88916015625
1852921,57.55615234375
1863662,92.7734375
1863690,43.45703125
1863867,94.05517578125
1867819,86.85302734375
1873136,84.1064453125
1873305,60.72998046875
1873436,67.19970703125
1873640,79.4677734375
1874202,46.08154296875
1879764,63.8427734375
1883987,55.11474609375
1884069,97.412109375
1884104,69.51904296875
1884133,109.2529296875
1884155,115.78369140625
1884175,45.2880859375
1884203,43.0908203125
1884222,61.09619140625
1884259,68.78662109375
1884289,56.2744140625
1884337,53.64990234375
1884373,53.955078125
1884422,44.3115234375
1884468,44.12841796875
1884485,85.44921875
1884518,63.1103515625
1884597,46.5087890625
1884619,53.52783203125
1884668,54.3212890625
1884709,49.37744140625
1884774,44.37255859375
1884813,44.98291015625
1884843,52.734375
1884876,48.583984375
1884917,42.724609375
1884965,50.47607421875
1884991,43.15185546875
1885002,63.8427734375
1885084,69.9462890625
1885165,42.724609375
1885201,47.36328125
1885228,54.26025390625
1885258,47.54638671875
1885297,48.4619140625
1885457,44.25048828125
1885533,65.61279296875
1885639,45.71533203125
1885741,50.10986328125
1885891,49.560546875
1886010,44.0673828125
1886026,59.99755859375
1886103,46.38671875
1886420,48.33984375
1886576,44.43359375
1886616,55.35888671875
1897324,66.95556640625
1897537,49.37744140625
1897577,56.57958984375
1897740,43.39599609375
1897765,43.212890625
1897843,46.56982421875
1897856,106.8115234375
1898007,45.59326171875
1898018,63.5986328125
1898130,51.33056640625
1898192,45.7763671875
1898299,51.7578125
1898312,46.93603515625
1898379,42.724609375
1898495,49.01123046875
1898524,54.13818359375
1898559,45.5322265625
1898671,70.6787109375
1898746,44.25048828125
1898811,42.96875
1898995,54.19921875
1899032,50.10986328125
1899362,52.734375
1907508,65.49072265625
1907805,70.4345703125
1908544,53.955078125
1919367,49.62158203125
1919427,84.47265625
1919467,48.7060546875
1919484,69.4580078125
1919504,93.994140625
1919544,98.14453125
1919585,56.70166015625
1919598,44.677734375
1919730,42.66357421875
1919756,49.4384765625
1919766,66.34521484375
1919828,52.91748046875
1919875,43.3349609375
1919902,44.61669921875
1920078,49.01123046875
1920113,44.5556640625
1920177,47.79052734375
1920228,45.95947265625
1920247,42.66357421875
1920285,51.1474609375
1920364,54.3212890625
1920432,50.4150390625
1920515,47.30224609375
1920557,48.7060546875
1920623,47.30224609375
1920658,58.837890625
1920735,48.33984375
1920812,46.875
1920921,48.52294921875
1921074,48.76708984375
1921311,45.47119140625
1921400,66.34521484375
1921803,42.6025390625
1921983,45.2880859375
1937428,50.47607421875
1937588,43.02978515625
1937600,47.91259765625
1937927,54.0771484375
1938010,48.76708984375
1938116,64.51416015625
1938310,49.6826171875
1938490,43.15185546875
1938559,44.5556640625
1938725,53.955078125
1938847,43.45703125
1939154,45.7763671875
1939266,43.9453125
1939286,49.4384765625
1939326,49.01123046875
1939716,44.3115234375
1950207,84.53369140625
1950358,70.61767578125
1950653,46.32568359375
1950917,50.10986328125
1951520,43.02978515625
1951888,43.9453125
1961400,74.8291015625
1962249,54.62646484375
1962278,80.9326171875
1962310,48.15673828125
1962326,97.35107421875
1962346,84.41162109375
1962387,50.537109375
1962414,45.8984375
1962442,43.27392578125
1962462,48.76708984375
1962516,45.654296875
1962532,71.59423828125
1962564,76.2939453125
1962584,49.1943359375
1962606,66.83349609375
1962625,47.36328125
1962684,47.42431640625
1962715,59.63134765625
1962730,47.4853515625
1962746,43.27392578125
1962787,52.734375
1962822,50.35400390625
1962857,46.630859375
1962889,60.546875
1962927,59.326171875
1963018,57.18994140625
1963036,56.45751953125
1963057,43.0908203125
1963134,47.119140625
1963168,44.43359375
1963238,42.78564453125
1963256,49.31640625
1963336,58.77685546875
1963423,46.0205078125
1963501,46.9970703125
1963518,57.18994140625
1963628,43.15185546875
1963640,63.17138671875
1963702,42.6025390625
1963731,53.22265625
1963770,45.34912109375
1963863,47.2412109375
1963997,53.955078125
1964111,51.08642578125
1964255,43.39599609375
1964453,50.1708984375
1964587,43.701171875
1964904,49.31640625
1966842,86.73095703125
1967274,59.814453125
1967576,52.734375
1967809,54.13818359375
1967831,43.27392578125
1968032,42.54150390625
1968085,69.15283203125
1968522,57.31201171875
1969254,59.75341796875
1978212,62.31689453125
1978363,57.0068359375
1978389,60.6689453125
1978508,62.68310546875
1978559,47.54638671875
1978579,44.7998046875
1978626,77.0263671875
1978675,47.36328125
1978730,53.22265625
1978794,52.79541015625
1978877,47.607421875
1978910,46.9970703125
1978935,80.9326171875
1979125,53.5888671875
1979158,56.396484375
1979197,44.37255859375
1979377,44.7998046875
1979423,58.10546875
1979633,50.72021484375
1979744,51.025390625
1979995,45.83740234375
1980492,47.7294921875
1980918,44.86083984375
1991770,44.677734375
1999282,81.1767578125
1999978,81.72607421875
2001034,43.39599609375
2001121,48.52294921875
2001423,48.828125
2001517,63.232421875
2001618,63.96484375
2001776,51.6357421875
2001884,43.15185546875
2001899,48.33984375
2001918,55.908203125
2002010,49.31640625
2002156,44.25048828125
2002198,42.6025390625
2002248,47.2412109375
2002277,43.3349609375
2002574,44.49462890625
2002629,44.7998046875
2002716,50.537109375
2002888,46.20361328125
2003188,49.31640625
2007346,87.890625
2008180,84.716796875
2010353,74.40185546875
2011241,72.1435546875
2017770,85.26611328125
2019955,56.396484375
2028966,76.35498046875
2034017,77.1484375
2034341,62.92724609375
2035145,80.6884765625
2037907,54.26025390625
2039918,67.3828125
2039995,42.8466796875
2040175,63.90380859375
2040256,47.4853515625
2040431,47.9736328125
2046632,75.74462890625
2047636,50.048828125
2053270,67.44384765625
2055766,76.2939453125
2056179,73.05908203125
2056914,44.73876953125
2064322,83.984375
2068659,48.828125
2068717,70.80078125
2068750,47.4853515625
2068783,52.24609375
2068813,60.6689453125
2068867,60.11962890625
2068885,78.2470703125
2068927,97.71728515625
2068948,59.2041015625
2068978,47.42431640625
2069043,70.61767578125
2069127,70.49560546875
2069211,55.5419921875
2069398,58.89892578125
2069455,44.7998046875
2069477,47.36328125
2069680,44.0673828125
2069779,61.03515625
2069925,42.66357421875
2069944,43.9453125
2070057,44.3115234375
2070149,49.62158203125
2070169,42.90771484375
2070260,43.39599609375
2070601,48.64501953125
2080044,83.251953125
2082228,48.4619140625
2082278,76.5380859375
2082324,44.12841796875
2082409,71.4111328125
2082520,57.4951171875
2082851,47.7294921875
2083947,49.62158203125
2090454,43.3349609375
2090659,82.09228515625
2095106,68.359375
2095149,79.04052734375
2095167,63.65966796875
2095188,58.04443359375
2095222,56.45751953125
2095246,47.36328125
2095342,82.763671875
2095354,95.8251953125
2095626,74.27978515625
2095684,46.44775390625
2095742,70.73974609375
2095947,45.59326171875
2096133,43.15185546875
2104907,69.03076171875
2105234,65.4296875
2106265,76.7822265625
2107994,43.76220703125
2108245,58.41064453125
2112123,79.77294921875
2115316,69.9462890625
2119056,73.8525390625
2120572,73.486328125
2120723,61.8896484375
2120813,53.8330078125
2120929,65.36865234375
2121075,47.607421875
2123424,72.265625
2129452,73.486328125
2131124,45.47119140625
2131172,43.51806640625
2131218,44.61669921875
2131235,71.22802734375
2131271,75.62255859375
2131321,48.7060546875
2131348,77.1484375
2131359,62.68310546875
2131387,56.21337890625
2131467,70.9228515625
2131547,54.50439453125
2131644,43.9453125
2131767,60.60791015625
2131969,50.35400390625
2131983,43.8232421875
2132030,53.955078125
2132365,45.2880859375
2132618,47.79052734375
2133197,42.90771484375
2133380,46.56982421875
2133734,44.3115234375
2135808,42.78564453125
2135935,49.8046875
2136024,62.92724609375
2136090,63.90380859375
2136156,64.14794921875
2136168,68.29833984375
2136295,48.2177734375
2136423,48.15673828125
2144212,77.7587890625
2145894,85.75439453125
2145908,56.09130859375
2145931,97.10693359375
2145996,55.5419921875
2146016,58.9599609375
2146046,62.5
2146059,98.93798828125
2146121,53.28369140625
2146149,64.5751953125
2146160,61.5234375
2146188,56.884765625
2146200,43.5791015625
2146327,52.978515625
2146346,69.15283203125
2146410,65.85693359375
2146527,42.78564453125
2146625,42.90771484375
2146755,42.54150390625
2147036,55.17578125
2147901,49.62158203125
2148432,49.86572265625
2157708,75.8056640625
2166699,73.18115234375
2167732,85.9375
2169274,70.80078125
2174690,70.00732421875
2176014,80.56640625
2176869,42.54150390625
2178692,79.77294921875
2180196,67.3828125
2182745,82.21435546875
2182784,55.0537109375
2182820,68.115234375
2182863,82.70263671875
2182891,84.5947265625
2182904,57.12890625
2182938,43.76220703125
2182968,46.0205078125
2182991,87.09716796875
2183010,58.59375
2183030,48.76708984375
2183075,47.42431640625
2183098,57.55615234375
2183110,58.10546875
2183148,51.513671875
2183158,48.095703125
2183187,81.60400390625
2183202,52.8564453125
2183215,46.93603515625
2183226,50.048828125
2183260,44.0673828125
2183307,47.7294921875
2183436,70.9228515625
2183479,45.22705078125
2183525,44.12841796875
2183642,54.99267578125
2183687,60.85205078125
2183708,44.12841796875
2183876,60.85205078125
2183928,53.03955078125
2183961,66.58935546875
2184105,44.5556640625
2184174,42.48046875
2184301,43.15185546875
2184333,47.8515625
2184489,44.43359375
2184558,65.61279296875
2185249,44.5556640625
2186161,45.654296875
2195193,66.46728515625
2195516,66.22314453125
2197369,62.31689453125
2199955,71.044921875
2200258,73.30322265625
2203789,75.37841796875
2206036,64.39208984375
2206441,86.24267578125
2208558,63.5986328125
2211921,61.8896484375
2213135,48.27880859375
2213504,48.9501953125
2213723,44.677734375
2213737,46.0205078125
2213837,44.5556640625
2213891,43.212890625
2214309,65.0634765625
2214553,43.212890625
2214649,46.69189453125
2214673,45.654296875
2215422,42.78564453125
2222353,74.27978515625
2225889,45.41015625
2226460,84.65576171875
2228135,73.79150390625
2236844,74.52392578125
2238110,123.47412109375
2238165,166.07666015625
2238184,48.095703125
2238200,51.025390625
2238219,86.36474609375
2238250,74.3408203125
2238268,56.884765625
2238297,65.91796875
2238335,55.5419921875
2238347,48.583984375
2238369,43.45703125
2238494,47.30224609375
2238518,57.4951171875
2238538,53.3447265625
2238657,52.6123046875
2238761,43.02978515625
2238781,45.71533203125
2238843,46.7529296875
2238923,55.5419921875
2239040,48.7060546875
2239121,44.98291015625
2241841,42.54150390625
2250281,73.05908203125
2250845,80.26123046875
2252720,69.2138671875
2259266,72.44873046875
2263708,74.64599609375
2269053,86.73095703125
2269334,80.50537109375
2272281,65.97900390625
2272421,68.78662109375
2274975,65.12451171875
2277130,54.19921875
2282583,85.02197265625
2287068,68.4814453125
2287459,44.43359375
2291683,70.49560546875
2293162,63.90380859375
2296659,71.47216796875
2297242,53.8330078125
2298769,62.07275390625
2299010,106.93359375
2299195,44.3115234375
2299229,46.69189453125
2299306,54.19921875
2299646,43.64013671875
2301431,58.59375
2301472,60.72998046875
2311303,72.44873046875
2316148,73.79150390625
2322633,79.7119140625
2325311,72.265625
2330193,71.77734375
2331218,72.3876953125
2331365,66.10107421875
2331797,45.7763671875
2332347,49.25537109375
2332577,45.2880859375
2332857,55.11474609375
2333095,43.8232421875
2333410,48.583984375
2333439,45.7763671875
2333501,56.15234375
2333516,55.2978515625
2334029,47.8515625
2334098,46.5087890625
2334929,44.189453125
2338379,67.19970703125
2338402,81.72607421875
2338426,60.24169921875
2338461,65.5517578125
2338527,59.326171875
2338544,82.763671875
2338570,50.84228515625
2338742,72.08251953125
2338754,65.12451171875
2338865,44.86083984375
2338901,54.0771484375
2339097,71.22802734375
2339265,54.62646484375
2339822,50.84228515625
2346929,77.45361328125
2349071,71.6552734375
2350393,56.82373046875
2350891,58.837890625
2355553,68.29833984375
2359704,63.90380859375
2359780,64.02587890625
2359816,61.95068359375
2359836,85.38818359375
2359866,65.61279296875
2359905,61.09619140625
2359921,95.458984375
2360015,49.072265625
2360039,73.8525390625
2360055,52.06298828125
2360065,52.18505859375
2360168,59.87548828125
2360206,42.90771484375
2360286,49.1943359375
2360297,47.05810546875
2360377,54.62646484375
2360639,61.34033203125
2361241,43.0908203125
2361979,42.8466796875
2362255,47.2412109375
2362413,43.88427734375
2370247,70.73974609375
2373884,82.275390625
2374080,64.8193359375
2376269,61.95068359375
2382128,78.30810546875
2385296,71.4111328125
2399744,64.88037109375
2401917,79.28466796875
2403741,66.2841796875
2404784,50.47607421875
2407522,87.21923828125
2407696,68.17626953125
2411088,76.416015625
2411168,51.025390625
2412634,44.5556640625
2415246,86.85302734375
2415311,56.45751953125
2415330,78.18603515625
2415423,48.27880859375
2415549,50.78125
2416469,45.22705078125
2417128,57.6171875
2417175,55.6640625
2417186,44.43359375
2417361,62.255859375
2417379,44.49462890625
2417394,46.0205078125
2417439,65.00244140625
2417481,48.095703125
2417498,45.47119140625
2417514,55.35888671875
2417596,44.86083984375
2417632,57.55615234375
2417660,106.8115234375
2417682,55.84716796875
2417720,51.81884765625
2417807,62.68310546875
2417836,77.94189453125
2418028,47.9736328125
2418056,57.31201171875
2418251,42.724609375
2418377,49.49951171875
2418538,43.45703125
2418600,50.59814453125
2418822,49.9267578125
2419239,42.724609375
2424418,68.9697265625
2424497,78.4912109375
2424557,60.791015625
2424676,49.37744140625
2424692,58.89892578125
2424769,68.17626953125
2424943,44.5556640625
2424970,43.51806640625
2425210,50.72021484375
2425233,57.80029296875
2425564,60.546875
2425607,42.48046875
2426376,44.3115234375
2426839,55.72509765625
2431839,73.30322265625
2432034,59.26513671875
2437016,57.6171875
2437509,58.9599609375
2442172,76.84326171875
2445719,59.4482421875
2446147,66.2841796875
2446298,52.67333984375
2448849,65.36865234375
2462946,70.4345703125
2463191,74.27978515625
2464481,70.12939453125
2464885,67.2607421875
2465822,42.96875
2466377,72.3876953125
2466415,74.15771484375
2466444,53.3447265625
2466460,71.1669921875
2466501,48.7060546875
2466604,83.67919921875
2466780,48.27880859375
2466817,42.8466796875
2467305,51.025390625
2467353,47.8515625
2467498,46.81396484375
2468125,47.8515625
2475836,74.64599609375
2476485,66.46728515625
2476610,61.58447265625
2477597,58.837890625
2477855,66.162109375
2480711,62.6220703125
2484005,68.29833984375
2485695,64.3310546875
2486862,71.59423828125
2488506,43.88427734375
2491544,69.091796875
2493285,66.10107421875
2496293,69.39697265625
2500716,67.81005859375
2503534,56.7626953125
2509344,70.4345703125
2511771,78.06396484375
2516525,68.7255859375
2516876,63.04931640625
2517230,46.93603515625
2517381,43.701171875
2524349,89.599609375
2524561,58.10546875
2529803,73.486328125
2534470,61.4013671875
2534829,69.9462890625
2537524,71.1669921875
2539274,50.048828125
2539453,43.88427734375
2539543,45.0439453125
2539942,44.0673828125
2543652,43.5791015625
2545281,53.64990234375
2547278,79.833984375
2549632,69.091796875
2551684,76.23291015625
2551871,50.29296875
2554364,67.3828125
2557632,75.68359375
2560612,74.52392578125
2561113,64.02587890625
2565468,73.05908203125
2565800,73.54736328125
2567383,70.80078125
2567474,70.556640625
2567577,59.08203125
2567604,75.01220703125
2567624,64.94140625
2567648,55.84716796875
2567716,52.55126953125
2567740,66.2841796875
2567869,44.5556640625
2567916,59.814453125
2569000,55.35888671875
2569281,46.20361328125
2569755,47.607421875
2570363,44.43359375
2570923,54.931640625
2572321,42.48046875
2574476,65.3076171875
2574537,55.84716796875
2574554,83.43505859375
2574583,46.2646484375
2574659,45.41015625
2574703,56.640625
2574755,43.8232421875
2574765,74.40185546875
2574895,51.20849609375
2574934,47.05810546875
2574952,57.31201171875
2576877,59.38720703125
2576912,44.25048828125
2576941,96.49658203125
2576978,54.87060546875
2577008,66.40625
2577074,43.45703125
2577086,43.51806640625
2577102,70.556640625
2577124,71.35009765625
2577142,54.99267578125
2577179,45.8984375
2577257,67.9931640625
2577273,44.73876953125
2577295,50.9033203125
2577332,43.15185546875
2577363,43.5791015625
2577375,78.43017578125
2577454,48.03466796875
2577484,48.583984375
2577501,43.88427734375
2577568,53.1005859375
2577591,48.15673828125
2577632,54.87060546875
2577649,42.54150390625
2577674,45.2880859375
2577719,43.5791015625
2577757,46.142578125
2577801,42.54150390625
2577841,44.5556640625
2577879,42.66357421875
2577955,67.19970703125
2577969,48.15673828125
2577993,44.25048828125
2578017,43.0908203125
2578097,48.583984375
2578138,48.583984375
2578265,62.744140625
2578279,69.15283203125
2578445,58.77685546875
2578531,43.212890625
2578549,56.0302734375
2578573,44.86083984375
2578860,60.72998046875
2578965,51.33056640625
2579361,49.6826171875
2579398,45.166015625
2580246,42.724609375
2580701,43.701171875
2591585,43.45703125
2592627,42.96875
2607967,46.142578125
2611237,75.0732421875
2625878,43.9453125
2630505,68.29833984375
2634320,67.5048828125
2634545,84.5947265625
2646337,92.6513671875
2646400,64.453125
2646480,48.9501953125
2646495,98.69384765625
2646617,82.21435546875
2646773,54.19921875
2647279,43.15185546875
2647355,55.60302734375
2647831,56.396484375
2648109,43.88427734375
2648370,45.166015625
2648616,54.931640625
2648635,43.27392578125
2648767,44.73876953125
2648787,46.0205078125
2649148,45.8984375
2649300,45.22705078125
2649455,46.44775390625
2662372,71.10595703125
2664529,75.25634765625
2664588,68.29833984375
2664637,58.7158203125
2664654,69.15283203125
2664705,49.01123046875
2664779,60.60791015625
2664818,69.39697265625
2664854,43.88427734375
2665024,56.94580078125
2665070,87.158203125
2665209,54.62646484375
2665305,49.98779296875
2665316,44.00634765625
2665353,43.3349609375
2665415,63.41552734375
2665679,42.90771484375
2665769,50.29296875
2665877,64.14794921875
2665940,55.419921875
2665966,49.1943359375
2665983,54.19921875
2666000,42.6025390625
2666030,50.9033203125
2666079,53.28369140625
2666116,43.39599609375
2666128,43.27392578125
2666163,61.34033203125
2666216,43.8232421875
2666232,49.1943359375
2666275,57.7392578125
2666297,55.11474609375
2666318,45.47119140625
2666405,52.06298828125
2666426,49.25537109375
2666517,48.76708984375
2666533,43.3349609375
2666565,42.78564453125
2666636,43.3349609375
2666654,44.98291015625
2666730,48.9501953125
2666981,46.44775390625
2667253,43.45703125
2667292,44.5556640625
2667642,50.96435546875
2669181,42.724609375
2675790,68.05419921875
2678114,51.26953125
2678407,70.1904296875
2678945,44.12841796875
2679471,43.8232421875
2680140,44.921875
2680200,52.91748046875
2701615,82.70263671875
2701653,49.62158203125
2708187,88.31787109375
2709444,54.87060546875
2714674,77.5146484375
2723367,42.54150390625
2724323,84.16748046875
2724444,81.4208984375
2724529,84.53369140625
2726337,53.466796875
2727138,50.96435546875
2727392,48.095703125
2727636,44.3115234375
2727903,50.59814453125
2728626,53.52783203125
2728885,49.62158203125
2729339,42.6025390625
2730368,44.86083984375
2743616,85.44921875
2744251,43.45703125
2750777,47.4853515625
2753418,89.7216796875
2753511,79.1015625
2758216,99.06005859375
2759206,72.6318359375
2760151,80.2001953125
2760287,61.4013671875
2760494,49.13330078125
2760820,55.96923828125
2760931,64.3310546875
2761181,44.37255859375
2772585,73.30322265625
2773973,76.2939453125
2783311,46.142578125
2786111,47.05810546875
2786549,43.76220703125
2786893,49.49951171875
2787032,47.18017578125
2791974,89.35546875
2792431,76.7822265625
2809416,63.17138671875
2812738,46.2646484375
2820366,73.974609375
2824315,42.66357421875
2825662,48.4619140625
2825680,89.05029296875
2826007,69.76318359375
2827109,52.6123046875
2828029,52.67333984375
2828181,42.6025390625
2831286,75.3173828125
2831381,45.8984375
2831404,83.92333984375
2831720,69.76318359375
2835624,44.37255859375
2845470,44.37255859375
2845763,77.45361328125
2845778,59.26513671875
2845796,101.4404296875
2846141,44.189453125
2846279,45.5322265625
2846383,42.48046875
2846490,44.61669921875
2846575,52.1240234375
2846682,45.5322265625
2846870,44.00634765625
2847090,42.8466796875
2847245,46.56982421875
2847350,43.27392578125
2847577,42.78564453125
2848016,46.69189453125
2857602,89.90478515625
2857719,70.12939453125
2857763,50.29296875
2858515,73.974609375
2860121,68.05419921875
2867462,51.513671875
2867623,49.62158203125
2867893,42.724609375
2868352,44.73876953125
2869011,46.630859375
2869662,51.45263671875
2869693,42.90771484375
2870448,46.32568359375
2871183,44.00634765625
2871794,46.81396484375
2881302,49.4384765625
2881383,75.5615234375
2881395,56.884765625
2881489,42.66357421875
2881513,69.580078125
2881534,88.80615234375
2881610,56.396484375
2886941,81.84814453125
2894186,44.7998046875
2894596,83.92333984375
2895158,75.98876953125
2898249,67.81005859375
2902485,70.00732421875
2902578,52.8564453125
2902621,44.12841796875
2902973,52.734375
2903255,51.81884765625
2903407,46.81396484375
2903850,51.7578125
2903997,43.9453125
2904206,43.76220703125
2904412,56.21337890625
2904713,53.3447265625
2920445,75.86669921875
2920772,75.3173828125
2921235,46.142578125
2921325,44.7998046875
2921351,45.7763671875
2922225,45.71533203125
2922724,42.90771484375
2922996,48.40087890625
2923757,42.6025390625
2923854,44.73876953125
2924975,45.166015625
2930607,60.11962890625
2932361,53.5888671875
2935431,48.76708984375
2940070,48.15673828125
2940126,43.3349609375
2940305,43.5791015625
2940352,44.25048828125
2940450,84.8388671875
2940932,47.42431640625
2941007,43.64013671875
2941862,58.65478515625
2941946,43.3349609375
2942775,44.25048828125
2943089,44.43359375
2943675,55.7861328125
2944530,46.38671875
2944566,86.42578125
2944986,49.1943359375
2950369,75.01220703125
2952526,52.55126953125
2952697,53.03955078125
2955910,83.740234375
2960323,80.74951171875
2961168,42.96875
2967095,51.08642578125
2967292,53.89404296875
2967334,59.02099609375
2973054,80.99365234375
2974986,56.396484375
2975483,58.837890625
2975721,52.79541015625
2975754,42.6025390625
2976098,50.96435546875
2976405,44.5556640625
2977396,51.7578125
2980632,86.60888671875
2982486,82.763671875
2982688,77.392578125
2983231,42.96875
2983602,51.7578125
2983623,53.3447265625
2984973,44.677734375
2988507,85.02197265625
2991222,76.84326171875
2992462,59.326171875
2992614,47.7294921875
2992658,45.5322265625
2995018,70.80078125
3001320,77.57568359375
3002376,47.4853515625
3002632,55.23681640625
3003414,45.10498046875
3008607,45.7763671875
3008744,47.79052734375
3009065,43.88427734375
3009459,46.5087890625
3010295,42.6025390625
3010641,53.52783203125
3011031,47.30224609375
3011633,50.59814453125
3015988,79.40673828125
3016322,45.5322265625
3016386,47.119140625
3016465,55.7861328125
3016492,47.4853515625
3016511,45.47119140625
3016525,44.921875
3016535,45.34912109375
3016561,63.53759765625
3016676,48.40087890625
3016705,89.35546875
3016801,48.15673828125
3016815,44.73876953125
3016833,47.7294921875
3016854,54.3212890625
3016919,46.9970703125
3016942,44.37255859375
3016958,46.93603515625
3016991,42.96875
3017014,45.47119140625
3017059,44.00634765625
3017131,58.65478515625
3017159,46.81396484375
3017315,46.44775390625
3017343,87.40234375
3017489,48.2177734375
3017585,47.7294921875
3017612,65.24658203125
3017829,54.6875
3017843,45.59326171875
3017977,55.908203125
3018144,56.82373046875
3018224,45.47119140625
3018840,44.3115234375
3019191,42.6025390625
3028728,45.2880859375
3030060,43.701171875
3030181,49.62158203125
3030395,52.79541015625
3030411,44.61669921875
3030510,43.0908203125
3030560,42.78564453125
3030593,45.41015625
3030738,57.0068359375
3030762,47.05810546875
3030899,47.18017578125
3030935,43.51806640625
3031122,45.2880859375
3040149,67.9931640625
3041069,49.9267578125
3041663,44.677734375
3042030,45.5322265625
3043787,53.955078125
3050601,68.2373046875
3053463,61.58447265625
3053758,47.66845703125
3063611,45.0439453125
3063877,75.74462890625
3065181,46.0205078125
3076456,72.509765625
3078352,85.205078125
3084596,83.31298828125
3086463,72.021484375
3089379,69.88525390625
3096150,80.87158203125
3096215,44.189453125
3096256,50.78125
3096539,51.6357421875
3097366,44.3115234375
3100745,67.9931640625
3105137,77.7587890625
3107326,94.3603515625
3107552,43.51806640625
3109269,75.50048828125
3110266,47.42431640625
3110751,49.1943359375
3111053,43.701171875
3111444,60.4248046875
3111457,43.15185546875
3111509,50.35400390625
3111991,46.2646484375
3112389,46.20361328125
3112661,51.3916015625
3113081,42.66357421875
3113589,50.78125
3114071,44.43359375
3123293,97.22900390625
3123653,69.7021484375
3123854,46.5087890625
3135675,80.2001953125
3136578,43.39599609375
3138559,47.36328125
3141058,79.833984375
3143795,81.6650390625
3144015,43.76220703125
3149045,75.3173828125
3151591,81.1767578125
3152213,63.29345703125
3153895,49.37744140625
3158447,80.322265625
3161520,74.52392578125
3165107,78.369140625
3167851,68.9697265625
3172278,81.72607421875
3173037,68.359375
3175589,44.3115234375
3175602,50.537109375
3175902,42.724609375
3176183,54.13818359375
3176634,47.42431640625
3176789,43.39599609375
3177346,71.22802734375
3177661,50.1708984375
3178028,46.2646484375
3182790,80.56640625
3183027,69.88525390625
3183153,63.4765625
3187881,79.58984375
3190551,73.6083984375
3194896,44.86083984375
3202714,42.724609375
3207030,77.08740234375
3209591,46.875
3214810,82.45849609375
3215554,70.556640625
3217129,44.3115234375
3221899,75.98876953125
3222093,66.10107421875
3227183,66.650390625
3227332,56.09130859375
3227455,42.8466796875
3230018,63.4765625
3238665,85.3271484375
3246730,80.9326171875
3252244,82.21435546875
3252288,47.36328125
3252308,74.21875
3252319,64.63623046875
3252358,51.1474609375
3252436,45.0439453125
3252467,91.00341796875
3252520,66.58935546875
3252560,58.53271484375
3252570,42.54150390625
3252641,62.80517578125
3252700,50.048828125
3252713,59.08203125
3252742,43.8232421875
3252784,46.93603515625
3252801,44.73876953125
3252827,64.63623046875
3252859,59.08203125
3252888,81.23779296875
3252935,76.72119140625
3252988,50.72021484375
3252998,45.83740234375
3253117,53.52783203125
3253136,51.1474609375
3253198,50.6591796875
3253311,59.5703125
3253326,47.9736328125
3253435,44.49462890625
3253470,50.59814453125
3253519,50.35400390625
3253628,48.7060546875
3253658,52.734375
3253809,71.83837890625
3253836,44.5556640625
3253862,54.0771484375
3254017,72.1435546875
3254102,44.37255859375
3254171,50.59814453125
3260231,43.39599609375
3260362,48.7060546875
3262416,48.64501953125
3272125,45.71533203125
3272717,42.78564453125
3272761,45.654296875
3273274,46.32568359375
3273358,45.59326171875
3285974,77.63671875
3289831,86.3037109375
3290722,43.02978515625
3292411,79.65087890625
3293642,73.30322265625
3294288,64.8193359375
3295113,42.78564453125
3306094,91.00341796875
3306402,46.08154296875
3311838,76.11083984375
3314330,75.8056640625
3317293,73.3642578125
3323693,67.19970703125
3324483,73.66943359375
3324989,64.63623046875
3327025,60.72998046875
3327852,61.8896484375
3336168,72.20458984375
3337366,47.4853515625
3338251,42.54150390625
3341337,72.44873046875
3343011,70.00732421875
3355486,77.33154296875
3357350,84.8388671875
3360279,71.96044921875
3361171,73.54736328125
3364117,71.35009765625
3369090,68.4814453125
3378128,84.77783203125
3382741,50.1708984375
3383006,49.86572265625
3383387,43.5791015625
3383482,51.94091796875
3383494,70.1904296875
3383515,59.6923828125
3383643,43.64013671875
3383749,47.8515625
3383771,44.37255859375
3383854,46.69189453125
3383968,42.48046875
3383984,45.10498046875
3384230,49.01123046875
3384507,56.82373046875
3384733,45.7763671875
3384847,43.64013671875
3384937,43.5791015625
3385215,52.8564453125
3386272,43.39599609375
3392535,72.1435546875
3394631,66.95556640625
3395904,65.3076171875
3396914,46.2646484375
3397106,49.560546875
3397634,51.3916015625
3402249,79.1015625
3403772,46.81396484375
3404114,77.94189453125
3404287,62.19482421875
3404330,43.27392578125
3404507,65.24658203125
3404592,78.55224609375
3404732,45.2880859375
3404807,48.4619140625
3405290,49.49951171875
3405727,50.23193359375
3406271,44.25048828125
3406327,55.48095703125
3415700,68.90869140625
3416947,51.81884765625
3417043,67.44384765625
3417600,45.5322265625
3418222,46.0205078125
3419657,85.02197265625
3421316,72.20458984375
3423668,67.81005859375
3428557,43.02978515625
3431463,47.30224609375
3431569,55.908203125
3434051,79.89501953125
3435455,71.8994140625
3442299,73.974609375
3443890,69.03076171875
3448759,82.21435546875
3448985,55.6640625
3449926,47.607421875
3449977,60.72998046875
3450358,58.349609375
3450810,55.35888671875
3451652,49.6826171875
3452623,51.57470703125
3456709,84.41162109375
3458662,72.265625
3459320,51.8798828125
3462692,66.95556640625
3464828,71.6552734375
3465518,42.90771484375
3465786,68.54248046875
3466133,50.29296875
3468803,44.189453125
3468819,70.4345703125
3469661,59.14306640625
3472639,42.66357421875
3474150,47.4853515625
3474784,42.90771484375
3478366,73.30322265625
3478653,54.3212890625
3479771,45.5322265625
3480236,59.75341796875
3486637,60.60791015625
3489825,64.0869140625
3491069,43.02978515625
3492283,45.654296875
3494525,49.62158203125
3494804,45.59326171875
3494824,42.78564453125
3495019,44.86083984375
3495087,45.8984375
3495152,84.77783203125
3495325,45.22705078125
3495600,47.42431640625
3495717,43.76220703125
3495801,42.54150390625
3495950,51.6357421875
3496033,48.76708984375
3496102,44.7998046875
3496512,44.3115234375
3496821,84.9609375
3504013,47.18017578125
3504145,47.79052734375
3504412,51.57470703125
3505698,54.87060546875
3509934,46.630859375
3514184,56.70166015625
3522555,63.4765625
3523680,79.16259765625
3524302,42.96875
3524974,47.607421875
3525348,42.78564453125
3525431,74.70703125
3525492,79.9560546875
3525525,56.7626953125
3525545,44.3115234375
3525594,49.9267578125
3525612,79.28466796875
3525630,64.0869140625
3525653,53.3447265625
3525677,48.828125
3525701,43.701171875
3525742,47.54638671875
3525768,50.72021484375
3525797,53.64990234375
3525818,64.63623046875
3525846,72.08251953125
3525908,55.17578125
3525928,67.626953125
3525948,68.54248046875
3525992,61.03515625
3526043,46.0205078125
3526092,83.55712890625
3526174,69.51904296875
3526192,47.119140625
3526204,47.91259765625
3526246,43.15185546875
3526259,66.22314453125
3526275,46.93603515625
3526316,49.9267578125
3526337,60.24169921875
3526350,55.7861328125
3526375,77.81982421875
3526425,58.16650390625
3526446,57.9833984375
3526499,54.38232421875
3526524,48.27880859375
3526543,56.0302734375
3526602,43.8232421875
3526631,42.66357421875
3526672,60.546875
3526683,52.8564453125
3526743,52.67333984375
3526818,49.25537109375
3526849,42.724609375
3526946,43.5791015625
3526961,60.9130859375
3527013,42.90771484375
3527029,60.11962890625
3527160,43.3349609375
3527180,43.51806640625
3527301,55.35888671875
3527388,49.6826171875
3527480,48.15673828125
3527490,58.10546875
3527699,57.43408203125
3527712,55.17578125
3527738,45.41015625
3527855,44.5556640625
3533214,48.095703125
3534100,42.724609375
3536718,50.10986328125
3537339,76.72119140625
3540052,44.98291015625
3540244,49.01123046875
3540303,44.3115234375
3540729,42.90771484375
3541047,44.7998046875
3541210,47.4853515625
3546234,42.48046875
3547826,46.875
3547856,43.5791015625
3551170,43.88427734375
3551556,42.6025390625
3552063,60.60791015625
3552503,44.12841796875
3552612,53.3447265625
3553030,76.66015625
3555186,78.9794921875
3559994,43.39599609375
3563490,44.189453125
3563950,54.6875
3564527,49.1943359375
3565650,43.9453125
3565694,49.8046875
3576397,82.45849609375
3577007,55.908203125
3579467,45.0439453125
3584427,43.5791015625
3593286,43.27392578125
3595333,45.95947265625
3597773,48.095703125
3601976,75.8056640625
3602925,46.32568359375
3603238,54.01611328125
3604895,43.39599609375
3605285,47.36328125
3605663,47.9736328125
3606051,58.7158203125
3606075,70.12939453125
3606092,92.529296875
3606152,75.5615234375
3606212,55.7861328125
3606270,69.15283203125
3606341,65.97900390625
3606369,56.0302734375
3606381,44.86083984375
3606444,42.6025390625
3606790,59.87548828125
3606870,71.6552734375
3606947,44.677734375
3607048,61.70654296875
3607077,43.212890625
3607113,43.9453125
3608257,42.6025390625
3608576,45.654296875
3609437,44.37255859375
3610008,44.5556640625
3620750,42.96875
3621642,42.8466796875
3623243,90.63720703125
3626461,68.54248046875
3631525,47.30224609375
3631747,47.66845703125
3636430,45.59326171875
3638666,49.8046875
3641033,77.392578125
3642731,45.41015625
3645414,77.81982421875
3649151,53.466796875
3650174,43.51806640625
3652697,57.92236328125
3652876,72.998046875
3653400,48.64501953125
3654218,62.744140625
3654277,45.41015625
3654300,63.5986328125
3654350,50.10986328125
3654376,50.048828125
3654464,64.8193359375
3654492,49.37744140625
3654524,49.6826171875
3654547,45.95947265625
3654558,67.56591796875
3654689,44.0673828125
3654705,80.9326171875
3655222,42.96875
3655322,61.09619140625
3655351,77.1484375
3655619,42.8466796875
3655751,58.837890625
3656008,48.583984375
3656222,43.15185546875
3656442,44.49462890625
3656536,43.15185546875
3656826,53.1005859375
3657304,46.875
3658069,44.98291015625
3658099,43.3349609375
3664262,50.10986328125
3665349,75.98876953125
3665942,81.6650390625
3666705,45.0439453125
3668447,68.359375
3670373,65.61279296875
3672951,44.00634765625
3673039,43.5791015625
3673514,64.3310546875
3673770,65.73486328125
3673793,79.833984375
3673813,75.62255859375
3673830,57.2509765625
3673905,57.06787109375
3673944,68.2373046875
3673958,52.1240234375
3674092,48.828125
3674367,44.61669921875
3674917,56.70166015625
3675179,44.98291015625
3675844,64.39208984375
3676189,47.79052734375
3676258,48.095703125
3677114,42.54150390625
3685982,81.787109375
3686679,70.49560546875
3687761,45.10498046875
3689193,66.58935546875
3690885,60.85205078125
3690992,42.78564453125
3691046,85.99853515625
3691099,43.701171875
3691125,60.60791015625
3691208,55.48095703125
3691233,56.94580078125
3691280,77.7587890625
3691298,56.2744140625
3691455,51.94091796875
3691545,57.9833984375
3691617,42.8466796875
3691704,60.6689453125
3691874,55.72509765625
3692062,45.166015625
3693500,51.81884765625
3693741,46.2646484375
3693864,46.38671875
3694361,48.2177734375
3694460,44.189453125
3700954,73.6083984375
3701510,64.75830078125
3701576,43.02978515625
3701649,63.90380859375
3701674,59.326171875
3701708,44.00634765625
3701755,45.8984375
3701771,62.744140625
3701807,75.439453125
3701878,43.39599609375
3701909,45.59326171875
3702055,53.466796875
3702067,58.7158203125
3702108,54.5654296875
3702208,56.33544921875
3702270,44.73876953125
3702447,51.3916015625
3702776,53.03955078125
3702845,56.5185546875
3703668,44.00634765625
3707442,60.11962890625
3709665,66.58935546875
3709722,44.677734375
3709732,94.482421875
3709782,57.861328125
3709836,43.02978515625
3709880,46.2646484375
3709967,49.9267578125
3710029,78.43017578125
3710178,56.7626953125
3710255,51.20849609375
3710297,62.31689453125
3710340,51.513671875
3711139,49.37744140625
3711185,43.3349609375
3712814,42.66357421875
3717842,66.89453125
3718939,62.8662109375
3719556,64.02587890625
3721116,54.8095703125
3722760,74.15771484375
3723589,73.1201171875
3723641,71.6552734375
3723660,50.4150390625
3723686,45.34912109375
3723713,52.91748046875
3723751,48.64501953125
3723768,50.84228515625
3723787,50.78125
3723804,62.744140625
3723827,66.0400390625
3723846,70.4345703125
3723869,67.44384765625
3723889,58.53271484375
3723905,51.7578125
3723928,69.7021484375
3723952,75.5615234375
3723967,67.5048828125
3724050,43.0908203125
3724066,46.142578125
3724083,50.78125
3724160,47.30224609375
3724276,44.43359375
3724294,116.63818359375
3724416,60.05859375
3724494,45.166015625
3724508,51.3916015625
3724540,47.54638671875
3724633,49.1943359375
3724644,47.7294921875
3724691,46.0205078125
3724733,48.40087890625
3724852,53.7109375
3724994,51.57470703125
3725005,45.47119140625
3725068,47.18017578125
3725204,47.66845703125
3726072,48.7060546875
3726177,45.83740234375
3729302,45.10498046875
3734345,47.91259765625
3734550,62.3779296875
3734637,82.51953125
3734655,118.10302734375
3734754,50.96435546875
3734770,58.7158203125
3734847,69.76318359375
3734886,73.91357421875
3735069,50.84228515625
3735280,43.5791015625
3735432,48.33984375
3735912,54.6875
3735948,62.92724609375
3736049,46.44775390625
3736243,61.82861328125
3736470,72.265625
3736586,43.88427734375
3744408,53.03955078125
3744983,71.10595703125
3745741,94.54345703125
3746260,47.607421875
3746863,45.8984375
3747376,70.61767578125
3747592,48.7060546875
3755656,65.49072265625
3755744,62.8662109375
3755830,79.7119140625
3756617,75.25634765625
3762411,50.96435546875
3767857,44.00634765625
3767996,62.3779296875
3770010,72.69287109375
3775279,73.73046875
3778641,62.8662109375
3778726,58.349609375
3778772,76.5380859375
3778825,63.90380859375
3778887,55.60302734375
3778903,45.22705078125
3778933,42.6025390625
3778956,60.05859375
3779006,47.30224609375
3779036,42.48046875
3779156,47.54638671875
3779169,60.1806640625
3779195,45.95947265625
3779277,47.2412109375
3779438,54.50439453125
3779547,58.04443359375
3779601,50.6591796875
3779615,55.96923828125
3779800,45.47119140625
3780006,46.56982421875
3780204,55.6640625
3780465,42.78564453125
3785239,70.98388671875
3787405,57.12890625
3793573,46.630859375
3794974,67.93212890625
3795055,70.9228515625
3795256,45.71533203125
3795476,59.75341796875
3801832,70.37353515625
3805600,60.72998046875
3805840,47.66845703125
3806258,43.3349609375
3806862,43.15185546875
3813485,70.86181640625
3813677,80.322265625
3813711,70.49560546875
3813758,81.9091796875
3813803,49.25537109375
3813918,61.58447265625
3814081,53.5888671875
3814518,44.189453125
3814738,64.88037109375
3815226,43.88427734375
3820726,42.8466796875
3821472,65.85693359375
3821549,63.5986328125
3821610,47.79052734375
3821626,47.7294921875
3821692,114.501953125
3821702,46.38671875
3821743,44.921875
3821923,47.9736328125
3821985,60.48583984375
3822018,52.79541015625
3822088,55.84716796875
3822114,42.48046875
3822157,54.62646484375
3822185,69.2138671875
3822203,50.23193359375
3822226,67.07763671875
3822337,42.6025390625
3822418,77.2705078125
3822465,84.41162109375
3822491,63.17138671875
3822521,48.64501953125
3822654,59.26513671875
3822688,53.28369140625
3822743,52.3681640625
3822768,42.48046875
3822794,44.49462890625
3822811,44.61669921875
3822858,81.84814453125
3822904,47.607421875
3822974,43.39599609375
3823024,47.607421875
3823065,46.56982421875
3823222,44.0673828125
3823258,77.69775390625
3823276,60.24169921875
3823356,56.884765625
3823377,43.45703125
3823393,53.28369140625
3823491,53.8330078125
3823567,61.21826171875
3824081,46.93603515625
3824735,42.8466796875
3831760,81.0546875
3834444,86.5478515625
3834462,44.0673828125
3834498,54.99267578125
3834510,54.13818359375
3834536,46.7529296875
3834583,52.1240234375
3834654,98.81591796875
3834695,59.6923828125
3834725,56.2744140625
3834762,46.5087890625
3834790,44.921875
3834948,47.36328125
3835157,44.3115234375
3835206,51.20849609375
3835327,43.45703125
3835351,43.212890625
3835589,43.76220703125
3835689,53.3447265625
3843638,66.83349609375
3843653,53.52783203125
3843881,48.9501953125
3843913,58.53271484375
3844082,59.814453125
3844407,66.89453125
3844564,43.88427734375
3844919,45.654296875
3844965,79.04052734375
3844993,42.48046875
3845037,44.677734375
3845093,44.61669921875
3845174,57.373046875
3845201,53.8330078125
3845277,43.9453125
3845437,44.00634765625
3845496,47.9736328125
3852182,69.76318359375
3855126,42.6025390625
3855162,43.45703125
3855178,75.439453125
3855225,48.64501953125
3855257,81.60400390625
3855314,72.998046875
3855507,45.22705078125
3855524,67.44384765625
3855580,51.26953125
3855703,45.41015625
3855725,67.138671875
3855775,48.4619140625
3856004,45.10498046875
3856118,48.583984375
3856426,43.3349609375
3863092,72.93701171875
3863160,45.8984375
3863419,75.927734375
3863477,68.66455078125
3863598,51.26953125
3863734,71.35009765625
3863814,46.7529296875
3863958,45.41015625
3864034,59.02099609375
3864489,54.62646484375
3864516,43.212890625
3864553,55.96923828125
3864572,55.908203125
3864594,46.44775390625
3864631,52.42919921875
3864681,73.66943359375
3864698,72.69287109375
3864730,57.0068359375
3864760,53.466796875
3864817,61.58447265625
3864837,43.02978515625
3864859,67.32177734375
3864951,43.3349609375
3865083,43.45703125
3865126,71.71630859375
3865444,51.69677734375
3865491,51.08642578125
3872175,45.10498046875
3872482,44.921875
3872853,67.68798828125
3873668,47.36328125
3874454,59.26513671875
3874732,51.81884765625
3874753,75.50048828125
3874774,44.98291015625
3874789,44.12841796875
3874809,82.70263671875
3874978,59.38720703125
3875007,49.01123046875
3875155,46.630859375
3875270,44.37255859375
3875352,47.119140625
3875644,43.27392578125
3875728,44.0673828125
3883311,69.03076171875
3883912,46.38671875
3884105,66.95556640625
3884516,44.7998046875
3884593,50.35400390625
3884612,75.62255859375
3884654,59.14306640625
3884683,75.62255859375
3884710,60.546875
3884746,50.72021484375
3884767,55.96923828125
3884961,48.4619140625
3885001,100.09765625
3885039,51.025390625
3885222,62.80517578125
3885245,60.60791015625
3885318,49.25537109375
3885622,46.93603515625
3892846,43.64013671875
3893136,87.0361328125
3893432,55.35888671875
3893552,70.25146484375
3893650,42.96875
3894138,46.93603515625
3894149,54.8095703125
3894178,64.14794921875
3894222,45.47119140625
3894251,55.6640625
3894338,64.208984375
3894370,43.76220703125
3894417,44.0673828125
3894455,46.20361328125
3894538,46.44775390625
3894621,53.28369140625
3894947,60.05859375
3895154,48.33984375
3902004,44.189453125
3904158,63.8427734375
3904171,48.7060546875
3904223,65.91796875
3904238,61.767578125
3904265,43.02978515625
3904308,43.51806640625
3904346,44.73876953125
3904371,47.66845703125
3904396,44.25048828125
3904459,57.861328125
3904580,43.15185546875
3904785,50.84228515625
3904828,65.12451171875
3904877,49.8046875
3904926,47.36328125
3904990,43.5791015625
3905027,62.98828125
3905148,54.38232421875
3905168,59.50927734375
3914538,61.4013671875
3914561,83.3740234375
3914596,80.87158203125
3914632,84.41162109375
3914712,58.4716796875
3914757,52.24609375
3914775,52.67333984375
3914804,60.72998046875
3914824,48.76708984375
3914895,83.55712890625
3914911,43.5791015625
3914935,43.9453125
3914988,48.7060546875
3915073,59.14306640625
3915101,50.35400390625
3915132,42.66357421875
3915152,60.11962890625
3915277,48.27880859375
3915325,51.025390625
3915349,50.048828125
3915503,44.189453125
3915601,65.85693359375
3915616,59.4482421875
3915665,44.86083984375
3924365,71.8994140625
3924638,77.2705078125
3924680,65.7958984375
3924782,49.9267578125
3924895,65.49072265625
3934244,91.4306640625
3934287,95.52001953125
3934319,54.3212890625
3934357,59.14306640625
3934469,43.15185546875
3934548,53.8330078125
3934625,50.35400390625
3934654,47.79052734375
3934679,69.580078125
3934758,51.8798828125
3934779,75.0732421875
3934871,42.90771484375
3934987,76.5380859375
3935861,44.7998046875
3943116,46.38671875
3943151,76.66015625
3943182,79.833984375
3943231,60.791015625
3943274,72.1435546875
3943300,60.72998046875
3943317,42.48046875
3943516,54.01611328125
3943540,46.38671875
3943571,59.38720703125
3943608,58.53271484375
3943636,46.38671875
3943963,70.6787109375
3944047,49.6826171875
3944293,46.38671875
3949331,61.6455078125
3949387,71.47216796875
3949429,59.87548828125
3949543,57.861328125
3949622,48.828125
3949718,46.08154296875
3949768,46.32568359375
3949832,66.34521484375
3949973,49.25537109375
3950094,59.4482421875
3950127,51.94091796875
3950313,58.16650390625
3950443,66.7724609375
3950588,47.4853515625
3950690,64.63623046875
3950701,63.4765625
3950924,55.60302734375
3950947,58.2275390625
3950963,44.189453125
3951212,43.212890625
3951850,43.9453125
3952328,45.22705078125
3959863,42.66357421875
3960048,45.34912109375
3960059,69.03076171875
3960081,60.791015625
3960109,82.94677734375
3960156,42.8466796875
3960176,85.14404296875
3960202,55.908203125
3960226,45.34912109375
3960248,43.45703125
3960282,46.875
3960343,51.025390625
3960378,56.5185546875
3960447,46.38671875
3960484,46.38671875
3960514,44.0673828125
3960562,47.30224609375
3960589,50.6591796875
3960758,61.8896484375
3970377,57.9833984375
3970442,71.22802734375
3970507,69.03076171875
3970527,66.95556640625
3970550,46.9970703125
3970602,52.30712890625
3970641,51.1474609375
3970716,56.82373046875
3970743,46.630859375
3970861,74.76806640625
3971110,49.01123046875
3971261,58.28857421875
3971287,73.42529296875
3971470,51.33056640625
3971498,50.23193359375
3971520,59.4482421875
3971772,57.9833984375
3981049,72.69287109375
3981060,72.6318359375
3981100,51.94091796875
3981116,54.8095703125
3981134,43.76220703125
3981191,82.3974609375
3981214,66.22314453125
3981277,44.189453125
3981330,62.8662109375
3981376,61.70654296875
3981387,42.724609375
3981463,44.43359375
3981482,43.39599609375
3981502,53.03955078125
3981543,52.55126953125
3981582,73.91357421875
3981619,63.720703125
3981665,44.5556640625
3981680,43.3349609375
3981788,84.28955078125
3981818,75.68359375
3981960,64.51416015625
3981987,58.59375
3982112,49.25537109375
3982144,45.654296875
3989346,60.36376953125
3991371,46.7529296875
3991912,45.41015625
3993259,66.162109375
3995700,68.359375
3997561,61.70654296875
4001228,60.60791015625
4001821,57.31201171875
4002145,46.875
4002363,92.1630859375
4002401,106.201171875
4002447,73.73046875
4002489,48.4619140625
4002570,49.1943359375
4002763,48.03466796875
4002786,42.78564453125
4002808,72.69287109375
4002822,55.60302734375
4002955,56.15234375
4002988,46.44775390625
4003120,43.15185546875
4003320,43.3349609375
4003439,44.5556640625
4003620,42.66357421875
4013957,43.02978515625
4013972,61.1572265625
4014002,69.15283203125
4014088,48.4619140625
4014170,73.30322265625
4014200,66.650390625
4014253,72.75390625
4014279,48.095703125
4014342,45.0439453125
4014374,83.0078125
4014443,43.45703125
4014455,57.55615234375
4014522,42.724609375
4014544,42.54150390625
4014565,51.45263671875
4014593,47.66845703125
4014857,43.15185546875
4014900,45.95947265625
4014910,53.52783203125
4014958,56.21337890625
4015101,49.37744140625
4015148,65.97900390625
4015264,42.54150390625
4024038,67.138671875
4024093,45.83740234375
4024140,66.83349609375
4024168,80.26123046875
4024221,48.828125
4024266,62.43896484375
4024353,65.12451171875
4024372,45.0439453125
4024450,50.78125
4024628,49.62158203125
4024638,45.41015625
4024879,71.59423828125
4024937,45.166015625
4025428,58.349609375
4040027,46.69189453125
4040042,80.62744140625
4040522,50.59814453125
4040608,84.9609375
4040620,58.16650390625
4040635,81.84814453125
4040682,46.875
4040732,48.33984375
4040747,59.14306640625
4040757,46.875
4040781,79.7119140625
4040842,105.28564453125
4041043,51.94091796875
4041154,61.34033203125
4041212,46.38671875
4041234,42.724609375
4041258,62.43896484375
4041315,43.9453125
4041423,46.7529296875
4041805,48.15673828125
4043216,43.27392578125
4050977,43.02978515625
4051887,44.3115234375
4052133,76.11083984375
4052143,104.55322265625
4052206,46.69189453125
4052350,49.49951171875
4052400,56.94580078125
4052420,81.72607421875
4052482,42.8466796875
4052640,45.654296875
4052655,53.52783203125
4052701,44.3115234375
4052748,46.0205078125
4052762,53.7109375
4052775,46.9970703125
4052818,46.5087890625
4052855,45.8984375
4053082,43.5791015625
4053133,55.2978515625
4053166,54.8095703125
4053183,44.86083984375
4053440,51.33056640625
4053630,62.68310546875
4053933,66.83349609375
4053970,48.33984375
4061898,70.80078125
4070659,68.4814453125
4070891,119.140625
4070908,43.0908203125
4070936,51.26953125
4070966,60.791015625
4070993,60.4248046875
4071028,82.8857421875
4071054,43.3349609375
4071143,47.607421875
4071189,45.10498046875
4071215,46.32568359375
4071286,50.537109375
4071466,56.884765625
4071476,88.7451171875
4071492,45.95947265625
4071581,57.67822265625
4071647,43.212890625
4072436,49.8046875
4072856,42.96875
4083320,60.05859375
4083394,48.2177734375
4083428,50.78125
4083461,44.12841796875
4083482,75.13427734375
4083498,77.33154296875
4083645,44.98291015625
4083663,78.7353515625
4083765,48.4619140625
4083995,47.9736328125
4084030,55.2978515625
4084304,43.701171875
4084324,71.1669921875
4084487,50.1708984375
4084675,51.513671875
4084695,72.1435546875
4092199,67.68798828125
4094657,68.4814453125
4094745,74.70703125
4094841,44.43359375
4094940,76.7822265625
4094959,86.7919921875
4095101,83.92333984375
4095254,50.537109375
4095267,48.88916015625
4095342,68.17626953125
4095356,43.5791015625
4095388,45.41015625
4095429,49.62158203125
4095727,46.56982421875
4095775,44.49462890625
4108183,80.2001953125
4108515,51.8798828125
4108567,44.86083984375
4108588,45.34912109375
4108642,78.9794921875
4108663,45.10498046875
4108697,58.53271484375
4108723,43.27392578125
4108745,43.02978515625
4108867,52.6123046875
4108982,42.8466796875
4109006,49.62158203125
4109039,59.02099609375
4109075,46.08154296875
4109381,52.6123046875
4109817,45.2880859375
4119956,77.94189453125
4120150,45.2880859375
4120350,72.81494140625
4120372,71.044921875
4120414,58.837890625
4120525,81.84814453125
4120636,47.42431640625
4120646,119.68994140625
4120702,44.00634765625
4120796,49.49951171875
4120818,50.29296875
4120974,46.81396484375
4120991,80.62744140625
4121170,45.8984375
4121215,42.66357421875
4121249,46.20361328125
4133620,78.67431640625
4134224,64.14794921875
4134276,45.41015625
4134308,55.0537109375
4134409,63.8427734375
4134444,52.79541015625
4134522,44.73876953125
4134555,43.9453125
4134569,42.96875
4134601,43.64013671875
4134630,43.88427734375
4134657,42.48046875
4134675,51.025390625
4134787,57.9833984375
4134874,46.2646484375
4134904,44.5556640625
4135006,43.64013671875
4135176,63.720703125
4135493,55.419921875
4147293,70.25146484375
4147896,91.12548828125
4147955,54.13818359375
4148043,51.3916015625
4148110,62.92724609375
4148168,55.0537109375
4148289,46.142578125
4148444,65.185546875
4148523,62.3779296875
4148748,42.724609375
4148884,79.77294921875
4149408,62.255859375
4153075,68.54248046875
4162348,74.0966796875
4162411,107.84912109375
4162436,60.11962890625
4162460,53.5888671875
4162607,49.1943359375
4162661,66.650390625
4162746,48.76708984375
4162762,53.1005859375
4162915,43.45703125
4162954,82.33642578125
4162964,47.4853515625
4163098,46.32568359375
4163337,70.3125
4185737,64.8193359375
4190167,68.66455078125
4191550,74.64599609375
4205954,76.72119140625
4207151,68.78662109375
4207581,75.74462890625
4233372,64.14794921875
4242559,75.439453125
4243938,69.15283203125
4246569,68.4814453125
4249319,81.84814453125
4249762,61.82861328125
4249890,78.55224609375
4253885,45.83740234375
4253948,67.138671875
4253979,43.9453125
4254071,46.38671875
4254125,73.486328125
4254205,73.05908203125
4254248,63.96484375
4254278,67.93212890625
4254300,45.22705078125
4254492,54.62646484375
4254664,42.66357421875
4254690,74.15771484375
4254882,45.59326171875
4260286,63.3544921875
4260514,68.66455078125
4280471,85.14404296875
4286835,90.63720703125
4287571,67.81005859375
4287869,43.701171875
4291218,48.03466796875
4294194,78.43017578125
4295904,42.66357421875
4315057,42.48046875
4325625,69.39697265625
4330421,71.71630859375
4331449,83.8623046875
4331641,65.5517578125
4336100,43.8232421875
4340921,77.20947265625
4345903,61.95068359375
4347350,81.6650390625
4349549,80.87158203125
4350801,61.6455078125
4352456,43.45703125
4353170,53.955078125
4353668,45.166015625
4353736,51.8798828125
4354034,53.03955078125
4367433,69.27490234375
4378825,75.1953125
4384238,77.5146484375
4396700,78.06396484375
4398014,78.2470703125
4399966,80.810546875
4400122,45.95947265625
4401022,72.81494140625
4401812,75.50048828125
4403700,65.4296875
4403854,67.44384765625
4404507,64.453125
4404644,49.072265625
4405537,44.00634765625
4406013,49.13330078125
4406071,47.79052734375
4406335,43.15185546875
4407018,42.6025390625
4407272,43.02978515625
4407695,43.27392578125
4420216,72.57080078125
4424185,78.857421875
4425394,64.5751953125
4426786,42.54150390625
4428740,66.71142578125
4436676,61.95068359375
4444819,67.87109375
4447464,51.7578125
4450591,68.9697265625
4456470,70.9228515625
4458439,76.0498046875
4460058,82.70263671875
4466437,70.4345703125
4466652,66.5283203125
4469789,48.4619140625
4470065,47.66845703125
4470405,45.0439453125
4470759,79.833984375
4470800,57.0068359375
4470896,61.4013671875
4484438,69.76318359375
4487619,74.21875
4493451,71.96044921875
4493981,43.5791015625
4495164,70.37353515625
4496248,67.138671875
4499791,42.48046875
4500864,71.1669921875
4500990,84.3505859375
4501122,76.5380859375
4501208,64.39208984375
4501768,64.94140625
4501963,50.537109375
4502193,44.73876953125
4502565,78.4912109375
4503451,57.43408203125
4504779,44.12841796875
4505296,48.9501953125
4507882,43.39599609375
4509015,45.654296875
4522262,88.134765625
4522719,79.16259765625
4522771,72.44873046875
4522806,76.11083984375
4522849,43.8232421875
4522970,52.734375
4523152,83.49609375
4523688,59.6923828125
4525881,44.73876953125
4526485,43.51806640625
4527329,44.189453125
4529480,68.66455078125
4529539,50.29296875
4529598,43.3349609375
4529861,73.3642578125
4529936,42.48046875
4529990,73.05908203125
4530088,45.47119140625
4530173,61.09619140625
4530321,43.27392578125
4530363,57.92236328125
4530400,72.509765625
4530726,61.279296875
4531216,67.07763671875
4531605,53.16162109375
4531758,50.10986328125
4534337,48.4619140625
4539927,61.767578125
4546633,76.904296875
4547476,78.4912109375
4548215,45.0439453125
4553100,70.6787109375
4556645,77.94189453125
4559316,61.21826171875
4559368,67.68798828125
4559595,67.93212890625
4559674,50.9033203125
4559825,53.40576171875
4560286,90.27099609375
4560848,43.02978515625
4562648,46.630859375
4562995,45.10498046875
4564443,53.64990234375
4565096,42.78564453125
4567487,45.8984375
4575665,69.580078125
4576420,69.64111328125
4576496,43.5791015625
4578268,69.4580078125
4580651,43.51806640625
4581115,61.82861328125
4588916,45.8984375
4589303,48.095703125
4601747,67.93212890625
4602127,71.2890625
4609081,52.8564453125
4609140,55.35888671875
4610357,77.69775390625
4611066,44.25048828125
4611077,48.095703125
4611447,57.43408203125
4611488,42.6025390625
4611577,46.142578125
4611661,55.0537109375
4611780,86.7919921875
4611797,43.39599609375
4611850,43.76220703125
4611914,47.18017578125
4611962,50.10986328125
4611979,42.78564453125
4612141,48.583984375
4612189,45.166015625
4612250,51.8798828125
4612260,60.302734375
4612423,54.50439453125
4612440,45.47119140625
4612489,46.5087890625
4612519,43.02978515625
4612588,45.8984375
4612608,46.7529296875
4613055,48.40087890625
4613090,43.8232421875
4613433,52.8564453125
4614392,43.15185546875
4632849,47.4853515625
4635158,73.66943359375
4635235,81.0546875
4635555,85.44921875
4635841,46.38671875
4635898,46.81396484375
4636258,45.83740234375
4637251,46.2646484375
4638361,44.25048828125
4638549,46.38671875
4638631,50.1708984375
4639266,44.25048828125
4639790,44.25048828125
4639842,52.8564453125
4642728,43.39599609375
4650458,79.16259765625
4651367,77.5146484375
4653557,43.64013671875
4657761,46.32568359375
4657883,43.15185546875
4658109,46.9970703125
4661661,48.7060546875
4662730,84.28955078125
4672183,79.65087890625
4673387,44.37255859375
4675766,80.322265625
4677519,43.15185546875
4679454,44.3115234375
4681788,77.57568359375
4686931,78.369140625
4687002,53.466796875
4687929,42.48046875
4688853,43.5791015625
4690093,45.41015625
4690395,45.654296875
4690966,50.59814453125
4691218,46.38671875
4691832,46.2646484375
4691990,42.78564453125
4693472,44.73876953125
4699918,44.5556640625
4703529,72.32666015625
4718824,52.67333984375
4723024,45.0439453125
4724570,48.76708984375
4734856,49.62158203125
4738755,87.21923828125
4746080,85.9375
4752153,43.27392578125
4761118,43.76220703125
4762881,43.45703125
4763708,46.2646484375
4767553,79.4677734375
4768826,83.19091796875
4773609,86.85302734375
4775288,46.9970703125
4775602,46.56982421875
4775628,49.49951171875
4775743,46.875
4775786,49.37744140625
4775990,48.7060546875
4776369,45.47119140625
4776380,50.59814453125
4776676,52.1240234375
4776708,42.96875
4776911,43.0908203125
4777154,42.66357421875
4777425,58.7158203125
4777710,49.9267578125
4777744,49.86572265625
4778056,42.48046875
4778863,45.10498046875
4781843,64.75830078125
4782009,61.34033203125
4782050,75.13427734375
4782078,65.5517578125
4782451,55.35888671875
4782481,75.68359375
4782526,44.7998046875
4782547,50.29296875
4782700,47.66845703125
4782772,75.62255859375
4782801,57.2509765625
4782954,58.349609375
4783314,62.8662109375
4784043,44.0673828125
4784062,50.537109375
4784078,60.6689453125
4784218,50.1708984375
4784278,44.43359375
4784313,47.05810546875
4784334,55.23681640625
4784441,43.27392578125
4784466,45.0439453125
4784525,43.64013671875
4784555,47.8515625
4784644,44.37255859375
4784659,44.73876953125
4784781,64.5751953125
4784864,45.10498046875
4785047,65.673828125
4785278,46.7529296875
4785678,48.583984375
4785759,43.701171875
4785784,46.875
4796359,43.0908203125
