4798001,0
41959,43.76220703125
42001,62.1337890625
42022,127.8076171875
42042,59.08203125
42054,133.72802734375
42077,40.22216796875
42101,64.94140625
42125,50.29296875
42148,38.02490234375
42187,35.64453125
42218,32.77587890625
42234,31.6162109375
42253,31.3720703125
42274,33.99658203125
42311,29.47998046875
42334,36.80419921875
42360,37.04833984375
42377,32.16552734375
42865,35.7666015625
42956,29.6630859375
43047,29.96826171875
43059,30.1513671875
43107,31.982421875
43158,38.57421875
43179,36.376953125
43206,29.541015625
43217,40.0390625
43320,28.99169921875
43380,30.21240234375
43435,39.0625
43697,30.029296875
43902,31.005859375
43992,34.11865234375
44220,29.11376953125
44395,36.19384765625
96952,43.5791015625
97019,49.98779296875
97036,121.27685546875
97063,60.24169921875
97091,72.8759765625
97102,46.7529296875
97131,72.3876953125
97149,41.6259765625
97178,55.11474609375
97195,39.1845703125
97206,44.86083984375
97239,29.1748046875
97263,36.62109375
97279,52.42919921875
97314,30.70068359375
97348,31.982421875
97377,45.22705078125
97419,34.0576171875
97495,34.66796875
97691,30.70068359375
97792,29.23583984375
97883,29.78515625
98002,40.83251953125
98054,32.53173828125
98097,31.31103515625
98133,29.60205078125
98263,30.8837890625
98320,40.10009765625
98379,33.14208984375
98439,30.33447265625
98477,30.8837890625
98585,30.517578125
98622,30.76171875
98930,29.23583984375
99320,29.11376953125
99532,37.29248046875
105809,30.33447265625
119527,30.8837890625
152130,43.76220703125
152140,29.84619140625
152173,62.1337890625
152199,101.86767578125
152211,75.68359375
152238,66.10107421875
152253,67.68798828125
152276,44.0673828125
152303,65.185546875
152323,40.10009765625
152335,48.2177734375
152362,28.99169921875
152373,39.61181640625
152398,29.052734375
152420,32.65380859375
152469,28.86962890625
152508,33.63037109375
152540,31.1279296875
152583,29.6630859375
152601,31.982421875
152628,29.6630859375
152689,37.2314453125
153125,33.99658203125
153316,33.75244140625
153404,34.3017578125
153425,37.9638671875
153449,38.818359375
153501,32.77587890625
153525,32.77587890625
153596,35.0341796875
154186,29.541015625
154316,32.28759765625
154455,34.24072265625
154746,38.87939453125
233125,37.90283203125
233166,61.70654296875
233185,118.0419921875
233217,113.83056640625
233233,75.68359375
233250,43.8232421875
233273,64.63623046875
233302,45.5322265625
233313,65.49072265625
233336,53.89404296875
233356,43.02978515625
233379,30.45654296875
233481,32.65380859375
233511,29.96826171875
233556,29.96826171875
233578,29.11376953125
233679,32.71484375
234079,30.33447265625
234177,31.06689453125
234207,28.99169921875
234259,30.45654296875
234275,29.35791015625
234300,33.14208984375
234324,29.35791015625
234394,42.17529296875
234430,28.99169921875
234443,33.87451171875
234533,32.5927734375
234545,32.77587890625
234574,33.3251953125
234842,29.9072265625
234993,29.541015625
235225,31.494140625
235327,28.80859375
235458,31.005859375
235674,36.80419921875
316985,39.4287109375
317012,29.35791015625
317029,66.40625
317045,123.6572265625
317063,63.3544921875
317073,31.005859375
317095,85.99853515625
317105,49.62158203125
317122,30.029296875
317136,50.72021484375
317168,29.9072265625
317188,34.423828125
317214,53.466796875
317239,46.142578125
317273,40.52734375
317294,31.67724609375
317403,29.78515625
317433,30.6396484375
317474,29.11376953125
317796,31.79931640625
318026,33.203125
318130,32.5927734375
318179,28.86962890625
318227,35.400390625
318248,43.0908203125
318268,29.1748046875
318300,34.0576171875
318328,69.51904296875
318390,34.24072265625
318462,32.16552734375
318549,31.92138671875
318766,30.09033203125
319066,28.80859375
319283,30.8837890625
319430,36.62109375
358708,45.34912109375
358764,29.6630859375
358781,106.14013671875
358800,65.91796875
358812,98.20556640625
358837,58.04443359375
358860,58.59375
358885,52.42919921875
358907,49.25537109375
358926,49.560546875
358954,41.80908203125
358964,38.0859375
358992,53.466796875
359014,36.56005859375
359044,40.6494140625
359062,34.72900390625
359080,31.55517578125
359130,29.1748046875
359151,30.57861328125
359203,38.9404296875
359217,29.9072265625
359384,28.74755859375
359473,30.2734375
359557,30.1513671875
359691,28.9306640625
359735,31.67724609375
359778,35.5224609375
359888,33.3251953125
359915,29.72412109375
359955,39.6728515625
359996,32.2265625
360022,79.77294921875
360084,30.517578125
360613,31.494140625
360703,30.70068359375
360800,30.45654296875
360930,34.85107421875
361135,35.5224609375
408800,37.65869140625
408816,29.23583984375
408837,75.74462890625
408861,99.67041015625
408889,124.1455078125
408900,57.92236328125
408929,64.63623046875
408957,35.21728515625
408977,44.7998046875
408990,39.4287109375
409009,32.71484375
409035,32.77587890625
409054,46.5087890625
409076,31.92138671875
409108,31.79931640625
409124,30.45654296875
409175,29.47998046875
409185,39.73388671875
409243,31.005859375
409403,31.73828125
409479,44.98291015625
409525,28.9306640625
409682,30.70068359375
409695,29.6630859375
409731,31.18896484375
409818,29.4189453125
409875,28.9306640625
409937,31.6162109375
410014,32.65380859375
410055,29.296875
410077,30.517578125
410119,31.79931640625
410134,28.9306640625
410170,29.1748046875
410227,28.80859375
410258,29.47998046875
410387,30.45654296875
410634,30.3955078125
410888,31.25
411248,39.0625
481720,35.70556640625
481746,67.9931640625
481761,30.21240234375
481774,92.1630859375
481787,66.5283203125
481805,95.39794921875
481817,70.12939453125
481847,54.0771484375
481864,67.44384765625
481879,47.9736328125
481917,46.2646484375
481936,30.21240234375
481954,29.6630859375
481986,33.02001953125
482004,29.84619140625
482079,30.70068359375
482100,33.447265625
482114,28.74755859375
482131,33.14208984375
482171,29.541015625
482227,29.1748046875
482335,30.1513671875
482653,29.23583984375
482697,38.02490234375
482734,37.4755859375
482803,38.57421875
482825,30.76171875
482885,30.3955078125
482898,34.0576171875
482930,30.1513671875
482947,45.2880859375
483000,28.99169921875
483010,31.8603515625
483057,29.78515625
483089,41.07666015625
483121,33.14208984375
483153,32.470703125
483188,33.5693359375
483216,30.57861328125
483229,32.28759765625
483297,42.78564453125
483596,29.23583984375
483691,28.9306640625
483758,30.029296875
483859,33.26416015625
484008,32.53173828125
484223,38.51318359375
563563,35.58349609375
563587,60.9130859375
563609,30.33447265625
563625,99.2431640625
563639,45.41015625
563652,92.95654296875
563677,46.9970703125
563693,42.29736328125
563712,79.2236328125
563731,39.1845703125
563752,44.3115234375
563764,30.6396484375
563785,42.17529296875
563816,39.97802734375
563832,31.43310546875
563852,33.5693359375
563868,28.74755859375
563878,29.9072265625
563904,31.31103515625
563934,28.99169921875
563951,35.15625
563987,35.94970703125
564009,32.71484375
564057,30.33447265625
564099,28.80859375
564144,30.3955078125
564310,34.3017578125
564385,30.57861328125
564475,36.4990234375
564603,30.3955078125
564626,45.22705078125
564650,37.04833984375
564697,31.73828125
564754,32.2265625
564783,35.82763671875
564840,29.6630859375
564852,47.119140625
564932,31.92138671875
565010,32.28759765625
565036,38.2080078125
565073,33.38623046875
565105,40.6494140625
565172,29.296875
565611,28.80859375
565708,32.28759765625
565829,28.80859375
565996,35.2783203125
631589,36.62109375
631616,50.537109375
631627,37.90283203125
631651,127.62451171875
631666,76.11083984375
631685,67.5048828125
631695,52.06298828125
631712,60.72998046875
631737,57.43408203125
631750,44.43359375
631760,40.52734375
631773,48.7060546875
631806,33.63037109375
631835,30.76171875
631862,28.86962890625
631941,29.296875
631970,36.56005859375
631998,30.82275390625
632028,37.78076171875
632096,30.517578125
632166,32.71484375
632269,30.8837890625
632422,35.2783203125
632483,29.60205078125
632703,64.94140625
632742,32.8369140625
632759,31.55517578125
632928,33.26416015625
632950,35.64453125
633009,32.53173828125
633194,29.47998046875
633856,30.94482421875
634027,32.71484375
685979,47.119140625
686006,36.4990234375
686031,43.8232421875
686049,99.06005859375
686065,44.43359375
686079,90.27099609375
686094,45.22705078125
686117,32.5927734375
686146,62.255859375
686169,38.330078125
686198,32.470703125
686218,32.65380859375
686240,37.90283203125
686266,38.51318359375
686289,35.400390625
686302,28.86962890625
686332,38.4521484375
686373,40.6494140625
686409,30.21240234375
686450,31.1279296875
686485,29.72412109375
686743,30.6396484375
686956,31.92138671875
687080,34.5458984375
687162,32.65380859375
687216,30.09033203125
687264,31.6162109375
687286,30.1513671875
687411,30.33447265625
687433,30.1513671875
687533,29.296875
687659,33.99658203125
687931,30.3955078125
688150,32.53173828125
688299,32.5927734375
768123,33.8134765625
768142,29.78515625
768170,62.68310546875
768189,94.05517578125
768211,112.24365234375
768223,57.12890625
768241,50.4150390625
768254,50.78125
768291,39.6728515625
768314,29.96826171875
768339,29.1748046875
768366,49.37744140625
768385,35.7666015625
768410,30.94482421875
768447,44.677734375
768495,29.9072265625
768575,37.53662109375
768605,31.3720703125
768633,29.11376953125
768677,31.55517578125
768892,32.89794921875
768908,32.71484375
768954,33.203125
769144,29.541015625
769173,28.99169921875
769190,31.43310546875
769230,31.18896484375
769269,34.72900390625
769284,33.5693359375
769309,28.74755859375
769356,28.80859375
769407,30.57861328125
769449,35.58349609375
769516,38.26904296875
769536,33.8134765625
769579,32.958984375
769595,34.97314453125
769639,30.76171875
769652,31.31103515625
769881,32.1044921875
770076,31.3720703125
770260,29.84619140625
770520,30.57861328125
824469,33.14208984375
824499,50.84228515625
824520,41.44287109375
824542,39.61181640625
824559,40.4052734375
824570,122.74169921875
824613,56.45751953125
824629,55.0537109375
824649,49.1943359375
824675,45.0439453125
824699,54.74853515625
824728,32.470703125
824751,46.20361328125
824779,37.2314453125
824803,34.11865234375
824830,31.79931640625
824860,30.76171875
824889,34.24072265625
824914,31.67724609375
824980,32.1044921875
825113,31.25
825359,29.296875
825475,32.04345703125
825510,32.71484375
825552,33.63037109375
825649,30.029296875
825671,35.21728515625
825753,30.1513671875
825791,32.53173828125
825807,31.73828125
825860,30.94482421875
825885,30.09033203125
825904,28.74755859375
825975,37.41455078125
826074,30.33447265625
826517,30.33447265625
826590,28.74755859375
826708,31.06689453125
826867,36.80419921875
894255,35.33935546875
894270,30.2734375
894307,63.3544921875
894340,115.3564453125
894376,64.453125
894400,39.55078125
894415,66.650390625
894427,31.18896484375
894454,54.19921875
894472,58.4716796875
894482,37.2314453125
894510,37.53662109375
894551,29.78515625
894604,33.38623046875
894628,32.470703125
894638,31.43310546875
894668,29.541015625
894708,34.11865234375
894991,37.65869140625
895167,29.9072265625
895209,29.052734375
895347,29.296875
895384,31.18896484375
895394,32.40966796875
895427,31.67724609375
895466,29.84619140625
895509,47.66845703125
895537,33.99658203125
895554,37.2314453125
895601,30.45654296875
895644,29.11376953125
895688,31.494140625
895775,32.04345703125
895820,35.5224609375
896162,30.029296875
896539,38.02490234375
896712,31.3720703125
948195,35.2783203125
948208,38.818359375
948236,29.541015625
948259,58.89892578125
948270,48.03466796875
948285,113.09814453125
948304,107.7880859375
948319,75.01220703125
948341,51.025390625
948371,70.9228515625
948382,32.89794921875
948407,51.33056640625
948417,36.19384765625
948454,30.3955078125
948477,41.56494140625
948513,34.3017578125
948543,40.4052734375
948571,32.5927734375
948598,30.82275390625
948622,30.029296875
948670,29.47998046875
948701,34.7900390625
948862,36.4990234375
949052,29.4189453125
949065,28.99169921875
949272,33.8134765625
949326,37.29248046875
949381,28.74755859375
949406,30.45654296875
949440,30.57861328125
949460,38.4521484375
949521,42.3583984375
949571,29.11376953125
949643,30.517578125
949759,30.8837890625
949788,40.95458984375
949980,29.296875
950057,29.296875
950348,29.78515625
950466,29.9072265625
950693,39.12353515625
1029326,32.04345703125
1029348,33.75244140625
1029379,31.494140625
1029396,28.86962890625
1029425,64.94140625
1029440,48.828125
1029467,40.771484375
1029484,51.7578125
1029498,59.26513671875
1029527,54.13818359375
1029549,41.93115234375
1029571,45.654296875
1029611,29.72412109375
1029627,34.5458984375
1029656,29.35791015625
1029743,30.8837890625
1029769,34.1796875
1029800,30.82275390625
1029885,30.70068359375
1029973,30.517578125
1030199,34.24072265625
1030278,32.28759765625
1030327,35.21728515625
1030346,29.296875
1030480,29.9072265625
1030542,39.73388671875
1030573,32.71484375
1030596,32.77587890625
1030631,32.16552734375
1030654,42.3583984375
1030672,33.02001953125
1030701,47.91259765625
1030737,29.541015625
1030767,41.3818359375
1030799,30.1513671875
1030814,29.9072265625
1030916,39.306640625
1030958,35.64453125
1031019,29.78515625
1031332,29.541015625
1031414,30.76171875
1031513,28.99169921875
1031639,30.33447265625
1031796,30.33447265625
1037653,37.78076171875
1044833,35.400390625
1044884,29.9072265625
1044926,84.77783203125
1044950,44.189453125
1044978,48.03466796875
1044995,56.2744140625
1045023,91.12548828125
1045033,47.18017578125
1045070,60.72998046875
1045082,72.20458984375
1045098,55.419921875
1045117,58.349609375
1045144,59.9365234375
1045155,29.9072265625
1045176,30.029296875
1045187,58.4716796875
1045214,41.259765625
1045230,36.56005859375
1045275,32.65380859375
1045413,30.82275390625
1045752,30.6396484375
1045861,28.74755859375
1045878,29.96826171875
1045989,30.45654296875
1045999,35.2783203125
1046057,31.8603515625
1046102,28.80859375
1046145,33.14208984375
1046172,30.57861328125
1046187,34.97314453125
1046212,31.6162109375
1046251,30.2734375
1046268,31.494140625
1046293,31.3720703125
1046314,29.9072265625
1046364,33.50830078125
1046384,30.70068359375
1046440,39.24560546875
1046488,28.86962890625
1046706,29.35791015625
1046824,34.24072265625
1047006,35.21728515625
1106163,29.35791015625
1106204,50.96435546875
1106216,50.72021484375
1106236,103.8818359375
1106250,69.51904296875
1106260,116.02783203125
1106280,92.6513671875
1106290,49.25537109375
1106316,61.58447265625
1106327,34.72900390625
1106341,51.3916015625
1106364,53.40576171875
1106385,38.75732421875
1106409,43.9453125
1106444,36.68212890625
1106481,33.5693359375
1106502,29.72412109375
1106522,37.7197265625
1106539,37.29248046875
1106611,30.09033203125
1106639,30.1513671875
1106683,33.38623046875
1106723,32.28759765625
1107002,33.02001953125
1107045,29.1748046875
1107097,30.09033203125
1107131,30.76171875
1107171,38.02490234375
1107215,31.25
1107233,40.46630859375
1107321,32.5927734375
1107377,34.0576171875
1107388,33.26416015625
1107418,35.400390625
1107463,33.87451171875
1107499,32.5927734375
1107569,32.04345703125
1107658,34.11865234375
1107704,29.47998046875
1108134,31.31103515625
1108318,33.14208984375
1108466,34.60693359375
1108666,29.72412109375
1113825,35.46142578125
1173332,30.82275390625
1173358,83.6181640625
1173378,96.13037109375
1173394,50.23193359375
1173425,65.36865234375
1173435,55.2978515625
1173453,38.26904296875
1173475,59.02099609375
1173493,35.09521484375
1173505,32.04345703125
1173528,41.93115234375
1173544,44.7998046875
1173565,41.68701171875
1173598,36.376953125
1173625,35.21728515625
1173636,32.470703125
1173666,37.53662109375
1173680,34.66796875
1173732,38.14697265625
1173760,33.99658203125
1173982,31.67724609375
1174038,30.8837890625
1174159,35.5224609375
1174205,29.23583984375
1174290,32.89794921875
1174401,28.86962890625
1174434,30.09033203125
1174462,29.60205078125
1174512,29.35791015625
1174566,30.3955078125
1174642,39.794921875
1174667,32.04345703125
1174700,30.82275390625
1174770,30.8837890625
1174798,31.43310546875
1174879,29.6630859375
1174995,30.76171875
1175250,29.60205078125
1175334,28.80859375
1175423,29.541015625
1175523,31.8603515625
1175667,34.24072265625
1226353,38.39111328125
1226398,61.34033203125
1226418,90.4541015625
1226437,30.1513671875
1226459,99.4873046875
1226477,71.533203125
1226508,48.7060546875
1226524,42.1142578125
1226551,40.95458984375
1226572,41.68701171875
1226597,28.74755859375
1226625,38.4521484375
1226637,29.9072265625
1226649,33.02001953125
1226673,38.63525390625
1226694,33.935546875
1226716,30.2734375
1226739,29.35791015625
1226762,37.29248046875
1226792,36.07177734375
1226806,28.80859375
1226823,31.92138671875
1226855,30.6396484375
1226982,30.57861328125
1227049,31.55517578125
1227277,32.2265625
1227299,31.18896484375
1227314,28.9306640625
1227359,29.052734375
1227394,28.74755859375
1227435,33.935546875
1227483,28.74755859375
1227499,31.18896484375
1227527,32.470703125
1227560,33.50830078125
1227594,37.841796875
1227630,34.48486328125
1227654,35.64453125
1227681,32.40966796875
1227723,28.74755859375
1227748,30.70068359375
1227758,30.94482421875
1227800,29.60205078125
1227844,28.9306640625
1227881,34.11865234375
1228228,31.6162109375
1228597,31.005859375
1228843,37.53662109375
1309627,36.1328125
1309654,34.48486328125
1309677,44.73876953125
1309705,101.13525390625
1309728,102.11181640625
1309741,50.29296875
1309754,62.07275390625
1309779,52.490234375
1309796,39.48974609375
1309810,40.8935546875
1309822,41.3818359375
1309834,61.82861328125
1309854,38.14697265625
1309871,35.15625
1309900,46.69189453125
1309936,37.41455078125
1309972,31.6162109375
1310024,29.296875
1310048,28.86962890625
1310093,33.26416015625
1310199,30.94482421875
1310319,38.14697265625
1310341,29.052734375
1310418,33.26416015625
1310567,44.98291015625
1310624,30.029296875
1310638,32.958984375
1310677,32.65380859375
1310765,34.912109375
1310797,41.32080078125
1310851,33.69140625
1310881,28.74755859375
1310943,29.296875
1310978,35.94970703125
1311022,32.1044921875
1311057,30.6396484375
1311090,31.3720703125
1311180,39.1845703125
1311197,35.5224609375
1311306,31.92138671875
1311775,28.80859375
1312048,37.41455078125
1312335,42.3583984375
1367795,34.85107421875
1367840,64.14794921875
1367857,57.7392578125
1367869,49.31640625
1367885,110.2294921875
1367907,88.0126953125
1367939,69.27490234375
1367970,51.33056640625
1367995,29.78515625
1368006,51.26953125
1368027,36.62109375
1368039,36.1328125
1368049,36.43798828125
1368083,37.353515625
1368108,30.94482421875
1368125,35.0341796875
1368145,31.43310546875
1368333,28.86962890625
1368398,29.541015625
1368637,29.4189453125
1368720,37.353515625
1368730,30.517578125
1368766,31.6162109375
1368861,28.80859375
1368898,30.1513671875
1368933,29.6630859375
1368955,32.04345703125
1368973,29.84619140625
1369001,35.46142578125
1369022,40.95458984375
1369081,34.5458984375
1369119,42.05322265625
1369213,33.14208984375
1369239,28.80859375
1369287,34.36279296875
1369397,30.2734375
1369589,29.296875
1370009,33.935546875
1370157,35.888671875
1429611,41.1376953125
1429634,30.82275390625
1429666,72.509765625
1429694,85.99853515625
1429716,119.9951171875
1429726,99.4873046875
1429756,29.84619140625
1429775,51.025390625
1429789,41.93115234375
1429812,50.84228515625
1429832,51.513671875
1429852,41.748046875
1429870,33.50830078125
1429884,32.65380859375
1429903,40.6494140625
1429915,28.9306640625
1429929,34.48486328125
1429954,29.6630859375
1429964,41.93115234375
1430046,29.35791015625
1430073,36.31591796875
1430083,38.51318359375
1430105,30.2734375
1430495,29.1748046875
1430582,31.494140625
1430612,34.72900390625
1430661,36.68212890625
1430702,33.26416015625
1430740,35.94970703125
1430788,39.00146484375
1430837,33.447265625
1430862,32.65380859375
1430886,33.8134765625
1430945,35.15625
1430967,29.9072265625
1431044,30.6396484375
1431102,34.0576171875
1431203,31.43310546875
1431252,29.84619140625
1431692,32.65380859375
1431807,34.48486328125
1431972,33.63037109375
1471681,32.2265625
1471714,42.29736328125
1471754,67.19970703125
1471780,83.55712890625
1471795,37.9638671875
1471813,53.40576171875
1471824,40.8935546875
1471837,43.88427734375
1471868,33.87451171875
1471899,42.8466796875
1471913,42.17529296875
1471932,36.92626953125
1471946,33.447265625
1471965,33.203125
1471987,34.85107421875
1472021,29.78515625
1472048,33.14208984375
1472067,28.80859375
1472166,29.35791015625
1472207,32.8369140625
1472418,33.99658203125
1472499,29.47998046875
1472569,35.15625
1472586,33.87451171875
1472667,30.3955078125
1472722,34.7900390625
1472767,34.5458984375
1472858,28.9306640625
1472872,34.24072265625
1472967,31.1279296875
1473046,35.15625
1473078,31.06689453125
1473306,29.11376953125
1473388,28.99169921875
1473764,31.3720703125
1473888,29.4189453125
1474225,33.3251953125
1532306,32.470703125
1532336,48.4619140625
1532390,119.140625
1532412,32.53173828125
1532429,69.03076171875
1532440,52.30712890625
1532458,52.490234375
1532486,62.31689453125
1532501,39.0625
1532514,40.4052734375
1532541,65.61279296875
1532567,32.89794921875
1532590,29.60205078125
1532608,38.57421875
1532638,33.935546875
1532661,36.0107421875
1532679,33.8134765625
1532744,30.94482421875
1532787,35.0341796875
1533202,32.16552734375
1533249,39.4287109375
1533285,33.0810546875
1533328,29.1748046875
1533383,31.79931640625
1533425,29.6630859375
1533447,37.53662109375
1533473,40.0390625
1533490,33.447265625
1533535,42.48046875
1533586,31.43310546875
1533616,29.541015625
1533637,31.79931640625
1533666,29.96826171875
1533680,31.8603515625
1533836,31.67724609375
1533854,30.57861328125
1533971,30.21240234375
1534011,29.78515625
1534442,28.74755859375
1534557,29.541015625
1534739,33.14208984375
1620191,28.86962890625
1633164,37.841796875
1633190,28.86962890625
1633236,29.6630859375
1633270,94.78759765625
1633283,89.66064453125
1633306,56.45751953125
1633319,33.935546875
1633343,63.720703125
1633353,42.54150390625
1633372,35.70556640625
1633400,48.76708984375
1633422,39.55078125
1633434,33.63037109375
1633452,33.99658203125
1633466,32.5927734375
1633513,34.3017578125
1633536,32.53173828125
1633559,34.3017578125
1633585,39.61181640625
1633671,34.97314453125
1633815,30.94482421875
1634025,30.029296875
1634085,28.86962890625
1634107,30.09033203125
1634149,31.8603515625
1634255,30.45654296875
1634328,34.3017578125
1634341,30.76171875
1634462,37.90283203125
1634501,31.73828125
1634540,37.29248046875
1634575,33.3251953125
1634612,29.9072265625
1634651,37.78076171875
1634664,29.4189453125
1634716,30.82275390625
1634812,29.23583984375
1635259,29.84619140625
1635468,30.70068359375
1635619,29.60205078125
1678372,33.02001953125
1678443,58.77685546875
1678465,32.77587890625
1678484,95.03173828125
1678506,54.01611328125
1678527,62.5
1678552,42.8466796875
1678574,41.68701171875
1678601,50.35400390625
1678621,47.79052734375
1678633,40.52734375
1678673,36.7431640625
1678702,38.02490234375
1678751,30.45654296875
1678781,28.80859375
1678839,32.470703125
1679436,29.47998046875
1679446,29.541015625
1679501,29.052734375
1679541,33.203125
1679567,31.43310546875
1679604,35.33935546875
1679624,32.71484375
1679675,29.1748046875
1679715,38.0859375
1679753,36.7431640625
1679766,39.36767578125
1679816,31.005859375
1679846,30.94482421875
1680170,32.77587890625
1680394,30.57861328125
1680489,30.45654296875
1680615,31.06689453125
1734414,37.9638671875
1734466,41.19873046875
1734489,88.2568359375
1734515,52.24609375
1734526,146.42333984375
1734558,57.9833984375
1734569,58.9599609375
1734608,55.35888671875
1734627,57.67822265625
1734654,49.74365234375
1734667,32.77587890625
1734678,33.63037109375
1734700,43.15185546875
1734719,34.7900390625
1734751,35.400390625
1734769,32.40966796875
1734810,29.72412109375
1734855,35.400390625
1734883,29.78515625
1735019,32.53173828125
1735155,29.35791015625
1735243,30.6396484375
1735274,33.935546875
1735303,37.841796875
1735319,29.4189453125
1735358,40.8935546875
1735402,53.1005859375
1735419,30.76171875
1735442,34.48486328125
1735531,29.84619140625
1735583,33.69140625
1735602,29.60205078125
1735619,30.82275390625
1735658,39.73388671875
1735751,35.888671875
1735841,36.80419921875
1735868,46.08154296875
1736008,29.6630859375
1736035,29.35791015625
1736213,29.47998046875
1736282,29.11376953125
1736454,33.0810546875
1736588,33.02001953125
1736775,31.25
1781840,30.6396484375
1781902,38.02490234375
1781916,46.630859375
1781930,95.0927734375
1781968,105.52978515625
1781990,43.02978515625
1782005,46.20361328125
1782026,60.60791015625
1782043,46.69189453125
1782058,31.67724609375
1782068,40.8935546875
1782101,43.45703125
1782123,40.1611328125
1782140,36.376953125
1782181,29.78515625
1782220,32.16552734375
1782294,28.99169921875
1782334,31.43310546875
1782387,34.912109375
1782426,28.80859375
1782864,29.84619140625
1782923,30.45654296875
1782994,28.74755859375
1783027,35.58349609375
1783057,33.02001953125
1783116,29.6630859375
1783129,39.97802734375
1783145,31.005859375
1783180,31.43310546875
1783197,31.06689453125
1783228,31.55517578125
1783243,45.34912109375
1783276,32.40966796875
1783366,59.87548828125
1783420,29.47998046875
1783501,29.6630859375
1783537,29.6630859375
1784146,32.470703125
1784303,29.6630859375
1792196,31.31103515625
1861160,46.0205078125
1861182,36.43798828125
1861226,59.02099609375
1861237,92.1630859375
1861272,133.11767578125
1861291,45.47119140625
1861302,44.7998046875
1861319,66.34521484375
1861343,43.3349609375
1861357,70.3125
1861378,40.283203125
1861400,41.8701171875
1861421,31.494140625
1861445,34.423828125
1861459,32.89794921875
1861526,31.3720703125
1861631,29.6630859375
1861774,32.2265625
1862071,33.14208984375
1862111,28.80859375
1862156,29.6630859375
1862172,30.6396484375
1862301,30.33447265625
1862369,36.865234375
1862401,33.69140625
1862427,36.62109375
1862506,28.9306640625
1862655,32.1044921875
1863328,29.35791015625
1863436,30.3955078125
1917042,31.982421875
1917065,29.296875
1917077,65.3076171875
1917111,76.23291015625
1917132,43.8232421875
1917147,55.23681640625
1917162,85.5712890625
1917181,62.3779296875
1917202,51.1474609375
1917223,40.0390625
1917249,40.34423828125
1917267,46.08154296875
1917297,30.1513671875
1917321,29.60205078125
1917343,40.58837890625
1917369,33.0810546875
1917385,29.23583984375
1917409,32.53173828125
1917448,29.11376953125
1917477,29.96826171875
1917903,31.43310546875
1917933,30.82275390625
1918003,35.15625
1918050,29.6630859375
1918130,30.3955078125
1918176,34.1796875
1918230,29.35791015625
1918255,35.33935546875
1918319,30.76171875
1918331,28.9306640625
1918372,35.94970703125
1918440,30.517578125
1918453,29.1748046875
1918488,31.1279296875
1918512,30.57861328125
1918555,36.0107421875
1918586,31.06689453125
1918599,46.9970703125
1919059,31.494140625
1919151,30.45654296875
1919245,31.67724609375
1989664,43.5791015625
1989693,30.70068359375
1989724,76.72119140625
1989752,89.53857421875
1989770,33.3251953125
1989781,31.73828125
1989804,46.56982421875
1989825,64.14794921875
1989851,46.7529296875
1989877,54.931640625
1989903,39.4287109375
1989925,30.8837890625
1989952,38.14697265625
1989978,31.6162109375
1990012,29.78515625
1990173,31.79931640625
1990197,38.63525390625
1990296,33.26416015625
1990517,30.3955078125
1990565,29.541015625
1990597,30.2734375
1990678,31.3720703125
1990774,34.85107421875
1990796,34.1796875
1990861,30.3955078125
1990936,29.296875
1991012,30.517578125
1991044,30.57861328125
1991067,28.9306640625
1991090,29.1748046875
1991105,32.65380859375
1991150,31.43310546875
1991314,28.86962890625
1991692,29.60205078125
1991816,30.70068359375
1991972,43.02978515625
2047133,32.40966796875
2047167,28.99169921875
2047200,67.19970703125
2047221,88.9892578125
2047247,53.77197265625
2047262,46.81396484375
2047290,92.34619140625
2047313,63.720703125
2047323,64.94140625
2047346,35.5224609375
2047365,49.49951171875
2047388,50.96435546875
2047400,29.052734375
2047422,41.68701171875
2047453,33.5693359375
2047472,31.18896484375
2047490,32.16552734375
2047574,30.1513671875
2047616,33.50830078125
2047662,37.109375
2047711,31.73828125
2047801,29.96826171875
2047860,29.1748046875
2047951,36.9873046875
2048023,32.65380859375
2048137,34.85107421875
2048169,35.2783203125
2048193,31.92138671875
2048268,30.76171875
2048289,30.21240234375
2048357,35.2783203125
2048400,31.73828125
2048449,32.2265625
2048477,30.09033203125
2048555,34.3017578125
2048582,30.3955078125
2048939,28.80859375
2049030,33.5693359375
2049100,30.82275390625
2049324,29.9072265625
2049515,33.69140625
2117793,36.0107421875
2117810,34.72900390625
2117821,30.6396484375
2117840,42.05322265625
2117875,84.9609375
2117893,51.7578125
2117904,57.9833984375
2117923,52.67333984375
2117947,74.3408203125
2117972,39.6728515625
2117995,35.64453125
2118005,48.76708984375
2118040,39.00146484375
2118075,46.38671875
2118094,28.80859375
2118142,28.74755859375
2118170,29.78515625
2118199,29.84619140625
2118238,28.86962890625
2118279,40.6494140625
2118292,29.84619140625
2118316,29.78515625
2118367,31.55517578125
2118483,29.96826171875
2118499,29.35791015625
2118716,33.69140625
2118754,29.35791015625
2118804,30.76171875
2118841,28.80859375
2118947,32.77587890625
2119002,33.5693359375
2119041,33.3251953125
2119105,29.11376953125
2119157,38.02490234375
2119215,30.70068359375
2119278,30.57861328125
2119340,30.57861328125
2119488,28.80859375
2120042,29.96826171875
2120195,29.35791015625
2227984,30.76171875
2228012,53.5888671875
2228034,38.14697265625
2228046,39.85595703125
2228066,85.02197265625
2228090,84.8388671875
2228105,66.162109375
2228125,61.09619140625
2228136,79.40673828125
2228152,45.59326171875
2228166,70.61767578125
2228186,33.8134765625
2228208,31.005859375
2228225,31.6162109375
2228256,37.353515625
2228291,36.43798828125
2228320,28.74755859375
2228347,29.6630859375
2228358,30.82275390625
2228411,31.25
2228462,28.74755859375
2228517,29.96826171875
2228620,28.74755859375
2228769,29.84619140625
2228926,30.1513671875
2228976,31.31103515625
2229012,29.1748046875
2229036,41.32080078125
2229055,37.65869140625
2229134,31.67724609375
2229181,37.17041015625
2229197,28.99169921875
2229232,32.1044921875
2229244,31.06689453125
2229274,34.423828125
2229345,39.0625
2229778,29.72412109375
2229914,30.8837890625
2229992,32.77587890625
2230206,30.82275390625
2230342,30.21240234375
2230591,35.7666015625
2273126,37.2314453125
2273174,31.005859375
2273185,34.11865234375
2273203,82.6416015625
2273230,109.619140625
2273241,81.23779296875
2273266,39.73388671875
2273289,72.44873046875
2273318,58.89892578125
2273335,48.52294921875
2273350,47.7294921875
2273375,37.7197265625
2273391,30.76171875
2273410,37.29248046875
2273438,37.90283203125
2273468,30.21240234375
2273554,29.78515625
2273595,29.84619140625
2273607,29.35791015625
2274048,31.3720703125
2274129,36.56005859375
2274242,30.6396484375
2274348,28.74755859375
2274411,34.60693359375
2274454,28.80859375
2274465,37.17041015625
2274484,28.9306640625
2274531,31.8603515625
2274559,31.1279296875
2274594,29.6630859375
2274654,29.4189453125
2274674,29.60205078125
2274744,32.8369140625
2275154,31.43310546875
2275258,36.31591796875
2275378,31.06689453125
2275552,37.78076171875
2351170,32.71484375
2351216,33.935546875
2351240,32.40966796875
2351252,80.56640625
2351274,112.73193359375
2351289,67.87109375
2351314,56.45751953125
2351335,57.80029296875
2351361,41.07666015625
2351373,41.07666015625
2351384,45.59326171875
2351425,40.771484375
2351444,30.82275390625
2351475,34.97314453125
2351506,29.47998046875
2351519,29.9072265625
2351539,32.958984375
2351550,32.2265625
2351610,32.2265625
2351638,39.794921875
2351667,28.99169921875
2351698,28.74755859375
2351808,29.84619140625
2351903,30.57861328125
2351947,29.84619140625
2351984,31.25
2352099,33.8134765625
2352182,31.67724609375
2352252,36.43798828125
2352303,32.470703125
2352320,38.9404296875
2352352,38.9404296875
2352399,30.3955078125
2352414,35.58349609375
2352506,31.6162109375
2352519,32.53173828125
2352575,33.203125
2352616,29.96826171875
2352639,28.86962890625
2352710,32.71484375
2352720,30.45654296875
2352736,29.23583984375
2352817,29.35791015625
2353089,31.1279296875
2353489,34.423828125
2353693,36.1328125
2422862,32.1044921875
2422919,35.5224609375
2422937,113.1591796875
2422951,47.119140625
2422962,36.68212890625
2422985,64.94140625
2422998,47.30224609375
2423024,45.0439453125
2423053,43.02978515625
2423073,42.54150390625
2423098,33.99658203125
2423119,36.19384765625
2423129,34.0576171875
2423166,32.28759765625
2423177,39.97802734375
2423192,31.8603515625
2423202,29.296875
2423250,39.48974609375
2423349,28.99169921875
2423507,30.1513671875
2423726,31.43310546875
2423779,28.86962890625
2423926,30.33447265625
2424028,36.376953125
2424074,33.203125
2424104,29.84619140625
2424123,29.052734375
2424166,31.55517578125
2424192,33.02001953125
2424223,37.78076171875
2424251,30.029296875
2424297,34.36279296875
2424327,34.24072265625
2424385,69.82421875
2424422,29.052734375
2424438,28.99169921875
2424540,31.06689453125
2425010,28.74755859375
2425131,34.7900390625
2425273,35.33935546875
2455426,36.1328125
2455457,30.57861328125
2455496,31.8603515625
2455522,129.8828125
2455544,39.24560546875
2455556,102.294921875
2455571,64.0869140625
2455603,48.15673828125
2455628,44.00634765625
2455649,49.01123046875
2455663,42.1142578125
2455682,29.84619140625
2455692,32.28759765625
2455715,37.04833984375
2455738,35.58349609375
2455752,31.25
2455773,32.89794921875
2455793,43.212890625
2455809,37.17041015625
2455850,30.21240234375
2455862,31.92138671875
2455884,30.029296875
2455925,30.3955078125
2455941,47.30224609375
2455971,30.029296875
2456354,31.73828125
2456387,31.73828125
2456417,35.15625
2456441,33.69140625
2456463,34.0576171875
2456506,35.58349609375
2456553,37.78076171875
2456637,29.84619140625
2456649,33.99658203125
2456677,29.296875
2456722,34.85107421875
2456743,36.376953125
2456805,33.69140625
2456935,33.99658203125
2457430,32.8369140625
2457659,30.76171875
2457843,32.40966796875
2519162,31.1279296875
2519179,29.60205078125
2519219,29.11376953125
2519237,80.4443359375
2519273,54.5654296875
2519294,33.02001953125
2519315,50.9033203125
2519334,52.6123046875
2519360,58.53271484375
2519382,51.57470703125
2519401,36.19384765625
2519425,44.25048828125
2519441,38.0859375
2519472,37.78076171875
2519485,37.17041015625
2519519,35.15625
2519542,39.73388671875
2519553,30.82275390625
2519628,38.4521484375
2519856,31.06689453125
2520110,28.9306640625
2520140,39.61181640625
2520207,30.45654296875
2520220,32.65380859375
2520255,50.537109375
2520284,33.935546875
2520316,31.43310546875
2520405,29.4189453125
2520445,29.541015625
2520495,29.72412109375
2520565,33.69140625
2520635,34.5458984375
2520673,40.1611328125
2520723,31.25
2520770,38.818359375
2520996,30.6396484375
2521237,28.9306640625
2521488,31.55517578125
2576504,40.1611328125
2576548,33.02001953125
2576583,95.88623046875
2576612,52.490234375
2576641,42.48046875
2576669,72.8759765625
2576686,56.09130859375
2576704,34.97314453125
2576776,38.87939453125
2576796,33.14208984375
2576828,38.51318359375
2576846,28.9306640625
2576883,30.517578125
2576916,28.74755859375
2576961,29.9072265625
2576988,30.76171875
2577014,30.1513671875
2577044,29.11376953125
2577177,32.3486328125
2577195,32.89794921875
2577263,30.3955078125
2577502,31.06689453125
2577555,37.04833984375
2577596,29.47998046875
2577665,29.6630859375
2577713,34.423828125
2577802,32.8369140625
2577836,37.109375
2577866,32.77587890625
2577896,39.6728515625
2578398,29.6630859375
2578490,36.4990234375
2578809,29.1748046875
2579124,33.87451171875
2633046,38.818359375
2633088,31.3720703125
2633104,29.1748046875
2633122,54.6875
2633143,90.2099609375
2633158,111.51123046875
2633170,55.6640625
2633209,58.10546875
2633237,39.55078125
2633248,46.56982421875
2633278,47.42431640625
2633312,33.50830078125
2633347,33.75244140625
2633358,28.9306640625
2633387,29.96826171875
2633401,35.09521484375
2633423,35.21728515625
2633446,32.04345703125
2633463,29.47998046875
2633493,31.79931640625
2633536,32.16552734375
2633661,29.296875
2633910,31.494140625
2633985,37.53662109375
2634069,30.57861328125
2634193,30.45654296875
2634210,28.74755859375
2634323,30.21240234375
2634345,39.9169921875
2634368,30.76171875
2634395,37.353515625
2634498,29.6630859375
2634516,45.8984375
2634547,28.74755859375
2635210,28.9306640625
2635479,28.9306640625
2704589,31.43310546875
2704621,29.541015625
2704633,48.40087890625
2704660,75.5615234375
2704679,63.41552734375
2704709,58.10546875
2704722,49.25537109375
2704736,48.27880859375
2704756,51.025390625
2704775,52.490234375
2704795,63.78173828125
2704813,41.93115234375
2704859,31.79931640625
2704895,31.25
2704947,29.96826171875
2704979,29.23583984375
2704991,29.4189453125
2705013,37.9638671875
2705095,29.78515625
2705303,30.21240234375
2705417,33.38623046875
2705466,31.06689453125
2705548,30.2734375
2705584,29.6630859375
2705674,28.74755859375
2705710,29.78515625
2705779,30.2734375
2705797,31.25
2705869,32.2265625
2705910,35.09521484375
2705933,29.541015625
2705963,28.74755859375
2706077,35.15625
2706339,28.9306640625
2706735,29.78515625
2706847,31.55517578125
2707024,33.50830078125
2809887,32.2265625
2809924,33.8134765625
2809941,29.11376953125
2809956,37.4755859375
2809966,58.59375
2809991,98.7548828125
2810004,53.52783203125
2810018,79.04052734375
2810038,79.52880859375
2810065,65.73486328125
2810080,45.95947265625
2810097,46.08154296875
2810116,31.79931640625
2810126,31.005859375
2810158,39.00146484375
2810172,30.94482421875
2810196,30.029296875
2810228,41.32080078125
2810256,32.04345703125
2810326,38.6962890625
2810363,29.47998046875
2810383,28.74755859375
2810428,29.60205078125
2810483,29.35791015625
2810497,35.82763671875
2810651,32.53173828125
2810695,31.25
2810724,35.21728515625
2810767,30.029296875
2810806,29.541015625
2810831,33.02001953125
2810898,30.029296875
2810978,32.28759765625
2811004,32.04345703125
2811020,31.18896484375
2811113,33.447265625
2811129,30.94482421875
2811157,39.36767578125
2811200,34.3017578125
2811243,30.1513671875
2811290,29.4189453125
2811305,31.31103515625
2811436,29.11376953125
2811654,29.78515625
2811726,28.9306640625
2812056,30.45654296875
2812186,29.1748046875
2858069,32.1044921875
2858080,31.3720703125
2858123,29.60205078125
2858141,64.94140625
2858157,35.21728515625
2858174,84.3505859375
2858194,88.9892578125
2858216,81.23779296875
2858239,69.64111328125
2858263,34.36279296875
2858283,45.0439453125
2858312,57.2509765625
2858322,30.6396484375
2858341,35.33935546875
2858355,36.07177734375
2858380,36.92626953125
2858404,40.71044921875
2858469,33.87451171875
2858500,34.7900390625
2858533,29.60205078125
2858607,28.9306640625
2858635,28.9306640625
2858791,30.517578125
2858884,30.6396484375
2858951,33.5693359375
2859001,31.18896484375
2859054,31.3720703125
2859082,28.80859375
2859093,36.31591796875
2859147,28.99169921875
2859228,30.70068359375
2859258,33.63037109375
2859268,36.2548828125
2859309,29.9072265625
2859321,33.63037109375
2859397,36.19384765625
2859491,29.1748046875
2859546,29.9072265625
2859578,29.11376953125
2859714,33.3251953125
2859818,29.84619140625
2860107,30.57861328125
2860210,28.99169921875
2860319,32.53173828125
2860504,38.63525390625
2899370,29.11376953125
2899395,62.68310546875
2899426,38.02490234375
2899440,71.2890625
2899472,46.875
2899496,52.18505859375
2899517,70.068359375
2899545,39.97802734375
2899564,63.232421875
2899587,32.28759765625
2899623,32.958984375
2899639,42.8466796875
2899667,43.45703125
2899693,39.9169921875
2899750,39.00146484375
2899834,29.60205078125
2899987,29.296875
2900020,32.28759765625
2900212,37.65869140625
2900263,29.23583984375
2900338,32.89794921875
2900371,37.29248046875
2900423,29.96826171875
2900531,28.74755859375
2900571,30.3955078125
2900730,31.06689453125
2900750,35.7666015625
2900879,32.65380859375
2901229,29.47998046875
2901314,31.494140625
2901531,29.541015625
2965543,34.0576171875
2965610,48.583984375
2965633,115.53955078125
2965648,32.40966796875
2965660,72.3876953125
2965685,65.3076171875
2965699,39.794921875
2965724,34.5458984375
2965739,42.05322265625
2965764,47.18017578125
2965783,31.3720703125
2965804,39.1845703125
2965834,36.62109375
2965869,36.376953125
2965891,28.80859375
2965917,31.31103515625
2965940,30.029296875
2965996,34.7900390625
2966061,29.96826171875
2966188,30.09033203125
2966342,35.888671875
2966389,30.94482421875
2966428,28.74755859375
2966454,28.9306640625
2966552,43.5791015625
2966597,31.8603515625
2966624,29.052734375
2966646,30.76171875
2966740,40.1611328125
2966777,33.0810546875
2967413,28.9306640625
2967554,30.45654296875
2967650,31.6162109375
2967766,30.6396484375
2967926,31.005859375
3044690,43.15185546875
3044743,30.09033203125
3044759,52.978515625
3044775,88.37890625
3044800,76.171875
3044812,66.40625
3044833,85.14404296875
3044850,45.654296875
3044883,51.025390625
3044914,38.2080078125
3044924,43.45703125
3044937,38.2080078125
3044956,30.82275390625
3044982,37.109375
3045046,31.06689453125
3045081,32.53173828125
3045100,31.8603515625
3045120,31.73828125
3045164,31.494140625
3045194,30.94482421875
3045229,31.18896484375
3045283,29.4189453125
3045503,29.052734375
3045610,30.3955078125
3045676,32.470703125
3045690,30.517578125
3045780,28.74755859375
3045829,31.25
3045999,29.9072265625
3046049,32.3486328125
3046105,47.607421875
3046166,32.40966796875
3046203,29.1748046875
3046365,29.84619140625
3046490,32.71484375
3047042,30.70068359375
3047227,35.58349609375
3089146,31.6162109375
3089204,29.23583984375
3089219,39.24560546875
3089248,30.517578125
3089277,101.98974609375
3089289,74.76806640625
3089316,58.04443359375
3089330,73.3642578125
3089362,50.84228515625
3089380,33.8134765625
3089393,35.15625
3089407,33.3251953125
3089435,34.11865234375
3089477,34.24072265625
3089506,31.18896484375
3089519,49.31640625
3089543,29.541015625
3089580,29.84619140625
3089590,35.400390625
3089693,30.57861328125
3089749,32.28759765625
3089808,30.33447265625
3089881,32.40966796875
3089953,30.1513671875
3089999,28.99169921875
3090030,30.70068359375
3090169,30.94482421875
3090242,33.203125
3090257,31.005859375
3090392,35.09521484375
3090418,31.005859375
3090432,32.65380859375
3090488,33.203125
3090545,28.74755859375
3090634,31.31103515625
3090682,29.9072265625
3090959,30.6396484375
3091318,31.25
3091474,31.8603515625
3166995,45.5322265625
3167054,39.0625
3167070,87.40234375
3167094,47.7294921875
3167106,120.849609375
3167129,63.41552734375
3167144,44.98291015625
3167167,41.8701171875
3167178,37.04833984375
3167201,53.40576171875
3167218,45.5322265625
3167249,30.70068359375
3167279,47.2412109375
3167289,34.5458984375
3167325,35.94970703125
3167341,30.33447265625
3167378,28.86962890625
3167408,31.25
3167436,30.82275390625
3167691,33.69140625
3167776,34.423828125
3167792,30.82275390625
3167917,32.28759765625
3167939,30.82275390625
3168003,32.16552734375
3168042,31.79931640625
3168079,28.9306640625
3168117,39.48974609375
3168162,33.0810546875
3168183,31.73828125
3168207,34.912109375
3168247,33.38623046875
3168336,45.71533203125
3168387,32.16552734375
3168538,28.99169921875
3168559,35.5224609375
3169278,31.25
3169446,30.70068359375
3214306,49.37744140625
3214347,41.80908203125
3214359,103.1494140625
3214382,38.63525390625
3214394,56.5185546875
3214429,43.15185546875
3214451,29.9072265625
3214464,32.65380859375
3214486,50.35400390625
3214504,54.50439453125
3214520,42.3583984375
3214550,30.3955078125
3214562,37.65869140625
3214584,35.21728515625
3214638,31.3720703125
3214655,31.25
3214701,34.60693359375
3214720,29.052734375
3214736,35.15625
3214753,29.72412109375
3214786,28.74755859375
3214930,28.99169921875
3214964,29.11376953125
3215038,29.72412109375
3215242,36.56005859375
3215412,36.865234375
3215443,31.06689453125
3215464,30.517578125
3215569,30.1513671875
3215633,33.8134765625
3215671,39.4287109375
3215703,28.86962890625
3215723,31.1279296875
3215735,29.6630859375
3215818,29.541015625
3215899,32.77587890625
3216071,30.33447265625
3216294,31.494140625
3216536,35.64453125
3216781,36.07177734375
3270435,32.71484375
3270482,34.11865234375
3270499,31.982421875
3270526,47.7294921875
3270538,82.21435546875
3270565,37.41455078125
3270577,161.9873046875
3270608,58.9599609375
3270624,63.1103515625
3270637,31.43310546875
3270658,34.912109375
3270672,37.78076171875
3270692,57.80029296875
3270711,36.80419921875
3270730,36.62109375
3270742,29.11376953125
3270791,36.43798828125
3270808,30.8837890625
3270836,31.31103515625
3270873,30.70068359375
3270890,29.96826171875
3271312,34.5458984375
3271532,29.35791015625
3271656,35.0341796875
3271730,33.0810546875
3271743,29.296875
3272149,30.1513671875
3272560,33.5693359375
3272672,31.005859375
3272813,33.69140625
3344577,33.69140625
3344625,28.74755859375
3344648,29.84619140625
3344665,105.46875
3344684,53.77197265625
3344714,77.69775390625
3344728,69.7021484375
3344752,40.58837890625
3344774,76.11083984375
3344788,38.39111328125
3344799,53.16162109375
3344816,45.41015625
3344842,32.53173828125
3344852,43.5791015625
3344867,29.11376953125
3344906,35.58349609375
3344928,31.1279296875
3344951,36.9873046875
3344979,30.09033203125
3345044,28.86962890625
3345231,30.1513671875
3345320,29.1748046875
3345440,29.35791015625
3345559,28.86962890625
3345633,31.18896484375
3345643,40.58837890625
3345723,33.63037109375
3345779,35.58349609375
3345829,36.0107421875
3345883,37.41455078125
3345930,36.1328125
3345974,31.6162109375
3346017,36.7431640625
3346537,28.9306640625
3346619,29.4189453125
3346726,30.94482421875
3346837,29.84619140625
3346983,29.296875
3390667,36.0107421875
3390696,37.7197265625
3390719,34.72900390625
3390743,67.0166015625
3390771,91.552734375
3390783,87.70751953125
3390794,60.1806640625
3390827,54.19921875
3390837,45.22705078125
3390857,47.8515625
3390871,40.22216796875
3390889,54.443359375
3390908,48.9501953125
3390932,29.60205078125
3390949,34.0576171875
3390964,40.283203125
3390994,47.119140625
3391008,40.1611328125
3391051,30.57861328125
3391126,33.63037109375
3391152,31.55517578125
3391167,35.15625
3391244,33.38623046875
3391504,36.68212890625
3391546,39.306640625
3391585,32.53173828125
3391623,29.6630859375
3391779,33.8134765625
3391816,31.982421875
3391978,31.55517578125
3392101,29.60205078125
3392128,32.71484375
3392171,31.67724609375
3392194,30.21240234375
3392637,28.99169921875
3392814,30.33447265625
3392934,30.1513671875
3393150,37.65869140625
3475414,30.33447265625
3475429,34.60693359375
3475457,29.1748046875
3475485,63.17138671875
3475509,90.6982421875
3475523,30.70068359375
3475533,41.07666015625
3475543,57.06787109375
3475568,58.7158203125
3475586,33.203125
3475597,54.5654296875
3475628,44.12841796875
3475638,44.86083984375
3475652,29.35791015625
3475683,28.9306640625
3475713,44.98291015625
3475743,37.78076171875
3475771,31.3720703125
3475900,32.28759765625
3475916,30.517578125
3475935,32.1044921875
3476069,30.029296875
3476377,30.45654296875
3476407,29.4189453125
3476481,36.376953125
3476599,35.400390625
3476627,36.19384765625
3476659,30.3955078125
3476690,31.92138671875
3476897,31.8603515625
3476919,32.470703125
3477136,29.1748046875
3477492,28.99169921875
3477608,34.11865234375
3477791,33.8134765625
3547183,32.470703125
3547193,30.1513671875
3547235,32.470703125
3547255,58.2275390625
3547270,97.412109375
3547295,89.84375
3547308,72.75390625
3547330,34.5458984375
3547352,52.1240234375
3547375,37.353515625
3547404,37.53662109375
3547414,47.9736328125
3547424,40.52734375
3547440,29.72412109375
3547471,35.94970703125
3547485,34.3017578125
3547504,33.5693359375
3547533,30.3955078125
3547624,31.79931640625
3547678,30.029296875
3547770,32.65380859375
3547981,29.1748046875
3548123,36.865234375
3548312,36.0107421875
3548329,33.38623046875
3548362,31.005859375
3548401,30.3955078125
3548545,40.8935546875
3548581,30.76171875
3548614,29.84619140625
3548625,35.5224609375
3548690,32.77587890625
3548758,44.73876953125
3549238,33.5693359375
3549470,31.6162109375
3549632,32.40966796875
3623334,37.04833984375
3623344,34.24072265625
3623369,35.400390625
3623403,87.46337890625
3623432,37.9638671875
3623442,97.7783203125
3623479,75.01220703125
3623501,70.1904296875
3623519,32.71484375
3623534,44.37255859375
3623556,43.212890625
3623566,56.45751953125
3623590,34.97314453125
3623611,31.67724609375
3623629,40.1611328125
3623658,31.1279296875
3623672,30.3955078125
3623692,33.26416015625
3623714,30.8837890625
3623790,28.9306640625
3623824,29.23583984375
3623875,31.1279296875
3624074,38.51318359375
3624329,30.8837890625
3624398,35.21728515625
3624441,36.376953125
3624509,31.25
3624569,31.79931640625
3624595,28.99169921875
3624652,35.21728515625
3624726,30.57861328125
3624852,29.4189453125
3624866,32.77587890625
3625329,30.2734375
3625416,34.85107421875
3625634,31.6162109375
3625822,30.70068359375
3666033,37.04833984375
3666078,34.97314453125
3666102,35.15625
3666116,129.08935546875
3666137,38.57421875
3666155,73.18115234375
3666185,56.70166015625
3666197,70.4345703125
3666224,58.837890625
3666238,45.59326171875
3666249,42.3583984375
3666267,44.3115234375
3666290,29.96826171875
3666302,40.52734375
3666340,31.92138671875
3666369,32.5927734375
3666458,28.9306640625
3666484,33.447265625
3666581,29.35791015625
3666632,30.1513671875
3666652,30.8837890625
3666760,29.541015625
3667035,31.55517578125
3667065,34.1796875
3667135,30.82275390625
3667244,28.99169921875
3667301,30.33447265625
3667324,29.6630859375
3667421,31.1279296875
3667462,29.47998046875
3667630,28.74755859375
3667652,29.78515625
3667794,32.1044921875
3667915,28.99169921875
3667990,29.78515625
3668227,32.2265625
3668452,39.48974609375
3735022,34.36279296875
3735072,64.453125
3735094,77.57568359375
3735118,134.033203125
3735131,51.6357421875
3735151,77.33154296875
3735162,38.75732421875
3735181,46.9970703125
3735205,54.74853515625
3735227,50.96435546875
3735245,47.4853515625
3735257,43.39599609375
3735273,34.912109375
3735291,45.83740234375
3735314,33.935546875
3735342,30.76171875
3735365,36.9873046875
3735376,33.8134765625
3735424,31.982421875
3735496,28.80859375
3735532,35.58349609375
3735707,39.1845703125
3735876,33.99658203125
3735914,29.052734375
3735957,35.09521484375
3736003,36.9873046875
3736074,34.60693359375
3736110,29.96826171875
3736177,29.72412109375
3736203,30.8837890625
3736219,31.18896484375
3736317,30.029296875
3736392,35.46142578125
3736406,50.84228515625
3736448,33.14208984375
3736463,29.6630859375
3736481,32.2265625
3736762,29.1748046875
3736890,28.9306640625
3737128,30.029296875
3737226,30.029296875
3737369,31.06689453125
3779125,34.1796875
3779138,31.1279296875
3779190,28.86962890625
3779212,93.93310546875
3779232,36.31591796875
3779252,66.22314453125
3779266,109.130859375
3779289,42.17529296875
3779312,69.7021484375
3779323,49.072265625
3779356,33.447265625
3779378,52.001953125
3779409,32.3486328125
3779421,32.470703125
3779442,33.50830078125
3779464,39.4287109375
3779514,33.8134765625
3779544,34.1796875
3779570,33.87451171875
3779597,29.23583984375
3779614,37.2314453125
3779640,36.92626953125
3779677,35.0341796875
3779830,29.78515625
3780025,33.02001953125
3780146,29.9072265625
3780234,31.06689453125
3780278,29.1748046875
3780382,31.06689453125
3780412,29.9072265625
3780471,28.99169921875
3780503,32.5927734375
3780558,30.3955078125
3780640,32.65380859375
3781128,29.296875
3781217,32.470703125
3781322,29.052734375
3781515,33.14208984375
3866806,34.11865234375
3866851,29.6630859375
3866877,85.44921875
3866894,105.8349609375
3866910,75.74462890625
3866929,54.50439453125
3866960,57.67822265625
3866987,43.51806640625
3867005,29.78515625
3867022,51.513671875
3867051,47.7294921875
3867080,29.296875
3867097,30.82275390625
3867127,35.2783203125
3867160,35.46142578125
3867211,28.80859375
3867236,31.55517578125
3867266,30.029296875
3867353,29.4189453125
3867446,29.296875
3867493,29.1748046875
3867631,32.3486328125
3867746,28.80859375
3867803,34.48486328125
3867822,32.8369140625
3867841,31.79931640625
3867869,31.92138671875
3867948,34.11865234375
3868016,31.005859375
3868055,31.3720703125
3868117,34.48486328125
3868130,31.92138671875
3868171,32.2265625
3868203,34.60693359375
3868257,32.65380859375
3868345,35.21728515625
3868422,36.376953125
3868454,33.203125
3868776,30.517578125
3868873,30.2734375
3868988,32.16552734375
3869116,30.3955078125
3869381,37.41455078125
3950991,39.0625
3951030,28.9306640625
3951040,29.6630859375
3951057,117.5537109375
3951079,137.26806640625
3951097,30.94482421875
3951109,93.68896484375
3951137,50.35400390625
3951159,45.83740234375
3951186,53.89404296875
3951197,36.56005859375
3951219,34.66796875
3951249,30.33447265625
3951266,30.76171875
3951328,33.203125
3951340,28.9306640625
3951390,34.60693359375
3951421,29.11376953125
3951451,32.16552734375
3951508,29.11376953125
3951656,33.02001953125
3951925,31.1279296875
3952004,33.75244140625
3952014,32.04345703125
3952039,40.8935546875
3952076,38.63525390625
3952219,31.55517578125
3952398,33.38623046875
3952508,28.74755859375
3952955,32.1044921875
3953424,33.935546875
4023651,35.94970703125
4023684,78.30810546875
4023697,52.30712890625
4023719,69.580078125
4023735,99.609375
4023756,80.87158203125
4023781,62.255859375
4023802,35.888671875
4023816,33.26416015625
4023834,40.95458984375
4023846,36.4990234375
4023863,32.470703125
4023887,40.22216796875
4023909,28.86962890625
4024017,30.3955078125
4024041,30.21240234375
4024059,33.63037109375
4024181,28.99169921875
4024275,29.60205078125
4024460,35.0341796875
4024544,36.68212890625
4024554,31.73828125
4024642,29.35791015625
4024683,28.99169921875
4024728,33.26416015625
4024805,28.80859375
4024823,29.23583984375
4024905,31.18896484375
4024920,29.35791015625
4024948,29.96826171875
4024968,29.4189453125
4025007,33.26416015625
4025055,32.71484375
4025239,28.80859375
4025824,30.3955078125
4026015,33.14208984375
4112245,35.400390625
4112299,31.73828125
4112316,72.265625
4112331,46.32568359375
4112341,108.7646484375
4112356,137.63427734375
4112374,44.3115234375
4112394,36.92626953125
4112405,37.53662109375
4112421,47.8515625
4112444,40.10009765625
4112460,38.51318359375
4112477,40.8935546875
4112490,32.65380859375
4112507,35.09521484375
4112522,38.2080078125
4112542,37.78076171875
4112561,29.1748046875
4112601,32.8369140625
4112644,41.44287109375
4112659,32.5927734375
4112723,29.296875
4112744,32.958984375
4112760,29.72412109375
4112866,33.5693359375
4113064,31.005859375
4113099,28.9306640625
4113185,28.9306640625
4113238,33.447265625
4113259,29.72412109375
4113332,33.0810546875
4113401,34.11865234375
4113450,40.0390625
4113498,32.470703125
4113548,34.11865234375
4113558,51.7578125
4113629,42.05322265625
4113677,33.8134765625
4113768,33.203125
4113821,32.2265625
4113940,29.052734375
4114508,29.1748046875
4114811,34.11865234375
4199718,49.560546875
4199732,30.09033203125
4199742,33.8134765625
4199765,65.7958984375
4199799,77.0263671875
4199815,97.5341796875
4199837,58.53271484375
4199866,46.7529296875
4199879,38.02490234375
4199891,44.49462890625
4199924,38.4521484375
4199949,40.771484375
4199966,43.8232421875
4199999,51.513671875
4200010,33.69140625
4200050,29.11376953125
4200121,37.59765625
4200146,29.96826171875
4200158,34.3017578125
4200177,38.02490234375
4200240,30.57861328125
4200483,30.8837890625
4200601,28.80859375
4200646,29.84619140625
4200676,29.78515625
4200717,40.52734375
4200773,36.07177734375
4200812,29.23583984375
4200841,32.958984375
4200878,34.0576171875
4200919,31.3720703125
4200944,37.65869140625
4201035,31.494140625
4201124,35.46142578125
4201137,34.423828125
4201169,35.400390625
4201180,74.64599609375
4201231,33.203125
4201244,30.029296875
4202115,29.84619140625
4248157,31.494140625
4256666,30.82275390625
4256693,28.9306640625
4256714,92.7734375
4256745,77.392578125
4256772,62.68310546875
4256786,46.9970703125
4256809,75.50048828125
4256833,66.40625
4256854,50.84228515625
4256871,47.30224609375
4256891,31.67724609375
4256937,40.4052734375
4256968,34.36279296875
4257061,50.35400390625
4257186,30.45654296875
4257245,30.3955078125
4257255,29.4189453125
4257407,30.8837890625
4257672,29.541015625
4257747,32.04345703125
4257779,30.09033203125
4257824,34.85107421875
4257929,33.447265625
4257955,30.94482421875
4257976,33.447265625
4258029,30.029296875
4258183,29.78515625
4258251,28.74755859375
4258542,33.63037109375
4258846,31.18896484375
4259019,29.296875
4264817,29.47998046875
4324408,44.43359375
4324452,65.4296875
4324472,91.85791015625
4324486,36.62109375
4324513,55.2978515625
4324525,53.8330078125
4324539,51.57470703125
4324552,37.90283203125
4324579,46.630859375
4324598,45.34912109375
4324615,33.14208984375
4324629,36.19384765625
4324641,35.70556640625
4324662,29.1748046875
4324705,31.18896484375
4324737,34.5458984375
4324755,28.99169921875
4324782,32.958984375
4324837,28.9306640625
4324851,34.0576171875
4324867,32.3486328125
4324902,35.09521484375
4325072,32.16552734375
4325238,33.50830078125
4325274,29.35791015625
4325346,30.029296875
4325405,29.47998046875
4325448,34.5458984375
4325574,29.84619140625
4325619,32.5927734375
4325716,33.87451171875
4325757,45.2880859375
4325786,30.2734375
4325948,35.09521484375
4326317,28.80859375
4326400,32.28759765625
4326511,34.912109375
4326640,32.40966796875
4326850,36.80419921875
4332506,30.1513671875
4379721,41.9921875
4379760,29.11376953125
4379780,32.1044921875
4379811,49.6826171875
4379826,90.2099609375
4379853,107.2998046875
4379868,63.8427734375
4379890,79.9560546875
4379906,46.20361328125
4379924,48.52294921875
4379936,48.583984375
4379950,40.1611328125
4379963,30.76171875
4379986,36.31591796875
4380012,36.62109375
4380026,28.86962890625
4380057,34.11865234375
4380072,35.15625
4380121,31.43310546875
4380154,30.8837890625
4380218,39.0625
4380348,35.15625
4380727,29.052734375
4380850,29.35791015625
4380870,29.23583984375
4381019,29.72412109375
4381228,33.935546875
4381513,29.23583984375
4381560,30.2734375
4381641,29.4189453125
4381790,29.23583984375
4382008,31.005859375
4382240,35.5224609375
4469167,52.91748046875
4469212,61.03515625
4469245,85.205078125
4469267,120.60546875
4469282,69.51904296875
4469314,87.46337890625
4469332,44.921875
4469353,52.30712890625
4469370,47.4853515625
4469398,38.57421875
4469408,37.04833984375
4469442,37.109375
4469472,31.25
4469496,33.63037109375
4469506,40.52734375
4469577,35.58349609375
4469964,29.11376953125
4470018,30.8837890625
4470049,31.6162109375
4470132,34.7900390625
4470156,33.75244140625
4470256,29.72412109375
4470305,30.94482421875
4470337,36.19384765625
4470507,31.79931640625
4470521,44.5556640625
4470546,32.28759765625
4470588,29.4189453125
4470616,41.19873046875
4470701,29.60205078125
4470722,29.541015625
4471004,31.67724609375
4471348,31.18896484375
4471519,40.0390625
4481119,28.9306640625
4516411,37.78076171875
4516453,31.18896484375
4516477,35.888671875
4516492,29.052734375
4516512,69.82421875
4516531,33.203125
4516543,113.58642578125
4516561,38.63525390625
4516578,51.1474609375
4516598,72.20458984375
4516625,46.7529296875
4516646,44.00634765625
4516659,29.78515625
4516681,55.419921875
4516698,37.353515625
4516713,36.43798828125
4516737,33.3251953125
4516757,40.4052734375
4516777,33.447265625
4516797,31.8603515625
4516842,36.92626953125
4516894,33.69140625
4516939,29.96826171875
4516989,29.541015625
4517371,41.80908203125
4517381,37.59765625
4517450,29.72412109375
4517484,35.46142578125
4517534,30.517578125
4517562,38.330078125
4517649,34.3017578125
4517698,28.99169921875
4517760,29.1748046875
4517788,30.029296875
4517848,35.400390625
4517869,29.47998046875
4518263,29.35791015625
4518350,29.96826171875
4518404,30.09033203125
4518616,33.38623046875
4518751,37.04833984375
4605096,34.60693359375
4605112,29.296875
4605143,81.48193359375
4605174,77.1484375
4605196,68.603515625
4605206,40.52734375
4605219,71.22802734375
4605235,40.8935546875
4605254,48.76708984375
4605271,37.4755859375
4605284,51.1474609375
4605302,45.47119140625
4605325,36.19384765625
4605361,28.80859375
4605396,35.400390625
4605417,29.60205078125
4605452,30.76171875
4605495,34.85107421875
4605591,45.83740234375
4605639,47.91259765625
4605927,29.84619140625
4606087,33.69140625
4606132,30.029296875
4606172,29.541015625
4606217,37.59765625
4606269,29.78515625
4606300,29.35791015625
4606426,29.9072265625
4607015,33.447265625
4607100,32.5927734375
4607352,32.470703125
4684116,58.349609375
4684149,33.38623046875
4684162,118.1640625
4684181,89.35546875
4684197,79.9560546875
4684228,65.0634765625
4684253,45.71533203125
4684264,53.1005859375
4684284,44.61669921875
4684325,37.109375
4684335,39.306640625
4684351,34.3017578125
4684385,36.56005859375
4684418,32.71484375
4684448,33.935546875
4684526,38.14697265625
4684561,30.517578125
4684744,30.82275390625
4685009,33.02001953125
4685100,35.0341796875
4685238,35.64453125
4685252,32.1044921875
4685302,29.052734375
4685446,30.70068359375
4685469,41.19873046875
4685557,30.3955078125
4685893,29.1748046875
4686157,32.65380859375
4686268,33.8134765625
4686420,33.02001953125
4770985,28.80859375
4771018,31.1279296875
4771038,64.51416015625
4771065,46.81396484375
4771077,178.89404296875
4771102,58.89892578125
4771113,76.47705078125
4771133,51.1474609375
4771159,55.0537109375
4771169,43.3349609375
4771182,48.27880859375
4771214,40.46630859375
4771227,32.71484375
4771247,32.65380859375
4771267,33.447265625
4771302,34.0576171875
4771323,31.31103515625
4771451,35.888671875
4771492,33.0810546875
4771728,38.330078125
4771824,28.80859375
4771975,31.31103515625
4772160,30.517578125
4772198,34.912109375
4772233,32.470703125
4772341,30.3955078125
4772372,45.47119140625
4772404,31.67724609375
4772485,28.74755859375
4772584,28.9306640625
4772656,30.57861328125
4772702,30.029296875
4773084,31.18896484375
4773369,32.3486328125
