4798001,0
23868,106.50634765625
33873,113.58642578125
44695,120.1171875
54230,111.2060546875
55285,107.7880859375
62956,98.14453125
65237,115.72265625
66610,108.642578125
68245,104.00390625
69359,118.83544921875
71882,106.26220703125
76496,115.478515625
85125,106.01806640625
161020,97.35107421875
167137,125.67138671875
176117,111.51123046875
177330,47.119140625
205923,105.77392578125
348127,121.58203125
351693,108.154296875
392186,123.291015625
393923,123.59619140625
400621,51.08642578125
421718,109.92431640625
422277,103.515625
423624,112.79296875
431569,109.86328125
476272,122.4365234375
477117,114.31884765625
515261,115.966796875
518108,118.5302734375
523420,120.42236328125
525877,104.18701171875
528555,47.7294921875
548446,100.5859375
570768,95.64208984375
571465,105.04150390625
571960,112.548828125
572281,96.86279296875
573367,107.23876953125
574703,91.9189453125
576954,51.45263671875
579312,50.72021484375
600255,99.30419921875
938298,48.9501953125
1209702,49.37744140625
1231453,48.9501953125
1512893,112.9150390625
1513015,108.94775390625
1513150,113.525390625
1673363,50.537109375
1780772,48.27880859375
1979352,51.025390625
2131936,111.87744140625
2142514,108.7646484375
2191602,113.28125
2195187,95.03173828125
2257523,103.21044921875
2276811,101.1962890625
2289072,114.8681640625
2297571,101.13525390625
2302829,100.03662109375
2370838,115.966796875
2392813,117.919921875
2434791,109.7412109375
2458314,102.47802734375
2470227,113.09814453125
2523252,47.7294921875
2539558,109.619140625
2546352,95.88623046875
2560543,103.8818359375
2570941,113.95263671875
2581227,95.64208984375
2586305,100.89111328125
2595886,100.03662109375
2600330,95.52001953125
2619556,100.341796875
2622123,47.2412109375
2630741,103.02734375
2640514,98.20556640625
2643378,101.74560546875
2647845,102.294921875
2657318,105.52978515625
2658951,112.548828125
2665486,100.40283203125
2683348,49.01123046875
2689755,100.03662109375
2691997,48.095703125
2696357,111.99951171875
2702659,103.1494140625
2708906,104.736328125
2717371,113.09814453125
2723405,109.80224609375
2725222,114.19677734375
2749346,113.46435546875
2753445,95.0927734375
2758685,101.25732421875
2761983,103.57666015625
2766725,98.08349609375
2771968,97.2900390625
2777075,106.93359375
2790719,111.38916015625
2805258,87.95166015625
2811010,103.3935546875
2816977,102.60009765625
2821460,106.38427734375
2822104,87.646484375
2828879,96.25244140625
2831377,104.4921875
2835366,115.6005859375
2841806,98.93798828125
2848147,48.33984375
2849181,92.10205078125
2854642,103.69873046875
2860972,96.86279296875
2867265,105.224609375
2873520,92.4072265625
2898101,107.48291015625
2903259,106.14013671875
2915612,103.3935546875
2920877,93.56689453125
2927623,104.98046875
2931895,105.40771484375
2938726,94.8486328125
2944231,96.0693359375
2960569,104.1259765625
2961642,121.27685546875
2983371,101.98974609375
3006994,109.7412109375
3052240,112.48779296875
3059057,105.16357421875
3086890,91.49169921875
3089864,110.29052734375
3110210,103.271484375
3113939,106.75048828125
3125801,123.96240234375
3133050,98.7548828125
3137854,48.2177734375
3149488,101.62353515625
3178133,122.49755859375
3202630,47.119140625
3218673,106.8115234375
3234263,105.3466796875
3248158,101.806640625
3248708,106.99462890625
3253278,111.328125
3253998,98.0224609375
3261147,89.4775390625
3277347,99.42626953125
3277729,99.2431640625
3278576,94.1162109375
3281722,104.8583984375
3281995,93.07861328125
3282491,95.27587890625
3300137,100.2197265625
3311650,90.51513671875
3315612,100.76904296875
3317912,106.38427734375
3323082,91.552734375
3326100,94.54345703125
3335538,112.3046875
3340363,91.61376953125
3354352,104.98046875
3361317,93.1396484375
3361890,106.75048828125
3362083,90.51513671875
3367538,90.576171875
3371855,103.3935546875
3375929,91.12548828125
3383057,105.16357421875
3391294,98.93798828125
3414250,97.59521484375
3420819,103.8818359375
3452032,91.73583984375
3454729,107.7880859375
3461079,102.23388671875
3461464,91.85791015625
3471091,91.36962890625
3475251,91.61376953125
3492964,100.5859375
3503279,106.0791015625
3508868,96.25244140625
3514734,88.0126953125
3533952,94.17724609375
3534622,101.1962890625
3539790,100.9521484375
3564240,100.830078125
3567380,47.42431640625
3569633,104.79736328125
3582352,111.63330078125
3592359,91.6748046875
3610755,103.94287109375
3635665,100.5859375
3638323,105.77392578125
3642186,109.80224609375
3644742,94.66552734375
3649651,95.0927734375
3655892,96.13037109375
3662387,98.5107421875
3670434,96.923828125
3675624,110.107421875
3682204,84.77783203125
3682850,96.6796875
3683111,88.19580078125
3688193,107.7880859375
3690007,49.62158203125
3694801,95.39794921875
3695400,90.02685546875
3695610,82.763671875
3696014,98.20556640625
3706097,119.44580078125
3708945,97.83935546875
3719957,92.4072265625
3724195,93.26171875
3724942,102.9052734375
3727422,94.8486328125
3728126,92.4072265625
3736252,99.30419921875
3737390,98.81591796875
3743842,94.8486328125
3747645,102.4169921875
3747917,91.064453125
3758707,105.1025390625
3761529,105.712890625
3763918,105.28564453125
3768561,96.74072265625
3775802,103.515625
3781943,95.947265625
3788094,98.14453125
3793098,101.806640625
3800642,90.8203125
3812183,104.3701171875
3817554,88.37890625
3818868,85.693359375
3824336,106.0791015625
3827301,94.54345703125
3830413,108.5205078125
3832880,102.294921875
3837522,95.03173828125
3846803,88.2568359375
3847290,90.51513671875
3855257,91.73583984375
3855812,89.4775390625
3856269,99.06005859375
3865279,100.830078125
3871117,91.61376953125
3875117,98.44970703125
3888244,105.52978515625
3890102,88.31787109375
3890628,87.09716796875
3890829,85.51025390625
3900760,98.388671875
3908170,96.5576171875
3911833,99.06005859375
3912526,93.3837890625
3912761,82.70263671875
3918229,94.29931640625
3919941,85.75439453125
3928644,93.81103515625
3932735,106.38427734375
3935985,89.41650390625
3936246,49.37744140625
3936465,95.27587890625
3940559,102.1728515625
3944510,91.4306640625
3947574,93.56689453125
3956772,92.46826171875
3960659,82.51953125
3960899,93.93310546875
3961113,90.6982421875
3961234,58.59375
3965234,104.3701171875
3976699,113.22021484375
3977737,109.9853515625
3978301,97.2900390625
3982235,88.0126953125
3983209,111.63330078125
3991769,100.89111328125
4001581,90.88134765625
4007887,97.7783203125
4009649,102.05078125
4009932,103.02734375
4010453,85.3271484375
4010631,67.81005859375
4017338,96.86279296875
4026233,91.49169921875
4029483,96.0693359375
4033057,103.08837890625
4042459,85.26611328125
4043078,97.47314453125
4043264,79.58984375
4055596,104.79736328125
4064009,98.32763671875
4072808,100.03662109375
4074015,76.5380859375
4077661,100.03662109375
4078126,90.8203125
4078352,88.9892578125
4078512,66.10107421875
4085302,88.56201171875
4089821,90.2099609375
4092688,88.134765625
4097215,95.0927734375
4098879,93.1396484375
4104451,95.52001953125
4105930,92.8955078125
4106212,94.17724609375
4106351,67.81005859375
4119100,95.88623046875
4121046,89.05029296875
4126120,96.19140625
4127202,91.4306640625
4138553,99.91455078125
4139092,85.14404296875
4146851,89.35546875
4150862,81.4208984375
4155614,88.68408203125
4163502,98.876953125
4167785,84.65576171875
4171539,89.90478515625
4176899,93.994140625
4177485,86.3037109375
4184071,93.93310546875
4185373,91.00341796875
4185701,85.02197265625
4185829,70.068359375
4199831,87.09716796875
4205356,89.53857421875
4205690,92.83447265625
4205896,74.70703125
4206009,48.88916015625
4222361,102.23388671875
4222992,87.0361328125
4229069,106.14013671875
4229379,96.923828125
4229551,72.1435546875
4238163,98.5107421875
4243452,94.1162109375
4243709,102.84423828125
4243879,73.18115234375
4244114,76.7822265625
4256961,97.5341796875
4262351,87.95166015625
4262660,87.890625
4262859,78.125
4269365,94.78759765625
4273791,88.31787109375
4274151,99.18212890625
4274399,87.890625
4274557,63.17138671875
4284627,100.7080078125
4289362,104.18701171875
4296143,96.37451171875
4301846,101.62353515625
4302046,84.3505859375
4302212,77.08740234375
4302333,59.5703125
4310697,90.27099609375
4312393,89.90478515625
4315357,87.5244140625
4315585,95.0927734375
4315907,81.54296875
4316030,47.42431640625
4322593,94.42138671875
4324548,95.03173828125
4331656,100.5859375
4338230,102.11181640625
4338765,82.3974609375
4339026,100.52490234375
4348508,97.47314453125
4349764,86.36474609375
4354921,103.69873046875
4355111,82.82470703125
4355215,57.0068359375
4360062,102.11181640625
4370550,90.576171875
4370897,93.20068359375
4371015,63.5986328125
4371143,53.16162109375
4380800,96.25244140625
4386226,91.85791015625
4386752,89.4775390625
4386878,65.185546875
4391237,97.10693359375
4395776,102.294921875
4396102,93.32275390625
4396243,76.84326171875
4396399,54.01611328125
4402901,101.62353515625
4403290,87.158203125
4403453,72.57080078125
4412240,91.24755859375
4412888,92.83447265625
4413188,82.21435546875
4423814,91.6748046875
4424526,83.3740234375
4424846,85.9375
4424992,60.1806640625
4435709,100.03662109375
4442901,109.19189453125
4443334,96.86279296875
4443481,67.7490234375
4445597,118.10302734375
4450542,89.53857421875
4457481,96.0693359375
4458184,54.931640625
4463117,95.76416015625
4466667,90.39306640625
4470030,86.85302734375
4470508,86.7919921875
4470624,57.861328125
4475007,98.93798828125
4475477,85.99853515625
4475594,65.673828125
4483618,89.90478515625
4491898,88.56201171875
4494344,92.46826171875
4494745,90.8203125
4495086,76.904296875
4508246,85.75439453125
4512617,91.49169921875
4513006,93.56689453125
4513159,75.86669921875
4518568,93.26171875
4518936,97.22900390625
4519281,88.2568359375
4527131,93.1396484375
4538622,92.529296875
4538937,90.2099609375
4539130,72.57080078125
4543911,85.5712890625
4550121,88.80615234375
4550594,75.0732421875
4550817,82.03125
4563218,92.4072265625
4563400,82.94677734375
4563553,66.2841796875
4573531,106.3232421875
4573878,95.76416015625
4573976,51.025390625
4581036,97.412109375
4581231,93.32275390625
4581370,58.16650390625
4592649,85.99853515625
4592926,87.58544921875
4593042,60.6689453125
4600992,102.96630859375
4606876,98.32763671875
4610564,97.10693359375
4613702,96.37451171875
4614233,96.923828125
4614456,85.205078125
4628249,99.79248046875
4630032,94.1162109375
4634788,99.79248046875
4640725,90.33203125
4641023,89.2333984375
4641134,54.01611328125
4647101,107.72705078125
4651527,91.30859375
4651710,83.984375
4651804,52.734375
4659136,89.90478515625
4664513,88.0126953125
4666469,100.89111328125
4666683,81.48193359375
4666824,57.43408203125
4672036,84.77783203125
4680445,82.33642578125
4680774,49.86572265625
4680891,57.6171875
4690591,86.669921875
4695639,86.5478515625
4695888,96.435546875
4695986,49.8046875
4703208,88.0126953125
4705681,87.82958984375
4705867,96.25244140625
4706350,80.99365234375
4716475,92.6513671875
4716986,84.41162109375
4717311,81.4208984375
4727891,88.9892578125
4731814,99.12109375
4734409,79.2236328125
4734737,91.4306640625
4734833,47.79052734375
4746238,94.05517578125
4747560,93.26171875
4747788,86.3037109375
4757587,93.994140625
4758018,95.52001953125
4758113,52.55126953125
4761685,89.29443359375
4761856,78.7353515625
4771499,100.2197265625
4775591,113.70849609375
4775834,75.3173828125
4786954,88.0126953125
4787165,84.228515625
4787302,73.79150390625
4793629,88.19580078125
4793834,82.51953125
4793963,65.36865234375
4794224,69.580078125
