4799201,0
662260,34.3017578125
788405,32.71484375
958591,33.26416015625
1370699,33.63037109375
1600963,33.38623046875
1759187,36.0107421875
2076302,33.69140625
2132168,33.935546875
2166855,35.400390625
2215345,36.0107421875
2233167,34.36279296875
2262651,41.1376953125
2292568,33.8134765625
2381163,34.423828125
2394193,35.15625
2394258,38.75732421875
2394374,34.912109375
2406943,33.75244140625
2419069,33.75244140625
2431597,37.29248046875
2442218,35.09521484375
2452781,32.958984375
2461590,33.99658203125
2503178,33.935546875
2539019,35.46142578125
3944158,35.888671875
4188580,33.0810546875
4514855,35.09521484375
4621802,32.958984375
4749051,34.7900390625
