4799001,0
1400,20.1416015625
3366,23.86474609375
3781,22.88818359375
6145,18.9208984375
8922,22.76611328125
11819,22.76611328125
12283,17.63916015625
12351,23.5595703125
12561,24.35302734375
12778,30.029296875
12808,17.63916015625
13238,18.4326171875
13504,19.04296875
13674,20.263671875
13919,20.01953125
14158,18.1884765625
14426,20.08056640625
14510,19.287109375
14621,21.05712890625
14631,18.37158203125
14690,22.5830078125
14725,23.62060546875
14760,19.4091796875
14774,33.8134765625
14861,17.88330078125
14893,18.310546875
14936,22.8271484375
14968,33.75244140625
15037,18.9208984375
15104,19.53125
15125,20.263671875
15167,22.3388671875
15319,18.9208984375
15601,18.49365234375
15613,18.37158203125
15741,17.822265625
16015,18.49365234375
16174,19.1650390625
16477,25.20751953125
16670,17.9443359375
16746,20.6298828125
17401,18.49365234375
24661,22.52197265625
26313,21.66748046875
27993,19.8974609375
29487,21.17919921875
31473,22.27783203125
31982,21.91162109375
32976,20.32470703125
34476,19.47021484375
35913,17.7001953125
36181,21.42333984375
36279,22.03369140625
36334,22.216796875
36362,18.61572265625
36841,18.5546875
36952,18.12744140625
37256,18.9208984375
37310,20.69091796875
37502,23.74267578125
37591,22.3388671875
37635,22.03369140625
37831,19.34814453125
37881,20.6298828125
37893,21.30126953125
38004,17.7001953125
38080,22.216796875
38116,21.3623046875
38143,21.240234375
38167,18.4326171875
38231,26.55029296875
38283,19.34814453125
38321,20.8740234375
38338,21.97265625
38389,19.287109375
38411,23.681640625
38531,21.54541015625
38560,23.4375
38663,24.35302734375
38692,18.4326171875
38729,26.3671875
38800,25.08544921875
38875,20.8740234375
38911,22.76611328125
39044,18.00537109375
39518,20.3857421875
39696,18.61572265625
39824,20.81298828125
39969,21.484375
40344,19.34814453125
40513,19.53125
40537,17.63916015625
48979,21.240234375
50558,20.263671875
52550,20.263671875
54371,19.10400390625
56338,19.59228515625
57850,19.53125
59229,20.08056640625
59480,18.5546875
61134,17.88330078125
61726,19.71435546875
61948,26.85546875
62068,24.90234375
62412,17.822265625
62665,23.49853515625
63052,24.35302734375
63188,23.92578125
63462,18.1884765625
63550,41.19873046875
63662,22.15576171875
63682,19.71435546875
63712,21.6064453125
63758,23.01025390625
63771,19.6533203125
63802,38.51318359375
63813,25.45166015625
63853,28.80859375
63894,18.00537109375
63950,18.61572265625
64050,30.21240234375
64144,19.287109375
64183,17.63916015625
64294,18.73779296875
64330,23.681640625
64472,18.6767578125
64575,18.85986328125
64752,20.8740234375
65122,17.7001953125
65288,19.4091796875
66887,19.22607421875
76810,21.54541015625
80667,19.4091796875
82039,18.73779296875
82190,21.78955078125
83343,22.39990234375
83597,18.9208984375
83619,17.63916015625
83914,18.6767578125
84014,19.83642578125
84548,17.9443359375
84638,20.56884765625
84765,19.6533203125
85133,22.4609375
85416,23.681640625
85492,18.12744140625
85550,18.6767578125
85585,18.310546875
85600,21.42333984375
85745,23.98681640625
85783,21.05712890625
85847,18.6767578125
85876,23.3154296875
85900,19.53125
85948,20.20263671875
86007,20.20263671875
86140,17.63916015625
86177,21.240234375
86289,22.94921875
86436,18.98193359375
86524,20.08056640625
86573,17.88330078125
86684,21.42333984375
86831,19.34814453125
87014,22.03369140625
87119,19.34814453125
87154,18.98193359375
87239,20.08056640625
87453,22.64404296875
87621,18.73779296875
87680,21.54541015625
97267,23.98681640625
99083,18.73779296875
101643,18.85986328125
104102,29.1748046875
104262,23.37646484375
104390,18.37158203125
104653,21.17919921875
104666,26.123046875
105110,21.1181640625
105333,23.193359375
105400,18.798828125
105485,22.216796875
105617,20.6298828125
105749,23.86474609375
105782,34.423828125
105809,31.55517578125
105857,17.76123046875
105962,18.798828125
106053,21.30126953125
106208,36.31591796875
106248,21.8505859375
106339,26.91650390625
106474,18.9208984375
106484,21.66748046875
106597,19.22607421875
106637,19.95849609375
106696,21.484375
106814,26.79443359375
107008,20.751953125
107606,18.5546875
108972,19.34814453125
117013,19.34814453125
118911,20.5078125
120472,20.263671875
120781,20.56884765625
122437,20.20263671875
123167,27.099609375
123274,21.3623046875
123390,19.775390625
123563,18.310546875
123613,27.34375
123844,19.53125
124374,23.5595703125
124462,17.7001953125
124529,18.73779296875
124916,27.77099609375
125220,17.63916015625
125309,19.71435546875
125360,29.84619140625
125585,19.53125
125632,20.44677734375
125668,20.69091796875
125732,22.27783203125
125752,26.30615234375
125824,20.1416015625
125848,18.5546875
125889,18.310546875
125981,26.67236328125
126038,26.79443359375
126262,21.8505859375
126449,20.263671875
126497,20.5078125
126641,20.81298828125
126659,17.76123046875
126737,22.5830078125
126857,22.5830078125
126925,18.4326171875
127049,17.88330078125
127319,29.541015625
127686,21.484375
127840,18.85986328125
128149,21.66748046875
136742,19.47021484375
138923,18.37158203125
140747,22.94921875
141220,25.5126953125
141285,23.13232421875
141436,26.7333984375
141878,20.263671875
142005,18.5546875
142062,21.6064453125
142382,20.3857421875
142760,19.775390625
142789,17.88330078125
142905,22.39990234375
143358,20.69091796875
143420,20.81298828125
143779,18.5546875
143958,24.23095703125
143999,19.287109375
144049,17.822265625
144158,26.0009765625
144196,18.00537109375
144276,19.1650390625
144340,22.0947265625
144376,20.1416015625
144451,18.310546875
144495,20.44677734375
144641,22.3388671875
144696,24.658203125
144753,18.5546875
144872,22.5830078125
145137,17.822265625
145287,18.6767578125
145393,18.1884765625
145471,19.34814453125
145995,18.73779296875
146315,19.775390625
155321,19.34814453125
157231,18.61572265625
158320,18.5546875
158646,20.01953125
159065,21.78955078125
159086,20.751953125
159297,22.15576171875
159460,19.59228515625
159994,23.01025390625
160377,23.681640625
160783,23.92578125
161551,18.73779296875
161703,20.6298828125
168897,24.658203125
171177,20.751953125
171222,22.8271484375
171320,21.728515625
171340,18.5546875
171575,20.32470703125
171715,26.4892578125
172137,21.42333984375
172170,20.263671875
172424,18.73779296875
172460,20.69091796875
172513,28.38134765625
172666,30.21240234375
172678,18.4326171875
172754,19.83642578125
172782,18.1884765625
172821,21.97265625
172875,19.287109375
172914,18.798828125
172989,20.08056640625
173001,20.56884765625
173129,20.56884765625
173234,22.216796875
173724,21.728515625
174072,21.54541015625
174386,18.310546875
185126,18.6767578125
186965,18.310546875
188213,22.52197265625
188570,18.85986328125
188729,25.2685546875
188957,38.02490234375
189444,20.263671875
189565,19.287109375
190095,25.32958984375
190243,18.1884765625
190368,19.22607421875
190469,17.9443359375
190479,18.310546875
190565,19.775390625
190598,18.85986328125
190698,18.00537109375
190716,22.94921875
190896,18.310546875
191078,26.123046875
191088,19.83642578125
191169,23.8037109375
191302,20.81298828125
191313,17.822265625
191339,18.49365234375
191477,21.6064453125
191631,21.05712890625
191708,18.4326171875
192381,22.5830078125
193154,17.76123046875
203994,20.69091796875
204467,21.66748046875
204624,21.97265625
204757,24.7802734375
204842,17.63916015625
205180,21.30126953125
205363,17.822265625
205430,24.5361328125
205888,21.484375
206146,19.04296875
206295,18.6767578125
206430,20.93505859375
206919,23.01025390625
206993,18.85986328125
211737,18.24951171875
211925,22.15576171875
212102,26.4892578125
213265,20.01953125
213474,17.63916015625
213624,21.42333984375
214468,22.5830078125
214722,21.42333984375
214807,21.3623046875
214896,21.1181640625
215025,17.63916015625
215081,17.7001953125
215141,21.17919921875
215178,21.42333984375
215247,18.1884765625
215285,17.9443359375
215413,24.96337890625
215442,21.3623046875
215722,23.01025390625
215786,18.6767578125
215830,20.99609375
216016,20.263671875
216044,22.76611328125
216093,23.3154296875
216431,20.56884765625
216715,18.73779296875
217019,20.263671875
217316,18.00537109375
217633,18.12744140625
226755,18.06640625
228797,19.04296875
230717,24.5361328125
231355,18.49365234375
231690,22.4609375
231784,18.00537109375
231823,20.32470703125
231978,21.30126953125
232113,24.90234375
232251,19.287109375
232547,20.56884765625
232588,21.30126953125
232679,20.1416015625
232712,24.71923828125
232749,23.5595703125
232852,19.95849609375
233004,20.32470703125
233042,19.47021484375
233087,19.59228515625
233099,24.59716796875
233150,18.06640625
233239,20.69091796875
233378,26.55029296875
233417,18.6767578125
233471,20.08056640625
233617,20.32470703125
233729,18.61572265625
234592,21.42333984375
234637,22.88818359375
234930,22.64404296875
235437,18.1884765625
235893,17.9443359375
244738,20.20263671875
246528,21.54541015625
249257,20.56884765625
249352,25.57373046875
249369,18.310546875
249483,20.08056640625
249545,19.71435546875
249650,26.67236328125
249675,19.287109375
249950,19.4091796875
249969,18.49365234375
250018,18.73779296875
250073,18.00537109375
250182,18.1884765625
250196,24.5361328125
250227,28.564453125
250249,18.06640625
250279,21.17919921875
250369,17.63916015625
250490,20.08056640625
250687,18.1884765625
250741,26.0009765625
250801,18.00537109375
250901,17.76123046875
251092,19.53125
251651,20.93505859375
251953,18.5546875
264154,18.98193359375
264265,25.0244140625
265869,19.34814453125
267368,20.1416015625
267399,19.83642578125
267525,21.1181640625
267560,25.93994140625
267683,19.22607421875
267729,22.5830078125
267808,17.76123046875
267924,18.61572265625
267947,19.47021484375
268022,41.56494140625
268032,25.5126953125
268189,18.310546875
268248,20.20263671875
268262,21.91162109375
268435,18.73779296875
268470,26.123046875
268700,18.6767578125
268740,19.04296875
268796,24.23095703125
268860,19.22607421875
269052,18.61572265625
269567,19.34814453125
269812,18.06640625
279577,19.59228515625
281515,20.6298828125
285333,19.8974609375
287189,18.310546875
287211,22.15576171875
287261,22.3388671875
287280,17.76123046875
287331,19.71435546875
287434,21.240234375
287462,20.20263671875
287561,18.1884765625
287634,17.88330078125
287816,18.4326171875
287905,24.59716796875
288000,20.32470703125
288051,21.66748046875
288075,19.95849609375
288121,18.310546875
288191,23.74267578125
288214,19.287109375
288224,21.30126953125
288277,19.95849609375
288289,19.1650390625
288445,20.5078125
288498,21.54541015625
288518,20.44677734375
288574,18.310546875
288691,21.42333984375
288770,17.7001953125
288864,19.59228515625
289374,17.63916015625
289600,20.3857421875
289695,19.53125
290008,17.9443359375
290715,18.98193359375
299073,17.9443359375
302390,19.53125
305958,20.8740234375
307696,23.37646484375
307749,27.4658203125
307825,22.27783203125
307921,21.8505859375
308061,25.0244140625
308216,17.63916015625
308272,17.76123046875
308304,23.4375
308333,34.48486328125
308487,25.0244140625
308558,24.4140625
308738,20.32470703125
308779,20.20263671875
308872,23.01025390625
309539,21.240234375
309578,19.1650390625
309759,19.1650390625
309824,18.24951171875
309853,19.775390625
310307,18.310546875
311894,19.71435546875
313153,21.78955078125
322512,17.76123046875
323469,21.78955078125
326067,45.654296875
326120,19.59228515625
326243,20.56884765625
326523,19.6533203125
326711,27.7099609375
326839,23.8037109375
326853,21.78955078125
327051,19.1650390625
327091,26.06201171875
327121,20.56884765625
327324,17.9443359375
327334,22.27783203125
327377,23.92578125
327448,18.4326171875
327519,20.08056640625
327682,23.86474609375
327874,20.32470703125
328015,17.9443359375
328367,20.93505859375
328551,19.04296875
329005,18.5546875
329365,21.17919921875
329381,17.63916015625
339769,19.71435546875
343940,19.4091796875
344416,20.20263671875
346152,18.5546875
346168,20.69091796875
346218,23.4375
346335,19.287109375
346357,19.287109375
346593,19.775390625
346895,26.123046875
346941,20.5078125
347153,23.8037109375
347204,17.822265625
347312,18.798828125
347362,28.50341796875
347564,18.00537109375
347926,18.24951171875
348276,18.85986328125
364584,19.95849609375
364677,20.751953125
366646,18.4326171875
368413,23.4375
368448,21.97265625
368500,18.9208984375
368635,26.2451171875
368785,26.9775390625
368796,19.1650390625
369047,21.728515625
369075,28.25927734375
369094,26.2451171875
369165,21.1181640625
369203,22.15576171875
369239,21.42333984375
369266,31.1279296875
369300,23.74267578125
369411,22.15576171875
369443,18.37158203125
369480,22.52197265625
369518,25.390625
369559,18.37158203125
369679,17.76123046875
369716,18.98193359375
369803,19.8974609375
369887,18.73779296875
370510,17.63916015625
370714,20.93505859375
370850,17.88330078125
371253,18.00537109375
385783,18.798828125
385795,24.35302734375
388726,21.05712890625
388785,30.1513671875
388877,22.15576171875
389297,20.263671875
389395,18.37158203125
389444,20.44677734375
389628,22.3388671875
389654,31.73828125
389698,18.6767578125
389805,18.12744140625
389883,22.94921875
390070,20.44677734375
390141,18.310546875
390194,23.3154296875
390301,20.93505859375
390354,19.4091796875
390383,18.798828125
390422,18.1884765625
390535,19.10400390625
390825,18.06640625
391473,17.88330078125
391824,18.12744140625
392177,19.287109375
392660,18.798828125
403467,22.76611328125
406343,21.6064453125
406895,18.00537109375
409876,21.484375
409934,30.21240234375
409967,18.00537109375
410045,19.8974609375
410056,17.88330078125
410143,22.88818359375
410314,18.12744140625
410466,18.98193359375
410526,21.30126953125
410543,18.37158203125
410599,27.099609375
410612,20.93505859375
410729,18.5546875
410825,22.27783203125
410867,20.32470703125
410912,22.64404296875
410948,20.6298828125
410964,18.5546875
411026,20.3857421875
411174,17.76123046875
411248,21.97265625
411279,20.44677734375
411313,18.798828125
411409,21.30126953125
411589,19.47021484375
412205,18.6767578125
412463,20.3857421875
424785,19.22607421875
432860,18.4326171875
432996,19.47021484375
433080,20.263671875
433164,28.13720703125
433190,18.24951171875
433363,23.37646484375
433521,19.1650390625
433591,25.2685546875
433793,24.4140625
433925,26.06201171875
433949,24.7802734375
433965,18.00537109375
434028,22.8271484375
434054,17.9443359375
434123,21.05712890625
434175,28.564453125
434197,19.1650390625
434239,20.56884765625
434282,19.775390625
434374,23.98681640625
434529,17.76123046875
434939,21.91162109375
435144,18.24951171875
435541,20.44677734375
435551,18.4326171875
435890,18.00537109375
436261,17.88330078125
455493,20.08056640625
456529,18.98193359375
457921,19.8974609375
458025,20.01953125
458078,22.39990234375
458177,20.751953125
458306,24.96337890625
458466,20.81298828125
458514,20.32470703125
458610,21.6064453125
458732,30.029296875
458777,20.32470703125
458810,19.22607421875
458848,18.06640625
458865,17.88330078125
458916,17.76123046875
458977,18.37158203125
459061,23.3154296875
459104,20.01953125
459129,20.44677734375
459162,24.4140625
459220,26.79443359375
459242,18.9208984375
459274,20.81298828125
459365,20.99609375
459401,18.310546875
459465,19.71435546875
459640,22.15576171875
459751,21.97265625
460409,21.8505859375
460609,18.49365234375
460966,20.1416015625
461260,17.7001953125
461609,18.5546875
461904,18.37158203125
473371,17.88330078125
475596,21.484375
479151,20.5078125
491163,30.33447265625
491188,24.7802734375
491218,17.7001953125
491295,22.3388671875
491348,19.59228515625
491388,23.49853515625
491431,18.4326171875
491448,19.47021484375
491525,20.93505859375
491774,24.84130859375
491789,18.1884765625
491831,21.1181640625
491928,19.775390625
491978,21.91162109375
492001,17.63916015625
492166,19.4091796875
492208,23.193359375
492357,23.193359375
492477,19.34814453125
492609,20.8740234375
492917,17.63916015625
493033,18.37158203125
493658,19.34814453125
495673,18.12744140625
506252,18.12744140625
508539,18.1884765625
513139,21.728515625
523156,20.44677734375
523200,24.23095703125
523309,25.2685546875
523378,30.029296875
523518,18.00537109375
523572,20.56884765625
523644,20.32470703125
523798,19.287109375
523907,20.20263671875
524003,20.8740234375
524019,18.24951171875
524086,19.34814453125
524096,19.83642578125
524137,23.8037109375
524189,22.39990234375
524239,25.81787109375
524437,18.37158203125
524636,20.56884765625
524673,26.30615234375
524703,20.751953125
524868,20.01953125
524998,19.95849609375
525250,18.06640625
526529,17.7001953125
526545,18.73779296875
526846,20.263671875
541192,19.287109375
545490,19.4091796875
549191,22.94921875
550106,26.42822265625
550174,24.5361328125
550293,18.12744140625
550468,22.27783203125
550526,20.01953125
550604,22.76611328125
550694,18.1884765625
550711,18.00537109375
550830,22.705078125
550862,17.7001953125
550883,19.47021484375
550948,21.05712890625
550985,21.6064453125
550995,24.10888671875
551081,18.9208984375
551124,25.87890625
551150,28.3203125
551196,19.6533203125
551246,30.33447265625
551319,21.6064453125
551342,18.73779296875
551392,17.76123046875
551477,21.30126953125
551523,18.9208984375
551599,17.822265625
551716,24.59716796875
551728,20.99609375
551897,20.751953125
552262,18.1884765625
552455,20.32470703125
552595,21.240234375
552849,19.04296875
553039,18.798828125
577203,20.44677734375
595688,20.44677734375
595723,21.1181640625
595767,26.55029296875
595791,18.37158203125
595872,25.81787109375
595922,19.34814453125
595936,21.8505859375
596030,21.8505859375
596071,19.47021484375
596110,18.12744140625
596138,19.71435546875
596249,22.5830078125
596296,24.7802734375
596340,28.1982421875
596392,32.40966796875
596445,17.9443359375
596470,24.59716796875
596502,25.20751953125
596568,18.73779296875
596595,19.775390625
596611,26.67236328125
596647,22.15576171875
596714,18.9208984375
596801,18.6767578125
596832,23.92578125
596864,17.88330078125
596967,28.62548828125
596978,29.1748046875
597061,18.85986328125
597310,17.822265625
597342,20.263671875
597417,18.4326171875
597541,20.5078125
597659,19.6533203125
597915,17.63916015625
598005,21.05712890625
598624,19.95849609375
598945,17.7001953125
611727,18.9208984375
616381,24.47509765625
623312,22.3388671875
630233,36.2548828125
630313,18.798828125
630894,20.20263671875
630992,23.86474609375
631151,18.24951171875
631255,24.0478515625
631380,18.310546875
631436,23.193359375
631473,20.3857421875
631652,18.85986328125
631692,20.1416015625
631729,27.03857421875
631758,28.076171875
631786,18.310546875
631813,17.822265625
631917,21.3623046875
631949,20.20263671875
631978,35.64453125
632022,17.63916015625
632079,23.37646484375
632138,19.53125
632188,23.4375
632217,17.88330078125
632372,21.8505859375
632640,18.24951171875
632768,21.42333984375
632806,21.6064453125
632866,19.287109375
633017,27.83203125
633067,18.98193359375
633605,21.484375
634284,24.96337890625
650378,19.59228515625
653341,23.4375
667865,24.23095703125
668149,20.99609375
668436,17.9443359375
668465,28.6865234375
668659,18.24951171875
668728,20.93505859375
668762,18.4326171875
668815,21.66748046875
668837,20.5078125
668859,20.44677734375
668883,18.6767578125
668893,18.4326171875
668950,17.822265625
668988,19.4091796875
669035,22.216796875
669075,21.91162109375
669106,22.4609375
669152,25.0244140625
669195,24.0478515625
669241,19.775390625
669358,24.7802734375
669386,24.0478515625
669467,24.0478515625
669477,19.71435546875
669532,20.3857421875
669628,18.06640625
669657,19.59228515625
669780,20.1416015625
669943,22.3388671875
670265,19.775390625
670336,18.9208984375
670569,22.03369140625
670933,25.634765625
671359,20.99609375
671697,18.85986328125
686297,19.22607421875
690636,20.56884765625
694925,19.6533203125
715595,17.9443359375
889559,20.81298828125
903619,19.4091796875
940009,23.37646484375
951358,24.90234375
962536,23.92578125
968494,26.3671875
975109,22.52197265625
985019,23.62060546875
994610,25.390625
1001896,23.25439453125
1008346,18.12744140625
1010451,26.18408203125
1026667,20.99609375
1027169,18.310546875
1033665,24.90234375
1045067,25.87890625
1055405,22.15576171875
1057730,20.5078125
1064599,24.2919921875
1066103,25.57373046875
1080050,21.97265625
1082161,21.30126953125
1083219,19.95849609375
1092698,23.86474609375
1098930,20.99609375
1118638,20.93505859375
1139866,24.4140625
1142568,21.3623046875
1145867,22.03369140625
1151060,18.1884765625
1152225,20.8740234375
1159675,25.146484375
1160056,26.3671875
1160070,18.00537109375
1160221,34.97314453125
1160253,20.3857421875
1160427,24.59716796875
1160508,27.03857421875
1160581,23.13232421875
1160626,37.4755859375
1160684,18.6767578125
1160762,33.935546875
1160790,24.84130859375
1160804,24.71923828125
1160890,20.93505859375
1160951,29.052734375
1161035,19.83642578125
1161256,22.39990234375
1161282,18.06640625
1161297,22.4609375
1161438,18.24951171875
1161782,18.5546875
1161817,19.53125
1162387,19.1650390625
1162513,20.1416015625
1162686,17.7001953125
1162819,18.9208984375
1163078,17.9443359375
1163236,17.88330078125
1163639,18.6767578125
1164561,18.4326171875
1165561,17.88330078125
1171216,19.59228515625
1172115,20.32470703125
1172664,20.56884765625
1173044,18.85986328125
1186491,18.85986328125
1187660,21.17919921875
1191619,22.94921875
1192021,20.93505859375
1196438,17.9443359375
1196519,21.42333984375
1197709,19.22607421875
1202176,19.59228515625
1203710,21.17919921875
1203721,17.9443359375
1205541,19.287109375
1209130,21.8505859375
1209611,19.59228515625
1212391,20.44677734375
1215826,19.4091796875
1219386,19.71435546875
1219900,17.9443359375
1221252,25.0244140625
1225230,18.06640625
1229120,20.44677734375
1230706,17.88330078125
1235688,21.42333984375
1238561,24.0478515625
1239834,19.775390625
1241838,21.6064453125
1246187,23.74267578125
1246955,22.3388671875
1251918,22.0947265625
1252114,29.4189453125
1252366,18.4326171875
1252428,22.5830078125
1252464,21.66748046875
1252492,31.55517578125
1252514,23.193359375
1252531,27.28271484375
1252611,19.6533203125
1252670,24.96337890625
1252713,30.70068359375
1252725,29.72412109375
1252776,19.83642578125
1252895,21.42333984375
1252950,18.6767578125
1252970,21.05712890625
1252999,21.3623046875
1253031,18.85986328125
1253170,22.03369140625
1253226,23.4375
1253328,19.04296875
1253554,23.25439453125
1253564,18.4326171875
1253985,21.1181640625
1254107,19.53125
1254117,18.37158203125
1254520,22.705078125
1254819,20.32470703125
1254933,18.06640625
1255227,17.822265625
1255583,17.9443359375
1263346,19.10400390625
1264463,18.5546875
1265388,19.10400390625
1267057,18.85986328125
1269511,18.1884765625
1271352,20.93505859375
1274405,23.62060546875
1275925,22.03369140625
1277219,21.1181640625
1279003,22.39990234375
1279310,24.4140625
1281137,21.54541015625
1282878,19.95849609375
1285290,29.4189453125
1286646,18.85986328125
1286722,17.7001953125
1287437,18.61572265625
1288387,17.63916015625
1288472,23.4375
1288835,20.1416015625
1289037,21.484375
1289281,26.79443359375
1289313,23.4375
1289333,21.91162109375
1289350,24.4140625
1289371,20.93505859375
1289381,20.93505859375
1289545,25.7568359375
1289586,19.71435546875
1289616,30.57861328125
1289644,22.0947265625
1289703,19.71435546875
1289774,19.8974609375
1289819,22.64404296875
1289884,37.7197265625
1289916,18.98193359375
1289964,22.76611328125
1290075,19.10400390625
1290098,17.822265625
1290254,17.63916015625
1290304,19.53125
1290369,21.728515625
1290449,18.310546875
1290566,20.3857421875
1290651,18.6767578125
1290958,24.5361328125
1291059,19.53125
1291216,19.71435546875
1291233,19.71435546875
1291552,21.30126953125
1291579,25.57373046875
1300867,20.01953125
1302165,17.88330078125
1304530,18.12744140625
1306361,18.73779296875
1308735,18.98193359375
1309072,19.83642578125
1310261,19.34814453125
1310752,20.44677734375
1310997,24.7802734375
1311908,21.3623046875
1314956,19.22607421875
1315940,19.59228515625
1316049,17.63916015625
1316963,23.25439453125
1321744,18.9208984375
1323437,22.64404296875
1324587,22.52197265625
1325204,22.0947265625
1325815,19.34814453125
1326289,17.822265625
1327637,19.775390625
1332223,20.1416015625
1332753,21.91162109375
1332989,23.37646484375
1333075,18.310546875
1333215,17.7001953125
1333225,28.62548828125
1333259,20.44677734375
1333305,17.9443359375
1333344,20.32470703125
1333380,17.88330078125
1333405,18.37158203125
1333454,21.91162109375
1333518,21.05712890625
1333538,22.705078125
1333559,34.48486328125
1333622,18.49365234375
1333706,20.751953125
1333751,21.54541015625
1333856,18.310546875
1333947,19.4091796875
1333964,21.05712890625
1334044,30.029296875
1334146,19.53125
1334280,28.25927734375
1334429,21.91162109375
1334627,19.95849609375
1334638,17.88330078125
1334861,19.4091796875
1334977,19.4091796875
1335112,21.728515625
1335405,26.18408203125
1335716,18.4326171875
1345257,23.74267578125
1346806,21.17919921875
1347849,20.69091796875
1348802,19.04296875
1349194,23.193359375
1353233,19.775390625
1356245,20.08056640625
1357394,23.74267578125
1360698,19.83642578125
1363589,23.49853515625
1363908,19.59228515625
1363977,21.1181640625
1364270,21.30126953125
1364506,20.93505859375
1364521,22.5830078125
1364565,30.82275390625
1364599,31.1279296875
1364633,28.1982421875
1364693,19.775390625
1364749,23.62060546875
1364811,22.76611328125
1364848,19.22607421875
1364881,26.06201171875
1364951,19.34814453125
1364996,18.06640625
1365014,17.88330078125
1365059,24.7802734375
1365112,18.798828125
1365154,24.5361328125
1365210,25.08544921875
1365316,18.5546875
1365356,19.4091796875
1365368,18.310546875
1365475,25.0244140625
1365598,20.8740234375
1366011,19.775390625
1366276,19.71435546875
1366357,17.822265625
1366712,21.42333984375
1367046,22.76611328125
1367392,18.5546875
1376923,19.287109375
1380028,18.85986328125
1381741,19.95849609375
1384407,18.24951171875
1384914,23.92578125
1386800,23.86474609375
1387068,20.3857421875
1387213,20.5078125
1387377,24.5361328125
1387493,20.69091796875
1387580,24.23095703125
1387747,22.0947265625
1387778,19.47021484375
1387859,25.69580078125
1387876,18.12744140625
1387898,19.95849609375
1387918,19.1650390625
1387969,17.76123046875
1388007,18.6767578125
1388055,17.822265625
1388180,24.23095703125
1388223,18.12744140625
1388240,24.59716796875
1388285,21.97265625
1388349,17.9443359375
1388399,26.2451171875
1388456,18.73779296875
1388615,32.8369140625
1388655,19.95849609375
1388737,18.4326171875
1388828,18.24951171875
1389001,21.42333984375
1389022,18.798828125
1389244,23.98681640625
1389258,24.59716796875
1389560,17.76123046875
1389737,18.310546875
1398302,20.3857421875
1399860,20.01953125
1401854,18.06640625
1404376,19.53125
1404698,18.98193359375
1408014,18.9208984375
1408411,22.03369140625
1410851,22.39990234375
1411019,18.37158203125
1411061,25.69580078125
1411160,19.1650390625
1411351,20.6298828125
1411386,19.95849609375
1411402,23.86474609375
1411525,20.01953125
1411587,24.7802734375
1411631,21.8505859375
1411663,21.42333984375
1411703,19.53125
1411729,17.88330078125
1411767,24.23095703125
1411862,19.4091796875
1411903,23.25439453125
1411929,20.44677734375
1412015,29.47998046875
1412045,18.1884765625
1412075,19.6533203125
1412134,18.00537109375
1412181,39.00146484375
1412260,19.53125
1412295,18.24951171875
1412426,26.30615234375
1412441,20.01953125
1412530,17.9443359375
1412626,21.91162109375
1412799,21.728515625
1412881,17.822265625
1413042,27.40478515625
1413053,19.47021484375
1413165,19.775390625
1413400,18.06640625
1413567,18.37158203125
1414239,20.751953125
1424155,19.8974609375
1426311,18.37158203125
1428159,22.76611328125
1430210,23.8037109375
1432838,21.91162109375
1433182,20.6298828125
1433413,25.390625
1433423,17.9443359375
1433602,19.22607421875
1433636,19.22607421875
1433767,19.1650390625
1433810,19.10400390625
1434019,17.9443359375
1434078,18.49365234375
1434131,33.99658203125
1434169,20.56884765625
1434189,19.34814453125
1434302,23.0712890625
1434384,37.65869140625
1434466,18.85986328125
1434484,19.1650390625
1434524,19.53125
1434580,18.73779296875
1434659,23.8037109375
1434792,18.4326171875
1434872,17.822265625
1434929,23.13232421875
1435126,26.42822265625
1435200,19.4091796875
1435318,18.85986328125
1435363,20.5078125
1435373,19.71435546875
1435667,20.69091796875
1435783,17.88330078125
1435998,20.44677734375
1436680,24.96337890625
1444377,21.3623046875
1446125,17.88330078125
1447568,22.3388671875
1450460,19.47021484375
1450742,24.35302734375
1453019,23.5595703125
1453375,22.39990234375
1454664,18.1884765625
1456062,25.7568359375
1456131,19.8974609375
1456284,19.71435546875
1456465,20.8740234375
1456746,20.751953125
1456841,28.80859375
1456855,17.822265625
1456946,20.69091796875
1456987,17.76123046875
1457086,20.3857421875
1457098,22.88818359375
1457130,36.1328125
1457144,24.0478515625
1457178,19.6533203125
1457206,18.12744140625
1457350,18.24951171875
1457387,20.01953125
1457434,21.42333984375
1457457,23.01025390625
1457530,19.04296875
1457633,17.822265625
1457647,24.90234375
1457677,21.54541015625
1457784,20.32470703125
1457914,19.4091796875
1457978,22.3388671875
1458057,19.775390625
1458188,22.5830078125
1458395,22.15576171875
1458544,18.61572265625
1458554,20.56884765625
1458691,18.85986328125
1458775,18.73779296875
1458867,18.49365234375
1458889,18.00537109375
1459511,18.49365234375
1468066,21.97265625
1471091,21.17919921875
1474191,22.15576171875
1474381,20.6298828125
1476144,19.4091796875
1476930,20.01953125
1478692,22.94921875
1478703,24.0478515625
1478911,19.8974609375
1479170,27.28271484375
1479748,30.70068359375
1479809,18.798828125
1479843,26.4892578125
1479923,19.775390625
1479966,35.33935546875
1480014,18.4326171875
1480029,17.7001953125
1480068,31.92138671875
1480132,19.71435546875
1480150,28.01513671875
1480221,23.5595703125
1480494,21.30126953125
1480554,22.76611328125
1480564,20.20263671875
1480590,19.4091796875
1480751,18.00537109375
1480823,21.728515625
1480922,21.05712890625
1481063,17.63916015625
1481284,17.7001953125
1481315,18.1884765625
1481428,19.71435546875
1481517,27.587890625
1482389,19.53125
1489717,18.73779296875
1493845,19.71435546875
1496904,20.01953125
1498341,24.59716796875
1498606,22.4609375
1501615,19.287109375
1503682,21.8505859375
1504747,20.20263671875
1504902,19.04296875
1507063,23.8037109375
1507824,23.25439453125
1508081,27.2216796875
1508312,17.7001953125
1508452,19.22607421875
1508463,25.45166015625
1508520,22.0947265625
1508541,18.5546875
1508595,24.23095703125
1508627,20.44677734375
1508658,24.4140625
1508688,18.1884765625
1508715,25.32958984375
1508766,18.310546875
1508785,20.6298828125
1508896,20.81298828125
1508967,19.04296875
1509041,25.93994140625
1509064,18.5546875
1509095,22.94921875
1509145,22.15576171875
1509278,19.287109375
1509351,20.08056640625
1509415,20.8740234375
1509772,18.24951171875
1510004,18.37158203125
1510052,22.27783203125
1510310,19.71435546875
1510372,18.5546875
1511379,17.822265625
1519372,23.3154296875
1521471,20.20263671875
1522742,19.4091796875
1525361,23.01025390625
1527030,20.32470703125
1528800,25.146484375
1529115,18.5546875
1529292,27.28271484375
1529580,18.06640625
1529745,22.0947265625
1529989,23.681640625
1530042,24.71923828125
1530070,24.2919921875
1530156,20.263671875
1530273,28.25927734375
1530299,18.06640625
1530324,24.658203125
1530381,22.52197265625
1530501,21.3623046875
1530597,18.85986328125
1530625,19.4091796875
1530748,18.85986328125
1530805,25.69580078125
1530832,19.34814453125
1531160,20.08056640625
1531805,18.85986328125
1531829,20.01953125
1532013,18.49365234375
1532145,22.5830078125
1532218,19.4091796875
1540028,17.822265625
1541801,19.59228515625
1543537,19.34814453125
1545620,19.4091796875
1545978,22.76611328125
1547542,19.775390625
1549492,19.8974609375
1551335,19.71435546875
1553142,21.3623046875
1553413,20.56884765625
1553606,23.681640625
1553804,21.78955078125
1554118,18.06640625
1554196,25.5126953125
1554287,23.74267578125
1554299,18.06640625
1554460,28.1982421875
1554475,29.72412109375
1554520,21.42333984375
1554576,25.7568359375
1554670,35.888671875
1554707,18.98193359375
1554763,17.822265625
1554780,21.05712890625
1554870,18.6767578125
1554932,21.240234375
1554988,17.76123046875
1555013,19.22607421875
1555061,18.310546875
1555231,18.24951171875
1555382,18.4326171875
1555463,20.20263671875
1555595,18.06640625
1555709,19.04296875
1555777,21.30126953125
1555890,17.76123046875
1557499,18.4326171875
1565540,18.798828125
1567485,18.61572265625
1569088,17.9443359375
1570899,19.34814453125
1574600,20.08056640625
1576067,23.86474609375
1577766,21.78955078125
1579882,22.27783203125
1580025,19.287109375
1580053,22.216796875
1580475,25.7568359375
1580532,20.01953125
1580772,27.03857421875
1580835,17.88330078125
1580899,24.169921875
1580987,19.95849609375
1581030,18.24951171875
1581081,23.681640625
1581493,20.93505859375
1581602,20.08056640625
1581803,23.13232421875
1582337,20.99609375
1582435,19.8974609375
1582486,18.5546875
1582602,18.24951171875
1582961,21.6064453125
1583243,27.099609375
1592763,23.01025390625
1596704,21.17919921875
1598903,17.9443359375
1604277,21.484375
1605792,21.42333984375
1606647,19.34814453125
1606710,23.25439453125
1606820,20.8740234375
1606848,20.69091796875
1606926,43.3349609375
1607322,29.60205078125
1607490,25.20751953125
1607600,23.8037109375
1607644,21.05712890625
1607778,20.01953125
1607823,24.2919921875
1607868,19.47021484375
1607935,20.6298828125
1607963,21.17919921875
1608018,18.49365234375
1608044,27.64892578125
1608173,21.30126953125
1608238,24.90234375
1608326,18.49365234375
1608396,19.8974609375
1608729,17.9443359375
1608794,18.06640625
1608945,19.1650390625
1609455,19.6533203125
1609561,18.61572265625
1609692,21.6064453125
1610178,18.00537109375
1610300,19.53125
1610373,18.37158203125
1620268,18.12744140625
1624103,22.03369140625
1626044,21.3623046875
1630238,17.822265625
1630404,20.08056640625
1630439,21.240234375
1630482,28.076171875
1630534,25.390625
1630802,21.54541015625
1630897,22.39990234375
1630997,18.00537109375
1631106,19.287109375
1631199,19.22607421875
1631216,21.91162109375
1631387,17.63916015625
1631402,25.390625
1631508,19.04296875
1631537,18.24951171875
1631587,20.8740234375
1631619,22.15576171875
1631700,20.20263671875
1631710,22.27783203125
1631770,25.69580078125
1631799,19.34814453125
1631853,19.83642578125
1631977,21.66748046875
1631988,18.310546875
1632149,17.822265625
1632307,17.63916015625
1632518,18.24951171875
1632570,19.287109375
1632767,18.12744140625
1632925,18.12744140625
1633140,20.3857421875
1633418,19.1650390625
1633464,18.12744140625
1643695,21.42333984375
1647808,18.12744140625
1649566,20.93505859375
1652048,19.95849609375
1654189,24.658203125
1654418,25.634765625
1654527,20.3857421875
1654538,22.76611328125
1654888,18.06640625
1655059,26.85546875
1655235,20.93505859375
1655276,18.310546875
1655298,17.63916015625
1655345,18.12744140625
1655396,23.62060546875
1655447,18.00537109375
1655468,23.25439453125
1655490,20.01953125
1655579,29.11376953125
1655595,18.37158203125
1655638,20.08056640625
1655792,24.84130859375
1656118,18.49365234375
1656558,17.7001953125
1656591,21.484375
1656642,19.775390625
1656726,24.59716796875
1656767,17.9443359375
1656821,17.7001953125
1657424,22.94921875
1657446,18.798828125
1658321,20.6298828125
1668514,21.05712890625
1670982,19.04296875
1673403,19.59228515625
1675938,19.04296875
1676515,20.8740234375
1676639,27.9541015625
1676699,17.63916015625
1677010,18.61572265625
1677070,23.0712890625
1677083,22.76611328125
1677134,20.5078125
1677421,28.1982421875
1677468,17.88330078125
1677553,26.2451171875
1677635,21.484375
1677698,19.95849609375
1677838,19.95849609375
1677887,23.37646484375
1677918,18.06640625
1677932,20.6298828125
1677962,18.12744140625
1678133,21.484375
1678282,22.64404296875
1678303,21.240234375
1678387,18.798828125
1678569,24.10888671875
1678586,17.822265625
1678923,18.00537109375
1679414,17.76123046875
1679720,18.61572265625
1680258,18.24951171875
1690734,21.3623046875
1692535,19.59228515625
1697915,20.44677734375
1705640,24.0478515625
1705729,20.8740234375
1705740,34.912109375
1705785,25.87890625
1705914,22.8271484375
1706189,20.69091796875
1706376,18.37158203125
1706403,18.00537109375
1706445,19.287109375
1706474,19.775390625
1706573,27.34375
1706614,18.73779296875
1706747,22.4609375
1706834,19.775390625
1706904,18.6767578125
1707075,18.37158203125
1707275,17.63916015625
1707385,20.99609375
1707539,20.08056640625
1707846,18.06640625
1707940,17.822265625
1708257,20.81298828125
1708402,18.98193359375
1708435,20.56884765625
1708614,21.54541015625
1708727,22.76611328125
1708963,20.56884765625
1709240,21.78955078125
1709251,19.10400390625
1709557,19.775390625
1710048,17.7001953125
1719783,21.6064453125
1723250,21.42333984375
1724935,19.22607421875
1726864,19.287109375
1726977,19.8974609375
1727134,20.20263671875
1727153,26.4892578125
1727439,26.611328125
1727600,24.35302734375
1727907,17.9443359375
1728150,19.95849609375
1728171,27.03857421875
1728208,30.45654296875
1728299,19.53125
1728334,18.1884765625
1728395,25.57373046875
1728446,21.66748046875
1728592,20.56884765625
1728654,17.63916015625
1728794,23.92578125
1728832,22.88818359375
1729054,20.3857421875
1729403,18.9208984375
1730317,18.9208984375
1731225,18.310546875
1731709,18.6767578125
1743019,18.85986328125
1747211,22.0947265625
1751156,21.1181640625
1754028,18.73779296875
1754070,21.484375
1754225,24.2919921875
1754327,28.62548828125
1754445,27.34375
1754635,19.775390625
1754722,25.2685546875
1754857,19.04296875
1754919,17.63916015625
1754971,31.92138671875
1755013,21.42333984375
1755113,22.216796875
1755150,22.4609375
1755217,23.13232421875
1755250,19.6533203125
1755346,25.93994140625
1755378,19.10400390625
1755448,18.310546875
1755492,17.76123046875
1755585,18.6767578125
1755672,18.00537109375
1755768,19.10400390625
1755847,17.76123046875
1756057,18.24951171875
1756324,18.310546875
1756608,20.08056640625
1756639,18.37158203125
1756819,18.1884765625
1756916,19.10400390625
1758253,20.08056640625
1770200,19.04296875
1780373,21.8505859375
1780543,19.95849609375
1780585,38.75732421875
1780805,18.6767578125
1780988,18.4326171875
1781292,17.88330078125
1781308,24.169921875
1781334,17.88330078125
1781461,17.76123046875
1781531,21.8505859375
1781562,23.5595703125
1781595,19.775390625
1781636,18.12744140625
1781720,27.28271484375
1781752,18.98193359375
1781901,21.17919921875
1781963,19.4091796875
1782034,18.61572265625
1782322,18.49365234375
1782673,19.53125
1783050,18.73779296875
1783733,18.12744140625
1784077,18.310546875
1784089,18.98193359375
1797598,18.61572265625
1802452,22.4609375
1806889,21.97265625
1806963,22.705078125
1807073,20.1416015625
1807093,18.24951171875
1807112,25.0244140625
1807431,22.3388671875
1807652,17.7001953125
1807769,33.75244140625
1807828,17.76123046875
1807912,24.7802734375
1807991,21.240234375
1808024,24.5361328125
1808050,19.775390625
1808142,19.6533203125
1808239,28.01513671875
1808409,18.12744140625
1808451,25.7568359375
1808749,17.822265625
1808954,18.9208984375
1809887,17.7001953125
1810414,20.56884765625
1810696,24.71923828125
1825278,21.3623046875
1835181,23.62060546875
1835354,23.8037109375
1835571,24.96337890625
1835741,19.10400390625
1835771,22.27783203125
1835943,19.775390625
1836025,23.86474609375
1836078,26.2451171875
1836172,24.5361328125
1836227,20.3857421875
1836298,40.4052734375
1836322,22.76611328125
1836373,22.76611328125
1836414,26.55029296875
1836443,18.1884765625
1836506,17.63916015625
1836631,26.9775390625
1836920,19.287109375
1837099,21.17919921875
1837319,20.08056640625
1837471,19.1650390625
1838043,18.6767578125
1838135,22.3388671875
1838884,20.751953125
1872567,23.01025390625
1872585,20.69091796875
1872653,23.193359375
1872726,25.7568359375
1872768,25.69580078125
1872938,19.22607421875
1872971,20.44677734375
1873119,23.0712890625
1873371,19.71435546875
1873404,23.8037109375
1873464,39.794921875
1873512,23.92578125
1873601,36.56005859375
1873618,23.25439453125
1873774,18.4326171875
1873791,18.12744140625
1873929,18.5546875
1874335,17.76123046875
1874803,22.27783203125
1874898,18.310546875
1875012,19.04296875
1875569,19.95849609375
1891977,22.15576171875
1903041,21.91162109375
1903165,26.611328125
1903214,21.30126953125
1903316,19.59228515625
1903432,27.28271484375
1903572,17.76123046875
1903618,25.81787109375
1903781,18.24951171875
1903901,23.8037109375
1903931,25.32958984375
1903995,17.822265625
1904094,20.56884765625
1904120,25.87890625
1904176,22.705078125
1904205,20.8740234375
1904232,18.9208984375
1904299,18.5546875
1904476,24.0478515625
1904572,24.169921875
1904676,22.0947265625
1904936,18.310546875
1905809,20.81298828125
1905932,20.69091796875
1906242,24.47509765625
1906347,20.751953125
1906838,17.63916015625
1937385,22.03369140625
1944437,26.7333984375
1944578,18.1884765625
1944627,21.728515625
1944643,20.32470703125
1944869,21.97265625
1944959,19.83642578125
1945129,24.84130859375
1945330,19.6533203125
1945378,18.98193359375
1945419,20.93505859375
1945461,24.59716796875
1945472,20.99609375
1945515,25.7568359375
1945605,24.47509765625
1945648,23.74267578125
1945672,20.44677734375
1945714,20.263671875
1945725,18.5546875
1945805,22.216796875
1945897,18.4326171875
1946012,20.263671875
1946111,18.12744140625
1946222,18.37158203125
1946929,21.8505859375
1947284,23.37646484375
1947802,19.04296875
1947815,18.6767578125
1948074,19.287109375
1948108,23.8037109375
1948459,18.12744140625
1983603,28.076171875
1983772,21.484375
1983786,23.01025390625
1983833,21.78955078125
1984049,24.84130859375
1984127,18.24951171875
1984251,21.97265625
1984411,24.169921875
1984516,32.1044921875
1984572,31.982421875
1984596,20.44677734375
1984626,17.822265625
1984659,17.822265625
1984731,18.00537109375
1984798,19.04296875
1984947,20.8740234375
1984997,19.10400390625
1985107,22.88818359375
1985182,18.4326171875
1985201,18.12744140625
1985411,19.10400390625
1986324,18.49365234375
1986631,22.39990234375
2002072,18.37158203125
2028935,25.08544921875
2029095,24.0478515625
2029226,26.42822265625
2029297,23.3154296875
2029546,22.88818359375
2029738,23.25439453125
2029987,39.0625
2030025,18.61572265625
2030058,25.81787109375
2030073,18.4326171875
2030093,24.96337890625
2030177,18.98193359375
2030221,26.3671875
2030257,19.287109375
2030331,18.61572265625
2030473,20.44677734375
2030796,17.822265625
2030836,23.3154296875
2031823,22.0947265625
2031858,18.98193359375
2032165,19.59228515625
2032480,24.7802734375
2032824,18.37158203125
2213450,22.4609375
2234696,27.16064453125
2236762,20.751953125
2268528,24.47509765625
2284863,23.5595703125
2289419,27.16064453125
2304056,22.94921875
2305227,28.564453125
2305378,19.10400390625
2305512,24.23095703125
2305767,35.888671875
2305862,18.5546875
2305959,21.17919921875
2306001,25.81787109375
2306038,26.0009765625
2306098,27.40478515625
2306129,21.91162109375
2306194,22.03369140625
2306230,19.47021484375
2306278,20.99609375
2306536,19.8974609375
2307056,21.42333984375
2307203,17.7001953125
2307865,17.76123046875
2308052,19.10400390625
2308231,19.8974609375
2309612,18.06640625
2317136,21.3623046875
2319049,18.49365234375
2320542,17.9443359375
2323162,22.8271484375
2325127,17.7001953125
2327467,20.1416015625
2329824,18.06640625
2331439,18.5546875
2333097,20.99609375
2336027,18.6767578125
2337500,18.4326171875
2339206,21.240234375
2340701,21.240234375
2347687,25.08544921875
2347804,20.6298828125
2348436,20.3857421875
2350327,20.8740234375
2351520,20.20263671875
2351594,18.37158203125
2351640,19.775390625
2351931,20.263671875
2351975,23.49853515625
2351998,25.7568359375
2352074,17.76123046875
2352136,21.1181640625
2352196,22.5830078125
2352223,23.0712890625
2352245,31.06689453125
2352293,20.1416015625
2352321,27.7099609375
2352359,27.4658203125
2352401,18.49365234375
2352994,19.22607421875
2353887,19.83642578125
2354528,18.6767578125
2354858,27.34375
2355126,20.263671875
2365077,19.775390625
2368731,18.49365234375
2370322,18.73779296875
2373808,20.6298828125
2375378,18.9208984375
2379376,19.95849609375
2383590,18.61572265625
2386716,19.8974609375
2386837,25.0244140625
2386940,18.310546875
2387155,23.8037109375
2387225,22.76611328125
2387241,22.4609375
2387389,20.99609375
2387615,19.83642578125
2387738,28.74755859375
2387851,35.15625
2387887,21.240234375
2387917,19.95849609375
2387934,20.32470703125
2387962,21.30126953125
2387979,21.3623046875
2388044,18.4326171875
2388098,18.85986328125
2388139,18.5546875
2388430,17.88330078125
2389212,20.1416015625
2389273,18.24951171875
2389310,21.8505859375
2389566,18.6767578125
2389690,19.8974609375
2390103,18.310546875
2400338,22.88818359375
2402607,22.0947265625
2404683,18.9208984375
2408599,19.6533203125
2412453,20.6298828125
2416527,21.42333984375
2416620,21.97265625
2416719,17.63916015625
2416888,23.8037109375
2416951,22.94921875
2417079,18.61572265625
2417210,21.240234375
2417238,19.95849609375
2417307,32.65380859375
2417321,23.37646484375
2417418,23.62060546875
2417447,18.06640625
2417488,22.0947265625
2417500,25.20751953125
2417571,17.88330078125
2417597,26.0009765625
2417688,20.751953125
2417724,18.1884765625
2417879,18.06640625
2418553,19.34814453125
2418601,19.10400390625
2418862,20.20263671875
2419224,19.22607421875
2419515,21.42333984375
2419593,20.1416015625
2419624,17.9443359375
2420258,17.822265625
2429896,23.74267578125
2435858,21.54541015625
2438279,20.8740234375
2447106,20.01953125
2449430,22.8271484375
2449440,19.6533203125
2449539,25.20751953125
2449618,25.93994140625
2449853,30.1513671875
2450038,18.85986328125
2450181,17.7001953125
2450236,18.310546875
2450349,19.10400390625
2450388,23.37646484375
2450458,34.3017578125
2450547,19.22607421875
2450573,21.6064453125
2450622,22.39990234375
2450687,19.6533203125
2450840,18.12744140625
2451374,19.775390625
2451515,17.63916015625
2452321,18.310546875
2452500,17.9443359375
2462904,21.484375
2467890,22.5830078125
2469664,21.728515625
2475118,20.93505859375
2479419,22.705078125
2483182,21.484375
2483312,19.10400390625
2483372,17.7001953125
2483404,22.3388671875
2483598,22.64404296875
2483612,23.49853515625
2483650,17.63916015625
2484012,32.04345703125
2484035,21.42333984375
2484077,20.6298828125
2484100,18.49365234375
2484156,18.9208984375
2484181,25.45166015625
2484214,21.42333984375
2484258,21.66748046875
2484284,21.05712890625
2484333,17.7001953125
2484369,20.01953125
2484399,32.5927734375
2484454,18.1884765625
2485247,17.822265625
2485892,21.240234375
2485903,18.37158203125
2486138,21.91162109375
2486395,19.287109375
2486520,19.22607421875
2486737,17.9443359375
2486915,22.27783203125
2499188,22.8271484375
2503950,21.54541015625
2508041,18.24951171875
2519611,25.93994140625
2519797,19.95849609375
2519931,20.99609375
2520075,26.06201171875
2520147,25.81787109375
2520235,18.37158203125
2520288,18.73779296875
2520450,35.2783203125
2520542,18.98193359375
2520597,22.76611328125
2520638,31.73828125
2520669,23.5595703125
2520739,29.60205078125
2520765,20.01953125
2520897,20.81298828125
2520954,17.7001953125
2521149,19.4091796875
2522568,19.47021484375
2522851,19.34814453125
2523221,19.04296875
2523659,18.310546875
2535246,21.78955078125
2543077,21.66748046875
2548215,21.97265625
2552116,20.44677734375
2552153,24.84130859375
2552277,23.681640625
2552401,19.10400390625
2552454,22.03369140625
2552650,21.54541015625
2552832,29.47998046875
2552874,23.681640625
2552914,30.70068359375
2553063,20.69091796875
2553091,31.8603515625
2553121,32.2265625
2553207,19.8974609375
2553228,26.67236328125
2553279,23.681640625
2553294,18.06640625
2553351,18.9208984375
2553407,20.6298828125
2553700,17.63916015625
2554719,21.728515625
2554756,23.681640625
2555010,21.728515625
2555311,19.59228515625
2555327,19.95849609375
2555481,19.10400390625
2555689,18.06640625
2556111,20.1416015625
2570968,23.25439453125
2573447,22.4609375
2593601,23.49853515625
2593644,21.17919921875
2593708,26.85546875
2593728,18.4326171875
2593821,20.1416015625
2593907,22.94921875
2594014,20.01953125
2594118,24.35302734375
2594276,23.13232421875
2594319,19.8974609375
2594345,23.0712890625
2594410,32.04345703125
2594464,23.8037109375
2594491,22.4609375
2594503,18.73779296875
2594594,18.6767578125
2594655,21.3623046875
2594729,20.5078125
2594897,17.63916015625
2595851,20.81298828125
2596210,19.1650390625
2596369,20.93505859375
2596637,18.73779296875
2596710,20.01953125
2609873,22.27783203125
2614402,23.5595703125
2617217,22.8271484375
2636807,17.822265625
2636880,27.28271484375
2636990,18.06640625
2637067,24.0478515625
2637243,17.7001953125
2637263,24.23095703125
2637351,22.88818359375
2637579,20.5078125
2637595,20.1416015625
2637703,21.240234375
2637727,18.61572265625
2637774,17.7001953125
2637789,19.83642578125
2637858,19.47021484375
2637885,23.98681640625
2637985,19.6533203125
2638113,18.00537109375
2638267,18.310546875
2639165,18.61572265625
2639686,21.78955078125
2639822,18.73779296875
2639992,19.1650390625
2640164,21.6064453125
2640182,18.310546875
2640503,23.86474609375
2657177,21.6064453125
2687883,17.822265625
2687962,26.0009765625
2688042,26.2451171875
2688101,21.66748046875
2688123,17.9443359375
2688258,34.11865234375
2688365,18.5546875
2688456,30.8837890625
2688620,24.10888671875
2688634,33.02001953125
2688751,28.1982421875
2688772,26.0009765625
2688841,19.53125
2688902,18.310546875
2688928,24.84130859375
2689050,23.62060546875
2689113,19.59228515625
2689504,22.76611328125
2690139,19.34814453125
2690262,19.775390625
2690275,21.97265625
2690690,21.484375
2690849,18.12744140625
2690859,18.9208984375
2690931,19.71435546875
2691195,20.6298828125
2691596,20.3857421875
2710220,18.49365234375
2714987,24.2919921875
2732246,18.12744140625
2732265,24.0478515625
2732387,20.20263671875
2732513,18.73779296875
2732542,22.3388671875
2732660,26.9775390625
2732756,25.32958984375
2732790,18.4326171875
2733024,20.44677734375
2733140,19.34814453125
2733183,27.2216796875
2733233,25.146484375
2733326,35.400390625
2733353,23.681640625
2733514,17.7001953125
2733586,18.98193359375
2735002,20.8740234375
2735301,20.751953125
2735638,22.0947265625
2736007,19.47021484375
2750353,21.54541015625
2757078,21.8505859375
2768709,21.66748046875
2786782,20.69091796875
2786868,22.216796875
2786933,19.04296875
2786963,20.1416015625
2787032,20.44677734375
2787183,22.705078125
2787193,35.09521484375
2787215,19.287109375
2787338,23.681640625
2787387,21.78955078125
2787411,22.216796875
2787446,33.50830078125
2787493,22.52197265625
2787522,24.96337890625
2787577,22.4609375
2787601,23.37646484375
2787645,21.54541015625
2789669,18.73779296875
2790029,24.658203125
2790746,19.22607421875
2808517,19.95849609375
2838058,23.49853515625
2838144,22.0947265625
2838217,31.55517578125
2838307,23.62060546875
2838409,18.06640625
2838436,18.12744140625
2838459,21.54541015625
2838606,29.6630859375
2838697,27.89306640625
2838711,28.86962890625
2838755,26.79443359375
2838810,18.6767578125
2838825,18.06640625
2838874,32.3486328125
2838909,22.3388671875
2839163,22.3388671875
2840296,18.00537109375
2840485,19.775390625
2840556,19.287109375
2840599,17.88330078125
2840730,21.6064453125
2841069,17.9443359375
2841794,21.484375
2857523,19.6533203125
2862262,23.01025390625
2878516,26.0009765625
2884069,26.123046875
2884249,20.69091796875
2884309,23.681640625
2884423,22.88818359375
2884608,20.8740234375
2884695,22.216796875
2884782,27.2216796875
2884900,20.1416015625
2884922,32.89794921875
2884975,18.98193359375
2884993,18.06640625
2885013,18.1884765625
2885058,22.39990234375
2885080,21.78955078125
2885115,21.78955078125
2885126,24.23095703125
2885209,24.96337890625
2885269,26.06201171875
2885296,26.4892578125
2885827,17.63916015625
2886683,19.1650390625
2886981,21.91162109375
2887316,23.5595703125
2887387,17.7001953125
2887617,19.71435546875
2887725,23.25439453125
2902356,22.88818359375
2909770,23.62060546875
2943725,22.216796875
2943806,22.52197265625
2943869,18.06640625
2943886,23.3154296875
2944018,32.77587890625
2944118,23.37646484375
2944177,17.9443359375
2944187,19.1650390625
2944324,37.353515625
2944355,20.3857421875
2944413,22.52197265625
2944434,27.2216796875
2944481,28.99169921875
2944537,21.6064453125
2944620,19.1650390625
2944680,19.04296875
2944887,18.310546875
2945410,18.49365234375
2945599,18.1884765625
2945747,18.37158203125
2945779,19.1650390625
2946371,23.681640625
2946607,18.73779296875
2946675,19.59228515625
2947129,26.79443359375
2959479,21.97265625
2964421,24.169921875
2990881,26.2451171875
2990939,18.37158203125
2990957,17.822265625
2991013,21.17919921875
2991052,23.25439453125
2991254,19.8974609375
2991308,22.64404296875
2991320,23.681640625
2991351,23.193359375
2991480,18.4326171875
2991501,28.50341796875
2991520,33.75244140625
2991574,41.93115234375
2991592,36.376953125
2991706,22.39990234375
2991731,23.13232421875
2991752,20.5078125
2991849,27.40478515625
2991868,23.62060546875
2992641,18.61572265625
2992901,18.9208984375
2992950,18.12744140625
2993204,20.1416015625
2993372,26.123046875
2993674,18.06640625
3006297,21.42333984375
3033889,26.0009765625
3034017,21.54541015625
3034122,24.2919921875
3034238,22.76611328125
3034325,29.47998046875
3034380,23.0712890625
3034480,20.263671875
3034517,18.61572265625
3034606,25.32958984375
3034669,19.6533203125
3034690,24.2919921875
3034714,21.8505859375
3034739,20.263671875
3034803,21.8505859375
3034850,18.61572265625
3034928,29.4189453125
3034945,25.57373046875
3034972,25.390625
3035026,17.9443359375
3035138,21.728515625
3035479,20.32470703125
3036137,20.99609375
3036245,18.9208984375
3036526,18.5546875
3036833,18.12744140625
3037110,17.63916015625
3037269,21.54541015625
3057770,20.44677734375
3069857,21.05712890625
3097171,22.39990234375
3097327,20.263671875
3097359,28.62548828125
3097471,26.18408203125
3097484,17.63916015625
3097669,27.28271484375
3097817,35.5224609375
3097981,35.09521484375
3097992,23.98681640625
3098094,33.75244140625
3098127,19.59228515625
3098147,25.08544921875
3098249,25.20751953125
3098472,22.03369140625
3099865,27.89306640625
3100043,17.88330078125
3100183,19.4091796875
3100577,25.146484375
3117910,20.5078125
3137931,27.16064453125
3138077,22.3388671875
3138179,19.71435546875
3138227,18.6767578125
3138429,26.06201171875
3138512,26.18408203125
3138540,20.5078125
3138682,19.59228515625
3138716,17.7001953125
3138728,18.310546875
3138751,25.69580078125
3138789,20.3857421875
3138824,18.12744140625
3138838,23.193359375
3138860,20.08056640625
3138876,29.11376953125
3138920,21.1181640625
3138980,18.9208984375
3139000,24.4140625
3139067,18.98193359375
3139132,18.1884765625
3139154,22.03369140625
3140104,23.01025390625
3140337,18.5546875
3140751,22.27783203125
3141029,19.83642578125
3141152,26.30615234375
3141557,20.44677734375
3158119,21.97265625
3179603,24.5361328125
3179688,17.88330078125
3179724,20.93505859375
3179835,21.17919921875
3179865,19.95849609375
3180043,31.18896484375
3180079,22.39990234375
3180151,21.42333984375
3180292,19.1650390625
3180373,23.5595703125
3180403,28.25927734375
3180464,18.49365234375
3180513,22.705078125
3180524,33.50830078125
3180579,23.0712890625
3180615,20.20263671875
3180645,19.83642578125
3180698,21.42333984375
3180739,25.634765625
3181033,18.5546875
3182259,20.56884765625
3182307,19.287109375
3182646,21.728515625
3182717,20.1416015625
3183139,18.4326171875
3195641,21.3623046875
3199283,20.751953125
3236729,25.45166015625
3236813,29.9072265625
3236890,20.263671875
3236915,20.3857421875
3237127,23.4375
3237168,24.71923828125
3237233,29.96826171875
3237371,18.4326171875
3237382,21.42333984375
3237454,24.59716796875
3237480,22.88818359375
3237492,20.32470703125
3237572,20.69091796875
3237617,20.1416015625
3237640,29.60205078125
3237687,17.76123046875
3238015,18.85986328125
3238831,20.3857421875
3238985,17.88330078125
3239304,20.32470703125
3239675,18.73779296875
3239703,19.22607421875
3240001,19.775390625
3240350,22.0947265625
3240856,19.34814453125
3254330,22.3388671875
3287689,23.8037109375
3287720,18.310546875
3287803,19.10400390625
3287851,24.23095703125
3287876,23.4375
3288046,24.90234375
3288127,44.12841796875
3288241,18.6767578125
3288254,22.64404296875
3288316,20.93505859375
3288342,30.1513671875
3288411,24.59716796875
3288430,25.146484375
3288457,18.61572265625
3288480,18.6767578125
3288597,23.98681640625
3288661,23.8037109375
3288724,21.484375
3288860,17.9443359375
3288953,18.37158203125
3290088,17.9443359375
3290475,18.24951171875
3290908,17.822265625
3291084,18.12744140625
3304132,22.88818359375
3337841,26.2451171875
3354689,24.0478515625
3354875,22.88818359375
3354949,18.00537109375
3354988,18.310546875
3355074,23.49853515625
3355244,23.37646484375
3355340,37.7197265625
3355379,17.76123046875
3355491,24.658203125
3355514,23.13232421875
3355533,23.3154296875
3355583,18.9208984375
3355713,20.08056640625
3355767,18.61572265625
3355803,23.86474609375
3355975,19.4091796875
3356685,19.287109375
3357090,17.88330078125
3357499,21.17919921875
3357594,18.5546875
3358099,20.263671875
3358217,19.04296875
3358302,18.4326171875
3372651,23.92578125
3382512,24.47509765625
3392427,23.25439453125
3392621,27.40478515625
3392713,19.6533203125
3392724,22.39990234375
3392999,21.1181640625
3393021,24.0478515625
3393077,17.9443359375
3393132,26.0009765625
3393313,24.658203125
3393340,22.88818359375
3393376,18.798828125
3393410,23.193359375
3393440,17.63916015625
3393483,21.3623046875
3393528,18.61572265625
3393587,19.775390625
3393625,19.8974609375
3395269,21.66748046875
3395515,17.63916015625
3395627,25.7568359375
3449199,28.6865234375
3449215,21.8505859375
3449319,29.541015625
3449405,21.3623046875
3449477,25.57373046875
3449652,29.541015625
3449663,32.5927734375
3449761,22.03369140625
3449838,19.47021484375
3449882,17.822265625
3449944,25.32958984375
3449998,26.18408203125
3450059,17.76123046875
3450082,22.88818359375
3450128,28.38134765625
3450170,24.658203125
3450234,21.1181640625
3450302,18.1884765625
3450423,18.5546875
3451409,17.76123046875
3451624,19.04296875
3451748,18.00537109375
3452062,19.47021484375
3452086,18.49365234375
3465162,21.05712890625
3505510,26.123046875
3505801,26.79443359375
3505876,20.81298828125
3505938,29.1748046875
3506185,27.9541015625
3506226,24.96337890625
3506264,18.73779296875
3506294,19.775390625
3506458,18.9208984375
3506521,19.95849609375
3506584,27.28271484375
3506600,21.6064453125
3506655,22.27783203125
3506671,18.24951171875
3506749,18.9208984375
3506776,18.4326171875
3506863,27.34375
3508024,20.56884765625
3508374,20.93505859375
3522098,22.76611328125
3529153,21.3623046875
3559295,28.3203125
3559310,24.59716796875
3559399,24.169921875
3559444,18.06640625
3559491,19.22607421875
3559635,30.33447265625
3559690,18.9208984375
3559727,20.99609375
3559850,18.85986328125
3559937,22.03369140625
3559954,18.6767578125
3559975,23.5595703125
3560010,24.23095703125
3560054,26.9775390625
3560104,25.2685546875
3560117,28.50341796875
3560196,23.62060546875
3561429,20.751953125
3561609,18.24951171875
3561692,21.42333984375
3561821,21.3623046875
3561979,19.10400390625
3562238,18.98193359375
3562316,28.50341796875
3562610,18.12744140625
3577898,23.01025390625
3581868,22.52197265625
3597991,25.57373046875
3598158,23.01025390625
3598289,23.25439453125
3598517,18.85986328125
3598568,17.822265625
3598605,21.8505859375
3598629,23.92578125
3598849,22.0947265625
3598886,24.2919921875
3598912,18.73779296875
3598957,28.01513671875
3598991,20.44677734375
3599012,18.73779296875
3599112,17.76123046875
3599162,21.728515625
3599193,18.98193359375
3599222,21.484375
3599254,18.12744140625
3599304,22.5830078125
3600726,20.8740234375
3601147,31.31103515625
3614415,21.97265625
3618072,21.30126953125
3621122,22.705078125
3632395,20.56884765625
3653540,34.60693359375
3653587,18.4326171875
3653622,22.03369140625
3653699,17.9443359375
3653746,19.775390625
3653898,24.10888671875
3653915,23.3154296875
3653975,25.0244140625
3654180,33.203125
3654240,35.58349609375
3654257,24.71923828125
3654383,18.4326171875
3654402,37.109375
3654560,18.798828125
3654594,21.3623046875
3655800,20.08056640625
3655861,18.06640625
3656100,22.94921875
3656439,18.06640625
3676119,23.13232421875
3693101,30.45654296875
3693184,17.63916015625
3693245,20.08056640625
3693344,22.0947265625
3693482,25.634765625
3693651,22.64404296875
3693675,25.81787109375
3693769,23.25439453125
3693966,20.3857421875
3693981,43.0908203125
3694006,18.37158203125
3694103,18.5546875
3694149,26.611328125
3694168,18.49365234375
3694186,28.01513671875
3694336,19.04296875
3694387,22.0947265625
3694418,23.193359375
3695408,20.01953125
3695612,17.9443359375
3695777,22.88818359375
3696168,26.85546875
3696278,17.9443359375
3715967,20.01953125
3735154,27.2216796875
3735260,26.123046875
3735327,22.03369140625
3735364,18.00537109375
3735654,27.099609375
3735730,29.9072265625
3735899,23.0712890625
3735951,18.37158203125
3735979,28.86962890625
3735992,21.3623046875
3736024,34.66796875
3736056,18.9208984375
3736074,35.5224609375
3736135,19.47021484375
3736209,18.61572265625
3737387,25.390625
3737747,22.0947265625
3738152,24.5361328125
3738401,21.6064453125
3776212,24.71923828125
3776377,27.9541015625
3776412,22.4609375
3776441,17.63916015625
3776511,20.6298828125
3776537,20.69091796875
3776625,22.03369140625
3776830,28.13720703125
3776908,22.5830078125
3776934,24.90234375
3776948,19.59228515625
3777070,18.12744140625
3777133,27.16064453125
3777174,23.681640625
3777216,17.9443359375
3777248,26.85546875
3777272,24.4140625
3777347,20.69091796875
3777376,19.8974609375
3777410,35.09521484375
3777507,20.3857421875
3778437,20.32470703125
3778542,19.83642578125
3778730,24.71923828125
3779068,19.22607421875
3779198,18.1884765625
3779559,18.85986328125
3779685,18.61572265625
3779952,17.7001953125
3815460,25.20751953125
3815598,18.798828125
3815654,17.7001953125
3815665,20.5078125
3815800,22.4609375
3816000,18.5546875
3816040,26.4892578125
3816237,29.9072265625
3816333,19.4091796875
3816345,19.59228515625
3816401,17.7001953125
3816501,19.287109375
3816552,19.775390625
3816568,36.19384765625
3816603,19.53125
3816741,20.01953125
3816800,18.12744140625
3816838,19.22607421875
3818107,20.44677734375
3818191,21.97265625
3818350,18.798828125
3818746,18.5546875
3818884,18.37158203125
3873195,28.50341796875
3873249,19.04296875
3873331,21.3623046875
3873408,24.169921875
3873444,18.98193359375
3873637,31.1279296875
3873666,23.25439453125
3873726,20.5078125
3873827,18.6767578125
3873888,21.05712890625
3873924,24.10888671875
3873960,35.33935546875
3873971,17.76123046875
3873993,21.05712890625
3874023,18.1884765625
3874081,18.4326171875
3874112,23.92578125
3874148,17.88330078125
3874160,18.1884765625
3874207,18.310546875
3875247,18.00537109375
3875601,22.3388671875
3875727,19.8974609375
3875998,18.12744140625
3876076,20.20263671875
3876491,20.01953125
3876566,18.06640625
3916827,22.76611328125
3916926,19.6533203125
3916970,20.1416015625
3917169,23.0712890625
3917269,19.83642578125
3917397,24.84130859375
3917410,25.20751953125
3917493,21.30126953125
3917693,20.56884765625
3917715,21.78955078125
3917749,27.77099609375
3917784,25.390625
3917863,20.01953125
3917948,25.0244140625
3918064,27.587890625
3918085,20.01953125
3918115,17.822265625
3918259,19.4091796875
3919201,19.4091796875
3919307,20.263671875
3919562,26.611328125
3920122,25.390625
3957768,27.34375
3957991,22.5830078125
3958083,18.1884765625
3958166,24.71923828125
3958445,28.13720703125
3958522,22.76611328125
3958669,18.1884765625
3958727,18.24951171875
3958775,26.30615234375
3958785,24.71923828125
3958895,24.47509765625
3958909,20.6298828125
3958933,20.69091796875
3958963,19.6533203125
3958991,29.47998046875
3959005,21.1181640625
3959045,19.59228515625
3959119,22.5830078125
3959226,18.24951171875
3959310,21.78955078125
3959373,18.798828125
3960250,18.310546875
3960625,22.3388671875
3960735,17.9443359375
3960756,24.90234375
3961185,19.1650390625
4026624,25.69580078125
4026729,32.2265625
4026796,17.7001953125
4026887,19.83642578125
4027045,22.705078125
4027100,26.9775390625
4027147,21.17919921875
4027183,18.06640625
4027247,22.27783203125
4027331,26.30615234375
4027365,24.2919921875
4027381,19.1650390625
4027409,25.146484375
4027445,19.47021484375
4027487,18.6767578125
4027520,17.9443359375
4027990,17.76123046875
4028393,18.5546875
4029087,18.310546875
4029184,27.2216796875
4029919,21.91162109375
4030218,17.822265625
4030448,22.0947265625
4043349,24.0478515625
4085407,24.10888671875
4085490,23.3154296875
4085638,22.15576171875
4085756,26.3671875
4085859,26.30615234375
4085879,18.85986328125
4085960,18.1884765625
4086071,22.88818359375
4086098,22.94921875
4086194,19.6533203125
4086266,19.22607421875
4086282,28.3203125
4086543,20.32470703125
4087072,27.03857421875
4087869,22.03369140625
4087933,19.59228515625
4088183,23.25439453125
4088307,21.05712890625
4089148,19.53125
4138818,21.91162109375
4138847,20.93505859375
4138899,21.3623046875
4138925,19.47021484375
4138973,18.4326171875
4139038,18.4326171875
4139108,20.44677734375
4139184,30.517578125
4139207,18.6767578125
4139308,18.1884765625
4139352,19.83642578125
4139412,23.74267578125
4139469,20.20263671875
4139505,37.4755859375
4139549,19.10400390625
4139559,28.4423828125
4139631,25.5126953125
4139649,20.32470703125
4139693,20.56884765625
4139728,19.22607421875
4139789,19.6533203125
4139835,18.24951171875
4140130,18.1884765625
4140837,22.216796875
4140931,19.775390625
4141246,21.78955078125
4141289,18.49365234375
4141877,18.98193359375
4166190,17.88330078125
4194534,38.4521484375
4194610,17.88330078125
4194686,20.1416015625
4194867,20.5078125
4195000,25.634765625
4195028,25.0244140625
4195041,19.71435546875
4195080,18.37158203125
4195151,32.16552734375
4195191,25.69580078125
4195225,23.01025390625
4195263,18.49365234375
4195277,21.97265625
4195322,17.9443359375
4195359,19.53125
4195411,20.20263671875
4195532,18.4326171875
4196726,18.24951171875
4196920,19.59228515625
4197290,18.5546875
4197425,20.5078125
4197820,20.08056640625
4212214,24.0478515625
4227336,25.08544921875
4227478,25.7568359375
4227577,20.6298828125
4227641,22.3388671875
4227869,28.50341796875
4228019,27.4658203125
4228182,19.22607421875
4228237,19.53125
4228251,27.9541015625
4228320,21.91162109375
4228333,34.0576171875
4228392,19.22607421875
4228417,18.00537109375
4228439,27.64892578125
4228507,26.611328125
4228743,17.9443359375
4229367,18.49365234375
4229545,19.1650390625
4229824,21.8505859375
4229848,19.47021484375
4230219,21.54541015625
4230343,20.32470703125
4230699,19.04296875
4249207,24.169921875
4265644,25.2685546875
4265678,18.00537109375
4265751,29.96826171875
4265825,17.63916015625
4266042,22.94921875
4266191,27.16064453125
4266268,18.1884765625
4266431,18.37158203125
4266454,23.86474609375
4266530,19.6533203125
4266563,32.2265625
4266641,18.9208984375
4266680,21.6064453125
4266708,24.84130859375
4266740,26.18408203125
4266754,21.42333984375
4266869,18.9208984375
4267019,18.00537109375
4267265,24.10888671875
4268265,18.12744140625
4268714,18.37158203125
4269225,18.9208984375
4269367,17.63916015625
4285415,24.4140625
4302892,25.57373046875
4303118,22.94921875
4303224,23.4375
4303327,19.53125
4303523,30.76171875
4303603,22.27783203125
4303623,20.08056640625
4303688,18.24951171875
4303852,31.8603515625
4303863,17.7001953125
4303896,23.193359375
4303958,31.31103515625
4303989,29.72412109375
4304033,25.634765625
4304074,26.79443359375
4304084,21.54541015625
4304132,25.57373046875
4304238,19.95849609375
4305424,19.34814453125
4306065,22.52197265625
4306105,20.751953125
4306580,17.822265625
4367489,28.3203125
4367511,20.6298828125
4367589,18.61572265625
4367599,21.17919921875
4367737,20.99609375
4367747,17.7001953125
4367836,26.4892578125
4367936,25.5126953125
4368081,20.01953125
4368146,20.99609375
4368164,27.03857421875
4368187,20.5078125
4368286,19.10400390625
4368332,18.37158203125
4368410,24.169921875
4368449,23.01025390625
4368497,19.22607421875
4368520,17.63916015625
4368887,18.6767578125
4369898,21.66748046875
4369983,18.24951171875
4370207,18.12744140625
4370234,22.0947265625
4370419,18.5546875
4370504,20.08056640625
4370574,18.24951171875
4370655,20.01953125
4370834,18.1884765625
4431903,24.658203125
4432033,31.1279296875
4432183,25.57373046875
4432294,23.0712890625
4432410,21.91162109375
4432439,17.822265625
4432458,22.88818359375
4432540,18.310546875
4432577,30.94482421875
4432611,18.9208984375
4432645,20.81298828125
4432670,40.1611328125
4432694,19.71435546875
4432725,19.53125
4432806,25.7568359375
4432832,27.28271484375
4433107,19.34814453125
4433187,19.6533203125
4433548,17.7001953125
4434099,17.76123046875
4434404,29.60205078125
4434917,27.03857421875
4435155,17.76123046875
4453989,22.15576171875
4469062,18.9208984375
4469089,20.08056640625
4469223,19.775390625
4469625,25.69580078125
4469636,23.13232421875
4469813,30.94482421875
4469887,19.8974609375
4469963,22.52197265625
4470016,23.5595703125
4470049,18.1884765625
4470061,20.5078125
4470097,26.91650390625
4470128,22.64404296875
4470159,19.83642578125
4470188,17.822265625
4470217,20.1416015625
4470235,17.822265625
4470377,21.17919921875
4471595,18.1884765625
4471950,19.95849609375
4472008,20.5078125
4472476,25.390625
4496898,22.76611328125
4527502,36.62109375
4527517,17.822265625
4527584,30.70068359375
4527683,18.9208984375
4527707,19.95849609375
4527791,21.8505859375
4527855,19.1650390625
4527908,30.2734375
4528067,28.564453125
4528090,30.33447265625
4528148,27.4658203125
4528159,18.5546875
4528195,19.8974609375
4528258,26.2451171875
4528318,21.54541015625
4528338,19.59228515625
4528409,25.20751953125
4528908,18.24951171875
4529851,24.23095703125
4529993,18.12744140625
4530035,18.5546875
4530313,17.9443359375
4530679,18.00537109375
4530805,22.5830078125
4545778,26.18408203125
4565773,25.45166015625
4565839,18.37158203125
4565883,21.30126953125
4566292,20.56884765625
4566370,31.06689453125
4566471,17.63916015625
4566557,20.69091796875
4566597,18.1884765625
4566636,19.8974609375
4566682,31.25
4566753,23.681640625
4566780,25.7568359375
4566791,18.98193359375
4566827,30.21240234375
4566898,23.681640625
4567014,20.32470703125
4567061,18.6767578125
4567154,17.76123046875
4568079,19.10400390625
4568174,19.22607421875
4568195,20.6298828125
4568439,18.00537109375
4568481,19.34814453125
4568538,22.15576171875
4568627,19.83642578125
4568691,17.76123046875
4568997,20.56884765625
4569125,17.88330078125
4608619,27.2216796875
4608672,20.01953125
4608751,18.9208984375
4608762,18.1884765625
4608914,21.91162109375
4609074,19.47021484375
4609121,19.22607421875
4609172,18.37158203125
4609254,25.20751953125
4609298,20.08056640625
4609421,23.5595703125
4609453,22.8271484375
4609512,21.91162109375
4609524,31.005859375
4609569,25.7568359375
4609588,24.658203125
4609622,18.24951171875
4609662,18.12744140625
4609675,22.94921875
4609704,18.49365234375
4609946,17.76123046875
4610133,17.63916015625
4610361,17.88330078125
4610635,19.8974609375
4610871,17.88330078125
4610944,18.06640625
4611056,17.7001953125
4611153,19.04296875
4611447,17.7001953125
4611462,18.9208984375
4611727,19.1650390625
4612022,23.92578125
4666748,29.296875
4666764,17.822265625
4666826,33.14208984375
4666898,20.6298828125
4666939,26.9775390625
4667028,18.5546875
4667120,30.029296875
4667197,25.0244140625
4667249,17.7001953125
4667345,17.88330078125
4667362,19.59228515625
4667393,25.390625
4667422,25.93994140625
4667445,18.37158203125
4667481,19.4091796875
4667524,18.49365234375
4667577,20.93505859375
4667633,17.9443359375
4669112,22.4609375
4669218,18.85986328125
4669494,17.7001953125
4669546,19.10400390625
4669886,20.8740234375
4713233,22.03369140625
4713724,22.76611328125
4713755,17.88330078125
4713825,37.59765625
4713915,18.4326171875
4714220,23.4375
4714300,20.69091796875
4714337,18.61572265625
4714431,20.93505859375
4714465,21.240234375
4714500,34.48486328125
4714539,27.64892578125
4714583,20.01953125
4714595,37.841796875
4714644,23.8037109375
4714706,20.81298828125
4714844,18.06640625
4714899,17.76123046875
4715981,17.822265625
4716351,18.49365234375
4716549,18.37158203125
4716713,18.5546875
4716778,30.82275390625
4738299,24.4140625
4756791,22.216796875
4756873,17.76123046875
4756980,21.91162109375
4757084,18.61572265625
4757165,18.310546875
4757376,31.8603515625
4757499,29.47998046875
4757664,19.04296875
4757706,20.32470703125
4757772,17.76123046875
4757798,34.60693359375
4757879,22.76611328125
4757928,21.17919921875
4757958,18.9208984375
4757991,21.17919921875
4758023,22.0947265625
4758479,17.822265625
4758904,17.88330078125
4759495,26.79443359375
4759900,24.2919921875
4760064,18.98193359375
