4799201,0
104921,35.21728515625
104933,67.93212890625
105017,39.0625
105111,40.83251953125
107361,35.64453125
107440,35.5224609375
107480,36.7431640625
107528,33.99658203125
280138,37.65869140625
280170,34.0576171875
280187,45.654296875
280225,34.11865234375
280259,33.8134765625
280301,34.423828125
477655,39.55078125
477681,39.4287109375
477750,41.56494140625
478608,35.7666015625
480182,35.70556640625
600828,44.43359375
600844,34.48486328125
600869,43.39599609375
600884,38.75732421875
601243,35.94970703125
701381,33.447265625
701397,40.95458984375
701421,36.19384765625
701457,73.486328125
701486,34.912109375
701517,34.66796875
702797,34.0576171875
789116,37.2314453125
789147,33.87451171875
789159,39.306640625
789195,37.353515625
789288,36.62109375
791430,33.63037109375
791469,37.04833984375
791542,33.69140625
929235,33.87451171875
929246,49.98779296875
929262,36.7431640625
929284,53.28369140625
929385,33.87451171875
929445,37.65869140625
931572,46.5087890625
1029563,51.08642578125
1029580,39.794921875
1029601,45.47119140625
1029651,37.59765625
1030572,33.50830078125
1110943,35.888671875
1110958,45.654296875
1110982,40.10009765625
1111099,34.423828125
1113379,33.5693359375
1257571,39.48974609375
1257581,35.2783203125
1257616,61.279296875
1257652,34.60693359375
1257693,43.9453125
1257836,35.888671875
1259248,34.36279296875
1372442,33.3251953125
1372506,33.75244140625
1372560,46.44775390625
1372595,44.43359375
1372615,34.72900390625
1372636,36.1328125
1372648,33.99658203125
1372673,36.4990234375
1374917,33.99658203125
1375010,34.912109375
1375042,38.14697265625
1521084,53.466796875
1521108,42.17529296875
1521120,39.73388671875
1610874,57.2509765625
1610929,39.24560546875
1610949,36.31591796875
1610977,40.34423828125
1613162,33.75244140625
1613196,36.43798828125
1613251,37.29248046875
1613354,33.447265625
1690479,33.50830078125
1690627,37.9638671875
1690731,33.447265625
1690760,36.1328125
1693375,34.85107421875
1845256,36.80419921875
1845273,44.12841796875
1845304,45.22705078125
1845321,44.73876953125
1847575,42.724609375
1847636,34.0576171875
1847668,39.24560546875
1847714,35.46142578125
1974386,36.0107421875
1974416,33.75244140625
1974436,33.935546875
1974447,46.93603515625
1974463,34.7900390625
1974510,33.447265625
1975955,35.58349609375
2069858,39.0625
2069951,40.1611328125
2071710,36.31591796875
2146725,34.66796875
2146737,35.09521484375
2146762,53.8330078125
2146780,38.818359375
2147085,34.97314453125
2148363,36.68212890625
2149206,33.99658203125
2149300,34.48486328125
2149332,36.1328125
2149369,43.3349609375
2291326,48.03466796875
2291349,39.12353515625
2291377,47.7294921875
2291407,53.52783203125
2292218,36.376953125
2365131,38.63525390625
2365160,42.54150390625
2365178,46.0205078125
2365214,44.73876953125
2394666,73.6083984375
2394707,59.9365234375
2394746,35.09521484375
2394774,37.29248046875
2394913,33.50830078125
2397103,36.1328125
2397179,42.41943359375
2491908,43.27392578125
2491948,45.71533203125
2491958,34.60693359375
2491979,35.33935546875
2492025,35.70556640625
2492082,36.0107421875
2493581,36.19384765625
2673246,33.69140625
2673267,64.208984375
2673285,42.724609375
2673312,34.5458984375
2673940,34.24072265625
2674238,35.7666015625
2674940,37.41455078125
2674975,33.87451171875
2735851,36.31591796875
2735867,36.7431640625
2735895,55.23681640625
2735949,42.48046875
2736187,36.31591796875
2934910,36.19384765625
2934959,34.11865234375
2934980,47.36328125
2935018,34.912109375
2935038,46.81396484375
2936881,33.5693359375
3036966,43.02978515625
3037006,34.7900390625
3037036,38.39111328125
3037075,37.59765625
3182333,45.8984375
3182346,40.10009765625
3182369,45.22705078125
3182380,40.10009765625
3182406,44.921875
3182432,33.75244140625
3292854,40.83251953125
3292871,39.85595703125
3292889,52.24609375
3292907,38.818359375
3292931,38.330078125
3292948,50.23193359375
3432986,35.0341796875
3433015,36.62109375
3433032,42.96875
3433054,35.46142578125
3433139,33.99658203125
3516411,35.64453125
3516466,39.97802734375
3516493,75.5615234375
3516523,57.373046875
3516545,34.72900390625
3518055,36.19384765625
3518922,34.0576171875
3519212,35.21728515625
3657868,47.2412109375
3657895,42.17529296875
3657932,41.015625
3657951,37.841796875
3657965,34.36279296875
3658102,35.46142578125
3765979,37.29248046875
3766029,46.56982421875
3766069,35.400390625
3766089,37.59765625
3766109,42.17529296875
3767853,33.935546875
3768713,41.1376953125
3867188,43.9453125
3867206,52.55126953125
3867219,41.44287109375
3867248,35.2783203125
3867302,39.0625
3867327,35.0341796875
3869589,35.2783203125
3869692,37.41455078125
3959940,38.26904296875
3959962,35.21728515625
3959986,34.912109375
4095491,37.17041015625
4095501,35.64453125
4095541,40.6494140625
4095692,39.4287109375
4254477,47.79052734375
4254495,40.83251953125
4254518,39.9169921875
4366800,37.65869140625
4366837,36.9873046875
4366884,33.99658203125
4369603,49.49951171875
4369711,33.38623046875
4369753,37.53662109375
4604151,51.3916015625
4604189,44.12841796875
4604218,36.4990234375
4685644,49.072265625
4685685,36.56005859375
4685719,37.353515625
4685756,40.6494140625
4688442,39.4287109375
4688466,36.376953125
4688690,33.75244140625
