4798401,0
152541,37.29248046875
639148,37.7197265625
639164,42.66357421875
788125,41.07666015625
820198,37.7197265625
930662,39.36767578125
1044790,40.46630859375
1111752,42.90771484375
1112333,39.55078125
1178822,37.2314453125
1178908,37.7197265625
1233201,40.10009765625
1294838,38.39111328125
1294987,37.353515625
1313612,49.6826171875
1313627,37.7197265625
1345629,37.2314453125
1345667,38.6962890625
1345738,40.8935546875
1345769,37.29248046875
1378156,38.57421875
1389486,39.97802734375
1419058,39.794921875
1419146,40.0390625
1434219,38.4521484375
1445860,39.4287109375
1500052,43.5791015625
1500209,45.8984375
1500275,42.1142578125
1500317,39.0625
1517262,39.73388671875
1517285,38.330078125
1517399,39.73388671875
1517887,37.41455078125
1518369,39.85595703125
1531019,44.86083984375
1532270,37.17041015625
1542903,46.630859375
1543023,43.5791015625
1543042,38.51318359375
1543413,39.55078125
1553491,41.8701171875
1553677,38.75732421875
1563440,40.46630859375
1563529,45.166015625
1563612,44.73876953125
1563740,41.07666015625
1572989,40.1611328125
1573068,38.6962890625
1582153,38.330078125
1582283,41.748046875
1582327,39.306640625
1590964,43.3349609375
1591090,43.02978515625
1591207,42.05322265625
1591236,41.3818359375
1599833,37.2314453125
1599894,37.4755859375
1599968,37.4755859375
1608328,37.65869140625
1616698,41.3818359375
1616979,42.66357421875
1625409,41.9921875
1625457,43.76220703125
1625470,38.57421875
1625545,39.6728515625
1633904,39.0625
1634042,39.12353515625
1642130,37.17041015625
1642269,38.818359375
1642760,38.75732421875
1650602,37.841796875
1650747,42.17529296875
1668780,37.17041015625
1668826,44.0673828125
1669318,42.78564453125
1669617,37.29248046875
1678195,39.794921875
1678264,47.30224609375
1687479,37.78076171875
1687546,37.65869140625
1687685,39.6728515625
1705894,37.353515625
1705960,41.8701171875
1706010,37.78076171875
1706113,39.4287109375
1714775,41.44287109375
1715073,42.236328125
1724368,37.59765625
1733541,37.29248046875
1733731,41.6259765625
1733792,39.12353515625
1742592,43.8232421875
1751652,38.75732421875
1751724,42.05322265625
1751779,37.2314453125
1751891,39.48974609375
1752223,38.51318359375
1761056,37.17041015625
1761203,37.90283203125
1761253,40.22216796875
1770201,47.30224609375
1770310,37.9638671875
1770381,42.8466796875
1779975,41.9921875
1780157,38.14697265625
1780227,39.6728515625
1780337,37.841796875
1789282,38.39111328125
1789609,40.34423828125
1799349,47.66845703125
1799424,42.48046875
1809526,39.00146484375
1809700,38.87939453125
1819832,45.22705078125
1819902,37.7197265625
1819952,38.51318359375
1831183,37.4755859375
1831259,42.41943359375
1841516,37.41455078125
1841619,38.57421875
1841831,40.6494140625
1852264,43.8232421875
1863822,38.818359375
1886753,38.39111328125
1886908,39.0625
1898895,38.39111328125
1910809,44.00634765625
1910872,38.02490234375
1935459,42.6025390625
1935545,46.38671875
1948726,41.3818359375
1948744,37.841796875
1948798,37.41455078125
1961752,44.3115234375
1962075,37.78076171875
1974825,38.75732421875
1975007,37.2314453125
1987598,38.26904296875
1987803,38.4521484375
1988152,39.24560546875
2001232,37.53662109375
2015684,39.1845703125
2015846,38.2080078125
2029991,39.85595703125
2044100,39.55078125
2044296,38.14697265625
2044351,37.29248046875
2059993,46.93603515625
2060191,39.48974609375
2075950,39.9169921875
2076090,47.119140625
2076147,46.7529296875
2076373,40.283203125
2093532,44.12841796875
2108808,38.57421875
2123553,40.1611328125
2123591,40.283203125
2123655,37.41455078125
2123734,39.9169921875
2123829,38.0859375
2160451,40.58837890625
2161022,37.841796875
2196101,40.283203125
2196705,38.2080078125
2233171,38.0859375
2456609,39.55078125
2623507,41.6259765625
2767653,39.9169921875
3078936,37.9638671875
3200340,38.0859375
3236535,48.27880859375
3279479,46.08154296875
3319662,39.12353515625
3319703,38.4521484375
3323735,39.48974609375
3456989,49.37744140625
3457145,37.29248046875
3495278,41.19873046875
3586540,38.818359375
3617459,39.24560546875
3617537,37.4755859375
3649305,38.14697265625
3649389,41.32080078125
3649478,38.330078125
3674660,38.26904296875
3692497,37.841796875
3694841,45.34912109375
3706943,39.97802734375
3707025,39.306640625
3707083,41.07666015625
3724627,39.24560546875
3776458,37.53662109375
3815313,37.65869140625
3815393,41.015625
3890070,39.9169921875
3890084,38.39111328125
3890096,41.50390625
3929641,39.85595703125
3929851,40.95458984375
3947448,38.9404296875
3947477,39.36767578125
3974847,41.3818359375
3974986,40.1611328125
3987078,52.55126953125
3987092,37.29248046875
3987104,54.50439453125
3987162,40.0390625
3997777,39.24560546875
3997893,42.6025390625
3997936,38.51318359375
3997970,40.22216796875
4008976,40.46630859375
4008999,46.630859375
4009033,41.80908203125
4019034,39.4287109375
4019109,42.3583984375
4019135,48.88916015625
4028599,53.955078125
4028651,39.61181640625
4028699,45.2880859375
4028762,42.90771484375
4028798,46.93603515625
4029253,39.9169921875
4037706,40.10009765625
4037736,47.607421875
4046401,38.6962890625
4055065,42.236328125
4055087,45.34912109375
4055184,41.68701171875
4064412,38.14697265625
4064441,39.61181640625
4073014,38.2080078125
4073039,37.59765625
4073114,42.1142578125
4073257,47.66845703125
4081550,43.3349609375
4081616,37.841796875
4082352,38.2080078125
4082507,38.02490234375
4089976,42.6025390625
4090055,37.7197265625
4090105,38.39111328125
4098856,37.78076171875
4108306,39.0625
4108332,37.353515625
4117641,37.41455078125
4117884,37.53662109375
4127100,45.8984375
4127125,41.68701171875
4127177,37.353515625
4136737,40.34423828125
4136796,42.78564453125
4136861,41.015625
4136899,39.306640625
4146222,38.818359375
4146345,43.701171875
4146391,39.24560546875
4146417,41.56494140625
4146503,40.1611328125
4146660,39.61181640625
4156383,41.93115234375
4156552,39.00146484375
4156583,37.353515625
4166274,37.53662109375
4166408,39.9169921875
4166430,37.7197265625
4166450,37.353515625
4166478,42.29736328125
4166501,40.0390625
4176277,49.13330078125
4176365,37.29248046875
4176460,37.7197265625
4176481,38.2080078125
4186564,41.32080078125
4186623,39.00146484375
4186764,39.97802734375
4196975,39.6728515625
4208451,37.59765625
4208556,44.921875
4208631,40.58837890625
4208755,38.26904296875
4209294,38.0859375
4231175,38.63525390625
4242399,37.29248046875
4242488,38.9404296875
4242514,39.4287109375
4254078,37.41455078125
4254162,46.0205078125
4254318,37.2314453125
4266653,43.51806640625
4277915,39.48974609375
4278075,37.17041015625
4290201,37.841796875
4290259,44.12841796875
4290311,37.53662109375
4290469,42.236328125
4302932,46.7529296875
4303160,40.46630859375
4316371,40.58837890625
4316458,40.52734375
4329470,48.76708984375
4342840,41.56494140625
4342990,37.78076171875
4343136,40.1611328125
4356806,39.24560546875
4356849,38.818359375
4370850,37.7197265625
4385679,37.90283203125
4385755,41.6259765625
4401291,46.7529296875
4416324,38.51318359375
4416425,40.52734375
4416500,40.52734375
4430726,42.48046875
4430918,39.24560546875
4430994,44.7998046875
4447310,39.36767578125
4447367,37.59765625
4447418,37.90283203125
4447512,40.4052734375
4447551,39.1845703125
4465726,37.841796875
4500152,39.48974609375
4518104,40.22216796875
4518162,38.4521484375
4538242,39.55078125
4558709,37.78076171875
4559247,37.841796875
4559512,38.02490234375
4581705,40.71044921875
4581742,39.12353515625
4581887,37.29248046875
4614009,39.12353515625
4614075,45.71533203125
4614251,37.53662109375
