4798401,0
1229040,37.41455078125
1500317,37.841796875
1531080,39.0625
1573050,40.52734375
1582259,41.50390625
1591197,37.841796875
1599887,39.73388671875
1642435,37.78076171875
1642451,42.29736328125
1650772,37.53662109375
1668927,39.0625
1687591,41.32080078125
1733569,38.51318359375
1751633,37.41455078125
1887038,38.57421875
1935568,38.2080078125
1975264,38.57421875
1987861,37.9638671875
1987930,38.87939453125
2060417,38.02490234375
2177860,39.48974609375
3279435,40.52734375
3649476,40.95458984375
3929820,43.701171875
3987179,39.1845703125
4028620,38.14697265625
4028689,38.9404296875
4081556,38.330078125
4090001,37.9638671875
4098869,38.87939453125
4117579,40.8935546875
4127056,39.12353515625
4146358,46.0205078125
4166564,38.26904296875
4197174,38.63525390625
4219472,38.02490234375
4290229,44.98291015625
4316289,40.22216796875
4356589,37.841796875
4385591,38.0859375
4385767,45.47119140625
4401340,38.26904296875
4430994,43.15185546875
4482303,38.87939453125
