4798001,0
35616,37.04833984375
35640,43.45703125
35660,51.26953125
35689,63.1103515625
35702,69.3359375
35721,79.16259765625
35742,188.41552734375
35765,114.990234375
35790,107.7880859375
35801,44.73876953125
35828,62.1337890625
35850,63.29345703125
35866,63.65966796875
35889,84.16748046875
35911,70.73974609375
35925,58.89892578125
35936,41.80908203125
35957,51.08642578125
35975,46.56982421875
35996,34.97314453125
36015,63.65966796875
36029,46.9970703125
36043,51.3916015625
36069,67.68798828125
36086,46.0205078125
36125,39.24560546875
36146,40.283203125
36173,48.03466796875
36186,41.32080078125
36212,50.1708984375
36235,38.818359375
36254,47.607421875
36295,66.22314453125
36339,55.419921875
36364,36.0107421875
36416,37.04833984375
36428,37.53662109375
36519,53.16162109375
36548,40.4052734375
36602,42.96875
37056,41.015625
37265,35.70556640625
37532,35.46142578125
37551,34.5458984375
37721,36.43798828125
37741,36.19384765625
162753,38.0859375
162800,35.70556640625
162839,49.01123046875
162859,58.2275390625
162872,55.5419921875
162905,102.72216796875
162925,172.119140625
162944,42.29736328125
162968,68.17626953125
162982,59.63134765625
162998,72.08251953125
163012,55.419921875
163026,57.861328125
163046,67.19970703125
163063,81.11572265625
163086,97.2900390625
163100,39.794921875
163116,79.4677734375
163128,41.50390625
163147,63.5986328125
163163,59.26513671875
163181,40.52734375
163202,55.419921875
163222,57.373046875
163246,50.4150390625
163272,66.58935546875
163300,67.5048828125
163311,56.94580078125
163334,40.771484375
163352,54.50439453125
163371,50.47607421875
163392,36.376953125
163407,40.58837890625
163430,39.97802734375
163444,35.70556640625
163476,56.884765625
163513,38.02490234375
163528,46.81396484375
163589,41.9921875
163603,45.10498046875
163696,40.95458984375
163755,35.46142578125
163808,43.88427734375
163936,45.34912109375
163960,34.48486328125
164032,37.2314453125
164234,36.92626953125
164398,34.66796875
164438,34.5458984375
164661,37.7197265625
164815,39.9169921875
192608,37.41455078125
205132,37.2314453125
205174,39.12353515625
205187,47.4853515625
205198,43.45703125
205228,47.79052734375
205242,62.255859375
205261,68.84765625
205283,62.255859375
205296,126.3427734375
205317,84.04541015625
205335,83.55712890625
205356,65.61279296875
205378,67.0166015625
205407,85.44921875
205433,86.9140625
205446,67.44384765625
205464,75.13427734375
205483,90.88134765625
205509,86.24267578125
205525,79.28466796875
205548,50.1708984375
205566,51.26953125
205583,52.8564453125
205610,77.57568359375
205631,36.56005859375
205655,41.259765625
205667,39.9169921875
205684,40.46630859375
205706,51.81884765625
205717,46.142578125
205738,51.45263671875
205771,40.771484375
205782,43.45703125
205809,53.1005859375
205834,35.5224609375
205864,49.98779296875
205877,35.0341796875
205898,34.36279296875
205925,46.875
205949,51.20849609375
205999,40.1611328125
206039,47.30224609375
206078,49.13330078125
206088,40.283203125
206098,39.9169921875
206112,34.85107421875
206203,39.85595703125
206213,35.70556640625
206360,43.39599609375
206544,38.4521484375
206763,40.71044921875
206964,45.71533203125
207205,36.1328125
207467,41.9921875
270596,41.3818359375
270629,38.818359375
270667,40.52734375
270681,47.18017578125
270707,70.25146484375
270720,84.65576171875
270742,60.302734375
270763,143.06640625
270787,69.15283203125
270814,153.564453125
270838,88.7451171875
270859,90.51513671875
270870,70.12939453125
270894,86.85302734375
270905,53.5888671875
270921,58.41064453125
270942,77.880859375
270969,45.47119140625
270979,79.16259765625
271010,75.13427734375
271033,42.66357421875
271044,60.36376953125
271086,74.40185546875
271113,47.30224609375
271141,61.58447265625
271170,81.84814453125
271195,65.49072265625
271212,50.84228515625
271230,64.39208984375
271258,41.56494140625
271273,47.30224609375
271306,56.94580078125
271320,62.98828125
271360,47.8515625
271421,41.80908203125
271449,39.306640625
271480,41.6259765625
271523,37.17041015625
271594,37.65869140625
271610,50.4150390625
271647,36.92626953125
271660,44.73876953125
271741,35.0341796875
271757,39.6728515625
272016,35.64453125
272250,46.20361328125
272375,37.9638671875
272787,45.2880859375
346969,35.58349609375
346998,39.55078125
347018,34.66796875
347038,136.29150390625
347062,148.37646484375
347081,138.18359375
347095,86.5478515625
347108,134.21630859375
347148,109.06982421875
347170,57.80029296875
347188,60.85205078125
347218,87.5244140625
347233,47.8515625
347245,47.2412109375
347262,34.36279296875
347277,45.7763671875
347297,78.06396484375
347326,55.84716796875
347355,59.5703125
347376,52.18505859375
347400,75.62255859375
347424,52.3681640625
347435,67.81005859375
347453,41.3818359375
347482,44.61669921875
347514,44.5556640625
347530,52.30712890625
347551,54.38232421875
347563,34.7900390625
347591,52.42919921875
347639,44.61669921875
347673,57.18994140625
347699,38.63525390625
347720,40.83251953125
347766,45.7763671875
347780,43.5791015625
347802,38.6962890625
347841,43.8232421875
347858,46.93603515625
347905,41.56494140625
347999,42.6025390625
348040,41.50390625
348063,36.62109375
348151,40.6494140625
348283,40.771484375
348551,38.14697265625
348594,35.58349609375
348666,35.7666015625
348865,37.841796875
348924,43.701171875
349078,37.41455078125
349138,35.70556640625
412359,36.43798828125
412410,41.80908203125
412434,45.59326171875
412456,48.828125
412474,60.546875
412492,86.5478515625
412523,111.14501953125
412552,128.11279296875
412572,78.125
412592,103.515625
412609,78.2470703125
412624,102.5390625
412649,72.6318359375
412662,54.19921875
412674,35.82763671875
412687,57.2509765625
412708,69.27490234375
412741,64.697265625
412755,43.64013671875
412780,65.85693359375
412790,57.55615234375
412818,43.45703125
412835,60.1806640625
412859,53.955078125
412887,44.677734375
412901,62.255859375
412934,35.64453125
412965,40.46630859375
412982,38.2080078125
413005,37.841796875
413048,49.01123046875
413061,40.34423828125
413087,34.66796875
413104,50.537109375
413137,34.72900390625
413172,38.9404296875
413210,42.78564453125
413245,43.9453125
413285,39.85595703125
413329,39.12353515625
413437,42.236328125
413465,34.60693359375
413539,41.56494140625
413900,34.72900390625
414357,45.10498046875
414683,51.3916015625
556050,46.56982421875
556091,34.36279296875
556117,42.54150390625
556141,38.51318359375
556163,53.03955078125
556181,54.931640625
556202,143.5546875
556219,157.65380859375
556240,108.5205078125
556263,110.65673828125
556273,62.1337890625
556291,69.3359375
556304,80.99365234375
556324,60.302734375
556339,52.734375
556360,89.66064453125
556385,62.98828125
556401,43.51806640625
556416,56.45751953125
556442,50.72021484375
556470,72.20458984375
556496,65.673828125
556516,43.9453125
556527,38.57421875
556551,62.98828125
556571,50.84228515625
556592,63.29345703125
556604,45.5322265625
556622,46.5087890625
556638,39.55078125
556667,50.47607421875
556695,51.7578125
556724,36.56005859375
556740,44.00634765625
556763,58.7158203125
556788,50.1708984375
556799,43.0908203125
556881,34.5458984375
556904,41.93115234375
556936,40.58837890625
556977,35.46142578125
557080,35.7666015625
557109,40.10009765625
557186,38.330078125
557515,43.15185546875
558071,38.87939453125
558283,37.41455078125
607309,52.55126953125
607354,40.71044921875
607371,34.85107421875
607407,43.0908203125
607429,37.04833984375
607450,95.3369140625
607482,94.970703125
607507,108.0322265625
607517,71.71630859375
607551,88.43994140625
607571,88.8671875
607588,88.37890625
607601,50.537109375
607620,90.4541015625
607638,75.86669921875
607659,62.3779296875
607672,65.12451171875
607692,57.67822265625
607711,79.58984375
607738,61.21826171875
607757,51.45263671875
607779,38.14697265625
607797,38.39111328125
607823,38.51318359375
607835,78.43017578125
607863,51.69677734375
607884,34.7900390625
607903,47.66845703125
607923,43.0908203125
607939,65.673828125
607972,56.15234375
607996,64.3310546875
608019,57.55615234375
608043,37.4755859375
608070,43.9453125
608080,35.46142578125
608139,39.73388671875
608191,49.49951171875
608215,37.29248046875
608241,34.97314453125
608282,34.48486328125
608342,37.841796875
608366,41.56494140625
608451,34.60693359375
608461,47.607421875
608503,44.677734375
608774,46.08154296875
608857,35.09521484375
608972,37.2314453125
609002,45.34912109375
609094,34.60693359375
609449,41.6259765625
755036,42.6025390625
755080,48.4619140625
755111,58.59375
755130,87.82958984375
755140,87.34130859375
755165,166.80908203125
755185,152.34375
755198,55.72509765625
755223,62.98828125
755239,149.35302734375
755249,88.07373046875
755272,71.96044921875
755282,47.66845703125
755303,40.71044921875
755325,72.20458984375
755348,54.0771484375
755362,50.9033203125
755392,58.65478515625
755402,37.29248046875
755438,87.58544921875
755461,86.36474609375
755478,40.95458984375
755499,45.654296875
755511,47.4853515625
755532,46.44775390625
755564,36.07177734375
755595,50.1708984375
755623,34.97314453125
755633,61.21826171875
755682,37.90283203125
755693,37.90283203125
755713,57.7392578125
755724,36.92626953125
755767,46.7529296875
755778,40.52734375
755791,35.15625
755811,41.9921875
755833,41.32080078125
755864,36.2548828125
755907,47.79052734375
755990,43.5791015625
756006,51.513671875
756044,38.26904296875
756185,35.58349609375
756647,35.21728515625
756716,44.189453125
756854,38.26904296875
756925,35.0341796875
757012,41.015625
757137,40.0390625
757153,36.07177734375
850907,41.6259765625
850943,36.68212890625
850972,41.19873046875
851000,36.56005859375
851016,56.45751953125
851038,117.431640625
851054,65.5517578125
851072,164.55078125
851099,80.078125
851111,147.52197265625
851136,90.9423828125
851150,59.38720703125
851166,103.759765625
851179,101.86767578125
851194,61.58447265625
851204,69.091796875
851228,68.7255859375
851240,63.720703125
851250,89.4775390625
851280,38.51318359375
851296,50.72021484375
851311,52.18505859375
851349,57.861328125
851363,75.98876953125
851383,63.720703125
851415,68.05419921875
851434,36.56005859375
851449,59.50927734375
851476,63.41552734375
851505,39.00146484375
851521,46.93603515625
851553,44.3115234375
851568,37.59765625
851596,50.9033203125
851651,65.61279296875
851726,39.48974609375
851762,38.39111328125
851833,42.3583984375
851874,35.7666015625
852072,41.68701171875
852132,36.62109375
852272,41.1376953125
852366,35.46142578125
852392,34.60693359375
852593,39.00146484375
852873,34.3017578125
852903,36.43798828125
853106,43.51806640625
944390,38.4521484375
944637,47.91259765625
944656,36.62109375
944672,41.19873046875
944697,37.65869140625
944713,53.955078125
944739,66.40625
944754,42.6025390625
944775,92.22412109375
944787,132.99560546875
944809,54.74853515625
944831,74.76806640625
944847,106.75048828125
944871,69.091796875
944892,66.89453125
944902,62.01171875
944915,57.67822265625
944925,101.318359375
944948,56.82373046875
944965,43.51806640625
944984,67.626953125
944996,68.29833984375
945017,58.349609375
945046,56.45751953125
945076,67.07763671875
945106,55.72509765625
945117,59.26513671875
945148,35.09521484375
945172,63.29345703125
945187,40.71044921875
945226,34.912109375
945240,34.7900390625
945273,47.8515625
945288,37.29248046875
945332,35.09521484375
945368,58.28857421875
945379,53.03955078125
945434,37.109375
945444,44.86083984375
945548,36.56005859375
945598,35.21728515625
945622,38.9404296875
945637,38.6962890625
945765,47.8515625
945786,34.66796875
945811,37.53662109375
946360,38.2080078125
946552,38.4521484375
946752,42.48046875
975158,35.7666015625
975208,41.80908203125
975238,34.97314453125
975261,49.01123046875
975297,48.40087890625
975308,70.3125
975324,103.8818359375
975341,158.0810546875
975357,125.91552734375
975381,74.3408203125
975403,63.90380859375
975424,68.359375
975437,93.75
975462,69.51904296875
975474,93.017578125
975494,107.11669921875
975506,36.80419921875
975535,55.35888671875
975547,63.90380859375
975566,66.34521484375
975581,44.12841796875
975601,41.015625
975614,52.8564453125
975628,51.94091796875
975646,59.326171875
975667,41.80908203125
975685,62.01171875
975698,42.90771484375
975745,54.5654296875
975768,41.6259765625
975791,53.7109375
975805,37.353515625
975824,49.01123046875
975837,45.10498046875
975860,56.7626953125
975911,41.015625
975931,51.20849609375
975962,39.24560546875
975999,42.17529296875
976012,44.73876953125
976033,39.85595703125
976086,39.0625
976170,40.771484375
976202,38.0859375
976240,35.58349609375
976425,38.2080078125
976657,50.9033203125
976965,46.5087890625
977139,56.884765625
977173,36.19384765625
977290,35.70556640625
977457,41.68701171875
1054425,37.841796875
1054477,35.46142578125
1054499,43.701171875
1054522,42.8466796875
1054540,122.74169921875
1054564,109.80224609375
1054588,148.25439453125
1054603,75.439453125
1054620,100.52490234375
1054652,95.947265625
1054672,98.69384765625
1054693,47.9736328125
1054703,67.93212890625
1054716,43.701171875
1054740,75.86669921875
1054757,52.79541015625
1054773,59.75341796875
1054794,87.21923828125
1054816,70.37353515625
1054828,94.29931640625
1054842,35.7666015625
1054864,44.49462890625
1054889,44.61669921875
1054918,55.23681640625
1054944,67.3828125
1054975,41.68701171875
1055009,57.6171875
1055038,54.6875
1055061,38.330078125
1055086,58.41064453125
1055118,53.3447265625
1055154,48.88916015625
1055169,43.64013671875
1055208,34.97314453125
1055257,45.22705078125
1055286,36.2548828125
1055342,43.02978515625
1055366,41.8701171875
1055405,35.70556640625
1055465,39.00146484375
1055477,44.61669921875
1055588,56.33544921875
1055822,35.5224609375
1055985,35.21728515625
1056023,34.85107421875
1056343,37.41455078125
1056576,49.8046875
1163811,34.36279296875
1163855,40.52734375
1163879,51.33056640625
1163909,117.12646484375
1163930,161.2548828125
1163947,126.953125
1163974,119.384765625
1163990,145.6298828125
1164001,45.5322265625
1164018,73.8525390625
1164029,97.16796875
1164050,62.3779296875
1164065,87.40234375
1164087,82.03125
1164107,61.34033203125
1164140,96.6796875
1164152,40.58837890625
1164175,50.78125
1164205,69.2138671875
1164228,55.7861328125
1164253,55.0537109375
1164264,51.26953125
1164297,38.26904296875
1164333,40.8935546875
1164364,66.2841796875
1164377,45.5322265625
1164394,37.9638671875
1164409,46.08154296875
1164434,47.7294921875
1164446,49.25537109375
1164515,36.9873046875
1164550,46.0205078125
1164576,44.43359375
1164599,48.9501953125
1164628,37.53662109375
1164657,49.9267578125
1164674,34.5458984375
1164783,35.46142578125
1164850,40.771484375
1164871,35.94970703125
1164929,35.15625
1164959,35.7666015625
1165005,38.57421875
1165083,46.7529296875
1165472,35.21728515625
1165622,34.72900390625
1165678,34.85107421875
1165815,61.1572265625
1264169,39.4287109375
1264218,38.51318359375
1264240,34.423828125
1264252,47.607421875
1264262,62.744140625
1264282,90.39306640625
1264301,101.806640625
1264318,201.59912109375
1264335,164.794921875
1264357,61.03515625
1264373,115.6005859375
1264392,72.265625
1264411,89.90478515625
1264424,59.50927734375
1264442,96.8017578125
1264455,62.1337890625
1264481,108.5205078125
1264495,98.6328125
1264514,59.814453125
1264534,90.88134765625
1264558,43.02978515625
1264577,40.283203125
1264587,39.61181640625
1264611,66.40625
1264621,87.46337890625
1264635,45.5322265625
1264659,41.56494140625
1264694,34.912109375
1264711,50.29296875
1264734,40.95458984375
1264761,42.05322265625
1264775,58.28857421875
1264821,41.32080078125
1264839,41.32080078125
1264875,38.14697265625
1264895,65.00244140625
1264913,52.91748046875
1264944,53.52783203125
1264967,34.912109375
1265013,40.22216796875
1265037,34.60693359375
1265073,63.53759765625
1265137,39.97802734375
1265204,37.78076171875
1265234,42.90771484375
1265279,42.724609375
1265295,41.259765625
1265323,53.77197265625
1265502,36.68212890625
1265598,34.85107421875
1265698,37.59765625
1265864,35.0341796875
1266151,37.17041015625
1266422,52.30712890625
1327643,35.46142578125
1327696,46.08154296875
1327725,47.36328125
1327749,39.48974609375
1327762,34.97314453125
1327781,61.1572265625
1327801,135.19287109375
1327832,159.11865234375
1327847,94.78759765625
1327865,53.8330078125
1327896,114.6240234375
1327913,38.4521484375
1327927,105.40771484375
1327947,89.84375
1327958,35.21728515625
1327976,38.6962890625
1327990,93.8720703125
1328002,69.4580078125
1328029,61.58447265625
1328039,112.1826171875
1328056,52.6123046875
1328069,65.97900390625
1328100,61.21826171875
1328128,47.7294921875
1328150,78.55224609375
1328174,47.18017578125
1328199,53.22265625
1328211,43.15185546875
1328240,37.7197265625
1328251,38.51318359375
1328268,51.3916015625
1328279,35.15625
1328302,47.66845703125
1328318,48.64501953125
1328332,46.44775390625
1328359,45.5322265625
1328390,37.2314453125
1328406,43.64013671875
1328445,37.7197265625
1328505,43.45703125
1328523,34.85107421875
1328545,35.09521484375
1328610,39.794921875
1328630,38.330078125
1328686,48.095703125
1328930,36.19384765625
1329084,35.09521484375
1329261,35.09521484375
1329306,39.00146484375
1329571,37.17041015625
1329816,35.7666015625
1379564,38.87939453125
1379603,51.33056640625
1379627,62.43896484375
1379660,64.697265625
1379677,48.88916015625
1379691,119.2626953125
1379720,148.62060546875
1379734,132.080078125
1379760,70.3125
1379783,101.9287109375
1379796,81.72607421875
1379807,95.21484375
1379843,111.26708984375
1379865,78.61328125
1379879,40.34423828125
1379897,53.7109375
1379909,80.62744140625
1379922,52.978515625
1379932,52.24609375
1379958,71.8994140625
1379974,58.41064453125
1379987,38.39111328125
1380002,40.46630859375
1380035,44.921875
1380045,64.75830078125
1380083,66.22314453125
1380099,50.47607421875
1380118,44.12841796875
1380149,45.0439453125
1380163,42.41943359375
1380187,63.8427734375
1380199,53.5888671875
1380212,49.31640625
1380229,50.59814453125
1380241,48.03466796875
1380272,41.1376953125
1380286,76.904296875
1380299,39.97802734375
1380344,47.119140625
1380373,47.05810546875
1380437,44.00634765625
1380455,43.88427734375
1380496,39.1845703125
1380518,39.0625
1380538,34.85107421875
1380717,39.48974609375
1380782,37.109375
1380912,41.9921875
1380968,36.92626953125
1381335,36.31591796875
1381452,36.9873046875
1381519,36.92626953125
1381812,37.353515625
1536673,40.771484375
1536695,34.36279296875
1536722,54.6875
1536738,65.97900390625
1536755,65.97900390625
1536772,87.5244140625
1536796,144.287109375
1536823,107.177734375
1536838,129.94384765625
1536859,62.01171875
1536881,76.7822265625
1536910,82.45849609375
1536925,77.0263671875
1536954,72.998046875
1536971,44.7998046875
1536994,82.70263671875
1537004,52.6123046875
1537027,63.3544921875
1537038,38.02490234375
1537061,51.8798828125
1537083,71.22802734375
1537112,54.443359375
1537139,35.15625
1537159,63.41552734375
1537171,48.095703125
1537187,38.51318359375
1537199,62.19482421875
1537220,49.62158203125
1537232,34.5458984375
1537256,42.29736328125
1537287,69.39697265625
1537331,37.7197265625
1537387,43.39599609375
1537404,34.66796875
1537437,34.912109375
1537450,35.21728515625
1537505,39.12353515625
1537521,50.96435546875
1537580,53.03955078125
1537644,48.03466796875
1537665,41.50390625
1537714,36.1328125
1537744,35.33935546875
1538041,36.1328125
1538138,35.400390625
1538148,37.9638671875
1538275,35.2783203125
1538444,37.41455078125
1538606,45.7763671875
1538653,34.85107421875
1538914,40.10009765625
1665951,49.25537109375
1665983,52.79541015625
1666005,43.9453125
1666017,54.0771484375
1666039,69.580078125
1666054,116.69921875
1666085,216.6748046875
1666102,70.12939453125
1666117,71.22802734375
1666137,123.53515625
1666150,57.80029296875
1666162,74.64599609375
1666182,58.41064453125
1666194,96.435546875
1666214,93.56689453125
1666235,67.3828125
1666255,47.54638671875
1666270,75.50048828125
1666290,57.7392578125
1666301,54.8095703125
1666328,56.884765625
1666339,71.4111328125
1666351,60.6689453125
1666373,51.513671875
1666395,59.50927734375
1666408,51.69677734375
1666433,45.654296875
1666445,55.6640625
1666466,48.76708984375
1666491,34.97314453125
1666518,42.78564453125
1666534,44.25048828125
1666573,46.69189453125
1666584,44.43359375
1666605,41.93115234375
1666621,50.78125
1666655,43.5791015625
1666695,40.6494140625
1666734,38.9404296875
1666801,37.78076171875
1666828,47.18017578125
1666947,45.5322265625
1667015,34.36279296875
1667064,38.6962890625
1667091,37.841796875
1667229,39.61181640625
1667307,41.3818359375
1667496,35.09521484375
1667581,40.0390625
1667731,40.46630859375
1667901,37.353515625
1668102,41.1376953125
1668254,38.0859375
1668320,35.15625
1737196,48.88916015625
1737238,35.5224609375
1737267,46.0205078125
1737298,40.71044921875
1737319,57.43408203125
1737331,81.60400390625
1737359,113.34228515625
1737369,128.173828125
1737385,122.98583984375
1737396,106.62841796875
1737408,118.65234375
1737426,124.267578125
1737446,64.39208984375
1737483,90.2099609375
1737515,83.0078125
1737525,59.326171875
1737542,87.70751953125
1737556,67.32177734375
1737583,59.814453125
1737600,69.15283203125
1737619,50.96435546875
1737639,47.79052734375
1737658,73.6083984375
1737672,46.630859375
1737687,49.01123046875
1737702,47.607421875
1737733,51.6357421875
1737759,59.63134765625
1737789,51.26953125
1737802,46.0205078125
1737818,50.47607421875
1737834,37.59765625
1737852,68.603515625
1737864,39.48974609375
1737877,39.1845703125
1737898,40.52734375
1737916,64.02587890625
1737946,49.4384765625
1737961,54.62646484375
1738002,37.29248046875
1738031,35.888671875
1738052,40.22216796875
1738064,60.6689453125
1738160,48.52294921875
1738184,40.8935546875
1738251,45.83740234375
1738316,41.32080078125
1738464,35.21728515625
1738507,36.7431640625
1738639,36.68212890625
1738973,46.7529296875
1739183,38.14697265625
1739206,34.5458984375
1739408,35.82763671875
1739663,35.58349609375
1903448,35.09521484375
1903463,38.2080078125
1903488,63.5986328125
1903501,59.326171875
1903520,91.4306640625
1903541,96.13037109375
1903566,157.958984375
1903589,102.5390625
1903600,127.0751953125
1903631,71.96044921875
1903648,92.28515625
1903658,50.59814453125
1903680,47.79052734375
1903703,55.84716796875
1903721,80.322265625
1903737,46.9970703125
1903749,49.8046875
1903769,71.533203125
1903791,44.49462890625
1903807,57.12890625
1903828,65.85693359375
1903851,69.7021484375
1903874,36.62109375
1903898,51.26953125
1903926,66.7724609375
1903936,56.884765625
1903953,69.9462890625
1903982,64.51416015625
1904013,59.75341796875
1904043,49.8046875
1904066,38.02490234375
1904097,42.8466796875
1904127,48.7060546875
1904153,40.771484375
1904191,34.3017578125
1904238,35.7666015625
1904254,39.1845703125
1904271,38.2080078125
1904288,34.48486328125
1904301,48.15673828125
1904349,46.08154296875
1904365,46.56982421875
1904486,37.29248046875
1904696,34.5458984375
1904766,37.2314453125
1904910,36.31591796875
1905096,38.6962890625
1905106,51.69677734375
1905224,38.87939453125
1905249,36.62109375
1905399,36.1328125
1905615,41.19873046875
1906010,60.60791015625
2039756,45.59326171875
2039793,46.7529296875
2039830,45.5322265625
2039849,37.9638671875
2039860,49.31640625
2039900,62.07275390625
2039928,63.8427734375
2039944,110.107421875
2039960,278.4423828125
2039989,92.7734375
2040005,82.1533203125
2040015,96.923828125
2040029,58.7158203125
2040051,76.2939453125
2040069,104.00390625
2040089,79.40673828125
2040108,90.576171875
2040125,74.40185546875
2040145,62.07275390625
2040163,67.0166015625
2040174,51.1474609375
2040193,40.83251953125
2040211,52.24609375
2040233,61.5234375
2040255,54.931640625
2040277,56.21337890625
2040295,36.4990234375
2040322,49.31640625
2040342,44.5556640625
2040360,46.81396484375
2040391,47.42431640625
2040404,61.4013671875
2040422,47.30224609375
2040434,48.64501953125
2040459,59.26513671875
2040481,39.36767578125
2040494,55.35888671875
2040544,53.955078125
2040561,44.3115234375
2040612,62.80517578125
2040666,37.17041015625
2040691,42.41943359375
2040719,49.74365234375
2040764,46.38671875
2040881,41.8701171875
2040913,41.3818359375
2040978,37.109375
2041149,34.36279296875
2041324,36.68212890625
2041455,44.86083984375
2041505,39.306640625
2041701,42.29736328125
2041829,40.22216796875
2041908,41.80908203125
2042181,54.50439453125
2167335,40.0390625
2167486,41.015625
2167515,40.58837890625
2167540,62.19482421875
2167565,41.50390625
2167584,82.45849609375
2167605,111.26708984375
2167633,179.443359375
2167658,124.32861328125
2167676,96.435546875
2167691,49.37744140625
2167713,126.8310546875
2167732,86.669921875
2167750,81.298828125
2167768,55.35888671875
2167778,53.466796875
2167808,81.787109375
2167820,66.89453125
2167844,53.28369140625
2167874,56.7626953125
2167898,75.3173828125
2167923,62.43896484375
2167942,46.56982421875
2167963,57.67822265625
2167977,53.1005859375
2168006,46.630859375
2168038,57.18994140625
2168068,39.48974609375
2168090,38.2080078125
2168107,42.724609375
2168134,36.43798828125
2168174,40.52734375
2168193,35.64453125
2168216,46.44775390625
2168226,44.25048828125
2168290,34.5458984375
2168304,34.912109375
2168351,47.2412109375
2168446,51.20849609375
2168511,35.400390625
2168522,44.00634765625
2168585,43.5791015625
2168627,34.72900390625
2169243,44.189453125
2169288,41.8701171875
2169387,37.59765625
2169551,37.65869140625
2169737,46.9970703125
2220387,36.1328125
2220492,37.53662109375
2220511,37.04833984375
2220525,36.31591796875
2220548,50.59814453125
2220569,66.0400390625
2220584,101.86767578125
2220597,118.46923828125
2220610,98.388671875
2220626,150.08544921875
2220648,117.98095703125
2220672,145.20263671875
2220697,73.73046875
2220715,63.29345703125
2220736,64.697265625
2220748,65.91796875
2220777,61.8896484375
2220799,58.65478515625
2220820,60.302734375
2220831,41.80908203125
2220851,51.7578125
2220862,42.3583984375
2220892,63.29345703125
2220907,67.44384765625
2220922,37.41455078125
2220937,49.98779296875
2220967,55.2978515625
2220994,48.52294921875
2221023,36.92626953125
2221051,36.07177734375
2221068,48.583984375
2221093,41.6259765625
2221107,59.5703125
2221132,35.400390625
2221191,45.654296875
2221225,42.48046875
2221239,41.32080078125
2221277,39.55078125
2221295,39.97802734375
2221307,41.3818359375
2221341,41.80908203125
2221365,34.85107421875
2221381,51.81884765625
2221504,43.51806640625
2221570,49.31640625
2221733,36.4990234375
2221876,35.400390625
2222002,38.6962890625
2222109,34.85107421875
2222258,36.43798828125
2222287,36.92626953125
2222372,34.48486328125
2222475,42.1142578125
2222508,44.3115234375
2222557,40.71044921875
2222696,40.58837890625
2223173,47.7294921875
2315560,36.31591796875
2315588,51.7578125
2315628,43.212890625
2315652,73.1201171875
2315672,112.79296875
2315690,147.52197265625
2315702,103.57666015625
2315714,150.390625
2315725,130.126953125
2315750,121.64306640625
2315762,74.15771484375
2315775,83.984375
2315790,61.09619140625
2315817,67.68798828125
2315831,52.67333984375
2315842,39.24560546875
2315866,77.69775390625
2315898,39.24560546875
2315918,49.01123046875
2315935,52.8564453125
2315947,42.90771484375
2315970,54.3212890625
2316019,65.185546875
2316043,41.56494140625
2316054,52.3681640625
2316086,47.36328125
2316110,51.26953125
2316148,41.9921875
2316177,44.49462890625
2316190,45.7763671875
2316225,45.83740234375
2316263,42.96875
2316280,36.31591796875
2316308,40.6494140625
2316365,49.98779296875
2316380,44.0673828125
2316413,36.56005859375
2316437,35.33935546875
2316475,42.41943359375
2316534,41.015625
2316626,39.306640625
2316688,36.62109375
2316705,34.912109375
2316773,38.75732421875
2317045,34.36279296875
2317142,37.41455078125
2317211,34.7900390625
2317478,34.7900390625
2317654,44.49462890625
2317787,39.1845703125
2317907,40.771484375
2395232,36.92626953125
2395571,34.85107421875
2395601,41.50390625
2395629,37.29248046875
2395651,42.48046875
2395686,64.14794921875
2395699,53.89404296875
2395712,142.333984375
2395738,93.32275390625
2395755,143.1884765625
2395788,90.88134765625
2395817,85.3271484375
2395827,62.07275390625
2395858,101.1962890625
2395871,69.27490234375
2395892,80.6884765625
2395911,84.5947265625
2395937,69.27490234375
2395948,55.6640625
2395975,40.771484375
2395997,49.560546875
2396015,61.03515625
2396033,39.48974609375
2396054,53.64990234375
2396070,40.52734375
2396104,71.10595703125
2396130,39.48974609375
2396143,34.912109375
2396153,41.44287109375
2396175,54.38232421875
2396187,41.50390625
2396202,36.31591796875
2396214,35.70556640625
2396241,54.26025390625
2396277,40.4052734375
2396301,41.259765625
2396359,51.8798828125
2396374,42.05322265625
2396460,35.21728515625
2396529,41.1376953125
2396578,46.5087890625
2396647,39.24560546875
2396669,38.818359375
2396726,38.14697265625
2396804,48.88916015625
2396981,37.109375
2397035,34.60693359375
2397314,36.376953125
2397406,36.4990234375
2397493,40.283203125
2397863,46.38671875
2519216,58.77685546875
2519238,52.42919921875
2519254,74.52392578125
2519265,43.3349609375
2519295,180.72509765625
2519313,85.02197265625
2519330,101.07421875
2519358,84.9609375
2519378,78.06396484375
2519398,52.42919921875
2519419,70.25146484375
2519432,71.6552734375
2519446,69.88525390625
2519473,57.80029296875
2519492,51.33056640625
2519506,67.3828125
2519521,52.978515625
2519560,62.43896484375
2519583,64.5751953125
2519609,51.6357421875
2519630,44.189453125
2519642,50.47607421875
2519669,39.1845703125
2519689,44.00634765625
2519710,61.03515625
2519733,42.3583984375
2519776,48.64501953125
2519816,37.2314453125
2519831,36.31591796875
2519872,44.98291015625
2519886,35.70556640625
2519921,37.78076171875
2519947,34.60693359375
2519970,44.677734375
2520015,36.1328125
2520085,37.65869140625
2520115,50.29296875
2520150,34.85107421875
2520179,35.7666015625
2520222,45.0439453125
2520362,44.43359375
2520445,34.36279296875
2520810,35.7666015625
2520850,45.2880859375
2520961,36.80419921875
2521169,40.0390625
2521446,36.865234375
2638947,42.41943359375
2638987,54.99267578125
2639008,62.80517578125
2639025,89.9658203125
2639051,189.697265625
2639066,125.244140625
2639092,99.609375
2639108,114.92919921875
2639130,67.626953125
2639146,89.78271484375
2639174,76.96533203125
2639202,92.46826171875
2639229,72.57080078125
2639246,52.91748046875
2639264,49.86572265625
2639279,50.84228515625
2639292,48.27880859375
2639330,95.947265625
2639349,39.00146484375
2639367,44.189453125
2639385,37.90283203125
2639400,34.85107421875
2639429,48.095703125
2639456,64.453125
2639484,72.021484375
2639496,45.41015625
2639515,49.74365234375
2639527,41.07666015625
2639552,48.52294921875
2639566,50.47607421875
2639576,42.29736328125
2639590,41.56494140625
2639622,35.2783203125
2639661,64.453125
2639730,40.22216796875
2639818,35.82763671875
2639899,36.19384765625
2639911,54.38232421875
2640034,35.33935546875
2640096,41.44287109375
2640267,39.6728515625
2640354,45.71533203125
2640459,36.9873046875
2640520,40.52734375
2640554,36.56005859375
2640733,34.72900390625
2640843,47.36328125
2640936,60.791015625
2641208,54.50439453125
2686343,39.1845703125
2686368,34.5458984375
2686392,45.34912109375
2686410,36.2548828125
2686439,87.158203125
2686450,107.97119140625
2686463,95.03173828125
2686484,167.41943359375
2686507,83.984375
2686528,65.7958984375
2686539,53.28369140625
2686551,84.41162109375
2686585,37.17041015625
2686602,50.72021484375
2686616,83.55712890625
2686628,66.95556640625
2686662,90.087890625
2686679,61.4013671875
2686693,48.88916015625
2686708,63.78173828125
2686741,52.3681640625
2686757,80.6884765625
2686793,71.59423828125
2686811,42.54150390625
2686837,48.03466796875
2686869,54.3212890625
2686880,38.6962890625
2686899,36.865234375
2686932,60.6689453125
2686956,77.7587890625
2686967,43.51806640625
2686989,43.9453125
2687038,45.10498046875
2687050,38.0859375
2687083,35.0341796875
2687103,54.62646484375
2687114,49.560546875
2687138,45.654296875
2687153,40.46630859375
2687171,38.14697265625
2687184,55.48095703125
2687228,46.630859375
2687272,38.57421875
2687370,50.4150390625
2687404,35.5224609375
2687453,40.71044921875
2687528,41.07666015625
2688024,39.4287109375
2688039,35.46142578125
2688116,48.88916015625
2688199,40.1611328125
2688356,40.8935546875
2688376,35.5224609375
2688656,49.1943359375
2741760,35.70556640625
2741808,42.54150390625
2741830,54.74853515625
2741860,46.93603515625
2741874,40.58837890625
2741904,106.38427734375
2741917,75.68359375
2741939,119.384765625
2741949,80.078125
2741959,100.52490234375
2741984,60.11962890625
2742002,52.3681640625
2742012,75.927734375
2742031,47.36328125
2742055,70.00732421875
2742070,66.7724609375
2742082,63.5986328125
2742100,56.640625
2742121,46.93603515625
2742147,75.74462890625
2742162,57.80029296875
2742186,88.19580078125
2742211,47.8515625
2742234,64.94140625
2742253,54.13818359375
2742278,68.2373046875
2742306,60.791015625
2742331,37.41455078125
2742364,55.7861328125
2742387,40.22216796875
2742399,60.24169921875
2742437,43.5791015625
2742456,34.36279296875
2742522,34.3017578125
2742540,48.2177734375
2742572,37.109375
2742590,37.7197265625
2742610,52.734375
2742639,39.48974609375
2742656,42.54150390625
2742693,34.7900390625
2742742,38.14697265625
2742772,43.3349609375
2742891,36.1328125
2743015,35.94970703125
2743353,35.70556640625
2743598,39.85595703125
2743650,34.423828125
2743792,46.142578125
2744062,40.10009765625
2857919,38.9404296875
2858022,41.32080078125
2858063,36.1328125
2858094,47.66845703125
2858108,37.65869140625
2858139,54.8095703125
2858166,113.34228515625
2858177,131.53076171875
2858199,174.4384765625
2858220,131.89697265625
2858233,115.78369140625
2858254,100.89111328125
2858268,46.7529296875
2858279,83.80126953125
2858289,85.5712890625
2858308,70.61767578125
2858327,56.0302734375
2858349,61.58447265625
2858376,59.50927734375
2858395,81.9091796875
2858416,61.34033203125
2858435,38.26904296875
2858445,48.15673828125
2858462,38.4521484375
2858486,50.10986328125
2858515,48.33984375
2858529,37.841796875
2858566,49.13330078125
2858595,75.439453125
2858625,51.3916015625
2858638,54.74853515625
2858660,44.7998046875
2858690,46.38671875
2858729,34.66796875
2858756,44.12841796875
2858774,40.771484375
2858802,60.302734375
2858882,34.7900390625
2858901,37.65869140625
2859072,36.9873046875
2859164,38.14697265625
2859214,38.51318359375
2859229,35.0341796875
2859330,37.353515625
2859428,38.51318359375
2859527,44.3115234375
2859661,39.9169921875
2859933,37.17041015625
2859970,34.72900390625
2860175,51.7578125
2860415,37.59765625
2985849,37.17041015625
2985949,34.423828125
2985979,46.2646484375
2986039,37.4755859375
2986061,59.2041015625
2986077,42.90771484375
2986095,100.4638671875
2986122,153.01513671875
2986141,60.791015625
2986166,60.302734375
2986189,63.41552734375
2986208,62.5
2986224,75.0732421875
2986242,62.98828125
2986255,36.1328125
2986280,76.66015625
2986293,90.39306640625
2986326,91.61376953125
2986354,43.27392578125
2986368,83.49609375
2986396,66.34521484375
2986418,62.6220703125
2986436,44.98291015625
2986461,70.6787109375
2986486,53.5888671875
2986512,59.38720703125
2986539,37.59765625
2986569,40.52734375
2986587,39.36767578125
2986604,42.48046875
2986640,42.3583984375
2986680,47.607421875
2986702,41.56494140625
2986761,63.90380859375
2986802,36.4990234375
2986823,65.97900390625
2986854,37.4755859375
2986899,41.8701171875
2986957,40.283203125
2986996,38.0859375
2987096,36.43798828125
2987151,35.21728515625
2987166,48.64501953125
2987218,36.56005859375
2987460,40.52734375
2987558,34.3017578125
2987678,37.9638671875
2987795,35.0341796875
2988238,41.8701171875
3105549,36.68212890625
3105654,43.76220703125
3105683,37.04833984375
3105744,48.4619140625
3105767,61.767578125
3105779,49.4384765625
3105804,154.4189453125
3105819,141.41845703125
3105842,94.6044921875
3105870,81.9091796875
3105887,98.44970703125
3105903,42.66357421875
3105918,47.66845703125
3105934,86.73095703125
3105948,47.42431640625
3105960,74.15771484375
3105991,60.9130859375
3106005,81.0546875
3106026,39.6728515625
3106039,55.84716796875
3106069,57.0068359375
3106095,47.9736328125
3106110,54.931640625
3106137,53.52783203125
3106150,46.32568359375
3106170,37.04833984375
3106198,34.66796875
3106220,41.32080078125
3106231,46.69189453125
3106272,36.62109375
3106321,60.1806640625
3106335,36.62109375
3106368,48.64501953125
3106396,43.27392578125
3106416,51.69677734375
3106441,48.40087890625
3106455,45.7763671875
3106492,37.65869140625
3106572,37.4755859375
3106665,48.76708984375
3106725,50.048828125
3106778,35.70556640625
3106887,37.29248046875
3106905,47.54638671875
3107071,39.00146484375
3107151,35.58349609375
3107639,39.6728515625
3107708,37.841796875
3108025,46.69189453125
3178361,36.31591796875
3178414,39.55078125
3178441,55.2978515625
3178468,45.95947265625
3178489,51.025390625
3178508,87.646484375
3178537,256.34765625
3178564,159.60693359375
3178584,94.42138671875
3178597,69.2138671875
3178615,72.75390625
3178628,38.26904296875
3178647,72.1435546875
3178658,73.18115234375
3178686,54.13818359375
3178698,45.7763671875
3178712,51.513671875
3178729,47.05810546875
3178770,92.71240234375
3178782,45.7763671875
3178799,49.1943359375
3178815,50.78125
3178840,34.3017578125
3178864,56.0302734375
3178877,61.82861328125
3178889,56.396484375
3178915,42.29736328125
3178927,56.21337890625
3178966,38.87939453125
3178979,52.24609375
3178996,38.14697265625
3179019,48.2177734375
3179046,41.07666015625
3179061,59.14306640625
3179079,37.29248046875
3179101,40.52734375
3179123,40.4052734375
3179166,42.41943359375
3179189,45.2880859375
3179238,41.015625
3179270,58.2275390625
3179316,58.04443359375
3179338,40.1611328125
3179417,40.46630859375
3179480,37.29248046875
3179598,36.7431640625
3179609,43.9453125
3179858,46.81396484375
3179895,41.93115234375
3179951,38.51318359375
3179994,38.87939453125
3180105,34.912109375
3180161,35.09521484375
3180266,37.841796875
3180467,40.10009765625
3180504,38.39111328125
3180709,61.58447265625
3180727,35.5224609375
3180835,34.5458984375
3235220,42.6025390625
3235331,43.701171875
3235372,95.64208984375
3235390,73.54736328125
3235402,102.60009765625
3235417,103.1494140625
3235429,74.70703125
3235457,82.1533203125
3235484,93.8720703125
3235502,68.90869140625
3235529,70.556640625
3235561,67.2607421875
3235576,56.5185546875
3235589,48.15673828125
3235612,62.744140625
3235626,63.232421875
3235644,51.57470703125
3235655,40.4052734375
3235677,72.6318359375
3235699,70.556640625
3235737,60.302734375
3235749,74.3408203125
3235791,42.78564453125
3235819,47.42431640625
3235883,57.43408203125
3235917,42.3583984375
3235927,44.49462890625
3235960,37.78076171875
3235987,58.53271484375
3236005,36.07177734375
3236074,38.9404296875
3236128,40.71044921875
3236198,43.5791015625
3236260,34.3017578125
3236279,54.74853515625
3236307,36.68212890625
3236392,40.46630859375
3236437,47.8515625
3236635,43.0908203125
3236797,34.72900390625
3236951,38.818359375
3237323,42.05322265625
3237608,42.1142578125
3379434,36.62109375
3379477,34.912109375
3379508,38.87939453125
3379529,67.138671875
3379549,91.9189453125
3379572,112.85400390625
3379590,137.63427734375
3379617,100.5859375
3379652,78.06396484375
3379662,104.06494140625
3379683,35.7666015625
3379700,86.5478515625
3379714,39.6728515625
3379726,56.7626953125
3379745,57.12890625
3379760,70.49560546875
3379788,86.60888671875
3379798,65.36865234375
3379812,64.51416015625
3379834,47.79052734375
3379882,38.14697265625
3379897,39.9169921875
3379916,39.48974609375
3379949,48.15673828125
3379977,77.94189453125
3380008,54.01611328125
3380030,46.630859375
3380048,73.3642578125
3380077,40.46630859375
3380087,52.55126953125
3380105,40.1611328125
3380125,50.6591796875
3380143,42.6025390625
3380161,34.66796875
3380173,64.208984375
3380218,42.05322265625
3380230,39.9169921875
3380282,36.43798828125
3380314,39.55078125
3380328,34.423828125
3380349,38.51318359375
3380465,34.5458984375
3380499,37.7197265625
3380713,37.17041015625
3380779,41.1376953125
3381066,40.10009765625
3381224,42.41943359375
3381272,44.00634765625
3381418,42.6025390625
3381760,60.11962890625
3381899,37.29248046875
3500348,44.86083984375
3500383,40.6494140625
3500432,40.1611328125
3500453,36.7431640625
3500496,82.45849609375
3500518,95.88623046875
3500540,235.29052734375
3500564,83.31298828125
3500585,103.33251953125
3500609,86.73095703125
3500628,94.05517578125
3500658,68.603515625
3500677,105.712890625
3500695,77.2705078125
3500724,61.95068359375
3500741,59.99755859375
3500758,34.912109375
3500783,37.29248046875
3500804,76.72119140625
3500828,40.46630859375
3500849,67.07763671875
3500873,44.73876953125
3500903,40.10009765625
3500915,48.583984375
3500960,49.1943359375
3500973,52.8564453125
3500993,54.0771484375
3501009,44.00634765625
3501029,38.0859375
3501041,37.4755859375
3501075,58.16650390625
3501100,43.15185546875
3501112,39.36767578125
3501142,40.283203125
3501174,49.31640625
3501233,34.60693359375
3501260,38.330078125
3501304,41.9921875
3501356,35.2783203125
3501413,37.841796875
3501480,36.07177734375
3501560,56.09130859375
3501580,42.3583984375
3501790,39.12353515625
3502193,35.888671875
3502224,38.818359375
3502261,53.28369140625
3502434,38.75732421875
3502458,44.25048828125
3502798,52.734375
3624270,35.70556640625
3624312,44.73876953125
3624333,35.0341796875
3624358,42.724609375
3624379,50.78125
3624401,63.41552734375
3624423,123.59619140625
3624439,168.45703125
3624449,86.60888671875
3624464,119.62890625
3624482,99.12109375
3624511,94.17724609375
3624527,81.60400390625
3624540,55.96923828125
3624553,83.80126953125
3624566,63.78173828125
3624577,72.69287109375
3624608,47.2412109375
3624654,35.2783203125
3624687,69.3359375
3624715,67.138671875
3624739,38.87939453125
3624753,53.28369140625
3624776,58.04443359375
3624797,48.33984375
3624833,49.86572265625
3624863,39.794921875
3624877,51.94091796875
3624915,34.7900390625
3624942,39.36767578125
3624957,43.02978515625
3624993,49.4384765625
3625022,39.85595703125
3625047,56.94580078125
3625120,41.32080078125
3625148,38.2080078125
3625175,40.52734375
3625209,47.2412109375
3625259,45.22705078125
3625330,41.80908203125
3625343,39.73388671875
3625660,38.14697265625
3625735,45.59326171875
3625924,34.72900390625
3626008,45.2880859375
3626057,39.36767578125
3626252,46.38671875
3626436,37.65869140625
3626658,39.36767578125
3722002,59.14306640625
3722029,43.27392578125
3722083,49.8046875
3722106,68.05419921875
3722137,135.25390625
3722163,157.470703125
3722175,138.36669921875
3722201,129.39453125
3722230,91.97998046875
3722250,67.5048828125
3722260,72.3876953125
3722287,75.5615234375
3722311,43.45703125
3722321,34.5458984375
3722343,57.861328125
3722356,46.5087890625
3722376,52.6123046875
3722397,56.70166015625
3722414,43.76220703125
3722433,56.57958984375
3722464,45.8984375
3722485,51.33056640625
3722512,37.53662109375
3722524,47.9736328125
3722554,45.8984375
3722569,51.69677734375
3722589,36.68212890625
3722599,62.744140625
3722622,64.697265625
3722638,40.4052734375
3722656,55.23681640625
3722671,48.9501953125
3722694,43.51806640625
3722724,43.8232421875
3722766,35.70556640625
3722788,36.62109375
3722800,42.90771484375
3722842,34.7900390625
3722854,43.15185546875
3722935,42.3583984375
3723001,37.4755859375
3723071,53.89404296875
3723086,42.41943359375
3723151,39.73388671875
3723217,34.97314453125
3723577,36.9873046875
3723680,34.36279296875
3724086,49.86572265625
3724150,37.17041015625
3724453,52.18505859375
3751270,35.21728515625
3751342,44.00634765625
3751371,62.01171875
3751393,35.15625
3751422,100.9521484375
3751441,97.22900390625
3751471,109.55810546875
3751488,169.0673828125
3751514,132.62939453125
3751527,55.35888671875
3751558,115.17333984375
3751578,51.69677734375
3751590,65.4296875
3751601,59.9365234375
3751615,64.453125
3751627,60.36376953125
3751643,74.89013671875
3751659,50.72021484375
3751675,47.2412109375
3751690,56.09130859375
3751712,51.57470703125
3751734,68.9697265625
3751750,65.12451171875
3751789,89.17236328125
3751819,52.18505859375
3751831,36.68212890625
3751854,48.52294921875
3751866,50.6591796875
3751882,51.7578125
3751899,37.4755859375
3751930,40.83251953125
3751955,39.6728515625
3751968,73.1201171875
3751990,46.630859375
3752017,46.7529296875
3752050,36.0107421875
3752069,55.96923828125
3752110,35.33935546875
3752174,47.05810546875
3752240,37.4755859375
3752310,35.0341796875
3752354,39.97802734375
3752434,44.677734375
3752473,35.94970703125
3752578,42.05322265625
3752667,34.97314453125
3752699,35.21728515625
3752763,40.283203125
3752862,34.5458984375
3752899,38.4521484375
3752960,44.00634765625
3752989,37.9638671875
3753047,34.66796875
3753137,41.32080078125
3753193,35.82763671875
3753767,39.794921875
3849798,36.68212890625
3849833,35.15625
3849860,39.12353515625
3849889,61.6455078125
3849904,51.7578125
3849927,129.150390625
3849946,86.12060546875
3849959,164.61181640625
3849976,42.236328125
3850004,99.4873046875
3850018,91.24755859375
3850029,86.9140625
3850056,109.4970703125
3850067,88.134765625
3850085,71.96044921875
3850105,103.45458984375
3850122,58.2275390625
3850155,42.3583984375
3850165,45.654296875
3850201,42.8466796875
3850229,62.31689453125
3850248,45.95947265625
3850274,65.00244140625
3850284,48.583984375
3850315,47.9736328125
3850330,52.978515625
3850343,63.78173828125
3850362,40.0390625
3850388,40.1611328125
3850413,36.19384765625
3850431,34.97314453125
3850453,47.54638671875
3850480,38.14697265625
3850508,67.3828125
3850526,35.33935546875
3850539,35.7666015625
3850568,53.03955078125
3850608,38.26904296875
3850637,39.36767578125
3850648,36.68212890625
3850670,40.10009765625
3850726,34.72900390625
3850756,36.4990234375
3850840,42.29736328125
3850884,37.109375
3850943,40.8935546875
3851017,35.2783203125
3851137,34.72900390625
3851391,36.19384765625
3851491,35.888671875
3851572,35.888671875
3851781,41.32080078125
3852146,34.3017578125
3913622,46.20361328125
3913649,42.66357421875
3913677,43.9453125
3913697,50.29296875
3913724,101.806640625
3913741,133.056640625
3913754,143.9208984375
3913777,156.31103515625
3913796,85.99853515625
3913825,86.669921875
3913842,62.19482421875
3913856,85.693359375
3913873,35.2783203125
3913887,40.1611328125
3913904,74.76806640625
3913924,43.212890625
3913942,94.90966796875
3913964,61.58447265625
3913987,44.43359375
3913998,46.20361328125
3914013,42.1142578125
3914033,52.67333984375
3914052,40.8935546875
3914075,48.828125
3914099,43.9453125
3914111,36.4990234375
3914136,49.8046875
3914163,56.09130859375
3914185,50.29296875
3914198,41.9921875
3914234,43.0908203125
3914263,48.33984375
3914293,37.59765625
3914305,38.330078125
3914339,46.44775390625
3914403,41.07666015625
3914417,39.85595703125
3914431,37.7197265625
3914503,41.015625
3914542,40.71044921875
3914597,35.64453125
3914626,60.24169921875
3914738,41.3818359375
3914876,34.72900390625
3914894,36.865234375
3915088,37.7197265625
3915179,37.353515625
3915441,39.00146484375
3915482,40.95458984375
3915547,45.41015625
3915744,47.607421875
4061215,44.37255859375
4061266,48.40087890625
4061291,36.9873046875
4061314,38.818359375
4061339,70.00732421875
4061362,41.015625
4061383,126.708984375
4061406,171.630859375
4061420,187.92724609375
4061430,66.71142578125
4061446,81.60400390625
4061478,126.40380859375
4061489,86.73095703125
4061510,51.94091796875
4061537,66.0400390625
4061556,46.2646484375
4061580,53.16162109375
4061603,60.4248046875
4061619,48.33984375
4061654,111.38916015625
4061676,59.26513671875
4061693,51.025390625
4061723,50.84228515625
4061751,44.73876953125
4061786,41.1376953125
4061808,34.66796875
4061841,45.41015625
4061855,36.62109375
4061880,37.90283203125
4061893,45.10498046875
4061917,43.701171875
4061954,43.76220703125
4061982,46.2646484375
4062022,36.68212890625
4062036,52.24609375
4062071,47.66845703125
4062086,43.51806640625
4062120,34.66796875
4062169,36.43798828125
4062208,50.10986328125
4062248,47.607421875
4062267,35.2783203125
4062340,38.6962890625
4062605,35.58349609375
4062718,35.64453125
4062871,34.85107421875
4062929,35.09521484375
4063055,34.423828125
4063119,40.71044921875
4063416,39.12353515625
4136829,59.87548828125
4136899,46.38671875
4136919,41.50390625
4136951,50.96435546875
4136972,97.2900390625
4137004,224.67041015625
4137019,42.78564453125
4137029,155.57861328125
4137055,81.54296875
4137074,101.806640625
4137093,92.6513671875
4137124,114.74609375
4137137,39.0625
4137155,74.70703125
4137176,69.51904296875
4137188,43.39599609375
4137209,55.0537109375
4137234,53.64990234375
4137265,57.80029296875
4137291,59.87548828125
4137316,58.28857421875
4137336,54.443359375
4137368,63.53759765625
4137383,35.33935546875
4137397,45.83740234375
4137419,55.84716796875
4137433,60.60791015625
4137456,43.27392578125
4137470,43.27392578125
4137494,50.59814453125
4137534,34.423828125
4137561,48.2177734375
4137576,51.26953125
4137616,53.77197265625
4137641,37.2314453125
4137683,51.69677734375
4137737,42.96875
4137750,38.0859375
4137820,38.2080078125
4137857,51.8798828125
4137943,44.677734375
4138052,38.818359375
4138099,36.56005859375
4138323,34.423828125
4138432,49.98779296875
4138550,34.3017578125
4138641,34.7900390625
4138718,35.15625
4138977,49.13330078125
4149783,42.78564453125
4149833,40.83251953125
4149848,35.5224609375
4149876,44.61669921875
4149900,68.115234375
4149910,57.92236328125
4149924,80.078125
4149943,93.68896484375
4149955,89.41650390625
4149971,168.5791015625
4149988,101.07421875
4150018,94.970703125
4150039,53.28369140625
4150066,78.67431640625
4150077,47.30224609375
4150099,54.50439453125
4150114,72.265625
4150139,83.80126953125
4150164,48.52294921875
4150186,49.13330078125
4150201,49.4384765625
4150221,37.65869140625
4150239,51.81884765625
4150258,56.0302734375
4150287,59.26513671875
4150310,47.2412109375
4150320,58.10546875
4150347,42.1142578125
4150365,51.08642578125
4150387,46.69189453125
4150411,41.6259765625
4150428,38.63525390625
4150503,64.39208984375
4150522,40.46630859375
4150580,47.4853515625
4150608,40.95458984375
4150625,46.7529296875
4150710,37.59765625
4150757,35.70556640625
4150796,38.63525390625
4150811,49.560546875
4150914,38.02490234375
4150952,37.17041015625
4150964,35.46142578125
4151025,35.5224609375
4151111,42.05322265625
4151148,37.78076171875
4151295,39.97802734375
4151431,49.072265625
4151489,44.7998046875
4151714,41.80908203125
4151836,42.1142578125
4293632,34.66796875
4293671,46.44775390625
4293702,48.9501953125
4293715,51.33056640625
4293744,78.369140625
4293770,113.58642578125
4293794,204.77294921875
4293822,117.37060546875
4293840,90.2099609375
4293861,82.09228515625
4293878,74.89013671875
4293889,87.46337890625
4293905,70.4345703125
4293919,83.3740234375
4293938,51.3916015625
4293958,70.86181640625
4293975,90.2099609375
4293997,65.0634765625
4294027,49.4384765625
4294054,74.951171875
4294071,64.0869140625
4294092,54.19921875
4294107,41.32080078125
4294134,48.9501953125
4294158,52.8564453125
4294187,62.68310546875
4294219,46.32568359375
4294231,43.212890625
4294253,50.23193359375
4294268,53.8330078125
4294287,40.6494140625
4294303,37.841796875
4294338,45.71533203125
4294348,46.0205078125
4294389,52.55126953125
4294446,34.72900390625
4294466,36.4990234375
4294495,46.2646484375
4294546,40.34423828125
4294609,38.02490234375
4294631,35.888671875
4294666,35.400390625
4294744,34.36279296875
4294771,45.10498046875
4294918,35.33935546875
4295142,36.92626953125
4295225,36.62109375
4295380,41.748046875
4295557,39.97802734375
4295916,45.83740234375
4416000,38.330078125
4416048,39.794921875
4416082,47.30224609375
4416108,41.015625
4416132,42.6025390625
4416146,58.41064453125
4416163,82.70263671875
4416184,98.0224609375
4416209,202.392578125
4416232,114.013671875
4416247,50.47607421875
4416270,78.18603515625
4416290,66.40625
4416313,109.06982421875
4416331,104.248046875
4416349,91.36962890625
4416372,42.17529296875
4416391,53.28369140625
4416401,54.26025390625
4416418,68.78662109375
4416444,55.35888671875
4416457,52.001953125
4416467,45.83740234375
4416478,45.83740234375
4416513,63.96484375
4416539,83.251953125
4416566,50.35400390625
4416593,47.36328125
4416624,68.84765625
4416644,36.92626953125
4416654,78.06396484375
4416677,41.259765625
4416692,54.19921875
4416736,51.94091796875
4416774,37.109375
4416787,83.55712890625
4416825,36.07177734375
4416857,50.59814453125
4416920,42.41943359375
4416945,37.2314453125
4417004,40.0390625
4417017,43.3349609375
4417047,34.912109375
4417075,36.7431640625
4417114,44.7998046875
4417143,41.56494140625
4417762,39.9169921875
4417948,66.10107421875
4418023,39.24560546875
4418180,39.00146484375
4418214,34.912109375
4482050,50.6591796875
4482094,45.0439453125
4482118,44.43359375
4482151,36.92626953125
4482169,113.76953125
4482187,106.5673828125
4482205,39.306640625
4482217,165.1611328125
4482239,62.56103515625
4482270,121.826171875
4482284,109.92431640625
4482305,92.4072265625
4482320,66.22314453125
4482333,68.90869140625
4482357,65.673828125
4482368,64.208984375
4482382,80.26123046875
4482410,54.38232421875
4482441,84.228515625
4482467,66.10107421875
4482499,81.9091796875
4482514,70.00732421875
4482533,59.326171875
4482561,40.52734375
4482585,62.01171875
4482612,39.85595703125
4482641,64.63623046875
4482675,67.9931640625
4482708,39.794921875
4482747,34.60693359375
4482764,48.76708984375
4482808,76.96533203125
4482827,38.4521484375
4482853,48.4619140625
4482914,52.30712890625
4482976,46.08154296875
4482989,50.6591796875
4483039,42.29736328125
4483077,43.51806640625
4483146,38.330078125
4483245,35.33935546875
4483290,39.48974609375
4483422,36.68212890625
4483574,48.15673828125
4483724,36.2548828125
4483867,35.70556640625
4484110,39.97802734375
4484472,48.88916015625
4569348,43.88427734375
4569397,36.92626953125
4569425,36.80419921875
4569448,52.490234375
4569479,128.23486328125
4569499,102.47802734375
4569510,119.62890625
4569521,59.38720703125
4569536,94.23828125
4569557,50.96435546875
4569574,52.06298828125
4569594,89.35546875
4569614,61.82861328125
4569637,106.0791015625
4569652,63.53759765625
4569681,76.5380859375
4569702,55.72509765625
4569719,65.0634765625
4569740,57.9833984375
4569763,70.12939453125
4569778,52.6123046875
4569797,71.1669921875
4569821,57.7392578125
4569840,56.15234375
4569870,57.06787109375
4569884,47.607421875
4569897,52.91748046875
4569911,41.50390625
4569942,74.462890625
4569967,53.89404296875
4569984,52.06298828125
4569997,35.15625
4570049,81.1767578125
4570075,37.90283203125
4570098,36.56005859375
4570118,39.794921875
4570148,45.654296875
4570176,35.7666015625
4570201,49.8046875
4570214,45.7763671875
4570239,41.56494140625
4570277,51.81884765625
4570292,40.83251953125
4570350,36.43798828125
4570426,35.09521484375
4570486,35.58349609375
4570531,44.49462890625
4570570,37.109375
4570783,38.87939453125
4570851,49.1943359375
4571088,34.7900390625
4571272,39.61181640625
4571315,43.64013671875
4666369,45.95947265625
4666400,60.97412109375
4666430,58.9599609375
4666450,83.80126953125
4666470,85.38818359375
4666484,182.7392578125
4666498,129.82177734375
4666513,76.59912109375
4666531,95.5810546875
4666546,85.99853515625
4666563,70.86181640625
4666576,93.6279296875
4666596,43.39599609375
4666609,55.2978515625
4666627,62.80517578125
4666645,57.67822265625
4666667,46.630859375
4666684,51.69677734375
4666710,91.85791015625
4666731,65.12451171875
4666760,79.77294921875
4666776,54.931640625
4666815,42.1142578125
4666826,58.53271484375
4666857,53.52783203125
4666883,76.11083984375
4666897,37.04833984375
4666913,35.0341796875
4666936,49.74365234375
4666946,53.28369140625
4666986,46.630859375
4667005,38.330078125
4667022,40.71044921875
4667050,36.19384765625
4667075,35.70556640625
4667088,35.82763671875
4667133,37.29248046875
4667147,34.85107421875
4667218,66.34521484375
4667233,34.72900390625
4667280,41.259765625
4667301,36.56005859375
4667443,45.10498046875
4667565,43.15185546875
4667585,45.0439453125
4667727,37.2314453125
4667849,43.02978515625
4668137,36.865234375
4668344,44.98291015625
4668536,34.97314453125
4701229,39.12353515625
4701288,42.17529296875
4701311,63.720703125
4701328,56.7626953125
4701361,122.0703125
4701376,117.431640625
4701387,77.5146484375
4701405,85.0830078125
4701419,47.66845703125
4701434,72.1435546875
4701450,114.19677734375
4701460,66.89453125
4701470,53.466796875
4701498,69.2138671875
4701510,86.5478515625
4701530,67.44384765625
4701545,70.25146484375
4701559,46.69189453125
4701581,62.8662109375
4701592,47.8515625
4701630,72.6318359375
4701656,55.419921875
4701677,50.23193359375
4701697,57.55615234375
4701710,45.83740234375
4701725,74.15771484375
4701751,45.34912109375
4701782,62.80517578125
4701803,36.80419921875
4701845,47.9736328125
4701875,59.63134765625
4701926,71.8994140625
4701952,39.00146484375
4701983,64.88037109375
4702017,47.4853515625
4702078,34.66796875
4702140,42.90771484375
4702178,35.09521484375
4702290,36.7431640625
4702369,42.96875
4702397,41.015625
4702573,39.24560546875
4702875,36.1328125
4702974,34.97314453125
4703044,38.87939453125
4703323,49.13330078125
4703396,35.58349609375
