4798001,0
35579,47.9736328125
35597,67.5048828125
35628,56.94580078125
35657,64.5751953125
35673,99.12109375
35688,224.4873046875
35719,148.25439453125
35735,77.1484375
35755,49.01123046875
35765,69.76318359375
35783,47.91259765625
35794,44.921875
35811,75.74462890625
35829,73.3642578125
35840,35.33935546875
35851,61.4013671875
35878,51.08642578125
35891,37.17041015625
35910,50.72021484375
35977,46.875
36003,47.91259765625
36025,38.26904296875
36081,40.95458984375
36107,36.80419921875
36132,37.17041015625
36162,40.95458984375
36199,47.79052734375
36278,36.4990234375
36314,39.73388671875
36388,35.64453125
36467,36.376953125
162750,44.43359375
162776,70.1904296875
162786,41.3818359375
162807,37.29248046875
162839,95.15380859375
162871,173.64501953125
162885,89.41650390625
162923,111.328125
162941,96.25244140625
162976,68.66455078125
162997,60.48583984375
163007,93.6279296875
163021,49.9267578125
163033,59.99755859375
163057,46.20361328125
163070,37.41455078125
163084,60.1806640625
163098,47.2412109375
163154,39.97802734375
163169,41.56494140625
163260,35.70556640625
163340,43.9453125
163422,37.29248046875
163441,41.9921875
163515,35.46142578125
163631,40.83251953125
164185,37.65869140625
205081,36.2548828125
205108,46.0205078125
205139,41.68701171875
205159,55.11474609375
205178,92.46826171875
205200,42.54150390625
205227,151.55029296875
205252,248.71826171875
205284,104.55322265625
205299,75.3173828125
205309,55.419921875
205326,77.2705078125
205342,51.69677734375
205357,41.56494140625
205377,66.40625
205388,61.5234375
205399,38.75732421875
205421,58.16650390625
205437,49.01123046875
205462,47.7294921875
205487,72.57080078125
205513,36.56005859375
205533,39.73388671875
205562,47.30224609375
205588,45.95947265625
205600,46.08154296875
205657,41.8701171875
205684,39.9169921875
205695,36.2548828125
205859,36.92626953125
205919,39.85595703125
206334,43.0908203125
206677,36.43798828125
206743,36.19384765625
270573,37.29248046875
270594,68.359375
270629,46.2646484375
270656,60.24169921875
270685,108.45947265625
270703,247.0703125
270722,113.83056640625
270734,70.86181640625
270755,93.32275390625
270778,59.2041015625
270789,71.8994140625
270817,72.93701171875
270836,116.88232421875
270854,58.04443359375
270872,60.11962890625
270887,61.34033203125
270905,68.66455078125
270925,55.48095703125
270949,59.2041015625
270964,49.37744140625
270993,39.48974609375
271039,51.08642578125
271072,36.376953125
271094,46.5087890625
271111,41.19873046875
271138,40.22216796875
271166,43.212890625
271223,36.865234375
271396,45.654296875
271439,35.46142578125
271464,45.22705078125
271714,41.44287109375
272369,40.83251953125
346901,43.701171875
346931,48.64501953125
346945,89.9658203125
346969,60.546875
346991,166.1376953125
347018,190.00244140625
347032,86.181640625
347048,50.78125
347067,43.76220703125
347077,102.60009765625
347096,39.4287109375
347117,64.51416015625
347130,95.64208984375
347147,74.8291015625
347177,63.65966796875
347195,60.4248046875
347217,73.79150390625
347237,64.51416015625
347265,49.98779296875
347278,40.8935546875
347293,45.41015625
347320,40.771484375
347356,35.5224609375
347368,44.37255859375
347392,39.6728515625
347424,44.5556640625
347436,41.9921875
347490,35.400390625
347501,42.724609375
347576,35.2783203125
347601,40.22216796875
347617,38.330078125
348053,36.43798828125
412341,40.83251953125
412367,48.27880859375
412390,45.34912109375
412402,48.7060546875
412415,59.75341796875
412458,133.6669921875
412474,171.32568359375
412487,84.5947265625
412515,154.72412109375
412539,105.52978515625
412560,45.59326171875
412572,59.5703125
412597,59.87548828125
412627,70.6787109375
412643,44.73876953125
412659,36.865234375
412685,62.744140625
412700,58.2275390625
412713,52.3681640625
412741,60.24169921875
412780,45.47119140625
412795,42.6025390625
412816,54.8095703125
412854,45.10498046875
412897,35.94970703125
412946,36.2548828125
412978,36.9873046875
412988,36.07177734375
413045,35.58349609375
413232,35.21728515625
413348,36.376953125
414945,35.64453125
556029,40.10009765625
556066,56.70166015625
556084,93.07861328125
556104,48.828125
556138,76.72119140625
556160,229.00390625
556188,117.12646484375
556216,87.46337890625
556228,63.96484375
556251,80.01708984375
556266,67.87109375
556291,80.99365234375
556317,66.2841796875
556327,39.73388671875
556343,68.90869140625
556373,64.75830078125
556383,62.92724609375
556396,40.8935546875
556415,36.68212890625
556468,49.13330078125
556515,66.0400390625
556600,36.9873046875
556724,38.9404296875
556810,45.5322265625
557306,38.57421875
607329,41.9921875
607361,62.6220703125
607382,56.5185546875
607405,59.87548828125
607422,91.6748046875
607433,118.0419921875
607447,204.77294921875
607484,169.189453125
607501,52.67333984375
607522,64.27001953125
607548,85.205078125
607559,57.55615234375
607574,61.34033203125
607594,50.10986328125
607617,40.71044921875
607634,48.095703125
607655,41.6259765625
607682,42.66357421875
607697,56.82373046875
607759,36.31591796875
607796,62.744140625
607840,37.41455078125
607877,36.376953125
607994,37.90283203125
608205,39.24560546875
608226,36.1328125
608588,38.02490234375
754968,39.0625
754999,46.20361328125
755025,55.60302734375
755046,45.59326171875
755064,71.77734375
755088,158.38623046875
755101,88.68408203125
755117,196.77734375
755141,131.28662109375
755155,107.421875
755175,64.0869140625
755186,72.32666015625
755220,71.6552734375
755232,40.6494140625
755243,90.14892578125
755270,53.22265625
755288,56.7626953125
755298,56.5185546875
755313,49.4384765625
755329,40.34423828125
755342,36.0107421875
755381,42.17529296875
755391,41.748046875
755417,37.04833984375
755451,37.9638671875
755491,44.86083984375
755520,37.78076171875
755547,35.15625
755561,37.353515625
755709,47.18017578125
755751,38.6962890625
756344,37.04833984375
756434,46.32568359375
850880,38.0859375
850915,44.0673828125
850940,39.73388671875
850954,74.52392578125
850983,98.93798828125
850998,96.8017578125
851011,310.97412109375
851048,143.4326171875
851073,126.40380859375
851088,76.7822265625
851105,51.08642578125
851126,50.048828125
851143,70.068359375
851156,46.32568359375
851168,60.60791015625
851192,54.87060546875
851207,61.1572265625
851222,38.4521484375
851247,54.0771484375
851277,47.79052734375
851287,42.78564453125
851311,53.1005859375
851379,42.236328125
851445,41.44287109375
851502,35.15625
851514,52.734375
851586,39.0625
851684,36.56005859375
851737,36.80419921875
852084,35.46142578125
852252,35.33935546875
944623,44.5556640625
944641,84.65576171875
944678,52.30712890625
944696,86.3037109375
944713,155.57861328125
944733,280.09033203125
944766,153.62548828125
944779,55.6640625
944805,98.14453125
944819,66.5283203125
944837,59.5703125
944858,49.25537109375
944874,85.5712890625
944884,37.4755859375
944903,81.72607421875
944920,53.52783203125
944932,40.771484375
944954,38.9404296875
944965,42.96875
944983,43.0908203125
945055,46.32568359375
945071,35.15625
945110,43.27392578125
945156,41.07666015625
945229,35.58349609375
945240,44.189453125
945264,35.33935546875
945280,46.0205078125
945456,35.7666015625
945507,39.794921875
945528,36.865234375
946615,37.78076171875
947275,41.32080078125
975163,48.40087890625
975195,40.95458984375
975206,65.0634765625
975247,74.3408203125
975274,161.92626953125
975297,234.86328125
975334,147.39990234375
975344,114.501953125
975362,103.33251953125
975377,71.4111328125
975405,49.74365234375
975436,61.1572265625
975450,91.064453125
975467,36.07177734375
975477,37.17041015625
975500,42.17529296875
975510,54.87060546875
975522,53.22265625
975557,40.283203125
975579,41.56494140625
975607,36.9873046875
975629,46.20361328125
975660,37.41455078125
975670,42.8466796875
975688,36.19384765625
975707,42.05322265625
975731,36.2548828125
975778,40.283203125
976044,45.654296875
976192,36.376953125
976604,38.87939453125
1054446,77.08740234375
1054461,45.22705078125
1054480,63.90380859375
1054490,45.41015625
1054525,136.962890625
1054538,222.83935546875
1054574,131.4697265625
1054585,66.22314453125
1054615,66.40625
1054627,56.7626953125
1054647,60.24169921875
1054668,78.91845703125
1054699,69.64111328125
1054725,61.82861328125
1054738,55.96923828125
1054763,36.2548828125
1054777,52.24609375
1054801,37.7197265625
1054840,37.7197265625
1054894,44.677734375
1054908,42.05322265625
1054927,35.33935546875
1054961,38.02490234375
1054973,38.26904296875
1055007,35.09521484375
1055227,36.0107421875
1163767,45.47119140625
1163794,68.359375
1163819,71.1669921875
1163835,67.0166015625
1163854,71.35009765625
1163873,298.64501953125
1163908,165.83251953125
1163922,85.8154296875
1163932,96.6796875
1163951,72.021484375
1163972,56.2744140625
1163999,58.53271484375
1164011,127.25830078125
1164027,49.9267578125
1164044,71.47216796875
1164068,50.29296875
1164086,41.56494140625
1164108,37.59765625
1164164,43.64013671875
1164176,36.376953125
1164191,44.25048828125
1164254,37.353515625
1164330,41.93115234375
1164491,36.62109375
1164520,37.2314453125
1164839,35.5224609375
1164872,37.90283203125
1165045,36.865234375
1165886,35.15625
1264178,76.84326171875
1264202,53.40576171875
1264226,41.50390625
1264245,99.609375
1264259,50.96435546875
1264270,290.95458984375
1264300,57.06787109375
1264315,120.7275390625
1264344,80.26123046875
1264370,71.83837890625
1264381,59.99755859375
1264401,52.42919921875
1264419,84.04541015625
1264433,42.29736328125
1264450,44.189453125
1264465,55.0537109375
1264487,36.865234375
1264510,55.35888671875
1264539,43.76220703125
1264564,37.109375
1264610,41.8701171875
1264693,35.15625
1264708,35.58349609375
1264779,38.0859375
1264851,42.54150390625
1265019,35.2783203125
1266099,35.7666015625
1327658,53.22265625
1327676,43.9453125
1327695,35.21728515625
1327705,92.95654296875
1327735,75.50048828125
1327750,82.51953125
1327771,179.931640625
1327788,89.84375
1327818,99.91455078125
1327843,71.71630859375
1327857,44.61669921875
1327867,54.38232421875
1327882,88.134765625
1327895,63.78173828125
1327914,65.91796875
1327942,75.3173828125
1327960,74.0966796875
1327983,35.82763671875
1328005,47.119140625
1328058,53.40576171875
1328071,42.236328125
1328108,46.32568359375
1328124,39.55078125
1328144,42.17529296875
1328159,36.2548828125
1328189,47.42431640625
1328239,38.63525390625
1328268,41.07666015625
1328311,35.400390625
1328328,37.29248046875
1328473,37.59765625
1328622,35.70556640625
1328870,35.21728515625
1379479,41.6259765625
1379571,68.2373046875
1379582,46.142578125
1379605,60.60791015625
1379629,71.83837890625
1379649,100.15869140625
1379672,259.3994140625
1379694,101.5625
1379715,129.150390625
1379745,80.2001953125
1379764,44.43359375
1379786,74.70703125
1379802,61.767578125
1379818,78.4912109375
1379842,40.8935546875
1379863,70.556640625
1379892,77.81982421875
1379905,57.55615234375
1379927,44.43359375
1379995,54.443359375
1380022,38.0859375
1380045,39.55078125
1380092,46.69189453125
1380118,40.8935546875
1380129,36.31591796875
1380188,40.83251953125
1380214,35.5224609375
1380264,36.07177734375
1380330,43.45703125
1380592,38.330078125
1381869,38.14697265625
1536620,41.8701171875
1536646,76.7822265625
1536667,48.27880859375
1536681,38.6962890625
1536711,130.06591796875
1536737,94.8486328125
1536756,96.5576171875
1536766,44.49462890625
1536779,114.990234375
1536803,73.2421875
1536825,70.25146484375
1536851,73.42529296875
1536872,65.61279296875
1536888,69.82421875
1536900,39.85595703125
1536925,57.55615234375
1536952,53.89404296875
1536972,52.001953125
1537013,45.59326171875
1537051,36.4990234375
1537076,38.57421875
1537090,50.6591796875
1537100,35.94970703125
1537141,36.80419921875
1537163,38.818359375
1537190,38.818359375
1537208,51.45263671875
1537267,36.865234375
1537366,35.82763671875
1537457,39.4287109375
1537524,37.29248046875
1537575,38.330078125
1537943,38.2080078125
1584983,36.2548828125
1665915,62.255859375
1665946,71.533203125
1665963,39.306640625
1665993,94.7265625
1666007,144.53125
1666027,197.998046875
1666062,139.09912109375
1666076,106.8115234375
1666092,74.64599609375
1666121,79.04052734375
1666137,98.5107421875
1666163,84.77783203125
1666173,62.80517578125
1666183,51.8798828125
1666209,54.0771484375
1666232,57.80029296875
1666248,70.556640625
1666261,54.87060546875
1666295,37.7197265625
1666320,38.39111328125
1666346,44.86083984375
1666397,40.58837890625
1666419,35.58349609375
1666468,37.2314453125
1666499,50.59814453125
1666695,39.48974609375
1666783,41.748046875
1737107,38.51318359375
1737223,38.2080078125
1737237,93.07861328125
1737247,82.275390625
1737267,38.6962890625
1737296,97.412109375
1737314,183.41064453125
1737328,226.25732421875
1737365,148.62060546875
1737377,60.9130859375
1737397,73.91357421875
1737420,100.40283203125
1737446,44.98291015625
1737460,52.79541015625
1737470,50.1708984375
1737481,64.88037109375
1737499,43.02978515625
1737511,66.58935546875
1737538,76.5380859375
1737568,43.88427734375
1737588,67.19970703125
1737614,36.1328125
1737653,45.2880859375
1737678,35.82763671875
1737694,39.306640625
1737783,37.59765625
1737798,35.33935546875
1737830,36.0107421875
1737896,35.94970703125
1737989,36.2548828125
1738006,35.58349609375
1738086,36.9873046875
1738781,40.1611328125
1903402,48.64501953125
1903417,69.3359375
1903431,42.41943359375
1903453,75.37841796875
1903474,161.1328125
1903494,231.75048828125
1903512,135.7421875
1903532,177.001953125
1903556,62.5
1903586,53.466796875
1903596,35.46142578125
1903610,68.2373046875
1903631,100.341796875
1903642,64.02587890625
1903666,57.2509765625
1903677,63.78173828125
1903701,72.32666015625
1903765,59.63134765625
1903776,39.48974609375
1903832,42.41943359375
1903858,48.40087890625
1903913,41.44287109375
1903965,49.74365234375
1903997,43.3349609375
1904007,37.29248046875
1904097,46.93603515625
1904161,35.5224609375
1904562,36.2548828125
1904829,36.376953125
2039755,36.56005859375
2039788,59.50927734375
2039809,80.6884765625
2039820,61.279296875
2039854,82.8857421875
2039878,78.30810546875
2039895,122.9248046875
2039920,168.212890625
2039949,159.66796875
2039959,46.08154296875
2039981,51.26953125
2040016,94.6044921875
2040030,65.73486328125
2040046,83.80126953125
2040057,38.2080078125
2040079,45.47119140625
2040107,101.01318359375
2040122,51.57470703125
2040137,43.3349609375
2040178,41.015625
2040202,36.56005859375
2040218,35.94970703125
2040241,45.59326171875
2040280,42.90771484375
2040354,38.0859375
2040416,35.5224609375
2040455,41.80908203125
2040868,35.7666015625
2040948,35.2783203125
2041614,40.283203125
2167462,53.1005859375
2167482,54.3212890625
2167502,43.0908203125
2167527,55.23681640625
2167543,53.466796875
2167559,144.6533203125
2167589,179.99267578125
2167623,79.04052734375
2167644,87.40234375
2167671,59.08203125
2167685,49.560546875
2167697,58.65478515625
2167727,124.8779296875
2167740,52.79541015625
2167756,58.77685546875
2167772,41.56494140625
2167794,65.7958984375
2167821,62.07275390625
2167838,36.43798828125
2167865,48.88916015625
2167890,45.59326171875
2167918,42.724609375
2167959,35.400390625
2167981,38.57421875
2168007,35.5224609375
2168027,47.9736328125
2168078,38.330078125
2168117,36.7431640625
2168186,35.33935546875
2168349,35.2783203125
2168364,35.2783203125
2168414,35.09521484375
2170101,36.62109375
2220435,51.08642578125
2220454,72.20458984375
2220484,65.36865234375
2220510,73.05908203125
2220527,89.29443359375
2220557,179.87060546875
2220576,138.00048828125
2220603,59.814453125
2220614,170.8984375
2220647,116.943359375
2220673,67.7490234375
2220683,68.54248046875
2220704,82.51953125
2220726,51.33056640625
2220736,54.5654296875
2220753,44.49462890625
2220770,68.90869140625
2220780,38.39111328125
2220799,60.4248046875
2220830,45.71533203125
2220849,46.08154296875
2220906,40.8935546875
2220933,37.17041015625
2220954,35.7666015625
2221019,40.46630859375
2221046,41.68701171875
2221093,44.5556640625
2221152,44.61669921875
2221307,40.1611328125
2223035,36.68212890625
2315549,47.42431640625
2315577,79.77294921875
2315600,48.4619140625
2315617,41.6259765625
2315641,117.85888671875
2315660,212.2802734375
2315685,167.54150390625
2315698,110.65673828125
2315715,67.81005859375
2315736,96.923828125
2315760,70.98388671875
2315781,70.3125
2315794,46.32568359375
2315814,75.37841796875
2315826,75.439453125
2315859,70.98388671875
2315872,47.2412109375
2315901,43.45703125
2315926,37.2314453125
2315936,40.8935546875
2316015,38.818359375
2316040,36.9873046875
2316079,37.41455078125
2316143,47.36328125
2316164,38.57421875
2316263,39.36767578125
2316279,41.015625
2316382,43.64013671875
2317064,42.6025390625
2317477,37.2314453125
2395546,44.98291015625
2395571,37.4755859375
2395581,93.93310546875
2395597,46.32568359375
2395627,50.4150390625
2395652,129.2724609375
2395668,120.05615234375
2395680,224.12109375
2395712,169.43359375
2395729,98.2666015625
2395742,108.58154296875
2395762,67.138671875
2395788,50.23193359375
2395802,93.6279296875
2395814,48.88916015625
2395825,41.19873046875
2395836,52.8564453125
2395858,46.0205078125
2395887,52.24609375
2395911,40.95458984375
2395971,40.58837890625
2396012,35.2783203125
2396033,36.376953125
2396044,43.45703125
2396092,35.33935546875
2396110,38.2080078125
2396186,40.771484375
2396260,44.73876953125
2396306,44.5556640625
2396336,36.9873046875
2396525,36.07177734375
2397296,41.80908203125
2519103,50.59814453125
2519126,44.5556640625
2519145,41.68701171875
2519158,58.9599609375
2519181,47.607421875
2519193,148.92578125
2519229,230.28564453125
2519258,87.95166015625
2519282,109.7412109375
2519294,82.8857421875
2519319,70.9228515625
2519341,65.0634765625
2519353,82.1533203125
2519366,52.18505859375
2519376,58.16650390625
2519391,72.32666015625
2519416,61.767578125
2519435,66.162109375
2519448,40.8935546875
2519470,45.2880859375
2519480,36.07177734375
2519524,35.94970703125
2519568,35.64453125
2519578,38.63525390625
2519607,41.19873046875
2519662,36.0107421875
2519826,48.095703125
2520106,45.0439453125
2638884,35.09521484375
2638910,39.61181640625
2638938,74.03564453125
2638963,67.0166015625
2638973,70.4345703125
2638993,200.86669921875
2639031,155.2734375
2639041,119.140625
2639058,79.28466796875
2639071,86.85302734375
2639092,67.5048828125
2639111,93.75
2639132,43.39599609375
2639146,35.7666015625
2639164,48.76708984375
2639183,54.443359375
2639211,40.1611328125
2639222,38.330078125
2639235,38.0859375
2639267,47.05810546875
2639287,45.71533203125
2639299,42.724609375
2639326,39.00146484375
2639352,35.400390625
2639374,36.43798828125
2639398,36.0107421875
2639440,45.8984375
2639501,37.65869140625
2639559,36.19384765625
2639571,37.109375
2639724,36.31591796875
2639817,35.21728515625
2686271,38.02490234375
2686286,38.818359375
2686313,55.96923828125
2686339,80.6884765625
2686362,40.71044921875
2686392,80.4443359375
2686403,223.81591796875
2686436,37.78076171875
2686450,128.35693359375
2686483,121.52099609375
2686504,72.509765625
2686518,53.52783203125
2686533,46.20361328125
2686562,64.27001953125
2686582,50.47607421875
2686595,55.35888671875
2686618,43.51806640625
2686640,66.95556640625
2686659,45.7763671875
2686673,45.59326171875
2686699,44.12841796875
2686719,36.80419921875
2686791,44.37255859375
2686803,38.57421875
2686826,40.34423828125
2686928,41.8701171875
2686992,41.50390625
2687030,45.10498046875
2687119,42.17529296875
2687160,37.53662109375
2687252,39.36767578125
2687393,35.09521484375
2688126,35.2783203125
2741735,36.2548828125
2741773,39.4287109375
2741798,76.11083984375
2741831,99.54833984375
2741854,129.8828125
2741880,81.35986328125
2741897,120.30029296875
2741918,80.62744140625
2741931,41.68701171875
2741950,82.6416015625
2741972,55.11474609375
2741986,62.6220703125
2742001,46.93603515625
2742020,85.51025390625
2742045,39.6728515625
2742059,53.955078125
2742080,51.26953125
2742101,38.2080078125
2742122,41.32080078125
2742137,40.95458984375
2742148,45.7763671875
2742166,39.0625
2742199,37.353515625
2742234,42.66357421875
2742272,36.376953125
2742324,52.79541015625
2742359,36.80419921875
2742467,49.072265625
2742588,55.419921875
2743498,36.43798828125
2857926,46.9970703125
2857997,41.19873046875
2858007,56.5185546875
2858037,60.97412109375
2858061,50.35400390625
2858086,44.61669921875
2858107,139.2822265625
2858117,116.69921875
2858141,236.572265625
2858162,131.2255859375
2858189,149.0478515625
2858209,78.91845703125
2858240,82.3974609375
2858255,84.77783203125
2858286,76.47705078125
2858308,50.78125
2858320,36.92626953125
2858346,53.40576171875
2858357,44.921875
2858373,53.22265625
2858411,37.109375
2858431,55.17578125
2858474,39.9169921875
2858556,38.57421875
2858618,35.94970703125
2858756,38.63525390625
2858950,37.65869140625
2859277,37.2314453125
2860624,37.353515625
2985946,43.9453125
2985977,65.97900390625
2985996,52.42919921875
2986021,67.9931640625
2986049,181.82373046875
2986073,211.7919921875
2986098,122.4365234375
2986108,149.84130859375
2986141,82.70263671875
2986154,53.3447265625
2986177,62.68310546875
2986192,80.810546875
2986206,48.40087890625
2986224,51.8798828125
2986237,41.6259765625
2986259,43.9453125
2986277,43.76220703125
2986328,43.212890625
2986341,42.54150390625
2986377,35.15625
2986390,38.57421875
2986402,47.2412109375
2986431,36.2548828125
2986459,41.748046875
2986520,35.5224609375
2986561,37.2314453125
2986665,38.26904296875
2986884,36.865234375
2986936,35.5224609375
2987052,41.68701171875
2987168,37.04833984375
3105279,38.0859375
3105610,47.7294921875
3105634,68.603515625
3105655,37.29248046875
3105693,53.40576171875
3105732,140.68603515625
3105754,64.5751953125
3105766,212.58544921875
3105787,114.2578125
3105815,111.75537109375
3105843,101.86767578125
3105858,45.10498046875
3105868,80.74951171875
3105891,56.21337890625
3105913,72.20458984375
3105926,80.74951171875
3105936,54.5654296875
3105951,50.47607421875
3105963,43.15185546875
3105993,39.73388671875
3106026,38.39111328125
3106038,40.34423828125
3106114,36.19384765625
3106162,36.7431640625
3106180,43.15185546875
3106225,36.7431640625
3106267,50.4150390625
3106350,35.46142578125
3106544,36.1328125
3106836,37.90283203125
3106945,36.0107421875
3107665,35.15625
3178334,43.51806640625
3178352,64.88037109375
3178367,51.025390625
3178398,59.14306640625
3178424,53.52783203125
3178454,145.5078125
3178469,43.39599609375
3178483,220.39794921875
3178509,112.79296875
3178533,112.60986328125
3178556,68.9697265625
3178580,121.4599609375
3178603,75.86669921875
3178613,72.69287109375
3178639,71.4111328125
3178649,51.1474609375
3178659,43.51806640625
3178674,37.9638671875
3178687,59.6923828125
3178707,59.63134765625
3178730,38.02490234375
3178759,66.2841796875
3178773,58.837890625
3178806,44.7998046875
3178834,45.95947265625
3178892,55.35888671875
3178972,38.75732421875
3178983,42.96875
3179140,35.64453125
3179223,44.12841796875
3179274,40.83251953125
3179417,36.43798828125
3179674,35.7666015625
3181125,36.4990234375
3234545,36.7431640625
3235161,39.61181640625
3235231,44.73876953125
3235250,56.884765625
3235260,61.95068359375
3235276,96.13037109375
3235304,44.43359375
3235314,37.109375
3235324,184.6923828125
3235356,198.73046875
3235381,113.22021484375
3235392,156.8603515625
3235406,70.3125
3235425,69.2138671875
3235442,36.92626953125
3235452,36.0107421875
3235470,77.20947265625
3235484,83.1298828125
3235504,52.001953125
3235520,61.1572265625
3235548,66.58935546875
3235591,43.0908203125
3235635,37.41455078125
3235646,59.87548828125
3235710,48.88916015625
3235777,39.306640625
3235806,44.677734375
3236039,40.1611328125
3236286,36.0107421875
3236333,35.7666015625
3236409,37.59765625
3237292,35.82763671875
3379378,35.58349609375
3379418,61.1572265625
3379431,36.31591796875
3379453,45.166015625
3379481,58.89892578125
3379495,49.37744140625
3379505,180.6640625
3379539,99.18212890625
3379558,290.0390625
3379573,81.72607421875
3379585,90.02685546875
3379598,51.69677734375
3379608,54.0771484375
3379618,75.439453125
3379642,67.626953125
3379664,117.3095703125
3379674,52.42919921875
3379694,43.51806640625
3379714,70.98388671875
3379740,39.24560546875
3379773,61.21826171875
3379791,35.70556640625
3379817,50.537109375
3379849,36.865234375
3379867,54.19921875
3379894,35.46142578125
3379932,36.07177734375
3380001,37.59765625
3380209,47.54638671875
3380337,40.6494140625
3380612,35.33935546875
3381537,37.29248046875
3382130,35.64453125
3500368,48.03466796875
3500396,74.76806640625
3500422,47.91259765625
3500435,54.50439453125
3500458,119.56787109375
3500468,109.130859375
3500488,197.81494140625
3500522,141.05224609375
3500533,73.73046875
3500544,69.4580078125
3500557,105.46875
3500573,44.49462890625
3500593,42.05322265625
3500605,66.95556640625
3500629,62.31689453125
3500645,54.01611328125
3500675,77.2705078125
3500688,41.6259765625
3500716,55.23681640625
3500752,66.46728515625
3500764,48.76708984375
3500790,50.9033203125
3500920,36.56005859375
3500962,37.29248046875
3500994,37.41455078125
3501073,35.2783203125
3501107,35.46142578125
3501489,39.4287109375
3503334,37.353515625
3624149,63.232421875
3624270,61.5234375
3624288,101.25732421875
3624316,62.1337890625
3624345,67.81005859375
3624355,115.8447265625
3624373,134.46044921875
3624387,250.91552734375
3624420,131.8359375
3624434,94.42138671875
3624457,69.64111328125
3624473,78.125
3624492,48.15673828125
3624502,77.69775390625
3624513,85.8154296875
3624529,80.87158203125
3624545,62.1337890625
3624558,63.53759765625
3624577,45.22705078125
3624594,42.05322265625
3624608,43.76220703125
3624653,53.466796875
3624699,39.306640625
3624727,35.82763671875
3624761,50.23193359375
3624815,35.70556640625
3625020,39.306640625
3625106,38.9404296875
3625160,39.0625
3625209,42.6025390625
3721979,57.31201171875
3722012,44.25048828125
3722037,50.048828125
3722067,72.93701171875
3722080,192.0166015625
3722107,289.24560546875
3722137,159.72900390625
3722169,84.53369140625
3722181,85.87646484375
3722200,39.306640625
3722217,61.58447265625
3722230,69.580078125
3722252,55.908203125
3722277,67.32177734375
3722306,59.87548828125
3722331,37.17041015625
3722363,55.60302734375
3722418,48.03466796875
3722434,46.81396484375
3722477,40.52734375
3722512,41.50390625
3722540,39.4287109375
3722559,37.4755859375
3722672,41.6259765625
3722796,36.56005859375
3722833,39.0625
3722849,35.400390625
3723924,42.29736328125
3751260,42.8466796875
3751297,47.42431640625
3751317,81.72607421875
3751341,61.34033203125
3751356,53.64990234375
3751370,128.41796875
3751381,108.5205078125
3751415,186.5234375
3751444,81.298828125
3751462,113.22021484375
3751474,74.40185546875
3751488,39.6728515625
3751519,69.64111328125
3751537,66.5283203125
3751548,38.02490234375
3751559,53.28369140625
3751578,49.98779296875
3751594,59.14306640625
3751609,57.31201171875
3751645,52.42919921875
3751655,42.05322265625
3751682,40.95458984375
3751694,49.31640625
3751725,52.490234375
3751760,45.59326171875
3751778,41.1376953125
3751808,38.0859375
3751832,38.26904296875
3751857,39.0625
3751895,37.353515625
3751906,42.41943359375
3751997,40.95458984375
3752151,46.81396484375
3752588,43.15185546875
3752627,35.400390625
3752731,40.8935546875
3752944,50.35400390625
3753270,35.21728515625
3753447,35.7666015625
3849755,35.888671875
3849778,57.6171875
3849812,62.1337890625
3849828,38.26904296875
3849846,37.04833984375
3849876,101.318359375
3849899,248.84033203125
3849911,110.107421875
3849934,123.779296875
3849971,58.28857421875
3849986,61.1572265625
3849998,41.015625
3850017,50.048828125
3850038,83.0078125
3850070,72.44873046875
3850086,48.7060546875
3850100,41.8701171875
3850111,60.60791015625
3850135,37.17041015625
3850155,44.86083984375
3850170,40.6494140625
3850192,46.630859375
3850214,39.9169921875
3850244,43.88427734375
3850268,37.41455078125
3850293,36.376953125
3850320,43.27392578125
3850333,40.10009765625
3850486,41.8701171875
3851598,40.83251953125
3851658,38.63525390625
3851760,35.21728515625
3913586,41.19873046875
3913606,81.60400390625
3913616,49.62158203125
3913628,41.6259765625
3913668,83.31298828125
3913683,212.5244140625
3913707,233.94775390625
3913741,130.92041015625
3913754,77.08740234375
3913767,76.904296875
3913795,64.14794921875
3913809,68.54248046875
3913837,77.08740234375
3913849,47.7294921875
3913865,60.6689453125
3913883,45.654296875
3913907,40.71044921875
3913924,73.66943359375
3913941,39.6728515625
3913970,49.25537109375
3914003,42.236328125
3914014,39.00146484375
3914045,43.02978515625
3914094,66.34521484375
3914149,44.61669921875
3914192,41.015625
3914384,37.90283203125
4061201,52.6123046875
4061214,36.62109375
4061250,62.31689453125
4061265,39.9169921875
4061295,52.91748046875
4061329,167.90771484375
4061342,65.91796875
4061353,313.232421875
4061383,95.76416015625
4061394,78.9794921875
4061411,48.095703125
4061427,68.05419921875
4061439,50.23193359375
4061453,37.109375
4061468,38.6962890625
4061483,82.21435546875
4061498,36.62109375
4061526,57.31201171875
4061541,45.5322265625
4061556,56.82373046875
4061585,39.55078125
4061602,41.6259765625
4061628,48.27880859375
4061639,40.0390625
4061678,38.9404296875
4061698,46.7529296875
4061731,36.4990234375
4061842,36.43798828125
4061863,35.82763671875
4061897,35.2783203125
4061921,37.841796875
4062035,37.90283203125
4062101,38.39111328125
4062156,35.33935546875
4062433,36.92626953125
4136804,46.5087890625
4136831,37.04833984375
4136859,43.39599609375
4136875,78.125
4136911,68.05419921875
4136936,156.005859375
4136960,234.43603515625
4136972,110.595703125
4137013,88.92822265625
4137027,89.41650390625
4137042,74.27978515625
4137056,49.25537109375
4137071,66.650390625
4137087,96.8017578125
4137101,51.81884765625
4137127,56.21337890625
4137138,38.6962890625
4137149,69.03076171875
4137176,44.0673828125
4137207,47.607421875
4137243,47.4853515625
4137254,62.07275390625
4137309,44.43359375
4137329,46.38671875
4137364,37.841796875
4137396,35.64453125
4137455,40.83251953125
4137578,46.93603515625
4137612,37.17041015625
4137756,35.46142578125
4137775,35.64453125
4138744,35.5224609375
4139299,35.64453125
4149636,41.3818359375
4149698,39.85595703125
4149729,35.5224609375
4149756,45.8984375
4149768,79.1015625
4149792,39.12353515625
4149806,49.49951171875
4149831,56.45751953125
4149861,110.77880859375
4149877,47.30224609375
4149895,119.873046875
4149927,94.7265625
4149947,95.64208984375
4149974,77.63671875
4149984,99.79248046875
4150011,78.9794921875
4150039,63.90380859375
4150049,56.0302734375
4150071,55.11474609375
4150089,72.021484375
4150113,40.0390625
4150131,49.62158203125
4150153,41.44287109375
4150168,60.302734375
4150182,47.30224609375
4150192,37.841796875
4150246,35.58349609375
4150279,35.64453125
4150312,37.2314453125
4150422,37.29248046875
4150459,38.6962890625
4150519,35.82763671875
4150733,35.15625
4150801,37.109375
4150937,41.8701171875
4151255,37.17041015625
4293627,43.88427734375
4293639,63.1103515625
4293679,37.109375
4293689,88.56201171875
4293709,177.06298828125
4293726,227.1728515625
4293760,109.4970703125
4293783,93.44482421875
4293798,131.8359375
4293823,46.5087890625
4293851,70.61767578125
4293876,70.9228515625
4293897,45.47119140625
4293912,45.71533203125
4293942,48.27880859375
4293957,40.46630859375
4293992,42.6025390625
4294003,59.14306640625
4294014,53.22265625
4294076,43.0908203125
4294098,42.17529296875
4294175,36.07177734375
4294293,36.7431640625
4294312,35.94970703125
4416021,65.91796875
4416042,37.90283203125
4416068,44.921875
4416098,46.7529296875
4416121,42.1142578125
4416150,234.375
4416186,145.56884765625
4416208,75.50048828125
4416225,58.9599609375
4416251,98.0224609375
4416264,77.45361328125
4416295,65.0634765625
4416312,42.66357421875
4416337,42.48046875
4416355,69.091796875
4416375,39.12353515625
4416418,45.654296875
4416447,52.55126953125
4416475,38.330078125
4416502,36.56005859375
4416545,48.88916015625
4416597,37.29248046875
4416832,56.7626953125
4416846,36.376953125
4417048,40.0390625
4482013,35.58349609375
4482027,45.95947265625
4482051,44.677734375
4482068,80.87158203125
4482102,59.08203125
4482113,55.7861328125
4482128,148.98681640625
4482154,275.20751953125
4482193,117.98095703125
4482209,97.0458984375
4482238,48.7060546875
4482265,69.27490234375
4482276,45.83740234375
4482292,102.783203125
4482305,63.53759765625
4482315,60.36376953125
4482325,53.3447265625
4482341,59.5703125
4482354,47.119140625
4482378,54.26025390625
4482397,41.68701171875
4482419,54.0771484375
4482462,59.2041015625
4482489,37.9638671875
4482500,43.212890625
4482538,38.75732421875
4482557,44.86083984375
4482572,37.9638671875
4482599,62.56103515625
4482650,37.17041015625
4482726,36.1328125
4482854,39.00146484375
4569330,58.59375
4569373,106.38427734375
4569388,51.20849609375
4569398,59.99755859375
4569439,185.1806640625
4569452,62.255859375
4569472,59.14306640625
4569491,161.1328125
4569513,106.62841796875
4569536,56.0302734375
4569554,62.68310546875
4569568,41.50390625
4569579,56.5185546875
4569596,78.79638671875
4569615,51.45263671875
4569637,74.3408203125
4569652,43.212890625
4569678,43.5791015625
4569699,61.21826171875
4569715,52.1240234375
4569762,40.1611328125
4569776,38.330078125
4569795,39.6728515625
4569819,39.00146484375
4569833,42.41943359375
4569846,36.62109375
4569868,47.607421875
4569883,46.7529296875
4569924,45.95947265625
4569969,40.46630859375
4570058,36.7431640625
4570154,42.05322265625
4570258,39.00146484375
4666297,46.5087890625
4666333,52.30712890625
4666351,74.462890625
4666370,49.4384765625
4666402,193.9697265625
4666412,125.244140625
4666430,157.8369140625
4666459,138.427734375
4666488,99.9755859375
4666517,109.619140625
4666529,70.12939453125
4666551,60.48583984375
4666573,40.4052734375
4666586,54.19921875
4666606,75.25634765625
4666623,68.9697265625
4666640,53.3447265625
4666668,46.875
4666684,57.4951171875
4666714,64.02587890625
4666726,47.4853515625
4666741,39.9169921875
4666774,58.837890625
4666804,42.1142578125
4666845,35.400390625
4666876,41.93115234375
4666908,43.0908203125
4666957,36.19384765625
4667022,37.109375
4667038,41.07666015625
4667097,38.4521484375
4667364,36.1328125
4667572,37.65869140625
4701091,42.236328125
4701172,37.4755859375
4701192,65.0634765625
4701226,46.142578125
4701256,40.52734375
4701275,66.46728515625
4701307,117.24853515625
4701317,101.13525390625
4701334,56.396484375
4701354,55.6640625
4701375,62.5
4701392,173.583984375
4701415,94.42138671875
4701450,53.955078125
4701464,72.44873046875
4701490,86.36474609375
4701516,77.392578125
4701548,60.546875
4701587,71.6552734375
4701598,38.14697265625
4701614,43.45703125
4701633,35.09521484375
4701663,57.80029296875
4701706,41.015625
4701716,36.56005859375
4701748,43.212890625
4701784,37.353515625
4701816,36.9873046875
4701860,36.07177734375
4701938,36.376953125
4701981,37.53662109375
4702171,35.33935546875
4702326,35.5224609375
4702935,35.15625
4789104,40.283203125
