4798401,0
16529,100.76904296875
16598,69.27490234375
16655,70.49560546875
16709,54.19921875
16762,38.57421875
16837,55.48095703125
16861,48.2177734375
16904,49.1943359375
16932,51.26953125
16984,52.55126953125
17061,77.1484375
17125,41.3818359375
17137,44.37255859375
17173,59.87548828125
17312,62.01171875
17457,46.630859375
17604,57.861328125
17694,41.6259765625
17738,41.44287109375
17895,39.4287109375
17950,43.0908203125
18123,39.794921875
94953,85.9375
95012,75.927734375
95057,48.64501953125
95103,47.05810546875
95154,43.88427734375
95203,39.4287109375
95259,42.724609375
95282,53.52783203125
95311,38.330078125
95367,53.40576171875
95444,49.74365234375
95526,90.2099609375
95598,38.0859375
95659,77.20947265625
95669,38.57421875
95743,40.71044921875
95782,38.57421875
95801,56.15234375
95927,47.7294921875
96080,58.2275390625
96194,38.2080078125
96335,38.63525390625
96479,45.95947265625
182906,97.83935546875
182972,73.1201171875
183026,48.828125
183074,38.818359375
183128,44.86083984375
183178,38.4521484375
183219,41.32080078125
183269,48.88916015625
183289,40.83251953125
183304,39.0625
183352,55.96923828125
183383,39.97802734375
183432,38.9404296875
183450,42.66357421875
183524,47.119140625
183603,39.55078125
183627,55.60302734375
183682,59.5703125
183768,37.7197265625
183850,45.41015625
183869,41.015625
184001,43.701171875
184160,40.4052734375
184294,55.2978515625
184499,41.1376953125
252864,96.435546875
252931,74.40185546875
252984,60.72998046875
253032,40.52734375
253083,43.8232421875
253136,42.236328125
253185,59.5703125
253217,39.24560546875
253243,44.677734375
253257,40.8935546875
253291,47.7294921875
253326,40.283203125
253347,56.82373046875
253368,46.20361328125
253404,40.1611328125
253474,45.95947265625
253535,41.1376953125
253633,57.67822265625
253710,43.3349609375
253831,50.4150390625
253900,39.24560546875
254354,45.8984375
323109,101.25732421875
323182,82.1533203125
323236,64.27001953125
323291,46.56982421875
323344,41.44287109375
323399,39.0625
323466,50.1708984375
323478,45.654296875
323514,71.044921875
323553,56.33544921875
323597,39.0625
323686,42.96875
323712,38.9404296875
323769,47.91259765625
323894,69.4580078125
323934,38.51318359375
324062,62.98828125
324203,54.6875
324310,44.61669921875
324491,67.19970703125
324656,41.9921875
324836,42.724609375
387305,97.71728515625
387374,82.6416015625
387438,65.24658203125
387494,49.01123046875
387550,39.0625
387605,45.10498046875
387658,37.841796875
387692,45.47119140625
387745,43.212890625
387804,48.7060546875
387829,40.71044921875
387849,38.02490234375
387879,44.37255859375
387894,62.56103515625
387951,50.048828125
387986,41.07666015625
388029,66.58935546875
388098,38.4521484375
388119,59.08203125
388197,43.15185546875
388297,46.20361328125
388431,47.91259765625
388490,41.259765625
388580,49.25537109375
388591,46.32568359375
388716,48.828125
388811,43.39599609375
388867,40.52734375
389014,38.818359375
389210,43.9453125
455167,105.65185546875
455267,85.63232421875
455334,63.720703125
455389,48.64501953125
455591,48.64501953125
455608,43.88427734375
455678,47.9736328125
455691,57.92236328125
455731,46.7529296875
455774,43.27392578125
455805,40.8935546875
455889,38.39111328125
455966,67.87109375
456178,72.08251953125
456273,44.3115234375
456366,39.36767578125
456385,84.41162109375
456466,39.00146484375
456571,40.95458984375
456894,43.0908203125
591375,94.42138671875
591431,71.533203125
591489,56.57958984375
591547,46.69189453125
591602,49.86572265625
591656,42.724609375
591712,43.88427734375
591746,42.48046875
591762,47.18017578125
591821,50.59814453125
591848,55.11474609375
591902,39.36767578125
591935,50.78125
591972,42.6025390625
592025,38.6962890625
592045,57.43408203125
592111,46.20361328125
592181,38.75732421875
592221,49.74365234375
592300,37.78076171875
592358,59.14306640625
592492,47.9736328125
592573,39.00146484375
592711,42.54150390625
592749,52.001953125
592822,42.236328125
592935,41.32080078125
593113,42.8466796875
681895,109.4970703125
681951,64.0869140625
682000,53.466796875
682048,47.42431640625
682095,38.75732421875
682140,60.85205078125
682163,45.47119140625
682178,42.6025390625
682217,42.96875
682256,38.51318359375
682296,52.8564453125
682341,41.8701171875
682361,73.6083984375
682432,47.36328125
682489,42.6025390625
682509,64.697265625
682601,38.39111328125
682625,51.3916015625
682757,57.06787109375
682860,39.36767578125
682903,38.4521484375
682979,40.34423828125
683097,40.83251953125
683247,38.26904296875
683317,40.95458984375
683622,46.44775390625
792722,109.619140625
792782,76.7822265625
792835,60.97412109375
792883,59.4482421875
792932,48.095703125
792970,41.6259765625
792989,42.05322265625
793016,49.13330078125
793069,38.330078125
793100,49.560546875
793147,42.8466796875
793175,45.8984375
793199,50.9033203125
793227,38.02490234375
793256,46.0205078125
793305,76.72119140625
793427,63.3544921875
793441,38.0859375
793493,41.1376953125
793511,40.10009765625
793550,38.57421875
793799,52.6123046875
793921,50.47607421875
793950,40.46630859375
794245,44.12841796875
855708,98.5107421875
855761,70.73974609375
855811,57.7392578125
855861,48.828125
855908,42.78564453125
855962,47.2412109375
856019,59.326171875
856036,68.359375
856071,62.255859375
856113,52.8564453125
856205,38.818359375
856254,95.15380859375
856286,40.46630859375
856365,40.10009765625
856381,50.1708984375
856446,42.29736328125
856512,52.42919921875
856523,39.6728515625
856657,49.31640625
856814,44.189453125
856994,46.630859375
857284,44.3115234375
972338,98.2666015625
972397,80.50537109375
972450,64.51416015625
972505,64.39208984375
972558,38.75732421875
972612,52.79541015625
972640,38.9404296875
972698,59.75341796875
972720,51.3916015625
972756,41.3818359375
972839,38.51318359375
972899,43.39599609375
972911,46.0205078125
972931,71.96044921875
972988,38.4521484375
973062,39.4287109375
973131,37.90283203125
973178,52.6123046875
973306,54.6875
973409,48.64501953125
973520,49.25537109375
973621,41.3818359375
973967,45.5322265625
974181,38.4521484375
1045412,96.5576171875
1045484,85.63232421875
1045540,71.83837890625
1045591,58.89892578125
1045644,38.02490234375
1045668,39.55078125
1045726,44.43359375
1045757,60.302734375
1045827,39.48974609375
1045913,38.6962890625
1045953,38.818359375
1045982,58.349609375
1046017,48.33984375
1046081,42.1142578125
1046119,63.5986328125
1046136,40.22216796875
1046273,50.47607421875
1046444,44.921875
1046578,39.55078125
1046621,42.05322265625
1046728,39.794921875
1047140,37.7197265625
1129923,91.49169921875
1129991,82.09228515625
1130040,62.3779296875
1130094,55.908203125
1130145,42.1142578125
1130200,40.10009765625
1130248,41.44287109375
1130326,41.015625
1130337,45.8984375
1130371,54.01611328125
1130455,51.1474609375
1130484,52.06298828125
1130524,57.55615234375
1130539,50.4150390625
1130616,53.77197265625
1130675,57.861328125
1130695,41.93115234375
1130812,54.26025390625
1130870,41.50390625
1130944,50.47607421875
1131072,47.2412109375
1131180,48.15673828125
1131434,40.4052734375
1131680,40.52734375
1313258,101.13525390625
1313315,70.61767578125
1313363,63.720703125
1313410,44.189453125
1313489,47.05810546875
1313508,49.9267578125
1313559,37.7197265625
1313610,51.8798828125
1313655,41.50390625
1313680,55.419921875
1313748,50.23193359375
1313832,39.6728515625
1313919,43.88427734375
1313972,47.79052734375
1314005,38.87939453125
1314095,81.9091796875
1314195,39.55078125
1314216,45.41015625
1314404,46.81396484375
1314486,38.87939453125
1403830,106.4453125
1403895,93.81103515625
1403946,62.8662109375
1403993,44.5556640625
1404038,46.7529296875
1404055,39.24560546875
1404090,50.47607421875
1404120,38.9404296875
1404141,40.34423828125
1404183,45.10498046875
1404255,42.66357421875
1404270,81.97021484375
1404296,42.236328125
1404328,47.8515625
1404356,42.05322265625
1404407,57.18994140625
1404445,44.7998046875
1404464,42.724609375
1404525,81.84814453125
1404615,44.25048828125
1404674,41.8701171875
1404764,39.00146484375
1404928,57.67822265625
1404960,43.27392578125
1405017,39.9169921875
1405064,40.58837890625
1405162,40.46630859375
1405199,40.52734375
1405381,49.6826171875
1500425,90.02685546875
1500477,71.83837890625
1500524,46.56982421875
1500573,51.025390625
1500622,50.47607421875
1500699,50.6591796875
1500783,47.54638671875
1500849,38.87939453125
1500862,73.66943359375
1500884,65.0634765625
1500928,38.9404296875
1500997,59.02099609375
1501022,41.93115234375
1501100,41.1376953125
1501130,63.8427734375
1501183,39.4287109375
1501276,43.0908203125
1501471,47.4853515625
1501525,39.794921875
1501565,37.841796875
1501650,41.8701171875
1501773,43.88427734375
1501918,40.8935546875
1574153,94.8486328125
1574218,70.98388671875
1574264,67.44384765625
1574310,40.0390625
1574360,52.42919921875
1574431,37.90283203125
1574479,43.212890625
1574497,52.1240234375
1574517,47.30224609375
1574556,49.6826171875
1574575,43.5791015625
1574633,41.015625
1574673,55.48095703125
1574684,38.2080078125
1574781,45.0439453125
1574812,53.22265625
1574854,40.8935546875
1574964,49.31640625
1575033,38.57421875
1575109,43.701171875
1575215,38.9404296875
1575238,41.259765625
1575357,46.32568359375
1575503,43.39599609375
1575650,42.1142578125
1575966,41.32080078125
1678900,95.0927734375
1678953,71.10595703125
1679002,59.9365234375
1679049,54.6875
1679097,46.142578125
1679119,37.78076171875
1679146,49.6826171875
1679158,41.748046875
1679216,41.748046875
1679284,39.4287109375
1679312,44.73876953125
1679372,52.79541015625
1679391,76.84326171875
1679460,54.01611328125
1679470,41.9921875
1679509,53.5888671875
1679624,47.18017578125
1679794,43.15185546875
1679906,39.0625
1679944,52.3681640625
1680073,40.0390625
1680398,37.78076171875
1772702,99.42626953125
1772759,82.6416015625
1772808,62.31689453125
1772854,46.9970703125
1772903,48.7060546875
1772941,44.3115234375
1772952,50.048828125
1772975,49.74365234375
1773031,42.66357421875
1773047,51.94091796875
1773080,42.78564453125
1773109,38.63525390625
1773163,40.52734375
1773187,48.52294921875
1773307,37.7197265625
1773339,39.9169921875
1773407,59.75341796875
1773557,50.72021484375
1773583,43.51806640625
1773742,43.0908203125
1774204,41.8701171875
1774482,44.0673828125
1879226,88.0126953125
1879279,78.43017578125
1879327,54.74853515625
1879378,42.78564453125
1879428,42.90771484375
1879476,38.2080078125
1879515,61.82861328125
1879547,56.21337890625
1879603,39.55078125
1879618,38.818359375
1879661,43.9453125
1879689,66.5283203125
1879814,43.27392578125
1879886,52.001953125
1879954,69.64111328125
1880087,45.59326171875
1880168,37.90283203125
1880228,47.2412109375
1880248,38.9404296875
1880367,49.8046875
1880498,53.64990234375
1880745,46.08154296875
1881118,39.9169921875
2000564,94.970703125
2000630,95.947265625
2000680,59.02099609375
2000731,53.466796875
2000782,38.4521484375
2000884,43.27392578125
2000912,44.61669921875
2000942,46.81396484375
2000980,47.36328125
2000993,48.52294921875
2001090,39.4287109375
2001167,62.8662109375
2001177,42.78564453125
2001311,53.03955078125
2001338,48.33984375
2001440,55.23681640625
2001549,43.8232421875
2001650,63.78173828125
2001734,41.56494140625
2001933,40.95458984375
2002142,39.97802734375
2091920,97.22900390625
2091969,69.27490234375
2092015,58.9599609375
2092062,51.513671875
2092110,47.2412109375
2092206,39.73388671875
2092230,39.0625
2092311,63.41552734375
2092367,42.29736328125
2092392,40.0390625
2092407,38.2080078125
2092462,64.88037109375
2092483,44.3115234375
2092566,45.59326171875
2092590,59.38720703125
2092652,41.259765625
2092716,39.6728515625
2092823,47.2412109375
2092838,39.24560546875
2092916,40.58837890625
2092969,42.724609375
2093080,40.52734375
2093237,43.8232421875
2093397,44.5556640625
2181494,97.16796875
2181550,71.47216796875
2181601,53.3447265625
2181655,46.7529296875
2181704,49.01123046875
2181773,40.46630859375
2181790,56.57958984375
2181850,48.2177734375
2181904,44.00634765625
2181920,38.0859375
2181999,40.52734375
2182016,56.09130859375
2182104,40.771484375
2182141,64.27001953125
2182162,37.78076171875
2182232,47.18017578125
2182249,52.67333984375
2182282,38.75732421875
2182318,41.015625
2182367,50.84228515625
2182403,41.68701171875
2182482,48.828125
2182709,43.76220703125
2182890,43.3349609375
2182917,39.97802734375
2283139,95.703125
2283192,67.2607421875
2283241,62.92724609375
2283292,51.8798828125
2283343,44.86083984375
2283397,42.3583984375
2283458,37.90283203125
2283471,41.259765625
2283533,54.19921875
2283559,40.71044921875
2283617,57.9833984375
2283646,44.25048828125
2283708,52.18505859375
2283789,41.93115234375
2283873,61.09619140625
2284044,49.13330078125
2284066,38.6962890625
2284086,45.7763671875
2284131,43.27392578125
2284307,54.62646484375
2284533,43.88427734375
2284585,40.283203125
2391204,91.4306640625
2391264,82.09228515625
2391315,66.83349609375
2391365,51.3916015625
2391418,43.8232421875
2391438,51.81884765625
2391461,40.1611328125
2391495,70.80078125
2391523,53.77197265625
2391552,40.34423828125
2391571,50.048828125
2391603,39.12353515625
2391634,42.66357421875
2391681,44.677734375
2391705,56.5185546875
2391754,39.97802734375
2391814,61.4013671875
2391829,38.9404296875
2391907,40.58837890625
2391968,62.8662109375
2392060,45.95947265625
2392187,38.26904296875
2392285,56.396484375
2392378,38.02490234375
2392486,39.48974609375
2392598,38.14697265625
2392778,41.44287109375
2392906,41.1376953125
2485042,89.4775390625
2485099,82.45849609375
2485150,56.2744140625
2485200,50.35400390625
2485250,50.4150390625
2485303,57.18994140625
2485333,40.8935546875
2485356,40.771484375
2485391,38.39111328125
2485411,43.212890625
2485462,48.583984375
2485481,55.23681640625
2485496,40.58837890625
2485564,41.6259765625
2485581,60.60791015625
2485693,43.0908203125
2485719,60.24169921875
2485829,42.90771484375
2485860,57.55615234375
2486000,48.40087890625
2486118,38.2080078125
2486172,45.95947265625
2486216,42.1142578125
2486401,41.56494140625
2486626,38.0859375
2611399,102.5390625
2611460,76.2939453125
2611513,60.72998046875
2611570,66.162109375
2611620,49.1943359375
2611673,72.1435546875
2611723,58.349609375
2611758,43.5791015625
2611814,43.39599609375
2611848,66.162109375
2611933,48.7060546875
2611964,42.05322265625
2611992,64.453125
2612015,39.306640625
2612034,39.24560546875
2612099,45.95947265625
2612131,54.8095703125
2612181,53.3447265625
2612271,40.6494140625
2612365,38.0859375
2612411,51.08642578125
2612525,41.1376953125
2612977,44.189453125
2613245,41.19873046875
2707351,98.32763671875
2707412,70.4345703125
2707465,64.208984375
2707513,56.57958984375
2707567,45.71533203125
2707614,51.1474609375
2707666,56.884765625
2707680,47.05810546875
2707719,74.76806640625
2707764,38.14697265625
2707803,40.71044921875
2707847,44.86083984375
2707920,40.771484375
2707989,52.3681640625
2708013,67.9931640625
2708072,39.6728515625
2708162,67.07763671875
2708174,42.8466796875
2708256,42.48046875
2708283,41.68701171875
2708433,47.8515625
2708535,43.51806640625
2708562,45.83740234375
2708653,37.9638671875
2708678,38.330078125
2708834,40.71044921875
2709054,39.48974609375
2807717,93.8720703125
2807775,74.70703125
2807825,62.744140625
2807871,50.9033203125
2807921,38.6962890625
2808010,45.2880859375
2808069,38.6962890625
2808094,43.27392578125
2808109,39.97802734375
2808132,39.794921875
2808175,41.1376953125
2808199,38.75732421875
2808256,41.80908203125
2808322,66.22314453125
2808356,43.0908203125
2808425,42.05322265625
2808451,41.259765625
2808463,46.69189453125
2808509,39.73388671875
2808577,50.59814453125
2808595,37.9638671875
2808684,41.68701171875
2808754,53.77197265625
2808886,54.50439453125
2808995,67.5048828125
2809124,38.9404296875
2809170,38.4521484375
2809270,40.83251953125
2809329,43.76220703125
2915457,97.7783203125
2915510,63.720703125
2915554,51.08642578125
2915601,52.1240234375
2915651,38.0859375
2915701,39.55078125
2915770,47.42431640625
2915805,47.2412109375
2915866,50.6591796875
2915906,37.9638671875
2915945,42.236328125
2915988,41.1376953125
2916070,48.76708984375
2916103,43.76220703125
2916144,80.810546875
2916159,52.1240234375
2916246,38.75732421875
2916289,64.27001953125
2916350,45.71533203125
2916406,43.45703125
2916534,43.02978515625
2916563,42.724609375
2916679,46.08154296875
2916868,44.37255859375
2916951,41.259765625
2916987,41.748046875
3064722,100.76904296875
3064784,83.49609375
3064840,70.068359375
3064890,60.791015625
3064942,50.78125
3064994,38.87939453125
3065038,45.654296875
3065049,40.22216796875
3065084,42.96875
3065133,43.02978515625
3065176,40.83251953125
3065201,44.0673828125
3065218,39.794921875
3065309,38.63525390625
3065365,50.10986328125
3065410,38.26904296875
3065518,55.48095703125
3065587,41.015625
3065615,46.93603515625
3065626,43.8232421875
3065734,41.32080078125
3065843,51.45263671875
3065888,40.10009765625
3066022,39.12353515625
3066517,44.98291015625
3171641,87.0361328125
3171700,75.50048828125
3171752,61.82861328125
3171802,53.466796875
3171853,82.275390625
3171876,45.5322265625
3171904,50.4150390625
3171969,39.6728515625
3172068,41.50390625
3172085,38.0859375
3172124,42.54150390625
3172145,51.08642578125
3172193,39.6728515625
3172218,38.39111328125
3172263,60.60791015625
3172329,41.80908203125
3172383,50.29296875
3172510,39.61181640625
3172582,42.54150390625
3172626,45.0439453125
3172854,37.9638671875
3172923,47.54638671875
3172987,38.02490234375
3266040,99.365234375
3266112,87.890625
3266158,56.70166015625
3266205,52.6123046875
3266256,43.39599609375
3266304,62.68310546875
3266348,42.29736328125
3266358,40.0390625
3266383,37.9638671875
3266414,40.0390625
3266459,41.015625
3266550,40.771484375
3266573,62.80517578125
3266642,51.20849609375
3266744,63.04931640625
3266815,44.25048828125
3266876,45.41015625
3267008,46.08154296875
3267220,64.27001953125
3267320,43.45703125
3267432,39.61181640625
3267547,38.39111328125
3267721,38.75732421875
3393508,106.93359375
3393563,84.28955078125
3393608,51.8798828125
3393655,53.466796875
3393718,40.71044921875
3393763,53.22265625
3393830,42.29736328125
3393853,48.88916015625
3393881,40.283203125
3393918,41.6259765625
3393931,42.48046875
3393959,39.48974609375
3394050,44.61669921875
3394065,70.12939453125
3394207,57.18994140625
3394297,38.14697265625
3394328,54.8095703125
3394374,41.44287109375
3394454,46.5087890625
3394477,38.39111328125
3394792,41.68701171875
3394912,44.5556640625
3395071,41.80908203125
3542491,102.84423828125
3542555,79.7119140625
3542615,60.24169921875
3542666,47.2412109375
3542724,63.78173828125
3542778,40.52734375
3542823,47.119140625
3542878,41.015625
3542939,59.326171875
3542975,48.583984375
3543008,45.95947265625
3543047,45.22705078125
3543061,41.1376953125
3543114,41.1376953125
3543128,67.19970703125
3543192,43.15185546875
3543235,62.68310546875
3543351,59.87548828125
3543443,46.44775390625
3543548,61.21826171875
3543886,39.4287109375
3543999,45.34912109375
3544294,39.9169921875
3649670,89.17236328125
3649735,82.21435546875
3649798,67.68798828125
3649848,58.837890625
3649902,53.77197265625
3649955,44.25048828125
3649994,41.9921875
3650023,49.37744140625
3650085,40.71044921875
3650120,46.9970703125
3650174,41.015625
3650257,47.18017578125
3650301,59.814453125
3650327,55.908203125
3650395,46.5087890625
3650465,76.416015625
3650491,50.9033203125
3650583,44.0673828125
3650683,39.306640625
3650738,52.06298828125
3650855,46.2646484375
3650959,40.10009765625
3651073,49.25537109375
3651188,44.7998046875
3651401,43.9453125
3761238,93.44482421875
3761295,88.07373046875
3761340,48.88916015625
3761393,51.57470703125
3761447,50.23193359375
3761461,42.3583984375
3761493,46.38671875
3761551,48.27880859375
3761565,38.63525390625
3761590,39.24560546875
3761631,58.89892578125
3761676,43.15185546875
3761717,40.6494140625
3761736,40.52734375
3761777,80.87158203125
3761793,39.794921875
3761826,38.02490234375
3761924,39.794921875
3761943,50.4150390625
3762202,47.9736328125
3762323,40.0390625
3762338,38.4521484375
3762434,38.818359375
3762593,42.6025390625
3762787,43.0908203125
3851999,82.275390625
3852062,84.8388671875
3852117,71.8994140625
3852167,55.35888671875
3852215,38.87939453125
3852279,50.47607421875
3852291,39.00146484375
3852307,37.9638671875
3852365,48.03466796875
3852379,41.93115234375
3852434,38.57421875
3852549,54.38232421875
3852589,40.771484375
3852669,37.90283203125
3852744,39.1845703125
3852766,38.6962890625
3852816,78.55224609375
3852946,60.6689453125
3853058,42.78564453125
3853078,52.3681640625
3853214,56.15234375
3853346,39.48974609375
3853478,44.25048828125
3962684,94.970703125
3962736,79.833984375
3962788,68.603515625
3962838,52.1240234375
3962875,42.05322265625
3962889,38.75732421875
3962938,66.46728515625
3962960,40.71044921875
3962990,40.83251953125
3963029,55.35888671875
3963041,43.39599609375
3963097,38.14697265625
3963112,50.9033203125
3963149,62.07275390625
3963179,40.71044921875
3963215,44.5556640625
3963250,38.75732421875
3963275,46.20361328125
3963305,39.1845703125
3963324,48.27880859375
3963403,50.4150390625
3963529,41.748046875
3963877,41.6259765625
3964017,39.1845703125
3964457,40.771484375
4068706,97.35107421875
4068762,82.1533203125
4068812,62.5
4068862,46.08154296875
4068914,45.10498046875
4069023,60.85205078125
4069036,43.0908203125
4069129,49.9267578125
4069161,38.0859375
4069208,40.95458984375
4069246,77.880859375
4069284,40.771484375
4069357,50.78125
4069375,46.5087890625
4069399,53.03955078125
4069428,48.828125
4069472,39.00146484375
4069530,51.45263671875
4069570,47.2412109375
4069646,52.67333984375
4069680,46.93603515625
4069747,38.57421875
4070058,42.48046875
4070078,43.76220703125
4165223,87.0361328125
4165288,74.0966796875
4165341,64.0869140625
4165397,63.65966796875
4165453,41.80908203125
4165476,40.52734375
4165506,47.8515625
4165556,49.4384765625
4165577,47.91259765625
4165645,40.71044921875
4165672,42.54150390625
4165687,39.36767578125
4165737,39.6728515625
4165835,42.236328125
4165930,40.22216796875
4165971,62.5
4166024,41.259765625
4166187,54.01611328125
4166342,54.931640625
4166490,39.1845703125
4166627,52.734375
4166767,42.1142578125
4365651,86.24267578125
4365708,78.125
4365753,54.931640625
4365803,48.9501953125
4365852,48.64501953125
4365904,41.3818359375
4365934,41.68701171875
4366011,39.0625
4366064,37.841796875
4366126,44.5556640625
4366161,41.50390625
4366181,43.45703125
4366220,56.70166015625
4366282,57.80029296875
4366315,56.2744140625
4366385,40.8935546875
4366427,58.9599609375
4366496,42.1142578125
4366511,38.63525390625
4366541,60.05859375
4366591,43.3349609375
4366651,46.875
4366762,51.8798828125
4366948,43.9453125
4367069,38.26904296875
4367470,38.63525390625
4462680,108.0322265625
4462734,66.2841796875
4462782,54.01611328125
4462847,51.3916015625
4462879,40.95458984375
4462928,39.61181640625
4462965,44.73876953125
4462993,46.9970703125
4463037,73.1201171875
4463068,47.8515625
4463129,40.52734375
4463203,44.43359375
4463303,41.44287109375
4463332,41.9921875
4463448,52.30712890625
4463584,49.072265625
4463712,38.0859375
4463846,50.29296875
4463989,44.73876953125
4464118,46.69189453125
4464338,47.18017578125
4464633,39.48974609375
4521499,86.48681640625
4521555,75.1953125
4521603,45.59326171875
4521652,52.6123046875
4521700,54.931640625
4521759,47.05810546875
4521829,58.65478515625
4521847,46.08154296875
4521892,40.46630859375
4521912,40.34423828125
4521926,39.6728515625
4521966,39.12353515625
4521992,40.0390625
4522018,39.12353515625
4522096,64.208984375
4522140,71.10595703125
4522185,40.71044921875
4522221,38.0859375
4522303,58.2275390625
4522460,49.560546875
4522623,52.001953125
4522759,44.3115234375
4522980,50.9033203125
4587174,90.39306640625
4587224,71.1669921875
4587273,71.6552734375
4587320,43.76220703125
4587375,41.19873046875
4587506,41.015625
4587545,54.931640625
4587600,73.486328125
4587663,46.7529296875
4587678,43.701171875
4587736,44.921875
4587769,43.8232421875
4587813,38.6962890625
4587863,44.0673828125
4587924,58.837890625
4588080,68.78662109375
4588105,37.78076171875
4588193,39.48974609375
4588256,58.65478515625
4588428,58.65478515625
4588507,41.8701171875
4588636,38.75732421875
4588819,40.6494140625
4713350,91.12548828125
4713409,72.3876953125
4713467,65.49072265625
4713526,48.88916015625
4713578,44.37255859375
4713636,37.841796875
4713693,39.0625
4713755,49.072265625
4713797,55.0537109375
4713872,41.015625
4713883,39.794921875
4713934,44.25048828125
4713975,40.8935546875
4714006,40.771484375
4714069,43.39599609375
4714091,78.9794921875
4714173,41.6259765625
4714237,52.8564453125
4714353,44.25048828125
4714381,45.8984375
4714517,61.279296875
4714585,40.1611328125
4714659,39.9169921875
4714778,40.0390625
4714936,47.2412109375
4715087,46.20361328125
