4799001,0
379664,19.8974609375
992051,23.01025390625
1156847,19.8974609375
1190167,19.83642578125
1557096,19.53125
1650425,25.0244140625
1682610,21.484375
1720282,20.32470703125
1763767,19.8974609375
1815751,25.32958984375
1816011,23.37646484375
1816284,25.2685546875
1816731,19.287109375
1826998,21.8505859375
1904614,24.59716796875
1904810,24.169921875
1974692,20.56884765625
2034999,20.20263671875
2073933,21.728515625
2105041,21.3623046875
2106741,19.71435546875
2146263,20.20263671875
2146295,40.10009765625
2146358,27.2216796875
2159070,22.4609375
2176411,20.44677734375
2251769,19.34814453125
2273357,22.52197265625
2273379,24.59716796875
2273393,22.216796875
2273429,20.08056640625
2273456,24.84130859375
2273535,29.1748046875
2273547,38.2080078125
2273607,20.44677734375
2273690,23.01025390625
2273708,20.99609375
2273741,22.27783203125
2273800,22.4609375
2273817,22.76611328125
2273854,44.37255859375
2273867,22.3388671875
2273915,43.45703125
2273962,35.58349609375
2273982,19.6533203125
2274014,23.193359375
2274032,28.01513671875
2274053,37.41455078125
2274082,21.484375
2274128,26.7333984375
2274173,22.15576171875
2302805,19.22607421875
2302893,19.775390625
2302907,19.8974609375
2302924,24.35302734375
2303028,19.775390625
2303045,40.0390625
2303067,33.0810546875
2303083,22.94921875
2303112,20.44677734375
2303122,30.45654296875
2303143,20.751953125
2303179,19.83642578125
2303269,21.3623046875
2303685,19.53125
2303826,22.0947265625
2303923,20.263671875
2304021,33.26416015625
2304040,30.1513671875
2304100,32.71484375
2304145,21.66748046875
2304170,21.05712890625
2304871,19.83642578125
2304898,29.60205078125
2304921,27.28271484375
2304939,27.83203125
2304982,31.55517578125
2304998,25.20751953125
2305028,24.35302734375
2305074,19.95849609375
2305555,23.681640625
2305834,23.4375
2305883,25.81787109375
2305898,52.42919921875
2305921,21.78955078125
2305949,19.71435546875
2305978,23.62060546875
2306024,22.88818359375
2306982,19.287109375
2328959,20.69091796875
2328970,28.6865234375
2328991,19.47021484375
2329022,21.78955078125
2329033,25.69580078125
2329052,58.04443359375
2329078,30.3955078125
2329104,38.26904296875
2329121,30.6396484375
2329147,22.64404296875
2329172,19.4091796875
2329266,20.56884765625
2329790,38.4521484375
2329844,28.50341796875
2329893,24.2919921875
2329909,38.330078125
2329959,22.15576171875
2329973,25.32958984375
2330667,23.74267578125
2330791,22.39990234375
2330815,20.81298828125
2330846,26.0009765625
2330863,24.169921875
2331611,20.81298828125
2331806,22.76611328125
2331896,21.240234375
2331910,63.17138671875
2331928,34.5458984375
2331973,21.78955078125
2351577,25.390625
2351764,25.5126953125
2351881,33.50830078125
2351914,25.57373046875
2351950,21.97265625
2351968,28.564453125
2352010,73.73046875
2352022,53.16162109375
2352058,35.15625
2352086,21.484375
2352118,22.705078125
2352684,22.705078125
2352799,21.97265625
2352830,38.39111328125
2352890,23.681640625
2352910,23.681640625
2353567,21.54541015625
2353624,21.3623046875
2353641,39.55078125
2353669,20.44677734375
2353701,33.69140625
2354504,20.01953125
2354536,51.94091796875
2354583,19.8974609375
2354612,28.62548828125
2373095,28.38134765625
2373165,21.8505859375
2373178,20.44677734375
2373211,25.08544921875
2373234,30.09033203125
2373263,47.4853515625
2373274,63.3544921875
2373295,43.3349609375
2373305,24.0478515625
2373334,27.03857421875
2373369,22.03369140625
2373995,19.4091796875
2374086,21.97265625
2374101,24.23095703125
2374116,22.3388671875
2374132,52.24609375
2374181,19.53125
2374933,19.59228515625
2374957,19.6533203125
2374980,34.97314453125
2374995,34.66796875
2375029,19.59228515625
2375745,20.1416015625
2375857,24.4140625
2375878,40.1611328125
2375895,21.17919921875
2375916,24.2919921875
2375926,22.88818359375
2375973,25.69580078125
2377186,22.52197265625
2377239,28.1982421875
2377251,40.71044921875
2377266,39.55078125
2395297,20.81298828125
2395318,30.70068359375
2395335,48.9501953125
2395361,20.20263671875
2395380,22.64404296875
2395398,44.86083984375
2395432,22.39990234375
2395458,20.08056640625
2395474,20.6298828125
2396008,19.6533203125
2396115,21.6064453125
2396136,55.7861328125
2396161,19.47021484375
2396197,24.7802734375
2396914,33.14208984375
2396926,42.78564453125
2396953,28.86962890625
2397707,23.62060546875
2397745,21.42333984375
2397823,39.4287109375
2397853,26.123046875
2397864,26.67236328125
2397896,23.5595703125
2398797,21.1181640625
2398925,25.69580078125
2398974,38.9404296875
2398984,33.99658203125
2399049,37.90283203125
2414961,23.37646484375
2414988,26.611328125
2415002,21.6064453125
2415021,50.78125
2415042,23.5595703125
2415063,33.3251953125
2415080,46.32568359375
2415111,20.56884765625
2415156,31.1279296875
2415172,19.22607421875
2415642,19.71435546875
2415780,26.85546875
2415802,22.64404296875
2415839,24.23095703125
2416402,20.751953125
2416483,29.541015625
2416538,77.69775390625
2416569,19.22607421875
2416622,22.5830078125
2417300,20.56884765625
2417355,22.5830078125
2417368,22.216796875
2417398,35.2783203125
2417420,20.69091796875
2417456,20.81298828125
2418380,21.30126953125
2418403,20.01953125
2418428,55.11474609375
2418458,31.25
2418489,21.91162109375
2418536,20.69091796875
2432636,23.0712890625
2432660,43.02978515625
2432678,20.3857421875
2432689,43.15185546875
2432709,20.263671875
2432734,22.8271484375
2432751,30.1513671875
2432790,20.5078125
2432826,30.76171875
2432873,19.4091796875
2432990,21.1181640625
2433360,21.66748046875
2433430,29.541015625
2433445,21.30126953125
2433542,19.47021484375
2434193,23.92578125
2434248,27.9541015625
2434259,54.26025390625
2434284,28.076171875
2434301,19.53125
2434334,20.8740234375
2435130,22.88818359375
2435184,41.93115234375
2435215,21.42333984375
2436119,23.98681640625
2436135,19.83642578125
2436172,22.15576171875
2436230,36.2548828125
2436295,19.775390625
2451237,27.03857421875
2451254,54.443359375
2451273,56.82373046875
2451297,22.52197265625
2451321,33.87451171875
2451332,57.43408203125
2451353,19.71435546875
2451388,25.69580078125
2452036,58.53271484375
2452084,23.0712890625
2452104,21.78955078125
2452716,26.55029296875
2452759,32.28759765625
2452780,25.69580078125
2452801,33.447265625
2452826,24.10888671875
2452877,20.6298828125
2453543,27.64892578125
2453577,19.22607421875
2453612,25.146484375
2453643,41.68701171875
2454302,20.32470703125
2454563,22.03369140625
2454577,20.8740234375
2454592,46.56982421875
2454629,20.93505859375
2454651,20.20263671875
2468133,29.72412109375
2468153,38.57421875
2468178,67.07763671875
2468216,28.38134765625
2468232,24.4140625
2468279,21.17919921875
2468307,22.8271484375
2468802,26.42822265625
2468907,21.1181640625
2468934,42.3583984375
2468957,40.283203125
2468971,20.44677734375
2469037,19.34814453125
2469647,19.6533203125
2469695,22.4609375
2469730,39.55078125
2469753,22.76611328125
2469776,20.3857421875
2470489,22.94921875
2470532,20.3857421875
2470563,27.28271484375
2470587,27.34375
2470645,20.751953125
2471522,21.1181640625
2471619,24.84130859375
2471641,28.564453125
2471654,23.13232421875
2471695,21.42333984375
2471734,25.69580078125
2486405,25.08544921875
2486436,48.095703125
2486462,70.37353515625
2486503,35.46142578125
2486527,29.9072265625
2486546,24.71923828125
2486586,24.23095703125
2486664,19.53125
2487116,26.91650390625
2487134,25.93994140625
2487199,48.095703125
2487243,19.8974609375
2487272,28.3203125
2487924,20.5078125
2487934,21.484375
2487953,50.84228515625
2487980,20.3857421875
2488717,20.32470703125
2488746,20.56884765625
2488787,28.3203125
2488817,32.1044921875
2488831,30.2734375
2488877,20.5078125
2489548,29.9072265625
2489815,20.08056640625
2489860,26.4892578125
2489905,21.66748046875
2489933,30.517578125
2489947,20.44677734375
2489993,29.47998046875
2505455,24.10888671875
2505467,34.3017578125
2505499,77.94189453125
2505511,34.1796875
2505532,28.6865234375
2505555,48.64501953125
2505577,28.62548828125
2505608,23.5595703125
2506112,19.59228515625
2506226,19.22607421875
2506243,55.419921875
2506314,23.49853515625
2506954,19.95849609375
2506965,24.90234375
2507007,30.3955078125
2507054,19.775390625
2507597,20.56884765625
2507749,20.44677734375
2507764,19.287109375
2507842,23.0712890625
2507889,29.84619140625
2508628,20.5078125
2508908,21.54541015625
2508951,23.5595703125
2508980,37.29248046875
2523805,20.1416015625
2523842,29.9072265625
2523857,22.27783203125
2523876,28.4423828125
2523898,30.1513671875
2523914,37.04833984375
2523925,27.40478515625
2523951,20.99609375
2524312,20.01953125
2524438,23.01025390625
2524524,20.56884765625
2524556,19.22607421875
2524571,40.10009765625
2525228,25.634765625
2525277,20.5078125
2525332,21.484375
2525354,21.6064453125
2526137,20.44677734375
2526164,21.240234375
2526177,38.57421875
2527036,19.4091796875
2527179,22.216796875
2527217,48.03466796875
2527227,38.330078125
2527315,19.59228515625
2528170,19.34814453125
2542412,23.86474609375
2542447,60.6689453125
2542512,42.05322265625
2542528,24.2919921875
2542567,26.123046875
2542632,19.8974609375
2543150,19.53125
2543189,33.3251953125
2543209,27.28271484375
2543232,21.1181640625
2543294,25.93994140625
2543873,30.33447265625
2543930,40.58837890625
2543946,31.92138671875
2543974,22.216796875
2543990,19.71435546875
2544713,20.99609375
2544762,22.64404296875
2544791,25.634765625
2544806,22.3388671875
2544840,23.193359375
2544878,21.05712890625
2559867,29.4189453125
2559893,76.11083984375
2559919,31.005859375
2559953,35.94970703125
2559980,21.78955078125
2560031,23.681640625
2560530,26.611328125
2560585,19.95849609375
2560607,39.48974609375
2560647,20.751953125
2560689,19.95849609375
2561194,19.22607421875
2561312,27.2216796875
2561345,27.52685546875
2561357,32.04345703125
2561395,21.17919921875
2562165,22.03369140625
2562207,38.02490234375
2562241,20.69091796875
2562265,21.1181640625
2562287,19.4091796875
2563471,23.0712890625
2563531,21.8505859375
2563562,19.53125
2563585,23.01025390625
2563611,32.470703125
2563655,23.49853515625
2563689,20.32470703125
2579538,22.27783203125
2579564,38.6962890625
2579575,28.3203125
2579594,50.84228515625
2579606,29.78515625
2579648,25.93994140625
2579668,25.7568359375
2579702,21.97265625
2579737,21.240234375
2580205,19.4091796875
2580264,52.67333984375
2580305,27.4658203125
2580344,28.25927734375
2580934,19.775390625
2580979,26.18408203125
2580997,35.2783203125
2581026,38.51318359375
2581080,20.93505859375
2581730,19.4091796875
2581828,20.32470703125
2581846,37.7197265625
2581898,50.6591796875
2581931,22.4609375
2582005,19.59228515625
2599764,20.56884765625
2599794,20.263671875
2599818,29.11376953125
2599847,43.64013671875
2599871,30.82275390625
2599905,46.93603515625
2599945,26.123046875
2599971,20.93505859375
2599995,19.34814453125
2600505,26.611328125
2600568,21.54541015625
2600581,27.16064453125
2600594,45.47119140625
2600621,23.3154296875
2600658,25.634765625
2600686,22.216796875
2601155,20.32470703125
2601231,21.1181640625
2601247,23.01025390625
2601272,35.09521484375
2601294,31.3720703125
2601329,23.49853515625
2602055,20.8740234375
2602071,20.8740234375
2602102,31.1279296875
2602122,19.775390625
2602153,19.59228515625
2602176,21.54541015625
2621048,21.42333984375
2621066,38.0859375
2621078,25.45166015625
2621098,20.32470703125
2621129,52.30712890625
2621158,23.01025390625
2621193,24.7802734375
2621216,19.8974609375
2621797,46.32568359375
2621810,31.25
2621870,24.59716796875
2621884,25.2685546875
2621936,19.287109375
2622441,23.3154296875
2622460,24.5361328125
2622492,27.83203125
2622528,20.6298828125
2622538,19.6533203125
2622552,38.2080078125
2622585,19.6533203125
2623363,25.57373046875
2623383,20.08056640625
2623403,24.35302734375
2623442,43.64013671875
2623455,31.494140625
2623484,19.8974609375
2623513,19.59228515625
2624363,19.8974609375
2642342,25.0244140625
2642353,23.193359375
2642369,82.21435546875
2642402,24.90234375
2642419,25.390625
2642438,32.04345703125
2642481,19.775390625
2642502,30.21240234375
2643036,23.74267578125
2643065,28.076171875
2643082,40.771484375
2643114,29.11376953125
2643148,21.17919921875
2643172,24.0478515625
2643806,33.38623046875
2643821,40.1611328125
2643840,35.09521484375
2643856,21.97265625
2644628,24.7802734375
2644727,32.8369140625
2644744,24.71923828125
2644762,40.83251953125
2644791,23.193359375
2644833,25.08544921875
2666418,33.203125
2666433,33.0810546875
2666444,21.484375
2666465,39.4287109375
2666493,43.8232421875
2666538,43.5791015625
2666555,22.4609375
2666577,19.95849609375
2666610,19.4091796875
2667145,40.83251953125
2667197,19.59228515625
2667242,27.34375
2667272,19.22607421875
2667324,25.2685546875
2667863,20.99609375
2667914,20.3857421875
2667948,22.88818359375
2668980,27.64892578125
2688817,21.1181640625
2688857,23.193359375
2688882,31.67724609375
2688909,34.5458984375
2688919,44.7998046875
2688944,31.73828125
2688954,38.9404296875
2688977,19.22607421875
2689009,24.5361328125
2689027,19.22607421875
2689064,23.4375
2689580,20.01953125
2689592,20.56884765625
2689662,39.73388671875
2689680,20.1416015625
2689767,22.3388671875
2690361,50.1708984375
2690372,32.71484375
2690402,31.494140625
2690459,20.69091796875
2690478,24.96337890625
2690570,20.93505859375
2711157,54.0771484375
2711182,25.0244140625
2711207,24.5361328125
2711266,20.6298828125
2711285,44.49462890625
2711305,24.47509765625
2711328,24.4140625
2711348,22.15576171875
2711381,21.66748046875
2711992,45.5322265625
2712056,20.08056640625
2712077,29.4189453125
2712110,20.32470703125
2712693,19.83642578125
2712710,23.8037109375
2712763,42.96875
2712804,29.052734375
2712856,19.8974609375
2712882,26.67236328125
2735891,19.287109375
2735908,20.69091796875
2735935,19.95849609375
2735955,32.04345703125
2735983,26.18408203125
2736000,44.43359375
2736010,24.35302734375
2736028,45.654296875
2736049,34.60693359375
2736066,23.01025390625
2736095,21.78955078125
2736135,25.69580078125
2736626,19.8974609375
2736750,30.6396484375
2736779,21.66748046875
2736813,32.89794921875
2736831,21.91162109375
2736864,20.20263671875
2736897,24.47509765625
2737520,27.89306640625
2737577,23.13232421875
2737648,33.447265625
2737659,41.1376953125
2737718,23.01025390625
2737741,29.84619140625
2765283,22.76611328125
2765340,34.97314453125
2765377,20.32470703125
2765389,40.283203125
2765419,20.44677734375
2765437,58.53271484375
2765466,63.4765625
2765496,32.40966796875
2765512,20.69091796875
2765542,26.30615234375
2765670,21.97265625
2765821,20.751953125
2766159,22.94921875
2766178,43.8232421875
2766216,21.42333984375
2766278,25.08544921875
2766288,26.30615234375
2795775,19.71435546875
2795925,25.0244140625
2795970,27.03857421875
2795991,22.3388671875
2796012,33.50830078125
2796036,19.22607421875
2796083,36.1328125
2796094,28.38134765625
2796131,43.27392578125
2796152,28.1982421875
2796166,28.80859375
2796184,31.494140625
2796210,20.8740234375
2796264,27.89306640625
2796906,20.32470703125
2796947,21.66748046875
2796961,23.8037109375
2797031,32.28759765625
2797098,37.53662109375
2797135,25.81787109375
2797176,21.42333984375
2797213,29.9072265625
2797255,19.6533203125
3666680,19.59228515625
3952479,22.216796875
3952503,20.3857421875
4117748,26.30615234375
4170747,26.85546875
4170757,25.634765625
4170786,33.3251953125
4170818,29.84619140625
4170836,23.25439453125
4170883,32.71484375
4170911,22.705078125
4170927,25.32958984375
4170995,23.13232421875
4171027,31.18896484375
4171047,21.30126953125
4171072,28.3203125
4171093,32.71484375
4171106,48.095703125
4171139,27.89306640625
4171169,23.193359375
4171185,51.7578125
4171232,25.45166015625
4171261,31.25
4171319,26.30615234375
4171362,26.85546875
4172402,19.8974609375
4172693,20.263671875
4197582,27.83203125
4197592,23.92578125
4197642,19.775390625
4197701,37.41455078125
4197733,25.2685546875
4197762,52.490234375
4197783,22.216796875
4197798,27.4658203125
4197810,36.43798828125
4197828,24.0478515625
4197964,20.1416015625
4198564,32.3486328125
4198645,22.88818359375
4198689,25.57373046875
4198714,40.8935546875
4198733,22.03369140625
4198748,24.59716796875
4198771,28.564453125
4199511,20.20263671875
4199566,21.66748046875
4199603,23.13232421875
4199626,38.9404296875
4199640,33.75244140625
4199676,19.47021484375
4199701,21.54541015625
4200620,27.16064453125
4200696,27.587890625
4200728,43.8232421875
4200770,28.01513671875
4200819,19.8974609375
4223661,20.1416015625
4223700,31.25
4223759,21.240234375
4223806,34.72900390625
4223818,26.3671875
4223835,38.2080078125
4223845,27.34375
4223879,36.0107421875
4224533,19.22607421875
4224574,23.92578125
4224632,38.87939453125
4224645,23.25439453125
4224673,25.20751953125
4224696,23.25439453125
4224728,21.30126953125
4224758,20.1416015625
4225396,22.88818359375
4225459,20.01953125
4225484,21.97265625
4225501,84.65576171875
4225529,20.20263671875
4225549,26.55029296875
4225566,27.83203125
4225640,20.20263671875
4226346,21.05712890625
4226452,30.33447265625
4226480,22.27783203125
4226507,42.3583984375
4226525,19.95849609375
4226554,22.88818359375
4226595,24.96337890625
4253479,24.658203125
4253491,26.123046875
4253521,74.15771484375
4253532,37.109375
4253547,59.2041015625
4253574,42.66357421875
4253590,22.27783203125
4253613,28.74755859375
4253623,26.91650390625
4253653,28.86962890625
4254092,19.34814453125
4254300,20.99609375
4254350,39.0625
4254376,50.23193359375
4254405,41.19873046875
4254447,20.56884765625
4254492,23.62060546875
4255060,19.8974609375
4255145,23.37646484375
4255166,39.0625
4255993,21.42333984375
4256048,22.5830078125
4256084,20.01953125
4256109,39.73388671875
4256123,25.2685546875
4256189,21.240234375
4256961,21.240234375
4257161,21.54541015625
4257200,53.64990234375
4257218,21.54541015625
4257240,23.25439453125
4281392,19.59228515625
4281416,48.15673828125
4281447,36.92626953125
4281468,49.1943359375
4281492,31.494140625
4281521,36.31591796875
4281537,24.169921875
4281557,25.5126953125
4282161,24.4140625
4282192,19.6533203125
4282215,52.734375
4282242,19.83642578125
4282273,26.55029296875
4282635,19.4091796875
4282818,20.20263671875
4282935,19.83642578125
4282959,45.83740234375
4282973,28.3203125
4283004,21.66748046875
4283065,20.6298828125
4283767,33.75244140625
4283811,53.03955078125
4283865,25.0244140625
4283899,30.3955078125
4284707,20.69091796875
4284762,20.69091796875
4284773,65.36865234375
4284801,21.78955078125
4284846,20.32470703125
4306604,19.71435546875
4306634,49.560546875
4306652,50.47607421875
4306680,43.5791015625
4306700,22.0947265625
4306718,32.2265625
4306729,58.41064453125
4306752,28.25927734375
4306762,28.25927734375
4306790,30.94482421875
4307411,19.95849609375
4307428,38.26904296875
4307473,19.22607421875
4307503,20.8740234375
4308188,41.1376953125
4308203,22.15576171875
4308225,21.54541015625
4308918,19.4091796875
4308963,19.71435546875
4309082,38.6962890625
4309111,20.99609375
4309147,24.10888671875
4309170,23.5595703125
4309921,19.83642578125
4309952,21.240234375
4310016,22.64404296875
4310036,47.79052734375
4310087,19.59228515625
4331741,30.70068359375
4331760,21.05712890625
4331771,52.30712890625
4331793,35.2783203125
4331821,25.57373046875
4331840,41.8701171875
4331852,34.36279296875
4331884,28.6865234375
4332402,19.22607421875
4332485,23.8037109375
4332512,36.31591796875
4332530,21.97265625
4332557,45.71533203125
4332586,23.86474609375
4333273,31.005859375
4333297,29.052734375
4333307,27.099609375
4333339,21.54541015625
4333368,21.8505859375
4334031,21.1181640625
4334080,21.1181640625
4334111,42.41943359375
4334135,45.71533203125
4334175,27.28271484375
4334222,24.71923828125
4335149,31.982421875
4335164,53.1005859375
4335180,23.5595703125
4353778,21.97265625
4353826,20.44677734375
4353851,24.10888671875
4353871,31.25
4353890,48.40087890625
4353938,24.90234375
4353961,37.4755859375
4353993,42.1142578125
4354029,20.20263671875
4354544,23.13232421875
4354574,57.43408203125
4354598,28.25927734375
4354640,21.3623046875
4354654,54.19921875
4355289,24.10888671875
4355313,49.01123046875
4355334,27.2216796875
4355370,20.6298828125
4355415,23.25439453125
4356158,24.658203125
4356217,34.60693359375
4356292,20.81298828125
4356312,21.66748046875
4357222,19.71435546875
4357272,41.748046875
4357302,33.447265625
4357360,24.10888671875
4375448,19.775390625
4375521,27.9541015625
4375542,22.8271484375
4375555,20.20263671875
4375575,60.9130859375
4375610,31.18896484375
4375633,55.96923828125
4375668,23.86474609375
4375678,21.66748046875
4376246,24.5361328125
4376277,46.32568359375
4376320,20.6298828125
4376348,28.25927734375
4376957,20.44677734375
4376983,22.3388671875
4377020,49.98779296875
4377031,35.5224609375
4377062,21.42333984375
4377110,21.3623046875
4377780,22.39990234375
4377795,24.0478515625
4377854,22.8271484375
4377865,31.67724609375
4377889,40.34423828125
4377913,21.484375
4378586,19.8974609375
4378984,25.57373046875
4379000,20.6298828125
4379012,21.8505859375
4379082,21.1181640625
4395230,26.2451171875
4395260,31.73828125
4395277,61.767578125
4395335,39.73388671875
4395364,28.38134765625
4395376,29.60205078125
4395408,25.5126953125
4395422,24.5361328125
4395994,27.52685546875
4396017,38.87939453125
4396033,22.76611328125
4396044,32.1044921875
4396084,27.9541015625
4396563,23.37646484375
4396751,25.7568359375
4396774,24.7802734375
4396787,26.0009765625
4396800,39.00146484375
4397583,20.8740234375
4397732,24.96337890625
4397754,36.1328125
4397848,20.20263671875
4398516,20.32470703125
4414780,38.87939453125
4414807,20.01953125
4414820,28.80859375
4414833,56.396484375
4414852,22.52197265625
4414883,42.3583984375
4414902,20.93505859375
4414930,25.57373046875
4415440,25.2685546875
4415484,22.5830078125
4415518,20.01953125
4415531,48.27880859375
4415562,22.216796875
4415619,20.3857421875
4415658,19.287109375
4416146,24.169921875
4416220,32.16552734375
4416266,37.353515625
4416293,24.0478515625
4416318,23.0712890625
4416346,19.95849609375
4417099,19.59228515625
4417128,21.240234375
4417144,62.68310546875
4417161,41.6259765625
4417203,27.4658203125
4417228,22.0947265625
4418377,19.8974609375
4418403,19.287109375
4418445,20.99609375
4418493,20.751953125
4418506,41.93115234375
4418542,29.78515625
4418608,24.23095703125
4436010,29.47998046875
4436031,45.34912109375
4436047,37.353515625
4436078,23.5595703125
4436093,32.65380859375
4436116,25.69580078125
4436127,21.6064453125
4436147,26.123046875
4436217,23.3154296875
4436727,19.59228515625
4436787,51.025390625
4436797,40.6494140625
4436826,26.7333984375
4436862,36.1328125
4436889,19.22607421875
4437446,20.6298828125
4437471,19.95849609375
4437502,23.4375
4437515,29.84619140625
4437547,40.4052734375
4437602,23.13232421875
4437616,21.17919921875
4438418,33.69140625
4438451,27.099609375
4438469,36.1328125
4438490,24.23095703125
4438527,19.71435546875
4454505,30.1513671875
4454532,24.7802734375
4454546,65.97900390625
4454565,32.958984375
4454599,38.26904296875
4454615,41.56494140625
4454640,19.59228515625
4454662,21.1181640625
4455264,46.56982421875
4455276,27.099609375
4455306,21.17919921875
4455323,22.64404296875
4455344,23.37646484375
4456033,21.05712890625
4456067,21.240234375
4456078,21.484375
4456093,46.7529296875
4456123,27.587890625
4456141,19.4091796875
4456168,22.0947265625
4457010,19.34814453125
4457047,22.94921875
4457082,30.76171875
4457105,20.8740234375
4457150,22.76611328125
4457165,20.69091796875
4473605,19.22607421875
4473643,55.0537109375
4473663,31.6162109375
4473686,31.494140625
4473716,31.73828125
4473733,32.65380859375
4473766,27.28271484375
4473798,21.484375
4474239,19.287109375
4474349,19.22607421875
4474376,46.93603515625
4474392,24.169921875
4474408,20.56884765625
4474423,46.0205078125
4474460,26.2451171875
4475205,27.28271484375
4475238,37.109375
4475265,37.841796875
4475288,20.1416015625
4476231,38.2080078125
4476252,27.2216796875
4476322,21.78955078125
4493055,21.97265625
4493070,52.55126953125
4493114,54.38232421875
4493139,42.724609375
4493160,55.0537109375
4493176,19.775390625
4493217,19.8974609375
4493823,41.259765625
4493833,19.71435546875
4493851,31.1279296875
4493871,31.67724609375
4493889,19.83642578125
4494521,20.5078125
4494562,21.1181640625
4494584,24.47509765625
4494601,37.7197265625
4494652,19.775390625
4495427,24.4140625
4495466,23.62060546875
4495494,23.5595703125
4495504,37.41455078125
4495530,26.4892578125
4495545,27.83203125
4495578,34.24072265625
4513398,21.42333984375
4513431,21.42333984375
4513456,25.5126953125
4513482,40.10009765625
4513500,45.34912109375
4513519,28.564453125
4513539,23.5595703125
4513562,23.681640625
4513577,23.01025390625
4513587,22.27783203125
4513621,28.50341796875
4514146,20.56884765625
4514169,20.32470703125
4514187,34.60693359375
4514211,39.6728515625
4514235,19.34814453125
4514258,22.94921875
4514270,33.203125
4514300,21.78955078125
4514361,20.69091796875
4514876,24.23095703125
4514922,19.53125
4514941,21.66748046875
4514976,35.09521484375
4515000,23.13232421875
4515870,34.423828125
4515894,21.728515625
4515960,38.75732421875
4515974,22.8271484375
4516011,20.5078125
4534840,26.30615234375
4534860,32.16552734375
4534878,42.8466796875
4534893,23.01025390625
4534926,41.32080078125
4534953,36.19384765625
4534976,21.42333984375
4534993,37.841796875
4535483,20.751953125
4535543,25.57373046875
4535573,19.83642578125
4535615,34.1796875
4535640,46.93603515625
4535663,20.01953125
4535744,23.62060546875
4536261,20.44677734375
4536294,19.4091796875
4536313,22.15576171875
4536344,25.390625
4536365,28.076171875
4536393,47.9736328125
4536409,22.39990234375
4536444,21.3623046875
4537235,23.25439453125
4537269,19.8974609375
4537320,39.73388671875
4537332,31.67724609375
4557575,21.78955078125
4557597,23.5595703125
4557628,33.14208984375
4557651,60.85205078125
4557662,44.43359375
4557708,43.02978515625
4557735,27.77099609375
4557753,38.6962890625
4557806,21.6064453125
4557839,21.484375
4557920,20.6298828125
4558281,27.16064453125
4558389,20.8740234375
4558415,30.94482421875
4558430,27.34375
4558448,26.91650390625
4558469,21.8505859375
4558485,21.6064453125
4559155,26.91650390625
4559170,38.39111328125
4559188,47.119140625
4559204,20.81298828125
4559258,33.0810546875
4559951,19.6533203125
4560011,19.59228515625
4560045,22.3388671875
4560187,30.76171875
4560198,25.390625
4560225,30.57861328125
4560278,23.01025390625
4560298,23.25439453125
4560354,20.69091796875
4574757,19.53125
4583979,20.93505859375
4584027,38.0859375
4584043,31.1279296875
4584081,38.51318359375
4584095,26.30615234375
4584125,20.1416015625
4584138,48.583984375
4584157,28.1982421875
4584180,20.99609375
4584208,26.4892578125
4584698,25.32958984375
4584784,25.57373046875
4584813,40.6494140625
4584840,35.0341796875
4584866,21.30126953125
4585543,20.1416015625
4585565,23.3154296875
4585591,30.029296875
4585639,20.56884765625
4585660,26.2451171875
4586430,20.99609375
4609346,20.32470703125
4609371,21.484375
4609385,31.67724609375
4609409,19.83642578125
4609439,44.73876953125
4609450,54.87060546875
4609496,52.42919921875
4609523,27.89306640625
4609534,36.56005859375
4609563,21.17919921875
4609595,19.775390625
4610119,22.4609375
4610208,69.3359375
4610259,24.2919921875
4610286,34.85107421875
4610321,22.39990234375
4610960,19.53125
4610992,19.4091796875
4611014,29.296875
4611039,21.17919921875
4611058,37.4755859375
4611075,20.56884765625
4635117,28.076171875
4635143,19.6533203125
4635156,23.13232421875
4635188,24.169921875
4635208,39.36767578125
4635238,60.05859375
4635261,22.64404296875
4635289,37.29248046875
4635314,39.6728515625
4635326,31.982421875
4635363,19.95849609375
4635373,22.3388671875
4635393,19.47021484375
4635877,28.25927734375
4635937,30.76171875
4635968,32.65380859375
4636004,53.955078125
4636046,23.0712890625
4636081,20.5078125
4636705,25.390625
4636790,19.4091796875
4636835,26.30615234375
4636854,46.875
4636898,20.3857421875
4636944,21.30126953125
4636988,19.83642578125
4679834,19.22607421875
4679861,30.029296875
4679904,24.5361328125
4679917,22.94921875
4679949,30.45654296875
4679972,35.64453125
4680008,52.734375
4680038,28.50341796875
4680063,23.681640625
4680080,29.11376953125
4680091,19.59228515625
4680108,22.8271484375
4680148,24.169921875
4680159,22.03369140625
4680184,22.27783203125
4680196,20.93505859375
4680257,21.484375
4680458,23.25439453125
4680839,21.97265625
4680982,26.79443359375
