4799001,0
601816,19.04296875
1164644,19.95849609375
1435075,19.34814453125
1504137,21.6064453125
1671459,18.24951171875
2014843,19.775390625
2073829,19.22607421875
2273314,18.6767578125
2273399,25.2685546875
2273440,30.6396484375
2273478,22.64404296875
2273530,24.84130859375
2273650,22.27783203125
2273847,18.798828125
2302821,18.73779296875
2302945,18.6767578125
2302957,24.84130859375
2303075,21.42333984375
2303113,20.8740234375
2303144,18.4326171875
2304092,20.32470703125
2305914,18.73779296875
2329009,20.20263671875
2329024,18.5546875
2329057,23.8037109375
2329105,18.73779296875
2329123,23.4375
2329133,20.56884765625
2329188,26.91650390625
2330712,19.04296875
2330738,20.56884765625
2331793,18.9208984375
2331835,28.86962890625
2351941,19.34814453125
2351953,20.08056640625
2352076,19.04296875
2353625,18.310546875
2354416,18.1884765625
2354507,19.8974609375
2373225,20.56884765625
2373269,21.240234375
2373294,18.5546875
2373313,18.310546875
2373357,23.193359375
2373431,19.287109375
2374143,22.5830078125
2374175,19.1650390625
2374847,21.728515625
2374961,22.705078125
2375036,20.99609375
2395323,18.4326171875
2395340,19.10400390625
2395372,25.08544921875
2395410,21.728515625
2395436,20.1416015625
2396084,24.5361328125
2396932,20.263671875
2397769,22.27783203125
2414954,18.9208984375
2414998,20.5078125
2415029,31.43310546875
2415050,27.77099609375
2415071,20.69091796875
2415100,21.240234375
2415782,19.775390625
2416543,20.08056640625
2416561,19.47021484375
2418373,19.287109375
2418457,18.61572265625
2432681,25.20751953125
2432712,28.38134765625
2432723,25.93994140625
2432745,18.24951171875
2432790,18.49365234375
2432839,27.34375
2432880,18.9208984375
2433373,18.24951171875
2434221,19.04296875
2434256,19.775390625
2451282,21.484375
2451313,20.32470703125
2451354,19.775390625
2451423,19.22607421875
2454551,18.798828125
2468167,18.37158203125
2468218,20.751953125
2468275,25.20751953125
2468357,22.4609375
2471717,19.47021484375
2486450,19.287109375
2486467,22.64404296875
2486482,22.76611328125
2487896,18.4326171875
2487926,21.484375
2488908,19.10400390625
2505507,20.6298828125
2505522,27.83203125
2505582,18.5546875
2505625,22.15576171875
2505638,22.94921875
2506125,18.98193359375
2506960,23.4375
2506999,20.20263671875
2507015,18.310546875
2507078,18.85986328125
2507834,18.6767578125
2508883,19.34814453125
2508921,19.1650390625
2508942,19.775390625
2509006,22.8271484375
2523865,19.775390625
2523895,24.0478515625
2523915,20.69091796875
2523949,23.92578125
2524090,20.6298828125
2524193,19.53125
2524564,21.1181640625
2542531,28.01513671875
2542544,18.73779296875
2543139,18.310546875
2543879,18.310546875
2543900,22.39990234375
2544815,19.1650390625
2559960,19.1650390625
2560003,21.728515625
2560037,20.3857421875
2561349,18.310546875
2561408,21.8505859375
2562201,19.22607421875
2579620,21.42333984375
2579640,21.6064453125
2579664,18.73779296875
2579693,25.634765625
2579720,19.8974609375
2580966,19.4091796875
2581041,19.6533203125
2581061,18.4326171875
2581839,20.44677734375
2599873,20.99609375
2599885,30.029296875
2599913,24.96337890625
2599957,22.88818359375
2599984,24.84130859375
2600619,18.798828125
2601218,20.263671875
2602067,22.27783203125
2602202,18.37158203125
2621108,25.146484375
2621130,18.85986328125
2621158,19.53125
2621239,25.45166015625
2642361,18.4326171875
2642417,18.37158203125
2642444,18.9208984375
2642468,21.240234375
2642501,18.1884765625
2642532,18.37158203125
2643109,19.34814453125
2643884,18.85986328125
2644696,23.86474609375
2666505,20.1416015625
2666521,19.04296875
2666619,19.6533203125
2666708,18.49365234375
2667230,18.5546875
2667312,18.98193359375
2667858,21.6064453125
2667909,23.0712890625
2688924,20.99609375
2688935,23.49853515625
2688950,23.193359375
2688980,18.49365234375
2689004,21.484375
2689079,21.484375
2689665,19.95849609375
2689727,18.5546875
2711194,18.5546875
2711247,18.1884765625
2711280,18.1884765625
2711374,18.310546875
2711384,26.30615234375
2712003,21.6064453125
2712706,19.53125
2735994,18.5546875
2736004,20.69091796875
2736062,23.4375
2736078,22.3388671875
2736097,19.4091796875
2736137,22.8271484375
2736150,19.775390625
2736761,20.08056640625
2736790,20.263671875
2737615,18.24951171875
2765387,18.61572265625
2765413,18.49365234375
2765438,26.67236328125
2765460,20.01953125
2765490,20.263671875
2766265,20.1416015625
2766362,18.61572265625
2796086,20.20263671875
2796115,18.4326171875
2796168,20.6298828125
2796216,19.4091796875
2796293,18.24951171875
2797112,19.53125
3701954,18.73779296875
3953978,19.1650390625
4115875,19.95849609375
4170740,23.74267578125
4170920,28.25927734375
4170969,18.98193359375
4170992,20.44677734375
4171044,28.3203125
4171173,21.17919921875
4172523,18.24951171875
4197569,18.37158203125
4197617,27.2216796875
4197635,18.24951171875
4197707,21.30126953125
4197718,26.7333984375
4197824,19.71435546875
4199616,23.86474609375
4223708,21.728515625
4223781,21.91162109375
4223821,18.5546875
4223840,28.86962890625
4223881,20.6298828125
4223940,21.91162109375
4224593,23.0712890625
4225381,18.24951171875
4225470,18.49365234375
4226309,21.54541015625
4253488,21.05712890625
4253505,19.95849609375
4253521,18.1884765625
4253543,20.69091796875
4253603,27.34375
4253654,18.61572265625
4253669,19.10400390625
4255146,20.69091796875
4255180,18.98193359375
4256028,20.20263671875
4257202,18.6767578125
4257308,18.310546875
4281431,25.45166015625
4281479,21.30126953125
4281508,25.0244140625
4281522,24.10888671875
4281560,20.1416015625
4281600,18.37158203125
4282163,21.6064453125
4283741,18.24951171875
4284826,20.263671875
4306649,22.27783203125
4306668,19.95849609375
4306690,21.240234375
4306709,18.61572265625
4306796,19.8974609375
4308119,20.01953125
4308160,22.15576171875
4308205,20.32470703125
4309071,19.59228515625
4310000,18.49365234375
4331780,20.5078125
4331803,23.193359375
4331862,20.6298828125
4331881,19.6533203125
4331959,19.83642578125
4332569,18.37158203125
4333236,18.4326171875
4333286,20.6298828125
4334014,18.1884765625
4334104,18.9208984375
4353858,23.37646484375
4353876,22.94921875
4353899,21.54541015625
4353920,21.240234375
4353954,21.6064453125
4354062,19.59228515625
4355267,18.37158203125
4355303,18.798828125
4355348,18.49365234375
4356196,22.88818359375
4357341,18.6767578125
4357390,18.73779296875
4375612,19.47021484375
4375634,22.52197265625
4375664,20.93505859375
4375683,19.47021484375
4375773,18.4326171875
4377026,19.22607421875
4377075,22.0947265625
4377144,18.49365234375
4377877,19.4091796875
4378940,20.20263671875
4378972,24.5361328125
4395293,18.98193359375
4395304,18.73779296875
4395314,23.92578125
4395337,22.27783203125
4395353,18.24951171875
4395382,23.74267578125
4395959,18.5546875
4396765,20.1416015625
4396801,20.32470703125
4396813,19.95849609375
4397776,19.1650390625
4414803,19.47021484375
4414825,24.84130859375
4414864,34.11865234375
4414888,19.22607421875
4414901,19.6533203125
4414915,31.1279296875
4415008,22.216796875
4417098,18.5546875
4417116,19.287109375
4417153,21.484375
4418458,18.85986328125
4418506,18.798828125
4436023,19.34814453125
4436050,18.9208984375
4436076,21.3623046875
4436146,32.5927734375
4436779,25.93994140625
4436815,19.287109375
4436828,23.37646484375
4437510,25.20751953125
4438520,18.4326171875
4454541,22.39990234375
4454579,25.390625
4454591,20.20263671875
4454614,18.6767578125
4454649,20.20263671875
4454727,18.37158203125
4456074,19.775390625
4456106,19.04296875
4457083,19.59228515625
4473683,18.61572265625
4473722,23.13232421875
4473749,21.54541015625
4473785,20.5078125
4473870,18.37158203125
4475198,20.3857421875
4476220,20.32470703125
4476248,19.53125
4476274,25.69580078125
4493090,19.59228515625
4493105,20.263671875
4493131,20.6298828125
4493229,19.22607421875
4493300,19.287109375
4493824,19.8974609375
4494551,19.1650390625
4494581,20.751953125
4494599,23.681640625
4494635,18.24951171875
4494668,19.71435546875
4495577,21.3623046875
4513487,18.798828125
4513504,27.34375
4513538,25.146484375
4513556,29.23583984375
4514961,22.15576171875
4514992,18.24951171875
4515872,19.47021484375
4515933,18.4326171875
4515959,18.85986328125
4534863,18.310546875
4534921,18.49365234375
4534949,24.5361328125
4534976,20.01953125
4535015,21.1181640625
4536317,22.88818359375
4536389,18.1884765625
4536405,20.8740234375
4536429,22.0947265625
4537231,20.44677734375
4537277,19.83642578125
4557641,19.95849609375
4557678,19.04296875
4557696,30.09033203125
4557722,20.8740234375
4557749,18.798828125
4557784,21.05712890625
4557822,19.59228515625
4558385,20.01953125
4559170,18.4326171875
4559185,19.95849609375
4559237,19.287109375
4559250,19.1650390625
4560192,18.37158203125
4584066,26.7333984375
4584119,26.79443359375
4584137,18.61572265625
4584163,18.4326171875
4584196,21.91162109375
4584804,19.22607421875
4584879,19.04296875
4585519,18.310546875
4585623,19.83642578125
4609475,23.8037109375
4609526,25.2685546875
4609541,22.0947265625
4609582,18.37158203125
4609599,18.61572265625
4609710,20.69091796875
4610227,19.775390625
4610958,20.751953125
4611031,18.37158203125
4611042,18.1884765625
4611138,20.08056640625
4635182,25.7568359375
4635236,18.798828125
4635258,25.5126953125
4635275,18.49365234375
4635328,31.55517578125
4635438,18.1884765625
4636799,20.1416015625
4636827,20.6298828125
4636888,19.95849609375
4636953,19.1650390625
4679937,20.6298828125
4679965,20.99609375
4680014,21.30126953125
4680042,22.5830078125
4680098,21.3623046875
4680135,18.24951171875
