4798001,0
8423,35.33935546875
8448,135.25390625
8462,24.47509765625
8490,36.80419921875
8511,87.5244140625
8546,109.80224609375
8564,80.9326171875
8585,63.78173828125
8616,44.0673828125
8630,39.0625
8657,52.67333984375
8672,41.80908203125
8693,47.4853515625
8706,32.04345703125
8727,28.80859375
8739,35.82763671875
8760,36.07177734375
8797,28.01513671875
8850,26.91650390625
8932,29.60205078125
8960,28.99169921875
9263,26.123046875
9451,24.169921875
9566,27.2216796875
9689,24.2919921875
9864,34.66796875
76466,26.79443359375
76493,30.1513671875
76513,30.57861328125
76540,104.79736328125
76553,38.9404296875
76575,39.306640625
76585,25.81787109375
76602,120.7275390625
76620,63.53759765625
76646,49.13330078125
76669,40.771484375
76691,32.3486328125
76711,50.35400390625
76723,24.35302734375
76742,28.62548828125
76762,43.15185546875
76782,31.1279296875
76796,28.99169921875
76824,25.45166015625
76853,35.82763671875
76884,37.41455078125
76907,26.79443359375
76953,28.9306640625
77090,25.81787109375
77401,30.6396484375
77511,29.4189453125
77768,25.5126953125
77849,36.2548828125
140736,126.64794921875
140750,30.33447265625
140779,33.50830078125
140799,77.392578125
140815,38.818359375
140845,94.78759765625
140861,45.22705078125
140891,120.78857421875
140903,34.0576171875
140922,42.78564453125
140947,35.82763671875
140957,51.69677734375
140979,39.1845703125
141002,30.82275390625
141017,26.0009765625
141031,25.87890625
141041,27.099609375
141065,30.6396484375
141091,26.0009765625
141108,26.67236328125
141176,27.16064453125
141206,26.9775390625
141241,29.541015625
141279,24.23095703125
141306,24.169921875
141394,25.2685546875
141463,24.10888671875
141524,26.0009765625
141838,27.52685546875
141888,23.98681640625
142132,28.6865234375
142179,26.06201171875
142234,27.89306640625
217507,123.59619140625
217535,24.35302734375
217574,38.51318359375
217587,118.5302734375
217610,48.33984375
217644,141.357421875
217667,51.7578125
217689,52.8564453125
217712,34.7900390625
217733,36.68212890625
217750,42.17529296875
217771,25.634765625
217791,40.771484375
217812,31.18896484375
217833,39.794921875
217847,37.78076171875
217868,28.80859375
217897,26.611328125
217940,24.658203125
217970,24.96337890625
218046,24.2919921875
218161,27.83203125
218258,26.0009765625
218322,23.92578125
218430,25.0244140625
218711,25.93994140625
218762,27.7099609375
218878,24.23095703125
218925,23.98681640625
219092,31.18896484375
271829,25.2685546875
271840,161.19384765625
271881,24.96337890625
271896,32.1044921875
271909,77.57568359375
271929,49.6826171875
271958,39.00146484375
271978,128.35693359375
271990,52.67333984375
272015,61.09619140625
272030,52.490234375
272045,46.32568359375
272069,25.0244140625
272085,40.52734375
272099,28.25927734375
272118,31.25
272139,33.203125
272155,32.71484375
272191,31.1279296875
272213,29.9072265625
272227,35.5224609375
272247,33.75244140625
272283,24.35302734375
272333,27.77099609375
272354,28.86962890625
272365,24.2919921875
272380,24.2919921875
272596,25.146484375
272693,25.0244140625
272930,27.16064453125
272945,25.5126953125
273181,26.611328125
273198,27.099609375
273360,24.47509765625
377580,32.04345703125
377595,148.4375
377611,37.29248046875
377644,27.28271484375
377663,94.482421875
377680,28.564453125
377706,123.10791015625
377734,78.9794921875
377745,85.44921875
377769,30.70068359375
377795,49.6826171875
377817,63.78173828125
377836,51.20849609375
377853,34.60693359375
377868,24.4140625
377880,25.32958984375
377902,26.4892578125
377913,33.69140625
377981,27.40478515625
378010,32.16552734375
378048,32.2265625
378060,24.4140625
378096,28.38134765625
378259,25.93994140625
378286,26.3671875
378311,24.2919921875
378474,31.18896484375
378527,23.92578125
378680,25.7568359375
378800,25.146484375
378847,25.390625
378918,24.10888671875
445991,32.16552734375
446006,147.52197265625
446040,24.4140625
446051,24.90234375
446077,118.34716796875
446099,46.38671875
446121,68.603515625
446139,129.94384765625
446152,98.2666015625
446177,50.47607421875
446195,49.01123046875
446206,40.52734375
446232,24.2919921875
446242,37.7197265625
446261,35.33935546875
446282,39.12353515625
446302,46.0205078125
446320,32.470703125
446356,31.31103515625
446387,27.64892578125
446405,26.611328125
446421,25.7568359375
446727,28.99169921875
446808,24.5361328125
446925,32.16552734375
447073,24.84130859375
447194,25.390625
447437,32.2265625
447569,26.18408203125
545721,124.93896484375
545752,36.07177734375
545784,82.21435546875
545801,72.1435546875
545823,38.818359375
545834,89.84375
545851,65.00244140625
545878,47.66845703125
545895,36.7431640625
545910,37.04833984375
545922,39.36767578125
545944,37.109375
545978,40.283203125
545998,35.64453125
546009,35.82763671875
546043,26.4892578125
546056,25.69580078125
546081,29.11376953125
546100,24.71923828125
546155,30.76171875
546202,26.30615234375
546256,29.052734375
546274,26.611328125
546521,25.45166015625
546620,27.587890625
546871,28.564453125
546956,29.1748046875
547014,26.42822265625
547046,26.18408203125
547258,24.2919921875
547376,26.3671875
647099,120.54443359375
647121,29.541015625
647134,30.3955078125
647161,100.03662109375
647186,36.19384765625
647202,90.6982421875
647213,53.77197265625
647244,45.47119140625
647265,48.15673828125
647295,30.70068359375
647319,37.17041015625
647335,27.587890625
647363,26.7333984375
647376,33.0810546875
647407,26.85546875
647435,25.57373046875
647448,36.9873046875
647476,26.06201171875
647527,29.296875
647602,33.447265625
647629,24.4140625
647674,26.79443359375
647990,24.23095703125
648136,24.71923828125
648340,27.34375
648728,27.099609375
648773,24.658203125
655774,123.779296875
655791,28.99169921875
655826,25.81787109375
655863,25.32958984375
655884,28.25927734375
655902,24.4140625
655947,27.4658203125
655964,118.95751953125
655985,53.03955078125
656010,37.2314453125
656051,35.94970703125
656061,81.6650390625
656096,50.72021484375
656112,55.72509765625
656140,31.73828125
656159,29.541015625
656174,32.8369140625
656193,46.32568359375
656210,95.52001953125
656223,69.3359375
656251,47.4853515625
656266,26.2451171875
656289,43.64013671875
656302,27.16064453125
656333,32.53173828125
656345,34.24072265625
656375,39.85595703125
656397,28.9306640625
656408,37.53662109375
656436,41.1376953125
656475,25.7568359375
656502,28.62548828125
656517,25.20751953125
656681,26.30615234375
657437,24.10888671875
657462,31.005859375
657497,24.96337890625
657557,24.5361328125
657581,30.70068359375
725966,124.3896484375
725990,26.30615234375
726024,28.9306640625
726044,91.00341796875
726081,166.68701171875
726096,38.87939453125
726126,78.857421875
726155,50.4150390625
726172,41.07666015625
726184,27.34375
726195,27.099609375
726212,25.32958984375
726229,27.83203125
726253,41.32080078125
726303,27.587890625
726326,31.6162109375
726399,26.18408203125
726439,25.146484375
726461,26.4892578125
726599,31.8603515625
726672,29.541015625
727037,25.45166015625
727227,26.85546875
727325,23.98681640625
727492,29.47998046875
808874,26.18408203125
808894,131.9580078125
808906,25.20751953125
808922,29.23583984375
808937,24.658203125
808958,109.619140625
808983,65.85693359375
809011,91.00341796875
809024,51.45263671875
809048,54.8095703125
809077,50.84228515625
809093,28.62548828125
809110,40.771484375
809141,56.7626953125
809189,29.541015625
809229,29.1748046875
809244,30.8837890625
809267,27.64892578125
809289,31.31103515625
809314,26.79443359375
809338,39.0625
809433,25.146484375
809528,31.92138671875
809595,29.35791015625
809883,28.50341796875
810110,25.2685546875
810278,24.2919921875
810294,26.06201171875
810346,26.06201171875
810536,25.0244140625
876922,24.5361328125
876965,145.3857421875
876980,32.470703125
877004,34.1796875
877033,57.18994140625
877048,47.8515625
877087,142.76123046875
877097,60.60791015625
877130,71.4111328125
877142,33.3251953125
877161,46.38671875
877183,31.43310546875
877202,35.7666015625
877226,34.85107421875
877251,34.11865234375
877261,43.212890625
877277,26.18408203125
877306,28.38134765625
877317,34.1796875
877339,31.005859375
877354,26.85546875
877395,26.18408203125
877469,26.06201171875
877551,25.634765625
877808,23.92578125
877830,25.2685546875
878151,24.10888671875
878184,28.3203125
878243,24.90234375
878323,26.3671875
878360,23.92578125
878449,31.31103515625
878493,24.71923828125
878785,27.7099609375
976503,128.35693359375
976519,33.3251953125
976551,29.47998046875
976567,52.3681640625
976592,53.22265625
976618,133.23974609375
976638,51.26953125
976669,70.98388671875
976681,42.41943359375
976706,37.41455078125
976724,26.18408203125
976742,28.86962890625
976769,26.2451171875
976781,33.38623046875
976800,27.34375
976817,29.541015625
976841,25.08544921875
976880,30.82275390625
976910,27.03857421875
976920,27.64892578125
976951,23.98681640625
977083,33.3251953125
977267,24.4140625
977705,26.3671875
977732,28.076171875
977919,23.92578125
977997,26.42822265625
978014,24.169921875
985561,24.23095703125
985584,25.45166015625
985606,24.35302734375
985629,36.865234375
985709,24.7802734375
985723,140.380859375
985758,52.978515625
985808,26.91650390625
985830,85.75439453125
985845,38.57421875
985871,46.9970703125
985889,25.45166015625
985904,63.17138671875
985914,32.16552734375
985925,36.4990234375
985953,61.6455078125
985965,27.4658203125
985989,74.8291015625
986026,53.1005859375
986037,37.78076171875
986049,24.0478515625
986079,47.42431640625
986093,37.29248046875
986119,34.97314453125
986136,27.4658203125
986158,26.91650390625
986169,25.390625
986181,26.123046875
986304,24.35302734375
986336,32.40966796875
986369,29.052734375
986666,28.62548828125
986824,26.42822265625
986952,25.2685546875
987070,28.25927734375
987175,24.658203125
987233,29.052734375
987292,24.658203125
987350,28.80859375
987511,26.123046875
1032370,24.4140625
1032443,27.83203125
1032466,33.99658203125
1032491,30.517578125
1032522,96.435546875
1032538,25.87890625
1032566,74.40185546875
1032584,140.625
1032624,58.7158203125
1032643,24.2919921875
1032654,30.82275390625
1032682,46.7529296875
1032692,51.45263671875
1032705,24.23095703125
1032723,36.9873046875
1032738,28.3203125
1032753,27.16064453125
1032784,38.4521484375
1032813,27.52685546875
1032829,26.55029296875
1032862,26.42822265625
1032961,24.23095703125
1033040,27.587890625
1033189,30.2734375
1033544,24.96337890625
1033633,25.45166015625
1033663,28.80859375
1033709,26.611328125
1033871,23.98681640625
1033901,26.67236328125
1033957,24.169921875
1033995,26.0009765625
1034032,28.86962890625
1034052,28.01513671875
1034081,29.11376953125
1034343,24.5361328125
1098084,28.86962890625
1098156,137.451171875
1098184,24.169921875
1098217,34.24072265625
1098242,92.4072265625
1098264,26.55029296875
1098291,83.251953125
1098303,65.36865234375
1098325,64.0869140625
1098350,54.26025390625
1098396,48.15673828125
1098430,35.400390625
1098445,33.5693359375
1098459,30.82275390625
1098486,25.69580078125
1098505,26.79443359375
1098532,48.76708984375
1098547,26.18408203125
1098562,25.5126953125
1098624,35.33935546875
1098643,24.2919921875
1098665,28.50341796875
1098684,25.0244140625
1098881,25.69580078125
1098945,26.2451171875
1098974,25.32958984375
1099170,27.52685546875
1099248,25.146484375
1099355,25.0244140625
1099632,24.169921875
1099667,25.5126953125
1099737,26.2451171875
1099768,28.564453125
1099812,24.35302734375
1166588,152.52685546875
1166639,31.25
1166662,88.92822265625
1166697,51.3916015625
1166710,55.96923828125
1166725,63.5986328125
1166751,52.978515625
1166774,61.767578125
1166794,50.10986328125
1166808,30.76171875
1166832,38.4521484375
1166878,30.45654296875
1166892,33.38623046875
1166914,33.02001953125
1166935,24.7802734375
1166949,29.052734375
1166997,26.67236328125
1167028,25.390625
1167062,26.4892578125
1167124,24.90234375
1167138,29.35791015625
1167176,24.23095703125
1167467,24.84130859375
1167514,25.08544921875
1167625,25.45166015625
1167669,24.2919921875
1167851,25.87890625
1167940,25.08544921875
1168048,29.60205078125
1168092,25.45166015625
1168153,26.4892578125
1241751,132.26318359375
1241768,39.306640625
1241797,34.0576171875
1241817,120.4833984375
1241846,43.76220703125
1241862,46.630859375
1241888,152.7099609375
1241903,44.43359375
1241928,64.27001953125
1241951,39.6728515625
1241974,44.61669921875
1241988,31.55517578125
1242025,38.2080078125
1242054,28.4423828125
1242072,32.04345703125
1242095,26.4892578125
1242106,29.1748046875
1242141,27.28271484375
1242160,24.59716796875
1242356,24.5361328125
1242972,28.38134765625
1243030,24.0478515625
1243057,27.28271484375
1243125,24.35302734375
1243163,27.64892578125
1243181,25.57373046875
1243258,26.0009765625
1280854,41.259765625
1280865,129.33349609375
1280896,28.62548828125
1280915,38.51318359375
1280944,81.60400390625
1280965,53.52783203125
1280993,42.236328125
1281017,142.4560546875
1281049,60.546875
1281073,50.537109375
1281090,28.25927734375
1281100,38.87939453125
1281122,48.583984375
1281143,25.0244140625
1281168,43.0908203125
1281198,24.71923828125
1281214,31.43310546875
1281226,28.74755859375
1281286,30.8837890625
1281315,25.32958984375
1281341,25.93994140625
1281454,27.9541015625
1281570,29.052734375
1281631,27.2216796875
1281672,25.08544921875
1281793,28.9306640625
1281931,28.50341796875
1282081,27.16064453125
1282109,25.0244140625
1282183,31.18896484375
1282264,25.20751953125
1282301,27.52685546875
1282319,25.2685546875
1282453,25.45166015625
1282504,28.25927734375
1282547,26.30615234375
1282664,23.92578125
1325741,29.4189453125
1325758,153.564453125
1325807,37.53662109375
1325817,31.1279296875
1325837,82.21435546875
1325859,34.66796875
1325886,69.82421875
1325897,49.62158203125
1325913,98.57177734375
1325944,51.26953125
1325973,50.048828125
1325984,30.57861328125
1326001,38.02490234375
1326012,45.95947265625
1326032,34.423828125
1326056,41.68701171875
1326084,31.982421875
1326101,33.69140625
1326126,29.052734375
1326154,24.0478515625
1326201,36.2548828125
1326216,26.91650390625
1326236,25.45166015625
1326265,28.86962890625
1326298,27.40478515625
1326332,29.1748046875
1326361,24.84130859375
1326478,26.06201171875
1326803,25.93994140625
1326870,24.90234375
1327009,27.9541015625
1327050,27.03857421875
1327087,27.28271484375
1327178,25.08544921875
1327229,25.32958984375
1327256,27.2216796875
1327305,26.91650390625
1327380,25.5126953125
1401909,33.69140625
1401921,133.72802734375
1401957,29.4189453125
1401992,33.75244140625
1402021,33.02001953125
1402039,34.423828125
1402060,123.53515625
1402088,59.4482421875
1402126,75.5615234375
1402141,44.00634765625
1402154,35.2783203125
1402178,42.17529296875
1402195,36.56005859375
1402216,34.11865234375
1402241,32.470703125
1402262,26.9775390625
1402317,27.9541015625
1402347,24.4140625
1402390,27.40478515625
1402423,28.564453125
1402445,27.77099609375
1402476,27.16064453125
1402739,24.59716796875
1402815,26.85546875
1402865,24.90234375
1402935,25.93994140625
1403149,30.1513671875
1403558,25.5126953125
1549386,24.96337890625
1549396,44.677734375
1549420,33.5693359375
1549447,84.89990234375
1549464,34.7900390625
1549493,59.75341796875
1549514,137.8173828125
1549533,55.419921875
1549549,77.69775390625
1549571,42.17529296875
1549601,27.64892578125
1549620,40.771484375
1549637,30.1513671875
1549669,29.84619140625
1549687,28.50341796875
1549748,24.2919921875
1549785,33.38623046875
1549809,27.34375
1549856,24.5361328125
1549872,29.47998046875
1549887,24.84130859375
1549986,31.18896484375
1550216,23.98681640625
1550741,24.10888671875
1550834,25.634765625
1550925,29.11376953125
1551003,25.93994140625
1557726,24.71923828125
1557754,139.2822265625
1557783,29.296875
1557879,27.16064453125
1557901,109.92431640625
1557928,42.236328125
1557957,38.26904296875
1557979,33.14208984375
1558010,25.45166015625
1558025,93.68896484375
1558044,25.146484375
1558072,37.109375
1558090,46.93603515625
1558118,56.7626953125
1558144,35.888671875
1558164,26.611328125
1558180,54.6875
1558202,73.42529296875
1558225,35.82763671875
1558242,36.31591796875
1558267,41.32080078125
1558277,42.05322265625
1558303,24.169921875
1558323,24.2919921875
1558361,44.5556640625
1558399,33.203125
1558421,39.12353515625
1558444,33.63037109375
1558471,28.80859375
1558543,40.6494140625
1558569,24.0478515625
1559242,27.2216796875
1559342,26.611328125
1559424,25.146484375
1559461,28.74755859375
1559479,26.85546875
1559505,24.4140625
1559530,27.77099609375
1559567,24.7802734375
1559603,28.9306640625
1559646,24.84130859375
1559671,26.7333984375
1559707,24.0478515625
1560107,24.84130859375
1670082,27.64892578125
1670152,136.41357421875
1670182,32.1044921875
1670213,91.49169921875
1670246,83.8623046875
1670260,105.40771484375
1670283,32.71484375
1670305,66.22314453125
1670328,34.423828125
1670340,28.80859375
1670358,36.19384765625
1670377,28.74755859375
1670401,26.42822265625
1670429,32.958984375
1670441,37.7197265625
1670463,28.80859375
1670476,27.28271484375
1670498,31.8603515625
1670520,25.5126953125
1670541,25.0244140625
1670647,25.634765625
1670735,26.30615234375
1670747,24.35302734375
1670784,24.84130859375
1670850,28.1982421875
1670921,25.146484375
1671064,24.23095703125
1671221,24.0478515625
1671363,25.634765625
1671422,24.2919921875
1671442,30.09033203125
1671504,29.60205078125
1671591,27.77099609375
1671769,30.76171875
1678885,127.38037109375
1678908,27.4658203125
1678955,24.35302734375
1679003,24.2919921875
1679019,33.447265625
1679033,40.771484375
1679059,26.2451171875
1679093,125.06103515625
1679120,40.10009765625
1679152,28.50341796875
1679192,83.251953125
1679222,38.14697265625
1679246,49.4384765625
1679277,39.4287109375
1679303,51.7578125
1679317,77.5146484375
1679334,95.703125
1679354,31.1279296875
1679369,41.015625
1679396,37.2314453125
1679406,44.25048828125
1679434,31.494140625
1679450,25.390625
1679466,33.99658203125
1679492,30.029296875
1679507,28.86962890625
1679542,28.25927734375
1679574,32.16552734375
1679660,23.98681640625
1679687,28.80859375
1680082,24.35302734375
1680101,24.90234375
1680263,27.89306640625
1680433,31.43310546875
1680523,25.146484375
1680576,29.96826171875
1680615,27.64892578125
1680643,23.98681640625
1680675,33.8134765625
1680708,23.92578125
1680750,29.4189453125
1680885,27.64892578125
1695389,27.099609375
1695411,119.384765625
1695469,32.3486328125
1695493,24.5361328125
1695522,109.43603515625
1695537,28.1982421875
1695554,30.029296875
1695566,24.71923828125
1695597,28.3203125
1695610,89.53857421875
1695631,25.2685546875
1695670,125.3662109375
1695686,48.828125
1695706,59.14306640625
1695720,72.75390625
1695743,42.6025390625
1695756,29.6630859375
1695767,35.09521484375
1695787,31.55517578125
1695814,37.29248046875
1695843,32.1044921875
1695856,41.80908203125
1695921,24.90234375
1695948,33.02001953125
1695968,28.38134765625
1696052,26.3671875
1696070,33.14208984375
1696275,29.23583984375
1696315,25.57373046875
1696433,25.08544921875
1696507,24.7802734375
1696586,25.08544921875
1696645,26.85546875
1696660,24.35302734375
1696738,25.2685546875
1696845,27.40478515625
1696898,23.98681640625
1696958,25.20751953125
1697126,26.06201171875
1748035,26.85546875
1748065,30.33447265625
1748104,39.6728515625
1748119,58.16650390625
1748153,74.03564453125
1748184,164.12353515625
1748199,32.8369140625
1748225,81.6650390625
1748247,45.2880859375
1748269,37.9638671875
1748299,41.259765625
1748320,40.58837890625
1748333,37.4755859375
1748360,35.888671875
1748370,30.6396484375
1748424,33.26416015625
1748468,26.611328125
1748496,24.5361328125
1748523,27.7099609375
1748545,26.06201171875
1748588,27.64892578125
1748784,25.87890625
1748794,42.6025390625
1748835,25.146484375
1748925,25.93994140625
1749096,25.634765625
1749180,23.92578125
1749229,24.23095703125
1749267,24.4140625
1749334,32.71484375
1749391,31.005859375
1749607,24.59716796875
1749643,24.23095703125
1749680,33.0810546875
1749711,25.57373046875
1750125,25.69580078125
1850948,135.6201171875
1850967,24.658203125
1850997,32.77587890625
1851024,71.533203125
1851049,33.75244140625
1851075,83.06884765625
1851086,120.66650390625
1851120,93.81103515625
1851151,81.4208984375
1851177,71.83837890625
1851203,26.06201171875
1851225,32.2265625
1851248,45.8984375
1851264,40.34423828125
1851286,29.6630859375
1851347,24.35302734375
1851376,26.3671875
1851413,25.0244140625
1851432,25.32958984375
1851471,25.2685546875
1851498,30.6396484375
1851540,29.9072265625
1851553,24.59716796875
1851594,26.55029296875
1851809,31.982421875
1851936,31.18896484375
1851948,23.92578125
1852079,26.9775390625
1852115,26.123046875
1852168,25.0244140625
1852230,26.42822265625
1852256,25.390625
1852331,24.5361328125
1852366,29.9072265625
1852390,29.47998046875
1852581,25.45166015625
1852620,27.52685546875
1852646,25.32958984375
1852696,24.2919921875
1852779,24.4140625
1859805,136.3525390625
1859820,25.81787109375
1859852,24.35302734375
1859925,25.2685546875
1859948,31.005859375
1860051,115.90576171875
1860067,29.9072265625
1860096,26.2451171875
1860124,29.78515625
1860146,25.45166015625
1860170,90.33203125
1860189,31.25
1860211,26.9775390625
1860233,47.91259765625
1860248,26.30615234375
1860272,39.61181640625
1860302,48.828125
1860323,124.93896484375
1860349,53.89404296875
1860372,65.4296875
1860384,42.78564453125
1860404,24.59716796875
1860429,30.2734375
1860449,33.87451171875
1860461,34.7900390625
1860491,25.390625
1860513,26.0009765625
1860569,32.8369140625
1860584,24.658203125
1860622,25.0244140625
1860641,27.34375
1860668,26.06201171875
1860713,27.9541015625
1860783,25.2685546875
1861365,25.69580078125
1861433,25.57373046875
1861507,23.98681640625
1861583,27.64892578125
1861689,28.1982421875
1861755,32.40966796875
1906572,23.98681640625
1906605,28.86962890625
1906641,123.4130859375
1906668,31.005859375
1906680,27.2216796875
1906703,24.169921875
1906721,95.0927734375
1906755,52.55126953125
1906778,38.818359375
1906791,138.0615234375
1906809,37.41455078125
1906832,33.0810546875
1906858,53.466796875
1906882,35.58349609375
1906892,28.9306640625
1906903,24.84130859375
1906931,45.41015625
1906965,33.99658203125
1906978,29.72412109375
1907017,28.74755859375
1907033,30.517578125
1907051,29.1748046875
1907126,28.25927734375
1907220,24.7802734375
1907464,26.85546875
1907804,24.59716796875
1907895,27.4658203125
1907981,26.79443359375
1908099,26.0009765625
1908242,25.390625
1908392,24.96337890625
1946604,23.98681640625
1946627,118.83544921875
1946667,42.05322265625
1946684,26.2451171875
1946719,103.21044921875
1946764,43.8232421875
1946775,43.8232421875
1946792,72.32666015625
1946830,56.33544921875
1946849,34.85107421875
1946861,37.04833984375
1946884,30.57861328125
1946901,39.00146484375
1946917,43.15185546875
1946941,35.21728515625
1946955,31.3720703125
1946970,32.89794921875
1946988,36.92626953125
1947020,37.4755859375
1947033,29.9072265625
1947059,28.62548828125
1947073,28.50341796875
1947112,25.7568359375
1947145,24.23095703125
1947167,25.87890625
1947215,28.01513671875
1947243,25.146484375
1947423,25.81787109375
1947450,26.611328125
1947662,25.45166015625
1947718,25.20751953125
1947748,27.52685546875
1947776,24.59716796875
1947821,25.93994140625
1947898,24.658203125
1947996,26.9775390625
1948039,28.01513671875
1948093,24.4140625
2002540,123.4130859375
2002561,27.2216796875
2002599,31.67724609375
2002614,27.89306640625
2002629,126.03759765625
2002649,27.099609375
2002677,54.5654296875
2002704,64.88037109375
2002726,35.70556640625
2002742,40.46630859375
2002768,54.19921875
2002782,35.82763671875
2002812,48.15673828125
2002828,27.587890625
2002856,37.4755859375
2002884,44.921875
2002905,54.3212890625
2002915,31.005859375
2002927,32.958984375
2002948,35.70556640625
2002970,34.66796875
2003003,25.45166015625
2003053,25.390625
2003099,26.06201171875
2003142,26.2451171875
2003341,26.4892578125
2003395,25.32958984375
2003456,29.47998046875
2003549,24.84130859375
2003627,25.08544921875
2003649,24.59716796875
2003712,25.390625
2003837,25.0244140625
2003874,24.5361328125
2003957,25.08544921875
2004196,23.98681640625
2057554,151.91650390625
2057579,26.91650390625
2057613,27.03857421875
2057635,101.9287109375
2057658,30.94482421875
2057690,68.29833984375
2057703,46.142578125
2057718,126.220703125
2057740,34.66796875
2057758,58.7158203125
2057776,39.9169921875
2057790,40.46630859375
2057815,42.96875
2057832,34.7900390625
2057844,33.75244140625
2057865,31.1279296875
2057893,27.03857421875
2057910,30.1513671875
2057948,30.3955078125
2058028,29.296875
2058045,31.1279296875
2058078,24.5361328125
2058104,33.02001953125
2058117,29.4189453125
2058159,24.84130859375
2058652,25.634765625
2058924,23.98681640625
2058975,23.92578125
2059009,33.8134765625
2059055,24.10888671875
2059156,27.34375
2142845,135.25390625
2142885,43.0908203125
2142907,40.83251953125
2142921,87.34130859375
2142945,31.06689453125
2142984,87.646484375
2143002,38.87939453125
2143020,26.91650390625
2143035,46.93603515625
2143053,65.0634765625
2143067,40.52734375
2143080,35.58349609375
2143093,27.83203125
2143115,32.89794921875
2143135,40.771484375
2143151,24.71923828125
2143163,24.96337890625
2143176,33.8134765625
2143203,28.80859375
2143223,30.09033203125
2143252,33.02001953125
2143341,31.1279296875
2143460,24.169921875
2143507,24.7802734375
2144197,30.57861328125
2144343,35.21728515625
2144386,31.1279296875
2215517,123.779296875
2215538,24.59716796875
2215563,24.23095703125
2215593,88.9892578125
2215617,32.5927734375
2215644,61.279296875
2215660,136.77978515625
2215690,59.2041015625
2215703,57.373046875
2215723,33.26416015625
2215744,28.50341796875
2215784,25.87890625
2215805,33.38623046875
2215837,42.724609375
2215866,24.10888671875
2215884,31.005859375
2215903,30.76171875
2215920,36.68212890625
2215944,25.7568359375
2215955,26.30615234375
2215974,24.47509765625
2216024,25.32958984375
2216048,28.99169921875
2216074,36.62109375
2216149,24.47509765625
2216189,27.52685546875
2216801,24.169921875
2216867,26.2451171875
2216883,28.38134765625
2216985,25.390625
2217052,24.23095703125
2217083,29.1748046875
2217136,25.69580078125
2217153,24.96337890625
2217244,37.7197265625
2258928,152.099609375
2258938,47.30224609375
2258980,26.67236328125
2258996,38.4521484375
2259017,129.82177734375
2259044,57.67822265625
2259064,30.45654296875
2259080,62.98828125
2259097,135.43701171875
2259127,49.9267578125
2259146,56.33544921875
2259163,35.2783203125
2259177,26.123046875
2259200,41.9921875
2259215,28.6865234375
2259226,30.3955078125
2259240,27.03857421875
2259290,40.4052734375
2259303,31.79931640625
2259324,27.7099609375
2259364,28.86962890625
2259394,24.71923828125
2259414,24.47509765625
2259454,25.390625
2259506,30.76171875
2259556,27.4658203125
2259593,25.45166015625
2259609,32.65380859375
2259661,24.59716796875
2259681,28.13720703125
2260055,30.3955078125
2260090,24.0478515625
2260120,26.123046875
2260351,24.169921875
2260531,28.62548828125
2260588,25.08544921875
2309747,28.6865234375
2309784,110.595703125
2309798,36.19384765625
2309832,25.5126953125
2309854,101.5625
2309901,86.85302734375
2309919,130.126953125
2309943,39.794921875
2309962,27.099609375
2309988,68.115234375
2310014,35.400390625
2310038,39.97802734375
2310068,25.5126953125
2310081,38.14697265625
2310097,40.283203125
2310107,24.23095703125
2310132,32.16552734375
2310170,26.3671875
2310243,26.9775390625
2310266,25.20751953125
2310296,26.7333984375
2310464,24.47509765625
2310628,31.79931640625
2310839,34.7900390625
2310860,25.20751953125
2311014,24.4140625
2311082,30.8837890625
2311227,24.35302734375
2360996,126.5869140625
2361011,34.0576171875
2361070,51.33056640625
2361100,44.0673828125
2361129,58.04443359375
2361140,45.2880859375
2361160,127.8076171875
2361174,46.56982421875
2361199,72.20458984375
2361225,45.59326171875
2361237,28.25927734375
2361247,34.36279296875
2361262,40.10009765625
2361279,34.72900390625
2361291,39.55078125
2361325,27.34375
2361347,43.3349609375
2361357,24.71923828125
2361386,29.052734375
2361414,25.0244140625
2361438,30.09033203125
2361460,24.35302734375
2361499,29.6630859375
2361581,24.47509765625
2361615,29.052734375
2361919,26.42822265625
2362011,25.81787109375
2362192,25.93994140625
2362382,27.4658203125
2362443,27.2216796875
2362519,25.146484375
2362569,25.81787109375
2362616,24.4140625
2423616,25.69580078125
2423639,120.05615234375
2423664,24.59716796875
2423694,50.1708984375
2423709,82.45849609375
2423740,31.8603515625
2423766,56.09130859375
2423795,64.0869140625
2423814,76.35498046875
2423850,38.9404296875
2423860,37.53662109375
2423871,31.79931640625
2423883,42.48046875
2423898,37.7197265625
2423926,34.36279296875
2423951,34.1796875
2423980,32.89794921875
2424017,38.63525390625
2424044,25.20751953125
2424063,37.9638671875
2424097,24.7802734375
2424148,29.35791015625
2424285,37.109375
2424295,27.03857421875
2424368,24.84130859375
2424440,24.5361328125
2424452,25.146484375
2424691,23.92578125
2424782,25.390625
2424959,25.146484375
2425053,35.82763671875
2425117,26.7333984375
2425193,37.53662109375
2490508,25.20751953125
2490526,127.9296875
2490564,35.0341796875
2490594,104.91943359375
2490628,29.4189453125
2490643,48.4619140625
2490660,98.81591796875
2490680,31.31103515625
2490692,52.91748046875
2490725,62.56103515625
2490766,25.69580078125
2490784,36.92626953125
2490803,29.60205078125
2490831,31.31103515625
2490848,31.31103515625
2490885,31.55517578125
2490901,32.53173828125
2490941,24.5361328125
2490986,28.076171875
2491015,38.87939453125
2491026,26.91650390625
2491122,24.47509765625
2491152,28.74755859375
2491330,26.06201171875
2491371,27.4658203125
2491447,25.32958984375
2491540,28.13720703125
2491595,24.658203125
2491678,36.2548828125
2491703,24.5361328125
2491786,26.2451171875
2491797,25.69580078125
2491845,27.89306640625
2491973,28.50341796875
2535361,24.658203125
2535400,136.71875
2535464,32.40966796875
2535490,141.9677734375
2535510,31.1279296875
2535520,24.84130859375
2535548,65.49072265625
2535562,59.26513671875
2535580,103.69873046875
2535598,57.80029296875
2535614,62.98828125
2535639,40.34423828125
2535653,34.60693359375
2535680,37.2314453125
2535700,31.73828125
2535715,30.70068359375
2535739,46.93603515625
2535767,31.43310546875
2535779,40.283203125
2535829,28.6865234375
2535857,37.109375
2535870,27.64892578125
2535893,32.65380859375
2535943,29.47998046875
2535996,24.47509765625
2536054,26.3671875
2536099,23.98681640625
2536135,25.93994140625
2536221,24.0478515625
2536278,28.076171875
2536312,25.69580078125
2536523,24.84130859375
2536723,24.658203125
2536874,24.84130859375
2536911,26.85546875
2591941,24.47509765625
2592017,24.169921875
2592035,143.06640625
2592067,41.68701171875
2592091,27.40478515625
2592111,115.6005859375
2592127,27.52685546875
2592156,62.92724609375
2592168,32.28759765625
2592190,112.4267578125
2592207,40.6494140625
2592231,70.6787109375
2592242,27.9541015625
2592261,43.3349609375
2592282,29.6630859375
2592302,28.13720703125
2592316,29.78515625
2592340,31.67724609375
2592355,43.64013671875
2592377,32.3486328125
2592387,36.7431640625
2592418,28.50341796875
2592444,30.029296875
2592468,26.3671875
2592483,25.87890625
2592497,28.25927734375
2592540,27.7099609375
2592569,25.93994140625
2592607,27.52685546875
2592940,26.7333984375
2593197,24.35302734375
2593467,26.4892578125
2593799,28.01513671875
2603295,28.01513671875
2603366,25.634765625
2603394,119.62890625
2603414,27.099609375
2603448,26.4892578125
2603549,99.609375
2603566,29.11376953125
2603596,28.13720703125
2603623,42.17529296875
2603653,86.97509765625
2603680,41.80908203125
2603711,50.59814453125
2603742,47.66845703125
2603767,38.2080078125
2603793,58.2275390625
2603805,99.7314453125
2603816,56.94580078125
2603833,84.77783203125
2603855,48.9501953125
2603873,44.49462890625
2603885,38.0859375
2603901,30.029296875
2603922,29.11376953125
2603956,28.3203125
2603986,31.25
2604018,32.89794921875
2604044,31.73828125
2604077,26.123046875
2604101,28.01513671875
2604115,24.2919921875
2604188,27.64892578125
2604222,30.70068359375
2604283,26.42822265625
2604344,28.80859375
2604583,25.5126953125
2604599,29.9072265625
2604639,23.98681640625
2604985,26.9775390625
2678156,26.3671875
2678175,153.38134765625
2678199,29.6630859375
2678230,39.36767578125
2678248,30.1513671875
2678276,40.0390625
2678298,51.26953125
2678322,42.96875
2678337,34.912109375
2678355,148.98681640625
2678395,82.45849609375
2678420,44.98291015625
2678434,29.23583984375
2678454,40.71044921875
2678475,24.7802734375
2678495,48.40087890625
2678515,27.9541015625
2678591,30.2734375
2678637,27.587890625
2678699,25.20751953125
2678750,28.38134765625
2678777,24.658203125
2678805,33.87451171875
2678864,23.98681640625
2678896,26.2451171875
2678933,26.123046875
2679007,31.18896484375
2679322,24.7802734375
2679531,30.57861328125
2679665,25.93994140625
2679722,25.69580078125
2736047,115.66162109375
2736062,30.3955078125
2736089,24.35302734375
2736122,124.8779296875
2736150,33.203125
2736179,92.8955078125
2736190,110.4736328125
2736216,44.189453125
2736240,67.5048828125
2736255,42.78564453125
2736271,31.18896484375
2736287,24.5361328125
2736308,27.40478515625
2736322,33.935546875
2736346,39.48974609375
2736370,31.67724609375
2736394,34.5458984375
2736417,34.36279296875
2736427,26.7333984375
2736460,30.82275390625
2736488,36.4990234375
2736555,37.59765625
2736643,24.47509765625
2736797,24.7802734375
2736896,24.5361328125
2736970,25.146484375
2737022,25.0244140625
2737114,26.55029296875
2737235,24.7802734375
2737363,25.5126953125
2737408,29.1748046875
2737460,24.23095703125
2737556,24.84130859375
2737585,24.23095703125
2859702,24.90234375
2859723,32.71484375
2859750,33.935546875
2859778,109.130859375
2859815,54.62646484375
2859836,116.2109375
2859870,38.02490234375
2859889,36.7431640625
2859916,36.62109375
2859935,40.283203125
2859955,38.6962890625
2859991,46.81396484375
2860020,31.06689453125
2860046,32.53173828125
2860068,33.3251953125
2860099,27.40478515625
2860154,32.3486328125
2860167,24.2919921875
2860192,29.4189453125
2860231,24.35302734375
2860255,27.28271484375
2860298,28.99169921875
2860321,24.23095703125
2860383,25.390625
2860449,29.9072265625
2860637,25.2685546875
2860740,25.32958984375
2860940,24.10888671875
2869092,24.59716796875
2869112,28.86962890625
2869163,133.4228515625
2869177,24.0478515625
2869208,31.18896484375
2869246,24.90234375
2869273,24.169921875
2869299,133.85009765625
2869329,34.1796875
2869350,26.79443359375
2869377,54.19921875
2869400,25.69580078125
2869413,91.12548828125
2869446,27.7099609375
2869477,29.9072265625
2869503,52.30712890625
2869532,30.517578125
2869547,62.98828125
2869568,33.14208984375
2869596,53.22265625
2869608,72.998046875
2869628,26.7333984375
2869647,45.7763671875
2869670,39.97802734375
2869686,41.68701171875
2869700,29.60205078125
2869724,26.123046875
2869734,27.587890625
2869760,32.28759765625
2869779,54.931640625
2869798,32.71484375
2869820,25.5126953125
2869855,30.82275390625
2869919,34.72900390625
2869950,26.79443359375
2870005,28.25927734375
2870016,30.70068359375
2870139,23.92578125
2870636,28.99169921875
2870773,23.92578125
2870791,27.03857421875
2870952,28.25927734375
2871001,24.96337890625
2971734,104.43115234375
2971749,29.9072265625
2971781,29.72412109375
2971801,91.4306640625
2971825,45.83740234375
2971857,147.705078125
2971875,36.31591796875
2971896,84.04541015625
2971912,33.75244140625
2971925,29.11376953125
2971947,33.935546875
2971961,41.748046875
2971982,33.87451171875
2972004,53.64990234375
2972020,25.20751953125
2972044,32.71484375
2972074,28.13720703125
2972090,26.0009765625
2972118,31.73828125
2972142,38.6962890625
2972163,31.55517578125
2972187,27.40478515625
2972250,26.3671875
2972285,24.96337890625
2972318,28.25927734375
2972726,24.47509765625
2972810,27.2216796875
2973042,23.98681640625
2973102,24.5361328125
2980491,25.87890625
2980535,101.5625
2980657,28.86962890625
2980742,25.390625
2980761,26.0009765625
2980810,28.564453125
2980840,104.8583984375
2980885,28.01513671875
2980924,25.93994140625
2980939,26.0009765625
2980950,92.59033203125
2981016,25.634765625
2981040,24.169921875
2981067,78.0029296875
2981092,52.30712890625
2981116,25.81787109375
2981145,33.50830078125
2981156,29.541015625
2981169,34.97314453125
2981191,36.865234375
2981211,101.50146484375
2981238,42.724609375
2981254,38.63525390625
2981284,42.41943359375
2981294,44.189453125
2981322,30.70068359375
2981350,27.40478515625
2981363,25.0244140625
2981382,33.935546875
2981409,39.6728515625
2981427,31.31103515625
2981489,29.4189453125
2981537,25.69580078125
2981570,34.423828125
2981597,26.91650390625
2981762,24.71923828125
2982004,29.4189453125
2982411,31.8603515625
2982676,24.0478515625
3060279,26.91650390625
3060291,27.52685546875
3060311,122.49755859375
3060323,33.69140625
3060351,34.912109375
3060379,83.1298828125
3060397,30.94482421875
3060425,90.6982421875
3060442,118.46923828125
3060475,67.19970703125
3060493,28.4423828125
3060511,52.67333984375
3060528,30.45654296875
3060538,36.43798828125
3060552,36.7431640625
3060572,42.48046875
3060588,39.85595703125
3060623,32.5927734375
3060685,30.6396484375
3060714,29.23583984375
3060743,26.2451171875
3060756,29.35791015625
3060807,31.1279296875
3060840,27.587890625
3060870,24.7802734375
3061339,24.10888671875
3061359,25.5126953125
3061500,25.0244140625
3061708,25.81787109375
3061762,29.84619140625
3070707,117.67578125
3070722,34.11865234375
3070827,29.296875
3070837,26.06201171875
3070869,37.353515625
3070879,121.9482421875
3070922,24.7802734375
3070945,25.81787109375
3070961,27.89306640625
3070995,85.693359375
3071014,28.74755859375
3071041,60.60791015625
3071057,37.9638671875
3071090,66.46728515625
3071120,29.6630859375
3071151,90.02685546875
3071173,39.0625
3071185,61.8896484375
3071212,42.236328125
3071229,61.03515625
3071248,35.70556640625
3071259,34.66796875
3071277,37.7197265625
3071289,24.59716796875
3071309,36.0107421875
3071326,29.1748046875
3071346,25.57373046875
3071366,28.9306640625
3071377,25.32958984375
3071391,24.35302734375
3071436,26.42822265625
3071520,26.85546875
3071562,28.01513671875
3071620,31.3720703125
3071824,28.86962890625
3071919,27.03857421875
3071945,27.34375
3071965,26.79443359375
3072053,27.4658203125
3072505,24.23095703125
3151514,29.84619140625
3151533,137.6953125
3151566,28.99169921875
3151576,29.4189453125
3151603,39.306640625
3151633,103.45458984375
3151654,24.0478515625
3151684,49.1943359375
3151700,113.8916015625
3151712,62.80517578125
3151741,73.05908203125
3151755,31.43310546875
3151768,38.9404296875
3151787,24.2919921875
3151797,33.50830078125
3151812,27.9541015625
3151824,35.888671875
3151848,39.61181640625
3151875,40.10009765625
3151888,24.2919921875
3151903,34.60693359375
3151955,27.28271484375
3151981,26.0009765625
3152014,25.08544921875
3152085,24.96337890625
3152121,23.98681640625
3152140,27.7099609375
3152157,24.71923828125
3152168,27.9541015625
3152634,25.81787109375
3152669,24.0478515625
3152710,24.5361328125
3153054,24.0478515625
3153113,27.52685546875
3153173,31.6162109375
3153334,24.4140625
3166033,26.67236328125
3166046,141.29638671875
3166093,30.57861328125
3166119,29.47998046875
3166159,39.9169921875
3166176,93.3837890625
3166198,26.85546875
3166210,46.20361328125
3166257,27.28271484375
3166272,62.43896484375
3166298,40.46630859375
3166328,34.3017578125
3166356,131.7138671875
3166367,43.64013671875
3166403,45.10498046875
3166423,38.39111328125
3166470,30.6396484375
3166490,39.85595703125
3166506,38.6962890625
3166527,29.35791015625
3166542,33.87451171875
3166569,25.08544921875
3166590,27.03857421875
3166615,41.9921875
3166656,25.45166015625
3166675,24.10888671875
3166704,31.25
3166739,27.34375
3167339,25.45166015625
3167360,23.92578125
3167379,26.30615234375
3167496,24.7802734375
3167648,26.7333984375
3243750,26.7333984375
3243761,135.43701171875
3243811,31.25
3243821,29.60205078125
3243833,107.72705078125
3243879,96.3134765625
3243891,31.31103515625
3243910,106.8115234375
3243939,40.0390625
3243972,49.560546875
3243990,36.7431640625
3244008,38.51318359375
3244028,26.3671875
3244038,29.4189453125
3244050,30.70068359375
3244079,32.470703125
3244095,28.076171875
3244107,40.95458984375
3244124,46.142578125
3244149,33.935546875
3244165,31.43310546875
3244212,26.67236328125
3244260,26.79443359375
3244295,31.982421875
3244369,24.2919921875
3244431,25.2685546875
3244461,24.4140625
3244603,24.2919921875
3244675,28.25927734375
3244698,29.60205078125
3244806,25.146484375
3244869,30.33447265625
3244978,31.1279296875
3245106,25.7568359375
3245235,26.42822265625
3245469,24.10888671875
3308767,147.39990234375
3308786,33.26416015625
3308798,26.30615234375
3308825,42.29736328125
3308835,58.9599609375
3308869,40.34423828125
3308901,68.42041015625
3308921,140.07568359375
3308943,41.6259765625
3308975,41.93115234375
3308985,46.32568359375
3309009,29.72412109375
3309034,31.92138671875
3309049,31.494140625
3309064,28.62548828125
3309074,27.7099609375
3309095,27.40478515625
3309109,40.34423828125
3309129,28.9306640625
3309143,25.08544921875
3309174,25.634765625
3309193,29.23583984375
3309205,26.55029296875
3309303,27.52685546875
3309328,24.2919921875
3309376,24.59716796875
3309433,30.94482421875
3309536,29.9072265625
3309558,25.2685546875
3309634,31.1279296875
3310038,27.64892578125
3310080,24.4140625
3310127,26.3671875
3310171,25.146484375
3310361,25.93994140625
3363210,136.41357421875
3363244,41.3818359375
3363257,24.5361328125
3363290,24.10888671875
3363304,118.95751953125
3363331,41.68701171875
3363362,72.3876953125
3363386,122.98583984375
3363408,81.0546875
3363431,65.12451171875
3363453,46.20361328125
3363480,30.029296875
3363500,28.38134765625
3363513,26.91650390625
3363526,31.25
3363579,27.16064453125
3363593,31.18896484375
3363612,32.8369140625
3363623,27.9541015625
3363646,35.64453125
3363692,36.68212890625
3363714,36.62109375
3363763,25.634765625
3363815,27.28271484375
3363923,25.57373046875
3363963,24.10888671875
3364089,27.587890625
3364136,29.541015625
3364431,27.2216796875
3364559,26.611328125
3423698,110.04638671875
3423714,29.47998046875
3423725,24.47509765625
3423738,24.47509765625
3423780,125.06103515625
3423791,36.68212890625
3423817,29.052734375
3423851,67.07763671875
3423873,93.81103515625
3423883,96.49658203125
3423921,49.98779296875
3423934,47.05810546875
3423947,31.92138671875
3423971,26.67236328125
3423987,31.55517578125
3423997,34.60693359375
3424008,28.6865234375
3424019,39.73388671875
3424037,34.11865234375
3424051,27.83203125
3424079,44.61669921875
3424098,30.45654296875
3424133,26.55029296875
3424167,29.052734375
3424190,29.296875
3424216,27.9541015625
3424267,24.169921875
3424431,24.658203125
3424504,26.123046875
3424763,24.7802734375
3523752,25.2685546875
3523765,123.47412109375
3523805,31.494140625
3523833,78.125
3523847,40.58837890625
3523875,33.38623046875
3523900,54.19921875
3523920,156.6162109375
3523945,49.9267578125
3523957,47.79052734375
3523989,28.076171875
3523999,43.27392578125
3524023,50.96435546875
3524036,33.447265625
3524061,31.494140625
3524090,23.98681640625
3524120,30.8837890625
3524144,28.076171875
3524171,24.169921875
3524199,30.45654296875
3524246,24.658203125
3524263,26.18408203125
3524295,33.69140625
3524314,25.87890625
3524374,24.90234375
3524460,24.35302734375
3524504,24.84130859375
3524572,25.93994140625
3524800,24.658203125
3607945,162.9638671875
3607955,32.16552734375
3608009,41.9921875
3608025,107.84912109375
3608054,36.56005859375
3608085,128.60107421875
3608102,53.7109375
3608128,43.45703125
3608151,45.10498046875
3608183,31.25
3608203,33.5693359375
3608227,36.80419921875
3608239,52.67333984375
3608255,29.1748046875
3608275,26.0009765625
3608296,39.9169921875
3608319,26.7333984375
3608346,26.2451171875
3608364,26.4892578125
3608390,25.57373046875
3608428,27.34375
3608453,28.01513671875
3608469,35.7666015625
3608498,29.296875
3608709,24.7802734375
3608729,24.10888671875
3608900,25.390625
3609115,26.30615234375
3609189,29.052734375
3609249,25.93994140625
3609613,25.634765625
3618600,115.234375
3618626,25.32958984375
3618648,24.169921875
3618696,25.20751953125
3618719,24.2919921875
3618746,26.7333984375
3618780,114.013671875
3618796,38.4521484375
3618823,32.8369140625
3618842,27.7099609375
3618869,25.87890625
3618893,73.3642578125
3618915,43.88427734375
3618927,38.4521484375
3618956,46.0205078125
3618979,48.4619140625
3618996,30.029296875
3619012,54.931640625
3619027,105.65185546875
3619050,51.3916015625
3619073,52.55126953125
3619087,33.99658203125
3619105,24.658203125
3619132,33.0810546875
3619157,31.25
3619169,25.146484375
3619194,30.517578125
3619219,35.70556640625
3619257,26.55029296875
3619288,24.47509765625
3619305,26.3671875
3619342,26.7333984375
3619394,29.60205078125
3619411,31.43310546875
3619471,27.7099609375
3619573,28.25927734375
3619698,28.62548828125
3619795,26.91650390625
3619997,24.7802734375
3726058,32.40966796875
3726069,131.53076171875
3726085,24.71923828125
3726133,59.38720703125
3726145,40.283203125
3726168,34.36279296875
3726184,26.3671875
3726194,43.51806640625
3726206,144.95849609375
3726247,65.673828125
3726257,41.44287109375
3726273,41.32080078125
3726287,35.21728515625
3726308,29.60205078125
3726325,32.16552734375
3726340,33.0810546875
3726350,31.43310546875
3726372,30.21240234375
3726392,24.0478515625
3726406,27.77099609375
3726425,35.5224609375
3726442,25.93994140625
3726544,24.169921875
3726734,25.7568359375
3726904,24.96337890625
3727107,24.10888671875
3727172,25.57373046875
3727184,28.13720703125
3727344,25.146484375
3727373,24.23095703125
3727580,28.564453125
3734979,110.595703125
3734996,24.658203125
3735144,29.96826171875
3735232,35.400390625
3735278,24.4140625
3735361,127.01416015625
3735439,36.56005859375
3888284,131.2255859375
3888300,30.2734375
3888354,88.31787109375
3888369,24.0478515625
3888391,40.0390625
3888415,125.6103515625
3888426,60.60791015625
3888450,55.0537109375
3888463,39.4287109375
3888477,42.78564453125
3888489,43.64013671875
3888508,32.16552734375
3888526,31.005859375
3888548,32.40966796875
3888561,37.17041015625
3888587,45.83740234375
3888609,26.30615234375
3888632,32.5927734375
3888652,28.25927734375
3888667,30.6396484375
3888721,25.20751953125
3888753,27.2216796875
3888814,32.77587890625
3888929,27.03857421875
3889248,26.2451171875
3889360,24.4140625
3889409,25.45166015625
3889768,26.611328125
3889953,25.0244140625
3897436,24.658203125
3897506,130.43212890625
3897617,33.14208984375
3897644,35.70556640625
3897664,106.8115234375
3897684,25.32958984375
3897701,28.38134765625
3897728,37.53662109375
3897772,24.5361328125
3897795,76.416015625
3897825,47.66845703125
3897842,34.7900390625
3897871,37.04833984375
3897892,48.2177734375
3897923,49.25537109375
3897955,60.97412109375
3897968,87.58544921875
3897983,31.79931640625
3898010,56.396484375
3898047,47.91259765625
3898059,35.15625
3898099,25.0244140625
3898129,26.67236328125
3898156,29.11376953125
3898171,25.08544921875
3898201,27.03857421875
3898220,28.25927734375
3898250,36.07177734375
3898362,24.47509765625
3898380,29.4189453125
3898439,24.90234375
3898503,29.541015625
3898607,28.3203125
3898735,25.32958984375
3898773,29.11376953125
3898812,26.3671875
3898893,30.21240234375
3899177,23.98681640625
3982921,129.8828125
3982935,40.283203125
3982996,85.75439453125
3983033,46.2646484375
3983048,92.95654296875
3983059,93.81103515625
3983095,68.2373046875
3983111,48.4619140625
3983122,59.2041015625
3983138,24.23095703125
3983148,29.6630859375
3983161,37.29248046875
3983180,31.43310546875
3983202,24.59716796875
3983222,33.935546875
3983243,40.0390625
3983260,27.77099609375
3983282,32.77587890625
3983302,25.93994140625
3983336,30.94482421875
3983359,25.45166015625
3983401,25.634765625
3983426,24.169921875
3983574,32.470703125
3983617,29.541015625
3983739,24.59716796875
3983926,28.25927734375
3984010,24.5361328125
3984124,24.5361328125
3984168,24.90234375
3984205,24.169921875
3984271,25.5126953125
3984354,25.7568359375
3991747,32.40966796875
3991968,119.07958984375
3992123,29.47998046875
3992144,27.28271484375
3992220,119.56787109375
3992241,30.3955078125
3992256,27.40478515625
3992352,24.169921875
3992381,38.87939453125
3992408,23.92578125
3992432,64.02587890625
3992448,41.80908203125
3992464,40.83251953125
3992504,32.8369140625
3992533,119.384765625
3992554,56.640625
3992578,62.01171875
3992599,51.513671875
3992618,50.59814453125
3992646,46.7529296875
3992688,37.29248046875
3992704,29.35791015625
3992739,30.3955078125
3992783,24.35302734375
3992811,29.72412109375
3992837,36.56005859375
3992867,35.70556640625
3992912,34.7900390625
3992939,26.06201171875
3993009,32.3486328125
3993087,27.40478515625
3993196,28.74755859375
3993256,26.06201171875
3993325,24.84130859375
3993754,24.10888671875
4105048,129.69970703125
4105085,38.2080078125
4105110,84.16748046875
4105131,24.71923828125
4105159,122.4365234375
4105172,45.34912109375
4105197,69.7021484375
4105220,46.0205078125
4105235,34.1796875
4105253,31.92138671875
4105273,36.80419921875
4105295,44.677734375
4105316,23.92578125
4105343,26.85546875
4105367,27.03857421875
4105379,28.076171875
4105401,45.0439453125
4105420,26.9775390625
4105451,24.96337890625
4105494,29.23583984375
4105518,33.14208984375
4105533,24.90234375
4105576,25.7568359375
4105588,24.2919921875
4105682,28.564453125
4105868,24.2919921875
4105938,24.90234375
4106061,24.71923828125
4106089,26.18408203125
4106335,26.2451171875
4106625,27.40478515625
4106655,24.169921875
4113715,25.5126953125
4113923,124.81689453125
4114112,25.87890625
4114147,23.98681640625
4114168,129.5166015625
4114220,34.36279296875
4114244,29.6630859375
4114314,111.328125
4114340,26.06201171875
4114357,34.11865234375
4114422,79.65087890625
4114435,42.54150390625
4114450,28.86962890625
4114485,50.9033203125
4114496,25.32958984375
4114524,47.2412109375
4114543,36.43798828125
4114555,35.58349609375
4114567,54.50439453125
4114602,96.13037109375
4114631,40.83251953125
4114647,90.14892578125
4114675,48.40087890625
4114691,39.97802734375
4114704,27.2216796875
4114726,36.0107421875
4114758,29.052734375
4114768,33.99658203125
4114789,28.13720703125
4114809,31.6162109375
4114851,27.16064453125
4114891,43.02978515625
4114927,25.7568359375
4114980,26.4892578125
4115036,24.59716796875
4115073,27.099609375
4115175,25.20751953125
4115199,27.34375
4115237,26.123046875
4115265,24.658203125
4115628,23.98681640625
4115717,24.2919921875
4115895,23.98681640625
4116008,25.0244140625
4192912,122.25341796875
4192930,25.20751953125
4192958,41.8701171875
4192980,86.181640625
4193006,23.92578125
4193027,24.658203125
4193047,168.3349609375
4193086,40.8935546875
4193105,49.49951171875
4193116,38.4521484375
4193149,46.875
4193192,36.68212890625
4193216,31.3720703125
4193251,48.7060546875
4193272,39.306640625
4193304,28.25927734375
4193332,25.32958984375
4193345,28.4423828125
4193390,32.470703125
4193437,24.5361328125
4193506,26.3671875
4193569,24.59716796875
4193777,25.45166015625
4193957,27.9541015625
4194043,26.123046875
4194205,27.2216796875
4194272,25.32958984375
4202778,25.69580078125
4202839,25.634765625
4202876,109.92431640625
4202961,29.296875
4202989,111.572265625
4203015,24.5361328125
4203055,33.02001953125
4203083,32.65380859375
4203116,23.92578125
4203148,28.3203125
4203180,108.7646484375
4203207,27.89306640625
4203225,34.11865234375
4203244,46.38671875
4203269,29.35791015625
4203279,25.146484375
4203289,66.650390625
4203319,33.69140625
4203329,31.25
4203372,59.99755859375
4203399,122.61962890625
4203416,64.208984375
4203442,66.650390625
4203468,53.28369140625
4203495,36.80419921875
4203515,36.0107421875
4203530,29.541015625
4203546,35.21728515625
4203572,29.23583984375
4203623,24.0478515625
4203679,24.10888671875
4203728,26.30615234375
4203792,24.23095703125
4204231,24.84130859375
4204387,27.34375
4204603,26.85546875
4276981,30.3955078125
4277000,24.59716796875
4277026,109.68017578125
4277053,31.005859375
4277089,32.958984375
4277106,99.79248046875
4277133,38.39111328125
4277161,118.65234375
4277173,93.44482421875
4277202,86.181640625
4277219,31.1279296875
4277241,40.95458984375
4277255,38.57421875
4277275,32.3486328125
4277304,45.654296875
4277322,43.45703125
4277344,44.0673828125
4277367,27.03857421875
4277389,32.470703125
4277412,36.80419921875
4277423,25.08544921875
4277459,23.98681640625
4277488,34.66796875
4277499,27.40478515625
4277644,24.84130859375
4277806,26.9775390625
4278094,27.7099609375
4278422,31.6162109375
4278623,25.32958984375
4278634,25.634765625
4318104,25.87890625
4318127,128.47900390625
4318173,24.84130859375
4318189,56.2744140625
4318210,94.05517578125
4318221,28.74755859375
4318244,58.9599609375
4318272,39.6728515625
4318301,92.529296875
4318325,68.78662109375
4318345,52.8564453125
4318357,36.56005859375
4318377,24.2919921875
4318399,27.4658203125
4318410,35.58349609375
4318422,37.353515625
4318449,43.701171875
4318460,25.93994140625
4318489,29.23583984375
4318499,28.6865234375
4318553,29.4189453125
4318572,27.40478515625
4318614,24.47509765625
4318632,26.67236328125
4319662,24.0478515625
4366328,109.43603515625
4366346,26.30615234375
4366369,31.6162109375
4366408,37.04833984375
4366418,125.8544921875
4366467,72.93701171875
4366494,47.91259765625
4366506,143.06640625
4366533,73.974609375
4366551,50.96435546875
4366576,54.13818359375
4366587,31.06689453125
4366611,26.42822265625
4366632,41.8701171875
4366643,45.8984375
4366654,37.109375
4366683,36.4990234375
4366700,29.1748046875
4366724,29.72412109375
4366751,25.45166015625
4366780,24.35302734375
4366790,31.8603515625
4366826,26.18408203125
4366853,25.57373046875
4366874,27.16064453125
4366920,38.39111328125
4367176,24.7802734375
4367494,24.96337890625
4367651,30.1513671875
4424432,24.84130859375
4424522,113.6474609375
4424538,30.21240234375
4424594,39.1845703125
4424611,88.56201171875
4424650,42.66357421875
4424668,31.8603515625
4424690,107.72705078125
4424706,28.9306640625
4424726,89.17236328125
4424751,52.6123046875
4424761,29.9072265625
4424775,29.052734375
4424791,46.38671875
4424813,32.3486328125
4424834,28.13720703125
4424854,25.32958984375
4424874,26.4892578125
4424887,25.146484375
4424910,28.076171875
4424942,25.87890625
4424959,30.3955078125
4424985,28.62548828125
4425036,26.30615234375
4425118,26.4892578125
4425195,23.92578125
4425575,25.08544921875
4425795,24.5361328125
4425878,24.2919921875
4426066,24.35302734375
4562474,25.69580078125
4562538,141.357421875
4562562,37.04833984375
4562573,30.21240234375
4562602,78.30810546875
4562623,29.23583984375
4562641,38.330078125
4562658,100.89111328125
4562701,57.373046875
4562732,56.45751953125
4562750,29.84619140625
4562767,32.65380859375
4562786,35.58349609375
4562825,33.0810546875
4562848,32.2265625
4562859,26.123046875
4562872,27.77099609375
4562909,27.03857421875
4562946,27.40478515625
4562972,24.84130859375
4562984,24.23095703125
4563030,31.67724609375
4563107,27.34375
4563151,25.0244140625
4563312,27.2216796875
4563422,26.611328125
4563469,25.0244140625
4563801,24.23095703125
4563999,27.7099609375
4564110,24.23095703125
4572069,26.42822265625
4572144,118.34716796875
4572183,33.447265625
4572269,24.2919921875
4572359,28.13720703125
4572381,115.3564453125
4572417,31.73828125
4572450,24.47509765625
4572474,71.6552734375
4572517,32.04345703125
4572535,31.43310546875
4572547,30.57861328125
4572569,25.7568359375
4572591,76.59912109375
4572618,37.53662109375
4572641,29.296875
4572652,25.2685546875
4572688,67.0166015625
4572703,100.4638671875
4572719,56.7626953125
4572743,53.955078125
4572759,27.4658203125
4572771,35.82763671875
4572792,36.68212890625
4572813,30.1513671875
4572877,33.50830078125
4572901,34.72900390625
4572911,29.35791015625
4572947,23.92578125
4572974,24.2919921875
4573022,26.91650390625
4573055,28.4423828125
4573074,25.93994140625
4573095,24.47509765625
4573109,25.87890625
4573158,28.99169921875
4573258,25.08544921875
4573457,25.2685546875
4574096,27.2216796875
4620474,24.2919921875
4620560,119.32373046875
4620572,24.2919921875
4620617,24.96337890625
4620650,41.19873046875
4620672,96.5576171875
4620688,34.60693359375
4620702,38.39111328125
4620721,24.90234375
4620747,121.64306640625
4620767,51.08642578125
4620790,88.31787109375
4620801,40.83251953125
4620827,47.66845703125
4620838,29.6630859375
4620861,32.71484375
4620873,34.36279296875
4620893,38.02490234375
4620907,27.03857421875
4620935,42.724609375
4620955,26.9775390625
4621019,25.32958984375
4621034,26.42822265625
4621075,30.82275390625
4621151,24.169921875
4621171,24.71923828125
4621204,27.7099609375
4621293,33.02001953125
4621362,25.32958984375
4621710,25.7568359375
4621744,26.4892578125
4622031,29.23583984375
4674060,132.14111328125
4674076,28.38134765625
4674123,26.2451171875
4674149,87.2802734375
4674174,25.2685546875
4674194,36.62109375
4674216,75.62255859375
4674238,58.59375
4674249,81.84814453125
4674268,78.369140625
4674284,37.59765625
4674300,29.9072265625
4674321,34.1796875
4674336,37.41455078125
4674365,34.3017578125
4674382,46.9970703125
4674408,32.5927734375
4674427,30.029296875
4674438,32.28759765625
4674483,26.123046875
4674505,30.6396484375
4674547,28.076171875
4674602,23.98681640625
4674638,26.3671875
4674723,29.84619140625
4675175,33.8134765625
4675314,24.658203125
4675471,24.71923828125
4758904,137.63427734375
4758941,26.91650390625
4758954,32.40966796875
4758968,27.4658203125
4758995,45.22705078125
4759007,58.16650390625
4759035,24.96337890625
4759056,34.912109375
4759069,111.4501953125
4759097,46.20361328125
4759111,68.4814453125
4759145,64.8193359375
4759157,28.86962890625
4759175,40.1611328125
4759199,30.33447265625
4759226,25.57373046875
4759246,26.9775390625
4759280,24.10888671875
4759294,34.48486328125
4759305,41.68701171875
4759330,26.2451171875
4759353,30.94482421875
4759392,30.1513671875
4759427,29.052734375
4759457,25.20751953125
4759542,26.4892578125
4760242,24.35302734375
4760329,24.2919921875
