4798401,0
36277,31.79931640625
42738,29.23583984375
42773,30.1513671875
42788,39.97802734375
42811,101.01318359375
42849,51.20849609375
42874,40.771484375
42907,107.84912109375
42924,102.9052734375
42941,50.6591796875
42966,77.7587890625
42985,61.279296875
42996,64.0869140625
43021,90.27099609375
43046,50.1708984375
43073,77.2705078125
43088,37.59765625
43100,47.36328125
43123,81.11572265625
43137,54.931640625
43154,50.23193359375
43173,40.4052734375
43187,48.828125
43211,51.513671875
43227,30.6396484375
43258,36.865234375
43274,39.4287109375
43302,52.1240234375
43312,36.07177734375
43352,47.66845703125
43373,32.470703125
43399,34.85107421875
43443,32.77587890625
43484,34.85107421875
43535,31.06689453125
43617,31.43310546875
44143,29.6630859375
44445,33.38623046875
44568,31.79931640625
44623,32.5927734375
44688,29.9072265625
44934,29.84619140625
45197,33.38623046875
45351,29.96826171875
45804,29.35791015625
45900,29.296875
46028,32.5927734375
46114,36.0107421875
46385,33.69140625
46577,33.38623046875
46756,29.23583984375
47019,31.79931640625
47159,29.60205078125
47418,29.296875
47452,37.78076171875
48183,31.31103515625
48249,31.79931640625
48530,38.57421875
48721,29.23583984375
48939,34.3017578125
49134,44.5556640625
49185,32.8369140625
49365,30.76171875
49576,30.2734375
125613,31.79931640625
180877,32.16552734375
180918,40.34423828125
180931,34.1796875
180959,118.22509765625
180990,56.640625
181006,90.33203125
181034,151.611328125
181046,69.15283203125
181078,54.87060546875
181095,109.2529296875
181105,41.3818359375
181115,41.19873046875
181144,58.89892578125
181159,45.0439453125
181172,44.25048828125
181194,36.31591796875
181210,59.50927734375
181246,60.9130859375
181258,63.78173828125
181274,34.85107421875
181298,58.4716796875
181318,38.0859375
181339,38.6962890625
181357,43.64013671875
181392,39.306640625
181422,34.912109375
181451,40.771484375
181476,31.005859375
181497,43.76220703125
181540,33.5693359375
181564,31.1279296875
181591,32.958984375
182433,33.99658203125
182635,32.53173828125
182932,30.09033203125
183012,30.029296875
183089,29.23583984375
183170,34.36279296875
183443,33.26416015625
183518,32.53173828125
183683,31.55517578125
183782,34.423828125
183913,31.55517578125
184023,37.59765625
184287,33.935546875
184360,32.04345703125
184656,31.005859375
185069,33.14208984375
185190,29.78515625
185403,34.423828125
185633,35.82763671875
185900,29.4189453125
185971,33.0810546875
186010,32.71484375
186262,30.029296875
186364,33.203125
186381,29.296875
186458,33.447265625
186881,36.62109375
187085,38.6962890625
187362,44.0673828125
187614,40.283203125
239740,29.296875
279266,29.23583984375
328914,38.4521484375
328940,77.1484375
328966,82.03125
328982,126.89208984375
329003,58.349609375
329032,96.8017578125
329068,109.86328125
329082,99.79248046875
329096,45.47119140625
329114,105.712890625
329128,66.22314453125
329155,39.97802734375
329175,85.44921875
329194,49.62158203125
329215,47.119140625
329239,45.7763671875
329258,44.677734375
329281,56.15234375
329295,38.51318359375
329319,33.5693359375
329333,36.68212890625
329350,34.11865234375
329381,47.8515625
329406,31.06689453125
329427,41.259765625
329440,29.541015625
329464,36.7431640625
329481,29.78515625
329515,30.517578125
330027,29.9072265625
330611,31.494140625
330690,29.35791015625
330811,29.60205078125
330880,30.3955078125
331124,29.78515625
331145,34.423828125
331298,29.6630859375
331471,36.0107421875
331602,30.45654296875
331889,34.1796875
332013,32.8369140625
332109,31.494140625
332214,31.73828125
332385,29.296875
332598,29.541015625
332716,33.02001953125
333410,31.31103515625
333474,29.6630859375
333587,33.99658203125
333711,31.73828125
333855,36.31591796875
333983,30.70068359375
334128,30.1513671875
334392,30.21240234375
334694,37.841796875
334844,34.7900390625
335027,45.10498046875
335325,47.18017578125
335816,37.78076171875
471707,30.09033203125
471732,37.78076171875
471751,38.51318359375
471779,58.59375
471800,73.66943359375
471811,47.42431640625
471825,123.22998046875
471836,78.43017578125
471866,62.98828125
471896,114.501953125
471907,62.56103515625
471929,37.4755859375
471948,79.58984375
471961,36.43798828125
471989,67.32177734375
472017,48.27880859375
472038,39.85595703125
472059,31.005859375
472077,46.2646484375
472094,39.00146484375
472110,42.05322265625
472130,41.68701171875
472145,31.79931640625
472173,37.841796875
472210,31.73828125
472232,30.09033203125
472273,41.19873046875
472414,34.72900390625
472512,30.57861328125
472603,30.33447265625
473111,29.23583984375
473246,30.029296875
473269,35.2783203125
473304,33.14208984375
473444,29.541015625
473491,29.4189453125
473524,34.36279296875
473610,40.52734375
473731,29.60205078125
474056,31.43310546875
474246,29.96826171875
474939,35.58349609375
475377,31.005859375
475617,33.75244140625
475853,30.6396484375
475870,30.82275390625
476060,31.92138671875
476230,29.60205078125
476374,37.65869140625
476748,29.4189453125
476880,34.66796875
477017,31.73828125
477140,29.35791015625
477307,30.70068359375
477470,39.55078125
477680,38.02490234375
477752,33.02001953125
477799,34.1796875
477926,34.48486328125
478054,30.94482421875
478136,31.43310546875
478165,54.931640625
478202,31.18896484375
478340,33.5693359375
478547,35.46142578125
478608,29.72412109375
590738,29.60205078125
590765,42.1142578125
590785,34.5458984375
590814,60.48583984375
590839,64.27001953125
590851,55.11474609375
590861,153.1982421875
590881,70.1904296875
590893,62.01171875
590913,62.5
590938,112.97607421875
590962,62.255859375
590987,62.744140625
591001,43.27392578125
591020,59.02099609375
591036,62.80517578125
591056,63.96484375
591066,56.884765625
591090,56.33544921875
591105,42.1142578125
591140,50.59814453125
591167,45.95947265625
591186,30.1513671875
591205,43.88427734375
591222,44.189453125
591247,36.0107421875
591284,33.0810546875
591589,30.517578125
591715,29.4189453125
592065,29.47998046875
592460,42.1142578125
592599,29.96826171875
592750,29.47998046875
592888,29.4189453125
593278,30.82275390625
593391,33.8134765625
593492,32.5927734375
593753,35.15625
593860,30.21240234375
593988,34.24072265625
594164,29.60205078125
594187,31.1279296875
594338,29.96826171875
594354,31.6162109375
594446,31.3720703125
594540,29.296875
595092,42.236328125
595237,29.9072265625
595373,36.9873046875
595502,29.72412109375
595582,30.94482421875
595711,30.94482421875
595763,31.25
595842,32.28759765625
595878,32.470703125
595967,32.40966796875
596106,33.69140625
596210,31.3720703125
596234,33.69140625
596562,34.11865234375
596694,39.61181640625
596893,46.0205078125
597102,55.48095703125
597171,40.58837890625
597334,35.46142578125
622867,92.8955078125
622919,29.35791015625
622955,85.8154296875
623010,31.73828125
623055,79.77294921875
623098,53.03955078125
623185,53.3447265625
623250,87.21923828125
623274,52.24609375
623408,50.6591796875
709252,34.11865234375
709277,34.1796875
709290,33.87451171875
709304,40.0390625
709337,39.24560546875
709354,66.162109375
709371,38.26904296875
709381,121.88720703125
709405,66.95556640625
709416,59.4482421875
709436,101.98974609375
709449,79.89501953125
709477,66.40625
709496,48.583984375
709520,91.49169921875
709547,54.19921875
709561,48.4619140625
709582,33.63037109375
709602,48.33984375
709618,30.6396484375
709641,31.18896484375
709654,50.84228515625
709675,35.400390625
709724,33.0810546875
709736,65.673828125
709760,30.33447265625
709787,38.63525390625
709822,41.1376953125
709834,55.2978515625
709865,34.1796875
709954,33.69140625
710239,33.447265625
710734,31.3720703125
710864,32.40966796875
711014,29.60205078125
711207,31.25
711247,29.541015625
711465,31.005859375
711540,29.6630859375
711868,30.70068359375
712206,31.25
712772,35.7666015625
712871,34.11865234375
713254,31.92138671875
713429,30.09033203125
713481,33.63037109375
713619,35.0341796875
713851,35.70556640625
714097,32.8369140625
714218,32.65380859375
714286,39.85595703125
714359,29.96826171875
714505,33.26416015625
714543,32.958984375
714640,35.0341796875
714747,30.6396484375
714782,31.6162109375
714968,30.82275390625
715075,32.16552734375
715253,34.66796875
715418,41.56494140625
715662,31.1279296875
715682,34.11865234375
715887,46.2646484375
715936,29.47998046875
716112,36.376953125
820987,29.47998046875
821093,31.3720703125
821104,73.3642578125
821137,94.90966796875
821162,66.10107421875
821186,108.5205078125
821203,90.75927734375
821228,118.408203125
821252,110.90087890625
821270,96.98486328125
821303,52.30712890625
821328,70.3125
821343,46.20361328125
821355,33.203125
821373,48.27880859375
821383,34.24072265625
821393,35.400390625
821416,56.396484375
821426,35.82763671875
821469,40.52734375
821480,36.19384765625
821519,38.63525390625
821547,29.72412109375
821567,33.75244140625
821590,34.60693359375
821628,31.31103515625
821668,29.4189453125
821709,38.75732421875
821754,29.60205078125
821790,34.24072265625
821977,29.4189453125
822555,31.06689453125
822619,29.72412109375
822936,30.33447265625
823041,31.982421875
823346,30.33447265625
823468,32.77587890625
823555,29.4189453125
823795,32.3486328125
823970,29.541015625
824182,30.517578125
824392,33.5693359375
824503,32.2265625
824685,33.0810546875
824981,29.4189453125
825055,33.99658203125
825271,32.3486328125
825302,36.1328125
825491,29.78515625
825635,30.94482421875
825660,30.09033203125
825772,31.005859375
825859,33.14208984375
825903,33.3251953125
826038,34.912109375
826188,31.1279296875
826322,35.2783203125
826444,29.47998046875
826464,32.04345703125
826510,31.982421875
826609,45.34912109375
826755,29.9072265625
826838,29.9072265625
826918,30.029296875
826941,30.6396484375
826962,47.18017578125
827102,29.23583984375
827121,44.37255859375
827310,32.53173828125
827357,31.005859375
827387,50.72021484375
827658,30.21240234375
985163,36.62109375
985190,35.5224609375
985206,73.486328125
985231,35.09521484375
985250,78.30810546875
985262,35.21728515625
985289,102.60009765625
985307,127.9296875
985317,50.537109375
985335,104.43115234375
985365,108.45947265625
985395,56.21337890625
985417,112.48779296875
985430,67.5048828125
985462,78.79638671875
985472,62.92724609375
985494,69.2138671875
985523,58.89892578125
985537,41.32080078125
985566,40.22216796875
985584,49.49951171875
985602,38.57421875
985612,46.875
985626,35.82763671875
985659,29.72412109375
985687,34.85107421875
985699,39.9169921875
985723,30.21240234375
985737,40.1611328125
985748,34.912109375
985904,29.4189453125
986067,30.1513671875
986489,29.72412109375
986612,31.79931640625
986643,29.541015625
986776,31.494140625
987094,29.96826171875
987143,33.0810546875
987269,30.09033203125
987362,31.43310546875
987560,31.982421875
987809,31.31103515625
987890,40.71044921875
988117,30.2734375
988270,30.3955078125
988495,31.18896484375
988521,29.60205078125
988609,35.33935546875
988723,31.79931640625
988770,30.029296875
988849,32.77587890625
988922,33.38623046875
989083,31.79931640625
989359,31.3720703125
989377,31.67724609375
989899,40.83251953125
989979,38.02490234375
990055,36.92626953125
990090,31.31103515625
990122,33.14208984375
990243,31.06689453125
990286,30.82275390625
990369,30.8837890625
990407,29.84619140625
990636,29.296875
990775,31.3720703125
990938,38.26904296875
991029,31.31103515625
991102,32.3486328125
991128,29.47998046875
991186,33.02001953125
991357,48.7060546875
991510,29.23583984375
1129532,32.28759765625
1129545,35.15625
1129570,34.1796875
1129607,49.1943359375
1129647,86.73095703125
1129668,77.20947265625
1129683,48.095703125
1129698,120.7275390625
1129729,99.365234375
1129753,63.65966796875
1129779,97.83935546875
1129805,114.74609375
1129830,81.72607421875
1129847,37.65869140625
1129868,36.865234375
1129887,43.212890625
1129910,58.16650390625
1129929,40.283203125
1129960,53.22265625
1129971,65.36865234375
1130001,44.98291015625
1130023,29.47998046875
1130052,31.06689453125
1130080,33.14208984375
1130100,41.015625
1130123,38.9404296875
1130144,44.25048828125
1130170,33.50830078125
1130183,32.16552734375
1130218,31.92138671875
1130326,32.28759765625
1130420,30.70068359375
1130659,29.296875
1130903,29.47998046875
1131068,30.45654296875
1131356,32.89794921875
1131687,33.0810546875
1131798,31.06689453125
1131855,29.23583984375
1131921,30.70068359375
1132694,31.494140625
1132798,34.912109375
1133011,34.85107421875
1133185,44.43359375
1133706,30.1513671875
1134059,32.8369140625
1134150,37.17041015625
1134313,31.982421875
1134464,29.9072265625
1134527,36.43798828125
1134567,31.494140625
1134587,35.46142578125
1134883,31.8603515625
1134953,36.376953125
1135094,31.18896484375
1135264,32.53173828125
1135442,39.55078125
1135576,39.24560546875
1135659,45.83740234375
1135686,32.28759765625
1135784,29.47998046875
1135817,34.72900390625
1135907,47.119140625
1135987,31.6162109375
1136188,36.62109375
1136216,30.517578125
1273852,32.77587890625
1273912,32.71484375
1273943,30.517578125
1273959,46.9970703125
1273995,78.0029296875
1274009,68.90869140625
1274019,56.640625
1274053,111.2060546875
1274073,109.375
1274106,52.1240234375
1274124,34.60693359375
1274146,114.74609375
1274161,57.55615234375
1274190,93.68896484375
1274211,97.2900390625
1274229,50.4150390625
1274248,50.1708984375
1274258,112.85400390625
1274284,65.0634765625
1274308,88.56201171875
1274320,34.3017578125
1274351,55.60302734375
1274366,62.01171875
1274407,48.828125
1274427,31.06689453125
1274441,45.71533203125
1274463,57.55615234375
1274474,48.828125
1274512,29.6630859375
1274532,29.78515625
1274558,32.958984375
1274614,30.33447265625
1274659,33.3251953125
1274697,34.7900390625
1274786,29.47998046875
1275678,29.35791015625
1275787,29.4189453125
1275838,29.96826171875
1276088,34.66796875
1276216,35.94970703125
1276610,29.60205078125
1276886,37.59765625
1277097,32.28759765625
1277278,34.48486328125
1277506,33.69140625
1277612,29.78515625
1277778,31.79931640625
1277838,30.45654296875
1277874,34.11865234375
1277961,37.17041015625
1278172,35.64453125
1278248,32.04345703125
1278299,34.60693359375
1278437,39.1845703125
1278453,36.68212890625
1278674,30.029296875
1278741,37.29248046875
1278946,40.46630859375
1278980,29.4189453125
1279073,30.82275390625
1279210,29.4189453125
1279344,30.57861328125
1279543,32.16552734375
1279868,41.259765625
1280079,50.78125
1280247,30.09033203125
1280339,40.95458984375
1280695,37.4755859375
1280808,45.71533203125
1393764,30.76171875
1393785,30.8837890625
1393820,82.275390625
1393836,56.57958984375
1393862,43.64013671875
1393876,87.82958984375
1393918,136.41357421875
1393933,126.708984375
1393968,59.38720703125
1393984,119.140625
1394010,63.720703125
1394033,99.30419921875
1394053,47.2412109375
1394083,91.00341796875
1394095,58.349609375
1394125,36.43798828125
1394150,37.53662109375
1394169,50.35400390625
1394205,35.2783203125
1394221,44.12841796875
1394233,31.92138671875
1394258,32.958984375
1394286,35.2783203125
1394324,37.2314453125
1394339,40.6494140625
1394370,33.75244140625
1394382,35.82763671875
1394767,33.38623046875
1395155,32.5927734375
1395857,29.84619140625
1396122,33.69140625
1396473,29.60205078125
1396656,31.92138671875
1396841,29.6630859375
1397016,30.45654296875
1397248,30.76171875
1397364,34.36279296875
1397560,31.06689453125
1397823,29.6630859375
1397841,30.8837890625
1398080,29.6630859375
1398150,32.470703125
1398294,32.71484375
1398436,29.35791015625
1398586,33.99658203125
1398600,31.8603515625
1398724,33.5693359375
1398999,40.4052734375
1399129,37.78076171875
1399259,33.3251953125
1399405,30.70068359375
1399567,38.330078125
1399747,37.841796875
1399969,49.8046875
1399992,34.1796875
1400117,29.60205078125
1400222,51.57470703125
1400373,29.60205078125
1400437,38.14697265625
1400530,33.02001953125
1400572,62.6220703125
1543611,34.72900390625
1543622,34.97314453125
1543654,39.1845703125
1543665,73.79150390625
1543692,63.5986328125
1543713,98.08349609375
1543743,78.61328125
1543755,74.3408203125
1543790,85.8154296875
1543805,87.2802734375
1543825,67.81005859375
1543840,32.04345703125
1543861,65.673828125
1543882,102.35595703125
1543899,84.65576171875
1543913,65.185546875
1543937,76.11083984375
1543961,63.53759765625
1543971,59.14306640625
1544002,38.6962890625
1544028,35.94970703125
1544044,33.38623046875
1544073,44.00634765625
1544094,37.109375
1544121,42.54150390625
1544143,34.48486328125
1544165,44.677734375
1544193,44.61669921875
1544225,34.36279296875
1544235,32.28759765625
1544283,33.02001953125
1544319,33.02001953125
1544353,31.005859375
1544532,30.029296875
1545032,29.96826171875
1545629,36.19384765625
1545962,31.18896484375
1546396,31.79931640625
1546627,30.70068359375
1547200,29.6630859375
1547237,30.1513671875
1547379,32.53173828125
1547531,29.541015625
1548142,33.50830078125
1548533,31.55517578125
1548697,32.53173828125
1548826,31.3720703125
1548970,30.21240234375
1548993,30.76171875
1549083,32.8369140625
1549124,29.72412109375
1549278,36.865234375
1549418,33.447265625
1549569,46.08154296875
1549729,35.58349609375
1549905,33.50830078125
1550194,50.10986328125
1550275,43.64013671875
1550484,33.26416015625
1550574,49.6826171875
1550656,49.8046875
1689977,32.77587890625
1694206,29.23583984375
1694441,33.63037109375
1694462,36.68212890625
1694522,74.52392578125
1694540,50.84228515625
1694555,32.958984375
1694591,100.89111328125
1694615,36.31591796875
1694632,129.0283203125
1694648,83.6181640625
1694670,62.01171875
1694686,79.28466796875
1694707,101.62353515625
1694726,61.279296875
1694749,44.61669921875
1694767,57.861328125
1694788,63.29345703125
1694802,36.68212890625
1694812,39.97802734375
1694835,47.42431640625
1694867,72.81494140625
1694885,37.9638671875
1694913,53.52783203125
1694923,57.12890625
1694946,32.3486328125
1694963,57.12890625
1694973,49.6826171875
1694999,36.376953125
1695029,39.0625
1695057,29.96826171875
1695098,29.84619140625
1695110,33.38623046875
1695145,32.1044921875
1695203,31.25
1695237,29.35791015625
1695260,32.71484375
1695277,30.45654296875
1696273,30.57861328125
1696457,32.65380859375
1696613,29.9072265625
1696658,31.005859375
1696723,41.07666015625
1696948,31.8603515625
1697648,33.5693359375
1698091,32.470703125
1698488,29.47998046875
1698562,32.40966796875
1698623,30.2734375
1698665,29.84619140625
1698680,29.72412109375
1698784,31.06689453125
1699547,30.517578125
1699633,37.7197265625
1699755,33.935546875
1699780,30.45654296875
1699883,31.55517578125
1700033,32.89794921875
1700212,29.60205078125
1700345,37.78076171875
1700511,37.841796875
1700650,39.306640625
1700870,35.70556640625
1701203,56.396484375
1701241,30.70068359375
1701497,38.87939453125
1701624,31.494140625
1701786,43.88427734375
1766697,30.3955078125
1788743,30.76171875
1788806,39.55078125
1788869,85.51025390625
1788880,51.6357421875
1788914,92.041015625
1788927,64.5751953125
1788960,36.92626953125
1788981,82.3974609375
1788992,30.70068359375
1789018,70.37353515625
1789033,127.86865234375
1789048,38.4521484375
1789066,69.7021484375
1789100,107.421875
1789130,64.02587890625
1789155,64.14794921875
1789177,67.5048828125
1789207,102.23388671875
1789238,54.62646484375
1789253,66.7724609375
1789271,64.0869140625
1789297,44.7998046875
1789328,37.65869140625
1789352,52.18505859375
1789362,63.3544921875
1789401,52.42919921875
1789421,50.35400390625
1789479,30.94482421875
1789489,36.376953125
1789511,30.82275390625
1789549,34.3017578125
1789560,35.0341796875
1789588,30.029296875
1789613,33.447265625
1789741,31.92138671875
1789874,30.1513671875
1790912,30.09033203125
1791268,29.9072265625
1791564,29.35791015625
1791639,29.60205078125
1791818,31.005859375
1791984,30.76171875
1792070,37.109375
1792153,30.82275390625
1792371,32.5927734375
1792738,29.35791015625
1792833,29.84619140625
1793405,32.28759765625
1793737,29.60205078125
1794097,29.47998046875
1794489,29.9072265625
1794829,30.517578125
1794968,47.66845703125
1795431,36.19384765625
1795642,47.30224609375
1795805,32.8369140625
1799649,32.71484375
1799693,32.89794921875
1799718,50.9033203125
1799749,78.7353515625
1799772,82.82470703125
1799782,69.76318359375
1799799,59.87548828125
1799827,64.63623046875
1799849,67.68798828125
1799877,127.3193359375
1799897,74.21875
1799912,53.7109375
1799935,36.68212890625
1799947,103.02734375
1799962,67.19970703125
1800002,75.62255859375
1800018,55.60302734375
1800053,40.771484375
1800073,62.68310546875
1800095,38.0859375
1800116,77.7587890625
1800146,39.73388671875
1800165,42.724609375
1800175,53.22265625
1800198,48.27880859375
1800209,30.45654296875
1800231,39.6728515625
1800255,40.95458984375
1800290,32.958984375
1800313,34.60693359375
1800326,30.70068359375
1800353,32.40966796875
1800513,31.3720703125
1800554,31.55517578125
1800681,30.6396484375
1800853,31.79931640625
1800957,32.3486328125
1801130,29.84619140625
1801665,29.84619140625
1801826,31.67724609375
1801990,30.82275390625
1803207,37.109375
1803297,29.96826171875
1803709,29.541015625
1803946,44.12841796875
1804183,29.60205078125
1804262,29.60205078125
1804307,32.89794921875
1804567,34.60693359375
1804859,50.96435546875
1805010,30.2734375
1805107,31.43310546875
1805151,32.2265625
1805267,31.6162109375
1805299,31.494140625
1805450,30.029296875
1805616,30.45654296875
1805775,34.5458984375
1805944,30.45654296875
1806116,40.52734375
1806292,35.15625
1806457,36.07177734375
1806502,40.22216796875
1806835,52.06298828125
1806847,33.26416015625
1807119,43.9453125
1807218,30.76171875
1807262,32.958984375
1914065,34.60693359375
1914099,35.400390625
1914153,31.79931640625
1914168,48.40087890625
1914191,44.3115234375
1914208,40.46630859375
1914225,40.4052734375
1914247,52.55126953125
1914261,95.947265625
1914271,81.84814453125
1914297,55.5419921875
1914325,91.73583984375
1914341,54.19921875
1914353,54.8095703125
1914389,101.25732421875
1914400,40.58837890625
1914427,44.0673828125
1914447,55.6640625
1914460,47.18017578125
1914476,53.466796875
1914506,40.83251953125
1914539,52.001953125
1914564,34.0576171875
1914588,57.6171875
1914609,40.10009765625
1914632,46.7529296875
1914642,29.23583984375
1914669,35.70556640625
1914690,46.32568359375
1914710,33.50830078125
1914746,37.53662109375
1914838,31.18896484375
1914887,33.447265625
1914904,30.09033203125
1914940,29.541015625
1914966,32.65380859375
1915069,30.45654296875
1915342,31.43310546875
1915656,33.63037109375
1915794,29.9072265625
1915928,34.0576171875
1916012,38.2080078125
1916083,31.79931640625
1916244,34.423828125
1916399,30.029296875
1916595,29.23583984375
1916686,31.18896484375
1916793,33.99658203125
1916909,29.96826171875
1917327,42.90771484375
1917426,30.517578125
1917444,29.541015625
1917473,32.77587890625
1917821,40.71044921875
1917910,53.3447265625
1918022,37.17041015625
1918506,31.67724609375
1918541,29.23583984375
1918666,33.935546875
1918809,29.72412109375
1918856,29.47998046875
1918942,30.45654296875
1919073,36.43798828125
1919336,30.029296875
1919347,33.26416015625
1919421,35.94970703125
1919478,30.70068359375
1919502,29.4189453125
1919630,31.79931640625
1919782,32.71484375
1919792,39.9169921875
1919942,39.794921875
1920251,36.4990234375
1920319,30.82275390625
1920424,33.87451171875
1920620,39.61181640625
1920908,55.60302734375
1921260,37.41455078125
1988348,31.18896484375
2011205,44.73876953125
2011216,37.59765625
2011261,39.6728515625
2011286,71.35009765625
2011297,57.31201171875
2011331,50.78125
2011344,56.0302734375
2011364,114.31884765625
2011381,64.14794921875
2011409,74.27978515625
2011428,45.5322265625
2011443,88.80615234375
2011453,47.36328125
2011476,57.92236328125
2011503,70.068359375
2011542,49.9267578125
2011556,41.259765625
2011582,40.283203125
2011603,57.43408203125
2011618,64.75830078125
2011655,47.18017578125
2011676,37.4755859375
2011706,38.6962890625
2011716,41.50390625
2011765,46.44775390625
2011801,31.1279296875
2011840,38.51318359375
2011850,42.48046875
2011940,33.02001953125
2011997,30.09033203125
2012260,30.6396484375
2012550,31.67724609375
2012587,31.25
2012658,31.1279296875
2012729,30.45654296875
2012959,33.0810546875
2013681,30.76171875
2014005,34.3017578125
2014110,31.31103515625
2014228,32.470703125
2014372,31.31103515625
2014487,29.4189453125
2014679,30.2734375
2014834,31.005859375
2015010,38.330078125
2015259,30.517578125
2015720,29.541015625
2016280,31.1279296875
2016417,34.11865234375
2016546,33.3251953125
2016593,31.18896484375
2016746,34.0576171875
2016766,33.63037109375
2016920,35.33935546875
2016991,37.2314453125
2017133,42.48046875
2017231,32.40966796875
2017313,37.29248046875
2017534,41.1376953125
2017607,33.14208984375
2017770,30.029296875
2017816,29.541015625
2017857,33.203125
2018107,48.828125
2018205,30.76171875
2018637,31.31103515625
2087671,29.47998046875
2091254,29.96826171875
2091325,37.29248046875
2091395,29.96826171875
2091415,78.61328125
2091444,29.96826171875
2091471,74.5849609375
2091491,65.00244140625
2091522,61.95068359375
2091542,45.2880859375
2091571,120.361328125
2091585,84.77783203125
2091606,63.17138671875
2091639,71.59423828125
2091653,42.6025390625
2091684,76.96533203125
2091698,34.66796875
2091712,36.9873046875
2091743,91.064453125
2091760,50.29296875
2091778,43.64013671875
2091803,84.716796875
2091823,42.6025390625
2091840,33.02001953125
2091851,30.76171875
2091891,39.00146484375
2091916,46.32568359375
2091939,36.31591796875
2091971,52.06298828125
2091990,39.0625
2092040,30.029296875
2092063,29.296875
2092081,31.005859375
2092111,40.46630859375
2092162,36.865234375
2092264,32.8369140625
2092313,30.517578125
2092628,30.45654296875
2093425,29.84619140625
2093665,36.56005859375
2094854,36.80419921875
2094967,29.9072265625
2095373,30.3955078125
2095533,33.14208984375
2095676,33.50830078125
2095798,29.6630859375
2095923,32.958984375
2096026,29.296875
2096062,33.99658203125
2096208,33.50830078125
2096648,32.16552734375
2096809,39.24560546875
2096967,40.52734375
2097198,36.376953125
2097392,42.48046875
2097533,30.3955078125
2097600,32.53173828125
2097632,29.4189453125
2097774,37.7197265625
2097865,48.52294921875
2098220,55.7861328125
2098362,33.38623046875
2154688,29.78515625
2154789,35.888671875
2154819,31.79931640625
2154847,30.45654296875
2154870,40.52734375
2154883,49.9267578125
2154905,38.818359375
2154916,38.0859375
2154943,61.82861328125
2154968,41.07666015625
2154989,66.95556640625
2155007,37.53662109375
2155024,31.73828125
2155049,87.40234375
2155060,30.94482421875
2155092,46.81396484375
2155122,118.7744140625
2155137,62.31689453125
2155147,33.75244140625
2155181,109.0087890625
2155210,43.3349609375
2155241,81.6650390625
2155266,55.23681640625
2155283,32.958984375
2155302,66.71142578125
2155329,59.6923828125
2155363,86.36474609375
2155374,44.12841796875
2155421,48.64501953125
2155433,29.9072265625
2155480,53.89404296875
2155511,32.65380859375
2155537,34.66796875
2155594,29.9072265625
2155605,34.85107421875
2155615,30.45654296875
2155651,34.85107421875
2155669,29.23583984375
2155743,33.14208984375
2156300,29.296875
2156825,30.2734375
2157056,32.5927734375
2157221,32.958984375
2157712,33.02001953125
2157821,29.4189453125
2157909,31.3720703125
2157945,38.0859375
2158216,30.517578125
2158349,33.935546875
2158434,30.94482421875
2158582,31.31103515625
2158987,35.0341796875
2159196,29.78515625
2159353,29.23583984375
2159454,37.04833984375
2159515,29.9072265625
2159654,29.35791015625
2159856,29.296875
2159907,29.84619140625
2159993,31.8603515625
2160134,31.67724609375
2160294,34.423828125
2160453,33.26416015625
2160611,29.78515625
2160720,34.7900390625
2160777,38.0859375
2160969,30.09033203125
2161166,39.48974609375
2161411,52.30712890625
2161733,46.08154296875
2161789,36.07177734375
2161927,40.58837890625
2162041,29.4189453125
2218149,38.0859375
2218169,34.423828125
2218204,34.423828125
2218225,34.85107421875
2218254,51.94091796875
2218268,61.46240234375
2218300,39.55078125
2218312,108.642578125
2218333,77.392578125
2218367,106.689453125
2218380,94.17724609375
2218398,84.16748046875
2218418,62.92724609375
2218442,77.0263671875
2218456,45.47119140625
2218467,88.92822265625
2218503,44.43359375
2218524,44.61669921875
2218540,33.447265625
2218555,52.734375
2218582,46.08154296875
2218606,41.3818359375
2218620,32.470703125
2218648,61.46240234375
2218676,70.068359375
2218702,41.19873046875
2218731,41.259765625
2218755,39.12353515625
2218779,31.79931640625
2218790,39.24560546875
2218808,39.794921875
2218851,33.26416015625
2218880,31.18896484375
2218919,37.353515625
2218950,35.400390625
2219042,29.4189453125
2219089,33.14208984375
2219125,35.400390625
2219175,36.19384765625
2219282,30.94482421875
2219341,31.67724609375
2219421,31.92138671875
2219790,29.296875
2220364,29.78515625
2220768,29.296875
2221135,33.935546875
2221252,30.8837890625
2221359,31.8603515625
2222187,34.48486328125
2222714,29.84619140625
2223010,29.78515625
2223067,29.78515625
2223132,31.8603515625
2223245,29.35791015625
2223687,34.7900390625
2223855,39.794921875
2224028,35.21728515625
2224178,32.71484375
2224243,33.14208984375
2224362,31.982421875
2224490,31.06689453125
2224578,35.15625
2224824,50.048828125
2225098,29.96826171875
2225158,29.23583984375
2225173,45.47119140625
2225509,44.12841796875
2285367,30.6396484375
2285388,37.41455078125
2285403,35.33935546875
2285434,35.7666015625
2285482,32.04345703125
2285507,31.005859375
2285534,144.4091796875
2285555,55.5419921875
2285583,76.7822265625
2285595,59.5703125
2285619,33.3251953125
2285639,66.89453125
2285656,47.05810546875
2285679,46.20361328125
2285708,65.36865234375
2285729,48.88916015625
2285743,55.96923828125
2285768,98.388671875
2285780,58.53271484375
2285813,44.98291015625
2285829,94.29931640625
2285849,32.28759765625
2285873,34.60693359375
2285890,75.01220703125
2285907,34.24072265625
2285950,54.62646484375
2285976,31.8603515625
2286007,41.56494140625
2286021,47.18017578125
2286045,33.935546875
2286057,35.0341796875
2286090,31.982421875
2286105,38.39111328125
2286139,34.97314453125
2286158,32.8369140625
2286188,49.072265625
2286206,29.96826171875
2286322,32.16552734375
2286381,38.330078125
2286432,30.57861328125
2286514,30.6396484375
2286532,29.35791015625
2286641,31.005859375
2287053,29.78515625
2287329,31.92138671875
2287721,30.517578125
2288750,32.5927734375
2288997,32.65380859375
2289155,39.0625
2289235,36.865234375
2289592,33.3251953125
2289712,31.31103515625
2289804,29.72412109375
2289962,30.70068359375
2290242,32.1044921875
2290338,29.72412109375
2290367,31.3720703125
2290496,31.3720703125
2290953,34.85107421875
2291100,32.71484375
2291416,34.3017578125
2291614,34.48486328125
2291846,42.6025390625
2292196,29.47998046875
2292249,44.7998046875
2292587,30.57861328125
2336051,31.73828125
2358602,30.76171875
2362868,34.48486328125
2362959,34.48486328125
2362984,36.07177734375
2363005,35.33935546875
2363041,39.24560546875
2363068,49.25537109375
2363094,108.3984375
2363117,72.57080078125
2363149,57.6171875
2363170,58.53271484375
2363190,42.236328125
2363200,109.7412109375
2363231,62.68310546875
2363246,31.73828125
2363272,89.90478515625
2363287,62.98828125
2363306,39.97802734375
2363335,82.8857421875
2363347,40.83251953125
2363378,56.33544921875
2363394,43.51806640625
2363412,45.47119140625
2363439,50.9033203125
2363472,49.62158203125
2363486,39.794921875
2363509,59.02099609375
2363530,35.70556640625
2363566,49.8046875
2363587,42.236328125
2363597,31.06689453125
2363633,36.56005859375
2363649,31.73828125
2363681,38.4521484375
2363722,30.45654296875
2363749,32.71484375
2363781,30.94482421875
2363811,35.70556640625
2363824,29.296875
2363855,29.296875
2363865,34.423828125
2363908,36.865234375
2363954,37.41455078125
2364027,31.3720703125
2364200,29.23583984375
2364302,31.1279296875
2365751,29.23583984375
2366703,31.55517578125
2366782,31.67724609375
2366969,36.68212890625
2367137,33.69140625
2367241,31.25
2367340,33.447265625
2367473,30.94482421875
2367638,40.52734375
2367729,31.25
2367857,35.94970703125
2367997,31.8603515625
2368053,30.45654296875
2368571,33.203125
2368903,38.0859375
2368913,30.029296875
2369113,35.33935546875
2369313,42.724609375
2369600,40.8935546875
2369720,36.43798828125
2369900,55.60302734375
2369929,36.4990234375
2370183,35.64453125
2370262,43.15185546875
2443451,30.3955078125
2443532,36.80419921875
2443568,29.35791015625
2443589,30.1513671875
2443608,89.29443359375
2443635,51.69677734375
2443663,71.044921875
2443707,48.27880859375
2443717,79.28466796875
2443750,101.13525390625
2443760,57.80029296875
2443786,66.89453125
2443815,88.31787109375
2443831,108.94775390625
2443848,50.4150390625
2443880,100.5859375
2443895,67.32177734375
2443924,52.55126953125
2443934,39.36767578125
2443957,80.50537109375
2443974,48.4619140625
2443993,40.10009765625
2444010,37.59765625
2444035,60.546875
2444053,37.78076171875
2444073,30.76171875
2444104,35.400390625
2444118,38.818359375
2444150,48.583984375
2444171,35.7666015625
2444194,43.27392578125
2444226,39.36767578125
2444252,33.5693359375
2444307,32.2265625
2444364,32.04345703125
2444379,35.0341796875
2444413,31.8603515625
2444431,30.57861328125
2444603,30.1513671875
2444644,29.72412109375
2445867,29.23583984375
2446236,29.23583984375
2446399,29.23583984375
2446757,31.18896484375
2447464,29.4189453125
2447982,29.541015625
2448155,29.35791015625
2448454,30.1513671875
2448552,32.5927734375
2448593,31.494140625
2449056,40.52734375
2449202,30.76171875
2449366,29.60205078125
2449548,39.55078125
2449667,40.34423828125
2449715,29.23583984375
2449937,40.34423828125
2450205,63.4765625
2450459,33.69140625
2450554,34.85107421875
2450860,37.90283203125
2555172,29.541015625
2555760,30.8837890625
2555866,33.8134765625
2555888,41.50390625
2555921,65.5517578125
2555947,67.68798828125
2555975,61.767578125
2556006,52.1240234375
2556023,66.7724609375
2556045,97.412109375
2556060,77.08740234375
2556076,60.24169921875
2556104,71.6552734375
2556120,70.068359375
2556151,55.6640625
2556184,82.58056640625
2556206,39.55078125
2556223,46.630859375
2556248,36.68212890625
2556258,48.40087890625
2556284,58.41064453125
2556305,56.15234375
2556332,61.34033203125
2556342,39.00146484375
2556366,68.7255859375
2556384,31.18896484375
2556406,38.26904296875
2556427,51.7578125
2556456,31.18896484375
2556488,30.517578125
2556519,34.60693359375
2556549,36.43798828125
2556605,32.5927734375
2556626,31.005859375
2556652,38.63525390625
2556689,32.3486328125
2556781,30.94482421875
2556809,33.203125
2556887,33.14208984375
2556931,34.11865234375
2557069,33.99658203125
2557165,30.1513671875
2558158,37.2314453125
2558516,35.46142578125
2559052,30.33447265625
2559371,29.96826171875
2559483,33.99658203125
2559608,29.541015625
2559752,30.21240234375
2559847,32.77587890625
2559975,29.72412109375
2560079,31.6162109375
2560425,31.25
2560557,29.541015625
2560667,30.1513671875
2560893,30.45654296875
2560959,42.41943359375
2561100,36.07177734375
2561259,35.70556640625
2561404,29.84619140625
2561554,35.2783203125
2561696,29.72412109375
2561851,31.79931640625
2562002,30.21240234375
2562250,40.52734375
2562545,33.38623046875
2563120,43.9453125
2691233,99.2431640625
2691256,33.3251953125
2691286,67.07763671875
2691324,43.0908203125
2691342,71.22802734375
2691371,36.07177734375
2691388,69.580078125
2691401,56.57958984375
2691437,57.861328125
2691454,65.0634765625
2691480,97.59521484375
2691505,44.00634765625
2691517,40.0390625
2691527,34.60693359375
2691552,99.18212890625
2691572,47.79052734375
2691583,48.76708984375
2691612,94.482421875
2691624,105.224609375
2691653,37.90283203125
2691673,57.06787109375
2691696,50.9033203125
2691724,57.55615234375
2691738,39.306640625
2691780,48.64501953125
2691823,37.841796875
2691835,60.1806640625
2691860,38.0859375
2691898,39.6728515625
2691929,31.18896484375
2691957,32.2265625
2692035,29.72412109375
2692073,34.7900390625
2692090,37.109375
2692104,36.19384765625
2692145,34.423828125
2692179,29.78515625
2692206,31.8603515625
2692220,29.296875
2692251,30.09033203125
2692299,35.15625
2692452,31.6162109375
2692466,38.63525390625
2692620,31.3720703125
2693745,31.43310546875
2693918,31.25
2694006,29.96826171875
2694768,29.23583984375
2695142,29.96826171875
2695390,29.23583984375
2695516,37.2314453125
2695863,36.68212890625
2696028,31.92138671875
2696297,33.63037109375
2696428,29.9072265625
2696469,29.6630859375
2696583,36.865234375
2696736,29.9072265625
2696868,29.4189453125
2697029,34.97314453125
2697179,32.958984375
2697707,35.15625
2697966,46.56982421875
2698299,51.57470703125
2698398,36.80419921875
2698452,35.82763671875
2698497,29.4189453125
2698691,46.81396484375
2759222,29.6630859375
2790103,30.33447265625
2790144,35.15625
2790173,68.115234375
2790192,37.4755859375
2790209,29.23583984375
2790228,66.0400390625
2790245,32.958984375
2790270,35.09521484375
2790289,112.24365234375
2790305,29.60205078125
2790324,72.998046875
2790346,130.615234375
2790362,48.64501953125
2790397,42.3583984375
2790408,79.2236328125
2790426,72.1435546875
2790449,94.90966796875
2790476,85.02197265625
2790490,64.27001953125
2790520,43.5791015625
2790538,51.20849609375
2790567,51.57470703125
2790588,57.2509765625
2790612,72.021484375
2790627,39.97802734375
2790651,48.88916015625
2790670,52.3681640625
2790692,36.2548828125
2790704,46.630859375
2790732,40.83251953125
2790744,41.32080078125
2790770,30.1513671875
2790788,40.771484375
2790807,30.09033203125
2790839,34.60693359375
2790865,56.82373046875
2790878,34.0576171875
2790904,33.75244140625
2790920,33.26416015625
2790953,43.701171875
2790981,39.4287109375
2791022,32.71484375
2791044,34.0576171875
2791082,32.65380859375
2791130,30.2734375
2791194,36.2548828125
2791867,29.6630859375
2791927,29.23583984375
2792405,32.40966796875
2793130,29.6630859375
2793348,36.0107421875
2793532,31.494140625
2793761,31.494140625
2793904,32.5927734375
2794060,29.541015625
2794324,30.45654296875
2794377,32.16552734375
2794680,29.35791015625
2795275,30.57861328125
2795920,29.9072265625
2796219,32.958984375
2796385,32.8369140625
2796510,53.52783203125
2796586,43.5791015625
2796676,29.84619140625
2796802,51.513671875
2796988,41.44287109375
2797230,42.17529296875
2797565,32.77587890625
2797596,48.2177734375
2797648,38.14697265625
2885049,34.85107421875
2885091,30.8837890625
2885107,37.65869140625
2885124,33.99658203125
2885159,31.25
2885170,71.8994140625
2885196,67.0166015625
2885221,41.748046875
2885258,120.30029296875
2885271,74.52392578125
2885307,94.7265625
2885335,100.9521484375
2885357,78.125
2885374,81.60400390625
2885385,32.16552734375
2885397,88.92822265625
2885427,53.22265625
2885454,76.2939453125
2885484,54.19921875
2885510,67.2607421875
2885524,62.19482421875
2885564,58.7158203125
2885579,49.31640625
2885599,37.17041015625
2885643,31.31103515625
2885656,46.630859375
2885671,35.0341796875
2885681,30.82275390625
2885703,30.09033203125
2885743,37.65869140625
2885763,30.3955078125
2885792,41.8701171875
2885840,30.517578125
2886434,30.1513671875
2886651,33.69140625
2887023,30.029296875
2887287,36.43798828125
2888209,30.3955078125
2888338,33.14208984375
2888694,29.60205078125
2889099,32.470703125
2889450,31.92138671875
2889783,29.78515625
2889934,31.73828125
2890257,29.47998046875
2890396,36.07177734375
2890684,34.0576171875
2890829,34.66796875
2890887,33.02001953125
2890962,41.56494140625
2891067,30.029296875
2891321,29.47998046875
2891571,36.62109375
2891724,31.43310546875
2891917,29.35791015625
2892167,35.94970703125
2942046,34.85107421875
2958819,31.3720703125
2980635,30.517578125
2980655,37.2314453125
2980691,49.37744140625
2980720,29.541015625
2980757,38.330078125
2980779,81.0546875
2980806,62.80517578125
2980822,119.0185546875
2980833,54.0771484375
2980867,77.63671875
2980877,59.26513671875
2980895,38.51318359375
2980926,75.50048828125
2980939,77.94189453125
2980963,91.1865234375
2980993,55.72509765625
2981007,42.1142578125
2981025,60.60791015625
2981047,55.7861328125
2981063,41.44287109375
2981089,65.4296875
2981100,56.7626953125
2981122,46.56982421875
2981136,49.98779296875
2981164,47.54638671875
2981174,41.56494140625
2981200,48.7060546875
2981226,40.10009765625
2981271,32.89794921875
2981300,33.50830078125
2981331,32.53173828125
2981343,31.494140625
2981380,33.87451171875
2981420,35.09521484375
2981437,32.77587890625
2981519,33.63037109375
2981730,33.87451171875
2981765,30.45654296875
2982488,33.14208984375
2983088,33.02001953125
2983213,29.4189453125
2984012,32.5927734375
2984145,29.35791015625
2984380,30.76171875
2985013,29.84619140625
2985325,36.19384765625
2985981,30.33447265625
2986113,37.78076171875
2986239,31.494140625
2986318,29.9072265625
2986459,30.76171875
2986619,32.65380859375
2986762,33.50830078125
2987235,34.24072265625
2987501,34.11865234375
2987625,41.9921875
2987742,31.55517578125
2987826,35.0341796875
2988323,33.99658203125
2988414,30.76171875
3028718,29.296875
3080868,44.5556640625
3080902,36.9873046875
3080914,40.22216796875
3080942,86.3037109375
3080961,111.328125
3080990,86.5478515625
3081019,77.45361328125
3081036,39.794921875
3081046,147.64404296875
3081081,79.58984375
3081113,85.99853515625
3081125,51.94091796875
3081147,56.70166015625
3081174,97.96142578125
3081202,83.8623046875
3081232,67.9931640625
3081257,47.4853515625
3081291,57.7392578125
3081301,34.60693359375
3081329,39.97802734375
3081350,52.24609375
3081388,54.6875
3081406,58.2275390625
3081426,35.94970703125
3081449,42.48046875
3081470,35.46142578125
3081496,29.296875
3081518,30.33447265625
3081541,32.40966796875
3081575,36.31591796875
3081598,41.9921875
3081645,32.5927734375
3081696,40.6494140625
3081858,30.6396484375
3082079,29.296875
3082202,31.25
3082266,30.6396484375
3082753,29.6630859375
3083328,30.029296875
3083420,30.8837890625
3083610,30.029296875
3083779,31.494140625
3083873,31.1279296875
3083974,31.31103515625
3084590,31.494140625
3084964,30.21240234375
3085445,33.203125
3085531,32.40966796875
3085718,34.72900390625
3085843,31.43310546875
3085978,29.6630859375
3086551,30.09033203125
3086845,31.1279296875
3087002,32.28759765625
3087181,42.90771484375
3087559,31.8603515625
3087703,30.517578125
3087783,39.48974609375
3088039,40.95458984375
3088218,32.5927734375
3088438,31.18896484375
3170586,35.33935546875
3170615,42.236328125
3170660,38.75732421875
3170685,76.23291015625
3170695,40.0390625
3170719,75.13427734375
3170739,43.3349609375
3170768,67.3828125
3170792,64.75830078125
3170813,72.69287109375
3170840,71.533203125
3170868,42.78564453125
3170899,52.30712890625
3170911,63.65966796875
3170932,58.59375
3170961,54.74853515625
3170994,105.8349609375
3171006,51.94091796875
3171035,83.1298828125
3171068,57.6171875
3171094,49.86572265625
3171110,31.43310546875
3171139,31.6162109375
3171158,49.86572265625
3171182,41.1376953125
3171194,67.138671875
3171231,34.66796875
3171250,33.50830078125
3171291,35.5224609375
3171319,40.22216796875
3171347,48.2177734375
3171375,30.57861328125
3171457,35.46142578125
3171476,33.87451171875
3171778,33.87451171875
3172407,30.45654296875
3172736,29.72412109375
3173027,30.029296875
3173074,30.3955078125
3173090,35.21728515625
3173316,38.51318359375
3173490,31.005859375
3173642,35.64453125
3173737,31.55517578125
3174440,30.45654296875
3174699,35.15625
3175188,32.16552734375
3175336,44.86083984375
3175421,30.76171875
3175633,32.8369140625
3175907,35.400390625
3175954,35.15625
3176101,30.029296875
3176252,31.494140625
3176405,34.66796875
3176558,34.1796875
3176741,36.56005859375
3176849,30.45654296875
3176912,31.8603515625
3177106,39.24560546875
3177156,30.70068359375
3177311,30.94482421875
3177542,41.9921875
3177847,44.61669921875
3178178,31.1279296875
3231984,32.8369140625
3232053,35.33935546875
3232076,73.73046875
3232097,78.125
3232114,31.1279296875
3232136,57.0068359375
3232150,36.07177734375
3232160,30.6396484375
3232188,58.04443359375
3232204,109.92431640625
3232217,77.5146484375
3232257,60.05859375
3232286,98.876953125
3232300,56.82373046875
3232334,49.8046875
3232351,108.154296875
3232374,58.28857421875
3232410,102.783203125
3232438,38.02490234375
3232463,57.31201171875
3232493,46.875
3232505,33.14208984375
3232527,38.2080078125
3232548,42.48046875
3232566,33.63037109375
3232587,43.8232421875
3232602,32.77587890625
3232637,38.57421875
3232669,33.0810546875
3232712,36.92626953125
3232748,32.40966796875
3232781,38.63525390625
3232797,33.26416015625
3232873,33.3251953125
3232950,32.77587890625
3233035,29.23583984375
3233388,31.18896484375
3233611,31.005859375
3235051,31.31103515625
3235715,31.982421875
3235998,31.43310546875
3236194,34.36279296875
3236570,32.04345703125
3237329,38.0859375
3237467,31.494140625
3237632,39.48974609375
3237694,45.83740234375
3237785,33.447265625
3237805,29.84619140625
3237937,31.79931640625
3238113,34.72900390625
3238454,30.3955078125
3238663,42.78564453125
3238938,40.8935546875
3238993,36.43798828125
3239344,49.74365234375
3239609,31.005859375
3281650,29.23583984375
3287683,31.8603515625
3287823,32.3486328125
3287864,30.8837890625
3287893,38.39111328125
3287909,85.0830078125
3287926,96.13037109375
3287953,35.400390625
3287968,68.9697265625
3287987,74.0966796875
3288005,59.50927734375
3288036,56.15234375
3288055,86.181640625
3288077,66.89453125
3288098,42.17529296875
3288123,96.37451171875
3288143,66.22314453125
3288170,54.443359375
3288190,92.041015625
3288219,52.978515625
3288229,64.5751953125
3288252,72.32666015625
3288266,36.376953125
3288308,42.66357421875
3288324,45.166015625
3288353,36.2548828125
3288375,68.2373046875
3288426,73.486328125
3288441,36.92626953125
3288470,37.7197265625
3288483,40.22216796875
3288521,40.283203125
3288562,30.21240234375
3288629,31.79931640625
3288693,29.296875
3288758,32.53173828125
3290290,32.40966796875
3291055,31.005859375
3292096,40.771484375
3292256,29.60205078125
3292456,34.36279296875
3293148,32.16552734375
3293229,33.8134765625
3293397,35.7666015625
3293421,32.71484375
3293543,39.48974609375
3293718,37.41455078125
3293749,32.53173828125
3293891,29.47998046875
3294071,34.423828125
3294098,38.0859375
3294286,34.7900390625
3294511,40.22216796875
3294706,40.10009765625
3294936,36.2548828125
3295469,40.22216796875
3295536,32.3486328125
3295932,29.35791015625
3345130,31.55517578125
3345214,36.43798828125
3345246,66.58935546875
3345257,40.4052734375
3345283,47.42431640625
3345300,34.912109375
3345312,85.44921875
3345347,39.12353515625
3345373,78.4912109375
3345385,57.80029296875
3345416,39.12353515625
3345434,76.35498046875
3345455,75.3173828125
3345472,37.65869140625
3345498,39.97802734375
3345518,69.64111328125
3345539,51.6357421875
3345565,64.208984375
3345587,65.36865234375
3345599,34.1796875
3345615,46.20361328125
3345638,38.02490234375
3345671,38.39111328125
3345691,29.4189453125
3345716,42.29736328125
3345732,36.31591796875
3345750,52.8564453125
3345820,29.296875
3345853,35.21728515625
3345874,29.72412109375
3345895,44.5556640625
3345946,30.70068359375
3345975,48.2177734375
3345987,34.5458984375
3346014,35.888671875
3346032,30.94482421875
3346073,37.53662109375
3346164,30.2734375
3346276,30.57861328125
3346334,29.6630859375
3346412,33.02001953125
3346474,32.28759765625
3347807,31.494140625
3347898,33.26416015625
3349668,32.65380859375
3349796,31.43310546875
3350478,33.50830078125
3350800,33.935546875
3350911,30.57861328125
3351189,29.96826171875
3351200,37.7197265625
3351376,29.541015625
3351529,32.3486328125
3351702,31.31103515625
3351894,40.46630859375
3352137,36.0107421875
3352599,45.22705078125
3385914,29.541015625
3399424,29.72412109375
3414380,30.70068359375
3414415,36.62109375
3414426,40.0390625
3414468,29.60205078125
3414481,51.69677734375
3414501,32.28759765625
3414529,85.02197265625
3414545,29.35791015625
3414568,45.95947265625
3414587,55.72509765625
3414614,43.0908203125
3414631,117.67578125
3414657,30.21240234375
3414688,46.38671875
3414708,65.5517578125
3414731,82.8857421875
3414749,37.78076171875
3414773,56.396484375
3414796,74.951171875
3414827,45.5322265625
3414838,42.724609375
3414857,75.98876953125
3414876,32.89794921875
3414908,73.2421875
3414931,43.88427734375
3414943,34.11865234375
3414967,52.3681640625
3414981,58.41064453125
3415000,37.4755859375
3415026,32.53173828125
3415040,70.9228515625
3415072,29.35791015625
3415123,37.9638671875
3415161,37.65869140625
3415191,34.85107421875
3415233,32.470703125
3415244,31.31103515625
3415359,35.33935546875
3415707,29.23583984375
3416069,30.45654296875
3417730,30.94482421875
3417857,32.5927734375
3418181,29.72412109375
3418683,30.57861328125
3418816,31.55517578125
3418944,29.47998046875
3419454,29.4189453125
3419600,31.79931640625
3419745,37.841796875
3419886,35.21728515625
3419971,36.80419921875
3420061,35.888671875
3420186,31.31103515625
3420218,30.2734375
3420391,33.38623046875
3420557,38.02490234375
3420728,43.8232421875
3420895,32.470703125
3421112,38.51318359375
3421361,46.142578125
3421790,51.6357421875
3422065,41.32080078125
3422101,42.17529296875
3422164,29.296875
3456086,29.541015625
3483679,31.3720703125
3484050,32.5927734375
3484116,31.43310546875
3484198,36.4990234375
3484215,41.68701171875
3484244,35.7666015625
3484258,91.1865234375
3484277,72.57080078125
3484299,33.02001953125
3484318,84.53369140625
3484334,56.7626953125
3484356,87.158203125
3484366,40.95458984375
3484395,48.7060546875
3484418,75.8056640625
3484439,102.05078125
3484458,45.71533203125
3484473,66.650390625
3484486,46.7529296875
3484506,79.833984375
3484517,42.1142578125
3484550,48.095703125
3484572,56.640625
3484597,42.05322265625
3484616,40.771484375
3484634,59.99755859375
3484646,52.978515625
3484673,39.306640625
3484699,66.5283203125
3484717,37.29248046875
3484731,44.189453125
3484764,58.77685546875
3484791,34.3017578125
3484825,40.283203125
3484846,29.35791015625
3484883,39.306640625
3484907,38.87939453125
3484943,44.37255859375
3484965,36.865234375
3485012,36.43798828125
3485093,29.78515625
3485121,39.12353515625
3488260,33.38623046875
3488411,29.78515625
3489095,30.2734375
3489228,35.15625
3489405,37.9638671875
3489781,30.8837890625
3489830,31.06689453125
3490264,29.6630859375
3490452,31.6162109375
3490648,50.10986328125
3490883,32.958984375
3491090,37.2314453125
3491303,42.90771484375
3491587,55.7861328125
3491786,32.71484375
3491841,33.38623046875
3491901,38.63525390625
3492073,30.82275390625
3492139,41.748046875
3498870,67.81005859375
3518245,72.81494140625
3569078,35.400390625
3569108,29.9072265625
3569129,75.86669921875
3569155,54.62646484375
3569178,63.17138671875
3569199,95.88623046875
3569227,34.85107421875
3569240,56.57958984375
3569258,58.10546875
3569281,68.4814453125
3569304,109.375
3569319,59.08203125
3569353,67.2607421875
3569375,120.30029296875
3569388,45.0439453125
3569414,31.73828125
3569439,65.7958984375
3569454,29.96826171875
3569481,57.80029296875
3569503,75.25634765625
3569523,35.70556640625
3569543,42.29736328125
3569566,73.18115234375
3569606,49.1943359375
3569625,54.74853515625
3569662,51.45263671875
3569707,46.142578125
3569722,31.005859375
3569732,30.21240234375
3569748,35.7666015625
3569782,41.8701171875
3569794,40.52734375
3569812,35.21728515625
3569841,39.24560546875
3569863,34.912109375
3569887,37.65869140625
3569916,40.71044921875
3569936,29.6630859375
3569953,37.353515625
3570193,31.005859375
3570309,38.14697265625
3571071,29.9072265625
3571338,30.57861328125
3572181,30.2734375
3573787,40.58837890625
3573820,30.70068359375
3574443,30.21240234375
3574595,30.029296875
3574714,34.423828125
3574731,30.2734375
3574908,36.376953125
3574926,30.2734375
3575405,34.66796875
3575599,35.64453125
3575818,34.7900390625
3576041,37.90283203125
3576182,32.3486328125
3576332,58.837890625
3576499,32.65380859375
3576933,30.57861328125
3638771,31.005859375
3661586,29.296875
3680652,33.3251953125
3699233,30.70068359375
3699266,29.47998046875
3699289,48.27880859375
3699306,101.4404296875
3699340,53.8330078125
3699358,50.4150390625
3699375,50.78125
3699398,83.984375
3699413,51.81884765625
3699431,31.8603515625
3699452,46.875
3699474,98.2666015625
3699498,47.607421875
3699523,77.20947265625
3699538,61.82861328125
3699553,50.6591796875
3699569,29.6630859375
3699606,101.62353515625
3699622,32.53173828125
3699660,68.42041015625
3699674,38.818359375
3699720,44.49462890625
3699748,61.95068359375
3699765,32.65380859375
3699778,49.1943359375
3699796,34.1796875
3699815,41.6259765625
3699837,43.3349609375
3699878,38.330078125
3699921,42.8466796875
3699952,46.56982421875
3699972,34.48486328125
3700018,33.63037109375
3700045,35.0341796875
3700057,33.75244140625
3700084,31.06689453125
3700149,37.7197265625
3700175,29.4189453125
3700257,39.00146484375
3700322,34.36279296875
3702134,29.4189453125
3703038,39.794921875
3703192,38.02490234375
3703434,32.1044921875
3703559,34.423828125
3703681,30.09033203125
3703898,34.1796875
3704067,35.400390625
3704220,32.1044921875
3704348,32.2265625
3704628,29.84619140625
3704742,29.96826171875
3704880,30.8837890625
3705046,29.84619140625
3705179,29.47998046875
3705352,29.4189453125
3705373,30.70068359375
3705532,34.72900390625
3705705,35.2783203125
3705956,46.630859375
3706223,44.37255859375
3706554,60.60791015625
3706814,51.8798828125
3706905,36.4990234375
3771240,32.77587890625
3795730,32.65380859375
3810930,29.78515625
3810993,50.47607421875
3811008,31.43310546875
3811024,29.9072265625
3811047,93.68896484375
3811065,46.56982421875
3811081,65.00244140625
3811098,92.4072265625
3811121,126.0986328125
3811154,62.19482421875
3811172,79.28466796875
3811193,106.3232421875
3811206,43.02978515625
3811233,39.73388671875
3811256,45.59326171875
3811267,53.955078125
3811294,59.814453125
3811318,75.01220703125
3811334,32.77587890625
3811348,36.7431640625
3811377,53.89404296875
3811387,36.68212890625
3811434,34.85107421875
3811454,39.794921875
3811477,36.68212890625
3811501,41.3818359375
3811512,32.8369140625
3811553,36.7431640625
3811576,35.5224609375
3811608,32.2265625
3811666,33.447265625
3811765,29.296875
3811844,29.4189453125
3811868,29.78515625
3811911,31.005859375
3811969,35.64453125
3812221,29.9072265625
3813470,32.65380859375
3813569,29.60205078125
3813999,31.982421875
3814224,29.4189453125
3814322,33.69140625
3814553,29.6630859375
3814955,31.1279296875
3815546,29.9072265625
3815686,38.02490234375
3815752,35.09521484375
3815848,32.470703125
3816088,30.1513671875
3816268,41.93115234375
3816652,45.22705078125
3817111,33.02001953125
3817263,29.4189453125
3817621,34.36279296875
3817828,35.09521484375
3818059,39.48974609375
3818389,57.6171875
3818613,35.46142578125
3818858,40.10009765625
3874084,31.005859375
3909671,31.43310546875
3909729,38.14697265625
3909776,30.029296875
3909788,29.23583984375
3909816,29.47998046875
3909857,46.2646484375
3909877,64.02587890625
3909891,45.5322265625
3909912,47.18017578125
3909929,59.63134765625
3909953,58.41064453125
3909979,126.77001953125
3910007,47.54638671875
3910026,82.275390625
3910049,44.189453125
3910062,103.94287109375
3910083,33.5693359375
3910095,32.470703125
3910125,94.482421875
3910155,61.5234375
3910184,61.279296875
3910208,50.72021484375
3910224,39.6728515625
3910245,43.76220703125
3910278,80.74951171875
3910290,44.921875
3910321,38.39111328125
3910347,29.47998046875
3910364,53.28369140625
3910391,49.072265625
3910412,48.7060546875
3910450,30.09033203125
3910477,37.78076171875
3910490,41.259765625
3910637,32.77587890625
3910671,30.3955078125
3910749,30.76171875
3910789,29.296875
3910858,29.72412109375
3910907,31.25
3910962,32.89794921875
3912216,30.45654296875
3912589,34.423828125
3912637,31.3720703125
3912818,34.60693359375
3912978,30.029296875
3913045,31.6162109375
3913456,31.43310546875
3913605,29.541015625
3913824,29.4189453125
3913955,43.15185546875
3914006,37.7197265625
3914116,31.73828125
3914597,30.1513671875
3914746,33.26416015625
3914887,31.43310546875
3915322,30.1513671875
3915450,33.0810546875
3915487,29.47998046875
3915652,31.494140625
3915823,30.6396484375
3916163,32.8369140625
3916340,35.82763671875
3916548,43.5791015625
3916704,34.0576171875
3916757,35.82763671875
3916969,41.1376953125
3917129,30.21240234375
3917238,48.4619140625
3917667,31.73828125
3917689,52.001953125
3984155,43.02978515625
3984206,30.82275390625
3984221,82.275390625
3984256,34.60693359375
3984284,70.25146484375
3984301,42.8466796875
3984311,37.78076171875
3984341,40.95458984375
3984351,129.69970703125
3984379,45.41015625
3984403,77.0263671875
3984425,101.01318359375
3984451,50.35400390625
3984481,39.1845703125
3984492,85.9375
3984507,42.724609375
3984534,31.494140625
3984554,82.51953125
3984581,34.0576171875
3984612,74.5849609375
3984624,34.72900390625
3984656,30.3955078125
3984668,63.232421875
3984686,32.77587890625
3984706,29.60205078125
3984723,41.015625
3984750,43.9453125
3984787,57.92236328125
3984841,46.93603515625
3984859,39.4287109375
3984893,58.41064453125
3984907,33.63037109375
3984944,39.00146484375
3985003,35.21728515625
3985034,29.541015625
3985074,32.40966796875
3985103,34.24072265625
3985152,34.66796875
3985188,30.029296875
3985202,31.1279296875
3986037,31.982421875
3986676,35.5224609375
3986815,29.541015625
3986862,31.31103515625
3986961,32.04345703125
3987066,30.09033203125
3987168,32.40966796875
3987473,33.3251953125
3988264,30.029296875
3988366,34.11865234375
3988625,32.2265625
3989058,31.005859375
3989269,30.09033203125
3989410,31.6162109375
3989852,36.1328125
3990014,30.517578125
3990193,35.70556640625
3990257,36.62109375
3990358,29.23583984375
3990373,35.94970703125
3990537,43.64013671875
3990716,38.330078125
3991097,37.04833984375
3991301,29.35791015625
3991337,40.0390625
3991450,31.31103515625
3991602,35.2783203125
3991748,53.40576171875
3992130,36.92626953125
4066970,37.65869140625
4067013,45.8984375
4067041,35.15625
4067074,93.81103515625
4067109,42.17529296875
4067138,55.84716796875
4067163,92.529296875
4067187,36.19384765625
4067216,75.439453125
4067243,109.55810546875
4067260,55.6640625
4067275,41.748046875
4067308,50.537109375
4067329,67.68798828125
4067374,58.28857421875
4067393,49.98779296875
4067405,64.39208984375
4067442,62.5
4067467,33.8134765625
4067483,33.02001953125
4067504,46.44775390625
4067528,51.025390625
4067538,37.4755859375
4067559,52.67333984375
4067584,29.23583984375
4067614,30.57861328125
4067640,31.6162109375
4067659,33.63037109375
4067682,50.9033203125
4067699,35.82763671875
4067717,30.2734375
4067748,45.47119140625
4067799,33.14208984375
4067819,37.2314453125
4067840,36.4990234375
4067897,30.09033203125
4067955,29.78515625
4067979,36.1328125
4068007,29.541015625
4068063,30.21240234375
4069103,29.541015625
4069195,30.82275390625
4069635,33.50830078125
4069815,30.517578125
4070134,29.78515625
4071250,32.3486328125
4071455,31.6162109375
4071535,34.11865234375
4071937,30.70068359375
4072063,30.029296875
4072163,29.296875
4072280,34.60693359375
4072296,30.76171875
4072585,41.8701171875
4072639,37.90283203125
4072717,31.73828125
4072745,30.029296875
4072907,38.57421875
4073060,29.9072265625
4073237,34.3017578125
4073435,29.35791015625
4073663,33.14208984375
4073898,38.75732421875
4073926,34.11865234375
4074109,41.68701171875
4074375,53.77197265625
4074675,42.17529296875
4074697,29.6630859375
4074983,34.60693359375
4126864,30.33447265625
4145022,43.02978515625
4145057,59.5703125
4145076,42.236328125
4145105,54.6875
4145117,42.54150390625
4145128,80.74951171875
4145166,47.54638671875
4145184,90.2099609375
4145198,31.8603515625
4145217,39.97802734375
4145251,97.10693359375
4145262,48.40087890625
4145274,49.6826171875
4145306,56.33544921875
4145316,71.71630859375
4145340,50.35400390625
4145379,57.92236328125
4145392,39.97802734375
4145419,49.62158203125
4145441,45.71533203125
4145458,39.61181640625
4145492,32.1044921875
4145503,53.7109375
4145526,33.99658203125
4145546,32.8369140625
4145569,56.396484375
4145594,34.48486328125
4145606,33.02001953125
4145630,63.04931640625
4145657,38.63525390625
4145687,51.3916015625
4145736,39.55078125
4145755,37.7197265625
4145775,30.57861328125
4145792,37.9638671875
4145815,30.3955078125
4145879,31.1279296875
4145921,30.517578125
4145955,30.70068359375
4146119,30.517578125
4146877,30.1513671875
4147454,30.517578125
4148574,30.2734375
4148980,29.541015625
4149547,30.09033203125
4149657,30.57861328125
4150181,29.84619140625
4150638,29.23583984375
4150735,34.3017578125
4151700,40.771484375
4151892,40.95458984375
4152126,38.14697265625
4152365,38.9404296875
4152623,49.62158203125
4153122,38.26904296875
4224194,29.296875
4226946,29.4189453125
4227022,32.77587890625
4227057,49.9267578125
4227079,58.65478515625
4227100,62.255859375
4227137,94.78759765625
4227159,70.25146484375
4227169,79.28466796875
4227197,49.62158203125
4227208,87.82958984375
4227248,87.95166015625
4227268,48.33984375
4227289,76.96533203125
4227312,57.2509765625
4227338,58.89892578125
4227352,71.10595703125
4227380,85.51025390625
4227406,42.78564453125
4227418,73.1201171875
4227449,31.3720703125
4227480,63.29345703125
4227495,41.748046875
4227506,35.2783203125
4227533,47.607421875
4227559,47.2412109375
4227603,42.8466796875
4227626,39.55078125
4227652,34.48486328125
4227662,31.55517578125
4227710,32.3486328125
4227726,34.24072265625
4227783,40.6494140625
4227813,33.38623046875
4227874,31.55517578125
4227963,33.8134765625
4228119,36.43798828125
4228747,31.005859375
4229750,39.85595703125
4229858,30.70068359375
4230056,30.6396484375
4230442,29.96826171875
4230527,30.8837890625
4231044,30.6396484375
4231532,31.18896484375
4231655,29.72412109375
4232055,34.1796875
4232797,30.21240234375
4233597,30.57861328125
4233626,29.9072265625
4233773,33.50830078125
4233836,29.23583984375
4233871,30.45654296875
4234001,50.59814453125
4234129,41.56494140625
4234230,42.54150390625
4234276,34.85107421875
4234433,29.84619140625
4234489,50.78125
4234584,32.2265625
4234998,30.09033203125
4235020,46.08154296875
4312100,35.7666015625
4312243,39.794921875
4312253,43.15185546875
4312276,30.8837890625
4312303,41.9921875
4312331,35.2783203125
4312341,50.96435546875
4312373,56.70166015625
4312405,76.2939453125
4312438,109.375
4312449,70.1904296875
4312476,76.7822265625
4312500,42.48046875
4312510,67.9931640625
4312544,111.4501953125
4312570,48.095703125
4312583,48.2177734375
4312602,41.07666015625
4312627,43.45703125
4312643,53.3447265625
4312671,48.15673828125
4312684,58.16650390625
4312711,34.0576171875
4312735,76.35498046875
4312762,70.73974609375
4312790,37.90283203125
4312831,34.66796875
4312869,66.89453125
4312884,43.8232421875
4312907,38.0859375
4312918,40.52734375
4312931,30.70068359375
4312962,43.9453125
4313014,29.4189453125
4313032,35.400390625
4313047,33.99658203125
4313127,33.99658203125
4313186,39.85595703125
4313385,29.84619140625
4313970,29.72412109375
4314119,30.2734375
4314378,29.541015625
4314456,36.43798828125
4314620,32.89794921875
4314894,29.47998046875
4315107,36.7431640625
4315283,30.029296875
4315658,36.2548828125
4315880,35.70556640625
4316047,35.15625
4316069,29.60205078125
4316449,29.541015625
4316872,34.5458984375
4317347,31.005859375
4317419,32.958984375
4317579,30.3955078125
4318017,29.47998046875
4318281,30.029296875
4318433,31.55517578125
4318586,29.9072265625
4318622,45.83740234375
4318745,30.1513671875
4318922,37.2314453125
4319094,32.16552734375
4319275,32.8369140625
4319490,38.39111328125
4319636,30.2734375
4319764,50.84228515625
4320153,45.22705078125
4320301,40.52734375
4390842,29.541015625
4391752,33.5693359375
4391829,33.69140625
4391876,32.5927734375
4391886,37.41455078125
4391920,41.44287109375
4391942,41.07666015625
4391966,60.1806640625
4391985,46.5087890625
4392002,68.42041015625
4392023,44.5556640625
4392047,93.3837890625
4392073,89.35546875
4392113,81.9091796875
4392124,91.24755859375
4392171,86.85302734375
4392202,51.513671875
4392233,60.60791015625
4392251,36.07177734375
4392288,62.6220703125
4392314,39.12353515625
4392343,55.35888671875
4392353,38.2080078125
4392392,48.828125
4392404,39.61181640625
4392428,32.40966796875
4392467,30.6396484375
4392492,36.43798828125
4392526,39.61181640625
4392568,30.70068359375
4392761,32.5927734375
4392874,31.494140625
4392968,31.3720703125
4392994,31.67724609375
4393194,34.0576171875
4393309,30.517578125
4393440,30.6396484375
4394693,29.9072265625
4394776,31.18896484375
4395546,32.04345703125
4396162,32.3486328125
4396284,33.99658203125
4396770,29.296875
4396897,35.64453125
4396988,30.76171875
4397279,32.28759765625
4397692,35.7666015625
4398146,30.029296875
4398373,29.72412109375
4398555,30.09033203125
4398724,34.48486328125
4398933,29.6630859375
4399134,33.0810546875
4399473,38.0859375
4399708,39.9169921875
4454353,33.26416015625
4454422,30.517578125
4454462,31.31103515625
4454479,34.11865234375
4454513,55.72509765625
4454539,106.38427734375
4454556,44.37255859375
4454570,33.63037109375
4454600,95.947265625
4454631,97.7783203125
4454653,76.72119140625
4454668,46.56982421875
4454685,48.40087890625
4454698,30.33447265625
4454709,68.4814453125
4454757,77.33154296875
4454772,87.0361328125
4454790,46.630859375
4454825,86.42578125
4454840,57.0068359375
4454854,36.1328125
4454883,33.50830078125
4454905,41.50390625
4454916,40.1611328125
4454950,39.85595703125
4454974,56.33544921875
4455005,47.36328125
4455018,47.66845703125
4455047,32.53173828125
4455061,40.34423828125
4455072,37.04833984375
4455133,33.8134765625
4455147,36.376953125
4455191,39.61181640625
4455204,29.35791015625
4455242,32.8369140625
4455296,37.04833984375
4455345,30.6396484375
4455408,32.40966796875
4455456,30.94482421875
4455539,32.470703125
4456994,29.72412109375
4457151,30.21240234375
4457449,30.3955078125
4458304,32.65380859375
4459352,33.69140625
4459642,32.470703125
4459791,29.296875
4459912,30.82275390625
4460093,30.82275390625
4460265,32.40966796875
4460542,32.28759765625
4460678,31.31103515625
4460866,31.92138671875
4461034,34.0576171875
4461213,29.9072265625
4461410,34.66796875
4461541,30.33447265625
4461703,46.38671875
4462005,46.2646484375
4462286,49.13330078125
4462389,32.8369140625
4462983,38.14697265625
4519973,30.21240234375
4519997,44.0673828125
4520013,33.935546875
4520036,31.73828125
4520079,36.07177734375
4520097,74.951171875
4520126,50.96435546875
4520142,63.04931640625
4520158,48.40087890625
4520177,37.53662109375
4520190,44.12841796875
4520215,51.025390625
4520229,44.43359375
4520249,56.45751953125
4520267,63.8427734375
4520283,51.6357421875
4520306,100.2197265625
4520337,31.1279296875
4520351,66.22314453125
4520375,40.0390625
4520400,48.03466796875
4520421,64.0869140625
4520435,42.1142578125
4520456,68.603515625
4520485,35.2783203125
4520496,30.09033203125
4520525,50.96435546875
4520538,35.64453125
4520566,53.03955078125
4520589,63.8427734375
4520607,48.64501953125
4520627,36.2548828125
4520651,31.982421875
4520673,31.8603515625
4520690,37.59765625
4520717,40.95458984375
4520736,36.1328125
4520780,42.724609375
4520791,33.3251953125
4520841,38.02490234375
4520904,48.76708984375
4520924,33.38623046875
4520943,30.517578125
4520953,42.66357421875
4520974,30.21240234375
4520989,31.005859375
4521014,35.58349609375
4521087,29.296875
4521123,35.5224609375
4521224,30.45654296875
4521696,30.82275390625
4522084,29.47998046875
4523743,32.3486328125
4524422,31.31103515625
4524929,31.31103515625
4526305,32.958984375
4526478,31.8603515625
4526534,38.2080078125
4526870,39.794921875
4527056,39.306640625
4527260,31.3720703125
4527299,31.31103515625
4527643,46.142578125
4527692,30.76171875
4527978,30.82275390625
4528110,41.6259765625
4528229,46.7529296875
4592569,34.3017578125
4592657,29.84619140625
4592678,44.86083984375
4592688,35.82763671875
4592721,61.4013671875
4592738,31.06689453125
4592756,58.2275390625
4592780,46.0205078125
4592813,92.1630859375
4592823,64.39208984375
4592843,134.21630859375
4592870,65.5517578125
4592899,71.044921875
4592924,96.61865234375
4592936,34.11865234375
4592963,63.232421875
4592993,75.50048828125
4593007,48.7060546875
4593030,48.15673828125
4593057,39.0625
4593074,54.6875
4593086,32.71484375
4593111,43.64013671875
4593137,34.48486328125
4593167,44.677734375
4593183,55.96923828125
4593214,60.1806640625
4593246,69.4580078125
4593278,52.79541015625
4593306,44.3115234375
4593320,34.85107421875
4593341,36.43798828125
4593365,41.3818359375
4593390,44.921875
4593404,35.2783203125
4593456,39.306640625
4593468,33.26416015625
4593498,32.28759765625
4593546,30.94482421875
4593576,35.15625
4593610,34.66796875
4593630,35.888671875
4593655,31.73828125
4593727,30.517578125
4594008,29.72412109375
4594123,32.2265625
4594196,29.84619140625
4595812,31.92138671875
4596746,30.6396484375
4597189,31.3720703125
4597408,33.38623046875
4598276,31.1279296875
4598558,37.41455078125
4598876,29.96826171875
4599056,32.40966796875
4599258,34.11865234375
4599404,29.296875
4599433,39.4287109375
4599619,33.5693359375
4599716,30.1513671875
4599903,31.494140625
4600221,32.5927734375
4600257,57.31201171875
4600563,30.82275390625
4600617,32.53173828125
4600996,30.57861328125
4669444,36.0107421875
4672345,31.494140625
4672549,36.68212890625
4672601,35.400390625
4672665,34.7900390625
4672680,70.25146484375
4672694,39.73388671875
4672722,52.490234375
4672735,52.30712890625
4672753,66.46728515625
4672773,85.44921875
4672788,58.4716796875
4672814,95.458984375
4672840,53.52783203125
4672860,92.6513671875
4672884,60.791015625
4672899,31.92138671875
4672920,45.8984375
4672955,56.21337890625
4672986,48.88916015625
4673003,49.98779296875
4673030,58.16650390625
4673053,61.6455078125
4673072,41.1376953125
4673095,41.80908203125
4673114,61.09619140625
4673145,67.138671875
4673172,49.25537109375
4673194,48.52294921875
4673204,31.55517578125
4673233,64.14794921875
4673250,46.20361328125
4673286,42.29736328125
4673305,46.56982421875
4673323,35.46142578125
4673342,29.35791015625
4673362,35.7666015625
4673390,32.16552734375
4673420,31.55517578125
4673455,32.470703125
4673589,30.33447265625
4674257,31.982421875
4674348,30.8837890625
4674781,29.96826171875
4675575,30.82275390625
4676144,31.92138671875
4676227,29.35791015625
4677342,32.04345703125
4678212,30.8837890625
4678377,32.65380859375
4678530,32.958984375
4678676,32.04345703125
4678848,37.4755859375
4679207,34.85107421875
4679385,36.376953125
4679436,29.541015625
4679575,33.99658203125
4679821,35.21728515625
4680159,44.677734375
4744796,35.46142578125
4745026,32.40966796875
4745040,39.97802734375
4745073,37.4755859375
4745094,38.0859375
4745115,43.212890625
4745127,84.5947265625
4745145,88.0126953125
4745180,79.1015625
4745190,34.72900390625
4745206,32.53173828125
4745226,71.71630859375
4745245,55.48095703125
4745257,37.78076171875
4745290,90.75927734375
4745322,77.08740234375
4745334,41.6259765625
4745359,44.37255859375
4745387,69.03076171875
4745420,41.015625
4745446,39.12353515625
4745478,38.51318359375
4745492,52.91748046875
4745533,46.08154296875
4745556,41.8701171875
4745574,58.16650390625
4745613,44.677734375
4745641,43.64013671875
4745669,36.80419921875
4745696,52.001953125
4745741,39.61181640625
4745775,34.36279296875
4745810,31.1279296875
4745834,38.75732421875
4745849,35.82763671875
4746003,32.470703125
4746028,31.73828125
4746053,30.3955078125
4747019,30.21240234375
4747747,30.09033203125
4749248,29.96826171875
4750113,31.25
4750234,31.73828125
4750516,30.517578125
4750682,30.82275390625
4750764,36.19384765625
4750822,36.376953125
4750983,30.82275390625
4751314,29.96826171875
4751390,32.89794921875
4751499,36.31591796875
4751700,37.109375
4751961,42.48046875
4752356,47.05810546875
4752990,29.9072265625
4753144,42.236328125
