4799201,0
36258,43.9453125
36291,56.15234375
36420,102.11181640625
36497,48.9501953125
36633,42.96875
36665,55.908203125
36685,41.6259765625
72735,52.001953125
72869,45.22705078125
73017,46.81396484375
73167,49.31640625
73221,104.55322265625
73245,58.53271484375
73263,49.31640625
73296,43.64013671875
73336,68.29833984375
73352,43.212890625
73374,49.13330078125
73421,43.64013671875
73475,42.8466796875
73530,42.236328125
73558,49.25537109375
73637,50.72021484375
90654,42.96875
90852,48.03466796875
90912,75.98876953125
90953,47.05810546875
91028,70.556640625
91057,58.2275390625
91083,71.77734375
91102,65.61279296875
91153,43.8232421875
91192,63.29345703125
91210,42.17529296875
91241,55.11474609375
91268,41.748046875
91616,44.25048828125
91855,43.212890625
92744,44.61669921875
107632,41.8701171875
107709,78.91845703125
107775,42.6025390625
107816,77.08740234375
107835,63.5986328125
107861,51.3916015625
107896,79.52880859375
107929,42.17529296875
107956,59.26513671875
107989,62.68310546875
108004,45.83740234375
108018,44.00634765625
108050,43.701171875
108194,43.5791015625
108819,41.44287109375
125408,44.98291015625
125442,85.99853515625
125459,55.23681640625
125548,100.03662109375
125575,48.40087890625
125605,45.10498046875
125615,46.20361328125
125651,42.66357421875
125669,60.48583984375
125699,48.03466796875
125750,50.537109375
125845,42.236328125
125915,46.20361328125
126114,42.236328125
126500,42.66357421875
140985,86.97509765625
140999,45.0439453125
141037,41.44287109375
141104,73.79150390625
141174,84.5947265625
141214,52.06298828125
141234,56.45751953125
141252,45.654296875
141295,44.49462890625
141307,69.88525390625
141371,55.5419921875
157890,45.2880859375
158040,48.095703125
158053,58.65478515625
158146,76.84326171875
158196,48.9501953125
158208,58.16650390625
158235,43.51806640625
158261,65.3076171875
158306,64.5751953125
158353,41.68701171875
158459,48.9501953125
158519,41.6259765625
173860,43.5791015625
173896,80.99365234375
173921,42.236328125
173959,43.8232421875
173980,65.0634765625
173998,78.61328125
174011,43.0908203125
174051,48.4619140625
174062,56.57958984375
174115,71.6552734375
174158,44.25048828125
174184,52.6123046875
174202,46.81396484375
174228,46.9970703125
196997,59.814453125
197051,134.521484375
197117,50.29296875
197174,45.83740234375
197193,78.9794921875
197226,53.77197265625
197251,73.3642578125
197300,45.10498046875
197325,57.80029296875
197335,43.0908203125
275967,46.32568359375
276049,100.64697265625
276093,49.01123046875
276122,97.412109375
276144,48.9501953125
276201,68.29833984375
276238,45.8984375
276272,66.89453125
276282,69.9462890625
276307,57.861328125
276338,55.72509765625
341711,89.53857421875
341805,70.068359375
341836,52.978515625
341866,45.47119140625
341880,106.93359375
341914,46.56982421875
341942,63.1103515625
341960,43.9453125
341978,49.4384765625
342004,84.716796875
342048,42.8466796875
396069,99.2431640625
396107,44.73876953125
396146,44.25048828125
396163,46.5087890625
396173,89.41650390625
396208,50.35400390625
396241,78.18603515625
396257,49.49951171875
396278,43.9453125
396292,48.33984375
396339,59.08203125
396349,65.673828125
396417,44.00634765625
450073,75.8056640625
450161,53.22265625
450192,52.91748046875
450225,41.8701171875
450235,88.5009765625
450251,66.162109375
450286,41.56494140625
450307,83.43505859375
450323,48.828125
450348,44.98291015625
450373,70.556640625
450399,57.2509765625
450433,42.54150390625
450488,45.47119140625
450783,54.38232421875
450859,45.22705078125
502123,85.38818359375
502161,58.77685546875
502219,53.1005859375
502233,44.189453125
502254,64.5751953125
502271,52.734375
502317,83.19091796875
502355,64.94140625
502377,53.7109375
502407,45.0439453125
502446,54.62646484375
546711,76.72119140625
546737,42.05322265625
546772,41.9921875
546813,42.05322265625
546841,61.5234375
546873,63.90380859375
546905,76.2939453125
546915,68.603515625
546937,47.79052734375
546976,57.67822265625
546995,48.03466796875
547033,44.86083984375
547071,45.8984375
547165,45.47119140625
595187,81.97021484375
595242,51.08642578125
595267,47.66845703125
595283,81.72607421875
595300,46.20361328125
595338,64.0869140625
595352,84.8388671875
595376,48.52294921875
595396,53.89404296875
595415,74.70703125
595441,48.7060546875
595460,53.03955078125
639263,42.29736328125
639310,79.65087890625
639340,42.8466796875
639355,63.96484375
639398,64.63623046875
639415,48.15673828125
639440,56.640625
639452,62.98828125
639510,67.5048828125
639521,55.6640625
639563,49.9267578125
639591,65.49072265625
686982,84.716796875
687031,56.5185546875
687066,48.2177734375
687082,61.21826171875
687124,57.0068359375
687141,70.73974609375
687172,71.47216796875
687191,48.27880859375
687218,49.1943359375
687234,59.4482421875
687270,45.5322265625
687296,45.166015625
687346,42.54150390625
734632,45.166015625
734668,84.16748046875
734757,75.68359375
734813,58.04443359375
734835,95.5810546875
734852,43.39599609375
734896,45.654296875
734944,43.45703125
734956,50.6591796875
735030,46.93603515625
781766,80.810546875
781815,53.77197265625
781869,112.85400390625
781894,44.61669921875
781915,45.5322265625
781938,56.396484375
781950,78.30810546875
782008,51.3916015625
782019,42.236328125
782053,43.9453125
782082,49.8046875
782097,46.81396484375
830281,45.59326171875
830301,76.11083984375
830334,48.095703125
830390,54.99267578125
830426,58.28857421875
830457,57.67822265625
830490,64.5751953125
830511,76.11083984375
830564,63.90380859375
830586,56.5185546875
830608,44.37255859375
881343,82.03125
881490,80.078125
881511,43.64013671875
881549,44.7998046875
881623,81.97021484375
881640,44.37255859375
881671,60.302734375
881701,64.88037109375
881719,71.8994140625
881758,74.21875
881816,45.22705078125
929636,60.302734375
929657,76.171875
929713,46.0205078125
929751,105.1025390625
929815,44.49462890625
929846,59.814453125
929861,44.98291015625
929903,98.20556640625
929922,88.92822265625
929940,62.6220703125
929971,51.33056640625
930059,44.98291015625
930096,46.2646484375
981391,43.701171875
981416,106.01806640625
981544,86.24267578125
981601,42.724609375
981620,44.3115234375
981687,45.83740234375
981718,54.62646484375
981735,63.41552734375
981763,72.32666015625
981774,53.3447265625
981821,72.08251953125
981837,44.7998046875
981854,44.677734375
981876,50.47607421875
981905,50.9033203125
982020,48.095703125
982470,44.00634765625
1036025,94.05517578125
1036074,42.236328125
1036111,68.115234375
1036179,67.626953125
1036190,44.86083984375
1036260,82.70263671875
1036282,46.44775390625
1036330,58.10546875
1036352,62.98828125
1036388,55.35888671875
1036463,44.43359375
1036831,44.0673828125
1083140,74.64599609375
1083153,68.17626953125
1083287,53.52783203125
1083351,71.10595703125
1083378,52.6123046875
1083422,55.7861328125
1083451,76.0498046875
1083470,84.9609375
1083505,56.82373046875
1083525,60.24169921875
1083541,49.86572265625
1083598,47.79052734375
1083608,54.13818359375
1083668,44.37255859375
1138267,43.39599609375
1139279,41.6259765625
1139336,88.80615234375
1139468,50.10986328125
1139488,45.22705078125
1139539,42.17529296875
1139596,44.61669921875
1139618,55.35888671875
1139639,90.27099609375
1139655,51.513671875
1139684,64.88037109375
1139709,44.5556640625
1139753,54.87060546875
1139816,44.73876953125
1139886,43.701171875
1139912,41.6259765625
1140011,47.4853515625
1190544,53.89404296875
1190714,45.83740234375
1190730,41.44287109375
1190777,89.2333984375
1190889,48.7060546875
1190976,114.8681640625
1190986,55.48095703125
1191019,55.96923828125
1191045,45.8984375
1191060,111.51123046875
1191120,67.5048828125
1191147,69.3359375
1191187,46.2646484375
1191217,49.86572265625
1191245,43.88427734375
1191263,49.560546875
1244282,58.59375
1244517,94.17724609375
1244639,45.654296875
1244667,43.701171875
1244734,45.5322265625
1244752,41.6259765625
1244796,44.12841796875
1244812,42.29736328125
1244869,48.40087890625
1244892,60.1806640625
1244905,45.22705078125
1244940,63.3544921875
1244970,45.0439453125
1245003,47.91259765625
1245424,48.52294921875
1298715,53.955078125
1298846,43.64013671875
1298929,91.85791015625
1299024,44.0673828125
1299147,48.583984375
1299176,82.33642578125
1299246,49.37744140625
1299282,57.4951171875
1299296,54.931640625
1299328,51.57470703125
1299348,64.208984375
1299370,53.03955078125
1299424,42.90771484375
1299546,53.466796875
1299699,46.0205078125
1359883,109.86328125
1359978,45.22705078125
1360203,47.607421875
1360270,47.42431640625
1360364,48.4619140625
1360405,91.97998046875
1360471,48.52294921875
1360484,41.93115234375
1360519,67.32177734375
1360534,70.3125
1360558,58.77685546875
1360568,43.8232421875
1360603,55.17578125
1360622,48.2177734375
1360642,45.2880859375
1360703,52.18505859375
1360970,41.9921875
1413655,43.0908203125
1413781,44.3115234375
1414161,49.8046875
1414202,52.91748046875
1414220,51.33056640625
1414252,96.3134765625
1414282,59.14306640625
1414304,51.20849609375
1414359,51.6357421875
1414418,43.0908203125
1414437,49.31640625
1414492,44.00634765625
1469563,59.75341796875
1469901,41.80908203125
1469933,50.10986328125
1470000,44.86083984375
1470062,45.7763671875
1470101,42.17529296875
1470123,93.26171875
1470137,44.25048828125
1470184,61.58447265625
1470211,56.70166015625
1470226,52.67333984375
1470272,66.71142578125
1470284,42.78564453125
1470374,43.3349609375
1470482,54.01611328125
1527572,45.41015625
1527619,46.44775390625
1527782,54.3212890625
1527877,44.86083984375
1527945,51.3916015625
1528085,44.37255859375
1528097,43.15185546875
1528176,96.6796875
1528212,49.13330078125
1528246,105.40771484375
1528307,48.33984375
1528331,43.76220703125
1528387,44.43359375
1585539,45.71533203125
1585655,42.724609375
1586137,45.95947265625
1586158,44.00634765625
1586187,44.98291015625
1586207,53.28369140625
1586234,46.0205078125
1586271,95.03173828125
1586304,42.41943359375
1586318,62.31689453125
1586344,42.96875
1586379,58.59375
1586409,51.20849609375
1586453,48.27880859375
1586471,54.931640625
1586530,49.8046875
1642623,49.49951171875
1642743,48.15673828125
1643028,41.56494140625
1643158,43.3349609375
1643457,43.3349609375
1643557,47.05810546875
1643574,62.31689453125
1643602,51.26953125
1643624,44.61669921875
1643650,49.560546875
1643681,48.828125
1643701,84.8388671875
1643723,43.76220703125
1643758,57.67822265625
1643769,80.26123046875
1643838,63.4765625
1643866,46.0205078125
1698004,42.66357421875
1698133,42.96875
1698560,55.84716796875
1698686,54.87060546875
1698716,45.654296875
1698727,61.279296875
1698781,51.3916015625
1698840,46.7529296875
1698861,55.17578125
1698882,79.04052734375
1698902,53.22265625
1698949,65.185546875
1698969,47.79052734375
1698994,52.734375
1699050,61.09619140625
1699122,54.87060546875
1699195,56.884765625
1752561,51.33056640625
1753251,42.41943359375
1753265,46.38671875
1753467,44.5556640625
1753553,55.35888671875
1753667,47.7294921875
1753704,41.50390625
1753733,76.35498046875
1753749,50.1708984375
1753813,77.08740234375
1753829,56.70166015625
1753875,60.72998046875
1753900,42.8466796875
1753976,53.22265625
1754191,50.1708984375
1810628,46.0205078125
1810739,42.48046875
1810856,41.8701171875
1811001,43.88427734375
1811197,46.5087890625
1811288,47.91259765625
1811391,42.236328125
1811458,48.9501953125
1811483,58.53271484375
1811500,45.47119140625
1811522,45.5322265625
1811558,44.677734375
1811599,48.33984375
1811623,88.37890625
1811655,42.41943359375
1811690,47.8515625
1811716,58.4716796875
1811749,44.189453125
1811809,42.236328125
1811876,50.9033203125
1811913,44.677734375
1863709,44.12841796875
1863986,43.15185546875
1864299,48.7060546875
1864376,45.95947265625
1864480,45.8984375
1864523,47.05810546875
1864560,51.94091796875
1864587,45.22705078125
1864613,52.734375
1864711,102.96630859375
1864847,44.49462890625
1916911,41.748046875
1917037,43.9453125
1917386,52.1240234375
1917779,43.64013671875
1918131,44.00634765625
1918233,43.5791015625
1918261,41.8701171875
1918318,55.419921875
1918376,47.18017578125
1965163,46.0205078125
1965663,42.724609375
1966279,49.072265625
2005657,47.36328125
2005766,44.3115234375
2005879,42.29736328125
2006001,45.10498046875
2006474,46.32568359375
2043835,49.01123046875
2044071,46.5087890625
2044280,54.0771484375
2044724,43.0908203125
2075389,46.56982421875
2075570,45.10498046875
2076022,41.80908203125
2106300,50.9033203125
2106387,46.44775390625
2106725,43.8232421875
2148121,46.81396484375
2148205,54.38232421875
2148278,43.02978515625
2148474,48.583984375
2148955,56.5185546875
2187817,52.734375
2187889,47.2412109375
2188037,46.69189453125
2188081,46.2646484375
2228596,63.4765625
2228681,45.59326171875
2228756,49.25537109375
2228834,43.02978515625
2230201,41.93115234375
2271142,43.51806640625
2271376,49.37744140625
2271576,43.212890625
2316110,42.17529296875
2316193,55.84716796875
2316261,44.86083984375
2316337,41.93115234375
2359387,52.30712890625
2359466,45.2880859375
2360662,44.7998046875
2407592,47.79052734375
2407665,43.51806640625
2407737,42.05322265625
2456132,44.61669921875
2456280,45.71533203125
2456300,54.3212890625
2498075,43.45703125
2498145,55.17578125
2498384,46.5087890625
2498557,44.0673828125
2545715,47.2412109375
2546088,42.236328125
2546120,41.44287109375
2546407,45.7763671875
2597450,50.537109375
2597523,41.6259765625
2597596,51.26953125
2598983,43.02978515625
2646880,63.78173828125
2647015,44.98291015625
2692700,53.1005859375
2692959,43.212890625
2693142,43.8232421875
2732558,51.3916015625
2732963,42.6025390625
2733348,42.66357421875
2772389,53.40576171875
2772818,49.072265625
2817417,46.2646484375
2817431,53.1005859375
2817506,41.80908203125
2855750,43.76220703125
2856180,42.48046875
2897297,49.01123046875
2897430,45.83740234375
2898070,41.56494140625
2935426,50.59814453125
2935494,41.93115234375
2935538,41.8701171875
2935646,43.64013671875
2935955,41.80908203125
2979006,43.0908203125
2979168,42.48046875
2979908,41.8701171875
3013042,47.7294921875
3053205,47.8515625
3053336,42.17529296875
3097182,44.00634765625
3132764,52.30712890625
3132857,42.6025390625
3168220,49.8046875
3168385,42.41943359375
3203615,50.4150390625
3240030,52.55126953125
3240062,42.29736328125
3240127,43.51806640625
3240595,42.66357421875
3278284,41.93115234375
3278518,41.56494140625
3315590,41.56494140625
3315717,62.98828125
3350389,42.17529296875
3373584,46.2646484375
3373622,42.96875
3373824,44.49462890625
3416478,43.0908203125
3454418,45.0439453125
3493033,52.18505859375
3493138,73.05908203125
3493225,52.490234375
3530473,43.0908203125
3530524,43.15185546875
3530749,43.701171875
3567149,46.5087890625
3567333,48.76708984375
3603755,45.41015625
3678309,57.55615234375
3712656,52.30712890625
3712775,44.25048828125
3712886,41.56494140625
3751441,49.62158203125
3751604,44.25048828125
3789259,59.4482421875
3789374,61.34033203125
3789518,47.4853515625
3789662,44.00634765625
3824406,43.45703125
3824535,42.724609375
3861510,42.724609375
3861830,45.0439453125
3861923,42.66357421875
3897850,48.40087890625
3897878,48.095703125
3937994,58.53271484375
3938173,64.208984375
3938589,47.8515625
3976402,62.92724609375
3976587,81.84814453125
3976797,43.701171875
3976901,42.96875
3977280,44.73876953125
4019446,50.048828125
4019573,45.0439453125
4063736,41.56494140625
4063842,51.69677734375
4064130,43.15185546875
4064266,41.50390625
4064405,42.17529296875
4064446,43.02978515625
4064462,42.66357421875
4064559,48.583984375
4064613,44.86083984375
4064629,51.26953125
4064659,95.458984375
4064724,66.83349609375
4064753,58.349609375
4064777,66.40625
4064825,54.74853515625
4064859,42.05322265625
4064885,62.255859375
4064978,45.34912109375
4129967,46.93603515625
4130047,74.21875
4130094,45.22705078125
4130125,63.1103515625
4130137,76.171875
4130174,46.56982421875
4130202,53.955078125
4130222,73.6083984375
4130250,52.24609375
4130263,42.29736328125
4130296,58.10546875
4130309,46.32568359375
4130410,49.8046875
4130953,42.724609375
4187231,77.0263671875
4187334,57.4951171875
4187368,79.2236328125
4187382,60.791015625
4187444,91.36962890625
4187505,70.49560546875
4187534,64.63623046875
4187551,46.38671875
4187564,67.3828125
4187587,76.23291015625
4187629,41.80908203125
4187647,41.8701171875
4187700,47.42431640625
4187839,43.45703125
4188458,44.12841796875
4241898,49.25537109375
4241919,74.40185546875
4241968,45.22705078125
4242007,112.1826171875
4242020,48.03466796875
4242032,48.27880859375
4242068,78.67431640625
4242106,60.4248046875
4242135,57.12890625
4242183,45.71533203125
4242267,42.78564453125
4292573,80.13916015625
4292613,50.537109375
4292627,47.30224609375
4292649,72.32666015625
4292683,60.546875
4292718,80.87158203125
4292764,55.419921875
4292777,60.48583984375
4292808,46.0205078125
4292847,66.34521484375
4292868,49.31640625
4293185,44.25048828125
4346400,89.17236328125
4346426,51.7578125
4346503,43.701171875
4346532,72.93701171875
4346554,42.90771484375
4346586,81.0546875
4346606,62.56103515625
4346646,47.607421875
4346677,42.29736328125
4346691,45.41015625
4346776,47.2412109375
4347075,49.62158203125
4399593,83.984375
4399626,53.22265625
4399668,81.60400390625
4399690,45.8984375
4399721,54.74853515625
4399741,67.626953125
4399774,49.1943359375
4399798,90.9423828125
4399827,56.884765625
4399847,50.1708984375
4399906,66.22314453125
4399926,42.78564453125
4399970,43.212890625
4451820,111.81640625
4451864,42.236328125
4451906,78.61328125
4451924,42.05322265625
4451953,44.86083984375
4451980,47.8515625
4452004,45.34912109375
4452019,42.96875
4452050,52.30712890625
4452076,52.79541015625
4452092,46.875
4452588,44.86083984375
4503634,118.83544921875
4503680,44.12841796875
4503705,68.78662109375
4503724,44.677734375
4503745,51.57470703125
4503777,62.68310546875
4503807,45.34912109375
4503824,71.22802734375
4503843,57.6171875
4503861,47.91259765625
4503929,50.29296875
4503948,45.95947265625
4503980,42.236328125
4504182,41.8701171875
4504385,44.86083984375
4549583,79.16259765625
4549625,42.3583984375
4549653,79.65087890625
4549666,67.626953125
4549682,69.27490234375
4549708,62.80517578125
4549733,93.20068359375
4549792,42.8466796875
4549810,43.15185546875
4549903,59.4482421875
4601401,103.21044921875
4601413,47.18017578125
4601496,62.07275390625
4601517,74.03564453125
4601548,44.00634765625
4601563,81.97021484375
4601582,50.35400390625
4601602,50.1708984375
4601631,90.51513671875
4601644,41.56494140625
4601684,43.27392578125
4601710,41.9921875
4601749,43.212890625
4601803,47.9736328125
4601954,42.96875
4651744,53.8330078125
4651766,44.5556640625
4651804,97.35107421875
4651825,41.56494140625
4651863,53.1005859375
4651889,55.6640625
4651946,54.26025390625
4651971,74.5849609375
4651990,56.70166015625
4652107,47.9736328125
4652173,49.560546875
4652397,54.99267578125
4703111,89.41650390625
4703130,52.3681640625
4703183,99.12109375
4703213,50.29296875
4703242,59.326171875
4703253,65.24658203125
4703282,45.7763671875
4703310,41.93115234375
4703358,41.44287109375
4703389,43.9453125
4703461,41.68701171875
4703669,48.583984375
4754486,43.45703125
4754530,46.2646484375
4754547,78.61328125
4754573,48.9501953125
4754585,56.396484375
4754618,108.45947265625
4754683,48.095703125
4754693,60.1806640625
4754705,43.15185546875
4754746,46.630859375
4754776,46.08154296875
4754841,42.29736328125
4755233,49.37744140625
4755263,43.39599609375
