4798001,0
4701,37.7197265625
4769,38.51318359375
4850,50.9033203125
4984,37.59765625
5061,36.4990234375
5096,36.9873046875
5148,33.63037109375
5175,38.39111328125
5264,35.21728515625
5292,37.841796875
5380,46.81396484375
5396,43.02978515625
5473,63.5986328125
5484,38.14697265625
5523,34.7900390625
5561,35.64453125
5580,49.1943359375
5604,49.37744140625
5614,45.8984375
5645,46.81396484375
5663,46.81396484375
5673,40.34423828125
5700,60.24169921875
5722,41.8701171875
5749,48.88916015625
5761,52.3681640625
5797,49.8046875
5808,40.4052734375
5826,45.71533203125
5841,36.07177734375
5854,41.6259765625
5880,41.259765625
5898,39.9169921875
5922,60.11962890625
5949,44.49462890625
5972,33.75244140625
5983,56.15234375
6060,38.0859375
6084,41.32080078125
6135,52.30712890625
6168,40.0390625
6196,35.94970703125
6223,39.9169921875
6251,42.724609375
6278,35.2783203125
6305,54.01611328125
6324,36.1328125
6384,34.11865234375
6420,38.39111328125
6474,50.4150390625
6582,41.80908203125
6616,46.38671875
6636,34.0576171875
6788,39.306640625
6800,36.43798828125
6822,49.072265625
6927,33.935546875
6964,35.15625
6999,38.2080078125
7030,33.935546875
7106,37.59765625
7134,38.26904296875
59597,41.07666015625
59968,41.56494140625
82200,35.0341796875
82297,34.85107421875
82437,46.630859375
82517,47.79052734375
82639,36.376953125
82799,38.4521484375
82823,34.3017578125
82858,34.11865234375
82905,44.7998046875
83041,37.65869140625
83070,34.7900390625
83134,34.1796875
83205,46.2646484375
83281,37.4755859375
83324,34.48486328125
83406,37.17041015625
83424,44.0673828125
83476,34.60693359375
83553,48.583984375
83564,50.78125
83589,46.20361328125
83606,43.0908203125
83729,38.02490234375
83769,38.51318359375
83803,36.68212890625
83815,38.4521484375
83929,34.36279296875
83984,34.85107421875
84083,40.4052734375
84097,35.58349609375
84112,35.09521484375
84218,35.64453125
84329,33.5693359375
84352,35.21728515625
84411,39.306640625
84471,39.00146484375
84505,41.3818359375
85665,34.97314453125
127782,34.60693359375
175109,34.97314453125
177249,34.60693359375
177268,35.82763671875
177430,38.818359375
177473,44.189453125
177505,40.52734375
177538,44.7998046875
177565,35.33935546875
177620,35.64453125
177657,38.26904296875
177726,43.9453125
177763,57.80029296875
177854,42.78564453125
177883,36.0107421875
177920,46.142578125
177964,42.236328125
177979,34.423828125
178011,48.9501953125
178092,36.68212890625
178156,44.7998046875
178191,44.25048828125
178212,35.46142578125
178244,52.001953125
178263,57.7392578125
178294,47.7294921875
178315,37.78076171875
178341,40.58837890625
178368,36.19384765625
178383,42.6025390625
178400,34.48486328125
178419,33.5693359375
178449,39.12353515625
178461,41.93115234375
178489,47.8515625
178544,58.77685546875
178577,43.701171875
178647,45.654296875
178682,41.50390625
178700,37.53662109375
178762,42.724609375
178791,50.84228515625
178856,39.306640625
178945,46.56982421875
178997,35.0341796875
179194,34.36279296875
179248,33.8134765625
179410,37.41455078125
179536,39.6728515625
179975,35.5224609375
180324,38.6962890625
180603,37.29248046875
235750,36.68212890625
242636,36.2548828125
254796,36.62109375
262334,34.7900390625
262584,34.0576171875
262638,37.59765625
262658,34.60693359375
262739,35.82763671875
262838,46.5087890625
262864,35.82763671875
262918,49.37744140625
262929,56.0302734375
262975,37.90283203125
262988,46.69189453125
263016,47.18017578125
263066,37.53662109375
263098,49.9267578125
263144,52.06298828125
263171,39.0625
263225,34.0576171875
263236,38.57421875
263255,42.96875
263288,39.61181640625
263317,37.29248046875
263330,36.7431640625
263354,41.50390625
263404,34.66796875
263422,36.80419921875
263459,44.25048828125
263476,45.83740234375
263494,56.0302734375
263521,33.935546875
263538,36.2548828125
263568,53.1005859375
263583,44.86083984375
263613,42.78564453125
263627,33.935546875
263648,36.43798828125
263695,39.9169921875
263710,35.64453125
263762,34.5458984375
263794,36.92626953125
263805,40.1611328125
263819,37.59765625
263845,37.59765625
263893,41.07666015625
263934,56.09130859375
263947,35.400390625
263994,36.92626953125
264072,39.55078125
264098,34.36279296875
264221,35.58349609375
264315,36.56005859375
264419,40.95458984375
264588,33.935546875
308464,33.87451171875
311904,38.57421875
312171,33.99658203125
313000,41.07666015625
332247,34.66796875
332257,34.72900390625
332352,38.63525390625
332594,38.0859375
332749,48.27880859375
332963,37.41455078125
333291,37.17041015625
333841,39.24560546875
334009,37.29248046875
334143,33.87451171875
334276,36.43798828125
334422,41.93115234375
334578,48.583984375
334593,36.0107421875
334705,37.7197265625
334767,39.48974609375
334886,46.5087890625
334940,35.15625
335016,34.66796875
335139,35.2783203125
335188,35.888671875
335443,33.935546875
380187,36.1328125
380321,33.8134765625
381056,34.66796875
381319,43.3349609375
407965,39.85595703125
441396,35.82763671875
441552,34.3017578125
442730,33.5693359375
442976,33.5693359375
482422,34.24072265625
482609,34.423828125
482683,33.99658203125
482932,40.1611328125
482951,39.48974609375
483052,33.5693359375
483399,39.00146484375
483561,48.88916015625
483695,36.07177734375
483771,33.69140625
483799,38.9404296875
483824,38.63525390625
483883,38.4521484375
483933,36.19384765625
483991,37.90283203125
484036,38.39111328125
484124,34.11865234375
484165,36.4990234375
484242,42.66357421875
484259,40.71044921875
484305,43.27392578125
484342,34.72900390625
484353,39.9169921875
484493,33.935546875
484619,37.2314453125
484676,37.2314453125
484842,34.24072265625
485258,34.60693359375
485661,40.4052734375
485913,33.87451171875
486212,37.53662109375
536147,36.43798828125
536309,52.67333984375
536633,39.4287109375
536851,46.81396484375
536875,36.43798828125
536980,40.83251953125
537149,33.935546875
537388,35.21728515625
537419,36.62109375
537496,36.56005859375
537693,38.6962890625
537773,36.376953125
537783,42.48046875
537909,47.54638671875
537970,43.27392578125
538185,40.22216796875
538236,35.888671875
538402,37.59765625
538492,33.75244140625
538517,33.99658203125
538583,43.0908203125
538667,33.8134765625
538681,34.24072265625
538763,34.60693359375
538854,37.90283203125
539168,37.353515625
540031,34.7900390625
593682,39.61181640625
645966,38.87939453125
647753,35.0341796875
647951,34.72900390625
648323,38.87939453125
648340,34.36279296875
648367,40.34423828125
648404,48.76708984375
648512,37.17041015625
648542,35.33935546875
648559,69.88525390625
648676,37.2314453125
648780,37.29248046875
648797,41.6259765625
648815,35.0341796875
648872,44.86083984375
648896,42.1142578125
648919,35.888671875
648937,49.1943359375
648947,39.97802734375
649005,51.6357421875
649026,63.90380859375
649048,41.19873046875
649071,36.56005859375
649137,40.771484375
649151,46.38671875
649174,42.78564453125
649189,37.841796875
649206,37.17041015625
649252,43.0908203125
649275,40.4052734375
649299,42.41943359375
649310,33.75244140625
649355,51.08642578125
649390,56.57958984375
649421,33.8134765625
649434,62.07275390625
649456,43.701171875
649477,55.48095703125
649508,60.11962890625
649540,38.63525390625
649595,33.87451171875
649612,35.5224609375
649644,52.734375
649674,41.9921875
649687,50.84228515625
649715,36.9873046875
649742,41.32080078125
649801,34.24072265625
649817,39.0625
649850,49.8046875
649863,36.62109375
649996,33.935546875
650120,41.93115234375
650220,35.64453125
650262,39.55078125
650314,33.63037109375
650391,36.1328125
650746,37.04833984375
651903,38.63525390625
670200,36.80419921875
681411,35.400390625
687005,33.935546875
724977,40.58837890625
726034,35.2783203125
726175,33.63037109375
750020,37.41455078125
770521,34.0576171875
770670,35.21728515625
777339,37.04833984375
777889,51.025390625
778049,35.64453125
778138,37.7197265625
778241,37.41455078125
778357,42.48046875
778369,37.109375
778465,41.56494140625
778585,42.6025390625
778660,38.0859375
778690,38.0859375
778818,53.77197265625
778852,36.2548828125
778917,35.82763671875
778958,34.48486328125
778978,41.50390625
779007,39.55078125
779019,37.17041015625
779058,50.4150390625
779071,35.7666015625
779109,45.0439453125
779168,45.47119140625
779181,37.9638671875
779191,33.63037109375
779213,35.64453125
779248,34.0576171875
779298,35.888671875
779323,36.2548828125
779359,42.6025390625
779372,40.8935546875
779398,50.29296875
779435,52.67333984375
779453,39.55078125
779524,34.1796875
779568,35.09521484375
779595,38.818359375
779717,34.60693359375
779744,46.2646484375
779773,55.6640625
779792,38.39111328125
779822,43.45703125
779848,37.53662109375
779871,43.51806640625
779939,37.841796875
780135,43.8232421875
780309,38.63525390625
781007,36.376953125
795819,38.2080078125
864737,38.2080078125
911976,38.02490234375
912074,38.14697265625
912872,39.0625
912894,39.48974609375
912952,33.8134765625
912980,37.4755859375
913005,51.08642578125
913089,48.2177734375
913125,40.771484375
913146,54.5654296875
913172,37.9638671875
913208,52.55126953125
913255,36.7431640625
913278,56.396484375
913299,38.51318359375
913314,37.90283203125
913358,48.9501953125
913391,46.142578125
913410,46.38671875
913441,40.1611328125
913478,59.63134765625
913520,39.48974609375
913542,41.19873046875
913579,44.0673828125
913589,62.3779296875
913611,43.88427734375
913642,37.78076171875
913684,60.60791015625
913695,36.56005859375
913709,38.57421875
913734,50.048828125
913752,37.4755859375
913779,56.7626953125
913791,45.47119140625
913809,38.87939453125
913833,38.14697265625
913875,39.12353515625
913893,46.69189453125
913948,35.70556640625
913993,35.400390625
914006,45.7763671875
914030,52.6123046875
914047,46.7529296875
914063,38.63525390625
914163,56.82373046875
914189,41.50390625
914220,34.72900390625
914250,34.912109375
914300,48.40087890625
914379,67.7490234375
914398,38.330078125
914408,35.64453125
914452,36.80419921875
914571,33.8134765625
914616,38.0859375
914806,33.8134765625
914837,38.330078125
914847,34.3017578125
915041,34.36279296875
915264,43.02978515625
915357,33.935546875
915458,34.72900390625
915491,34.72900390625
953401,39.61181640625
957586,35.21728515625
979236,36.7431640625
979482,35.94970703125
979915,33.99658203125
979974,39.9169921875
980099,36.0107421875
980252,40.83251953125
980279,36.2548828125
980308,35.0341796875
980333,37.4755859375
980359,48.33984375
980385,37.90283203125
980429,47.119140625
980484,40.22216796875
980510,43.64013671875
980522,52.8564453125
980547,38.330078125
980570,35.21728515625
980589,39.9169921875
980606,42.724609375
980640,37.53662109375
980665,34.5458984375
980694,57.43408203125
980723,36.19384765625
980742,35.0341796875
980782,38.87939453125
980796,41.32080078125
980825,39.0625
980837,56.33544921875
980855,33.69140625
980866,81.54296875
980877,71.77734375
980944,58.4716796875
980959,36.865234375
980985,54.8095703125
981001,42.6025390625
981012,38.14697265625
981039,47.9736328125
981054,55.60302734375
981082,71.533203125
981105,50.4150390625
981126,44.677734375
981184,64.94140625
981197,45.22705078125
981219,67.32177734375
981280,37.2314453125
981293,51.1474609375
981322,33.63037109375
981349,45.166015625
981376,39.1845703125
981395,39.24560546875
981426,34.24072265625
981452,45.22705078125
981463,41.748046875
981488,40.4052734375
981522,34.423828125
981543,33.5693359375
981566,33.935546875
981595,34.11865234375
981620,68.7255859375
981646,47.7294921875
981670,37.17041015625
981748,49.37744140625
981763,45.654296875
981828,35.09521484375
981851,43.212890625
981882,40.10009765625
981912,44.7998046875
981975,46.56982421875
982004,42.66357421875
982030,36.376953125
982084,34.60693359375
982130,37.90283203125
982161,34.24072265625
982178,41.8701171875
982255,42.29736328125
982320,50.6591796875
982339,34.66796875
982362,33.99658203125
982398,34.11865234375
982510,36.0107421875
982649,39.0625
982965,34.7900390625
983061,35.21728515625
1000175,33.935546875
1000766,34.97314453125
1001090,34.60693359375
1001223,43.0908203125
1001888,35.7666015625
1002119,41.8701171875
1002743,34.423828125
1021581,38.39111328125
1022435,34.912109375
1022568,37.65869140625
1022594,37.4755859375
1022681,37.29248046875
1022750,38.9404296875
1022765,38.39111328125
1022905,43.76220703125
1022972,34.5458984375
1022983,46.7529296875
1023016,35.0341796875
1023113,51.33056640625
1023177,37.53662109375
1023223,36.80419921875
1023245,34.36279296875
1023277,39.00146484375
1023369,35.82763671875
1023424,39.4287109375
1023509,57.861328125
1023748,50.537109375
1023969,33.75244140625
1024002,36.80419921875
1024549,39.9169921875
1024576,45.34912109375
1024874,33.935546875
1024915,41.748046875
1027079,34.24072265625
1049874,43.15185546875
1049900,33.8134765625
1049993,33.8134765625
1050028,37.04833984375
1050119,44.86083984375
1050151,40.58837890625
1050218,35.7666015625
1050377,57.12890625
1050475,39.1845703125
1050508,34.1796875
1050529,36.1328125
1050560,34.48486328125
1050571,36.19384765625
1050593,47.4853515625
1050615,39.0625
1050675,36.56005859375
1050690,36.19384765625
1050712,40.6494140625
1050729,40.6494140625
1050748,37.78076171875
1050763,44.49462890625
1050788,37.4755859375
1050811,35.64453125
1050823,36.43798828125
1050838,42.48046875
1050876,36.92626953125
1050889,36.0107421875
1050951,50.048828125
1051007,41.93115234375
1051036,39.0625
1051118,40.58837890625
1051162,36.07177734375
1051224,35.82763671875
1051275,50.29296875
1051303,41.32080078125
1051320,37.9638671875
1051348,33.5693359375
1051363,37.17041015625
1051425,34.48486328125
1051457,44.921875
1051475,34.11865234375
1051515,62.19482421875
1051554,34.7900390625
1051726,39.794921875
1051759,46.56982421875
1051792,40.771484375
1051822,38.330078125
1051914,35.888671875
1051967,35.82763671875
1052185,39.9169921875
1052196,47.30224609375
1052378,33.63037109375
1052435,39.85595703125
1052713,33.63037109375
1053156,35.09521484375
1061413,34.3017578125
1074002,34.912109375
1080361,45.95947265625
1080517,35.2783203125
1080531,38.6962890625
1080554,41.07666015625
1080802,35.82763671875
1080847,44.49462890625
1080918,38.39111328125
1080930,34.60693359375
1080954,58.28857421875
1080982,34.24072265625
1081004,40.83251953125
1081025,36.56005859375
1081041,38.75732421875
1081082,51.33056640625
1081124,35.94970703125
1081242,45.0439453125
1081335,44.37255859375
1081388,60.791015625
1081421,44.43359375
1081456,37.59765625
1081496,50.84228515625
1081520,48.52294921875
1081568,35.70556640625
1081643,34.48486328125
1081670,35.400390625
1081694,37.7197265625
1081726,36.56005859375
1081792,39.24560546875
1081818,35.5224609375
1081875,36.80419921875
1081998,35.5224609375
1082026,35.21728515625
1082075,38.818359375
1082116,34.60693359375
1082134,37.29248046875
1082195,34.85107421875
1082242,34.48486328125
1082294,36.7431640625
1082349,34.60693359375
1082942,33.69140625
1082967,33.75244140625
1100359,33.935546875
1101946,34.60693359375
1116374,38.02490234375
1126370,35.5224609375
1126953,34.60693359375
1127128,35.21728515625
1127179,34.85107421875
1127330,39.794921875
1127643,38.57421875
1127979,44.49462890625
1128161,34.1796875
1128411,33.8134765625
1128675,36.56005859375
1129217,36.19384765625
1153872,36.31591796875
1169593,35.64453125
1170411,47.4853515625
1170497,34.7900390625
1184772,34.7900390625
1403454,33.99658203125
1468027,44.677734375
1609323,38.818359375
1609363,40.58837890625
1609387,35.46142578125
1609425,40.6494140625
1609454,36.62109375
1609503,56.94580078125
1609521,33.99658203125
1609540,41.68701171875
1609581,46.630859375
1609600,34.48486328125
1609647,40.95458984375
1609670,38.57421875
1609702,42.29736328125
1609728,47.9736328125
1609741,65.0634765625
1609768,49.86572265625
1609792,43.0908203125
1609804,38.26904296875
1609819,41.68701171875
1609839,52.978515625
1609856,57.9833984375
1609869,40.83251953125
1609885,52.001953125
1609923,54.50439453125
1609945,48.095703125
1609961,34.1796875
1609987,54.3212890625
1610003,34.24072265625
1610022,38.87939453125
1610046,45.22705078125
1610067,70.37353515625
1610085,48.2177734375
1610116,50.23193359375
1610142,47.66845703125
1610162,37.353515625
1610186,54.19921875
1610215,34.72900390625
1610247,68.603515625
1610276,57.80029296875
1610290,49.4384765625
1610320,52.8564453125
1610336,68.66455078125
1610367,43.45703125
1610404,35.21728515625
1610432,48.15673828125
1610471,53.64990234375
1610487,41.50390625
1610507,43.8232421875
1610535,42.54150390625
1610561,41.80908203125
1610572,38.14697265625
1610614,36.9873046875
1610628,40.0390625
1610670,42.29736328125
1610683,38.39111328125
1610708,34.5458984375
1610813,47.18017578125
1610895,34.423828125
1610918,38.9404296875
1610971,33.935546875
1611064,43.45703125
1611085,64.63623046875
1611101,41.44287109375
1611134,35.2783203125
1611171,43.27392578125
1611200,65.91796875
1611223,41.3818359375
1611255,36.1328125
1611292,40.22216796875
1611308,37.4755859375
1611373,48.2177734375
1611385,39.97802734375
1611474,35.888671875
1611509,33.5693359375
1611562,34.423828125
1611619,34.423828125
1611750,36.7431640625
1611810,36.4990234375
1611833,44.86083984375
1611888,38.0859375
1611963,35.888671875
1612059,36.80419921875
1612083,36.62109375
1612184,40.1611328125
1612248,35.15625
1612426,42.48046875
1612464,34.423828125
1637459,33.69140625
1642626,42.6025390625
1647972,36.07177734375
1648705,33.935546875
1648733,34.5458984375
1648794,45.34912109375
1648852,62.744140625
1648882,36.4990234375
1648929,48.7060546875
1648969,37.9638671875
1649001,52.3681640625
1649025,37.04833984375
1649040,68.359375
1649079,42.236328125
1649096,52.55126953125
1649114,66.95556640625
1649135,38.39111328125
1649156,64.0869140625
1649181,50.35400390625
1649200,49.4384765625
1649217,38.39111328125
1649245,67.68798828125
1649278,47.66845703125
1649289,39.12353515625
1649305,37.109375
1649335,50.6591796875
1649365,47.18017578125
1649395,61.1572265625
1649410,36.1328125
1649433,42.8466796875
1649453,48.095703125
1649468,51.8798828125
1649493,47.4853515625
1649523,49.6826171875
1649551,53.5888671875
1649570,56.640625
1649585,37.78076171875
1649611,38.330078125
1649654,40.83251953125
1649667,52.06298828125
1649698,38.02490234375
1649742,43.39599609375
1649761,34.97314453125
1649786,49.49951171875
1649829,46.44775390625
1649865,36.1328125
1649888,53.1005859375
1649915,44.7998046875
1649942,37.2314453125
1649966,38.87939453125
1649987,40.1611328125
1650018,39.794921875
1650031,38.57421875
1650045,46.7529296875
1650115,39.4287109375
1650140,35.09521484375
1650202,37.9638671875
1650220,34.7900390625
1650300,40.771484375
1650329,46.142578125
1650456,40.83251953125
1650538,39.97802734375
1650552,54.3212890625
1650614,39.1845703125
1650671,39.794921875
1650754,35.2783203125
1650819,33.69140625
1650882,44.0673828125
1650937,41.8701171875
1651058,35.2783203125
1651129,38.63525390625
1651355,33.5693359375
1651389,35.94970703125
1651449,35.70556640625
1651481,34.36279296875
1651629,35.15625
1651694,42.54150390625
1651747,35.21728515625
1667312,34.7900390625
1667651,34.5458984375
1679910,41.32080078125
1679936,71.22802734375
1679947,65.36865234375
1680024,35.7666015625
1680110,44.921875
1680143,37.841796875
1680172,50.537109375
1680198,49.25537109375
1680225,47.42431640625
1680250,57.12890625
1680269,47.607421875
1680335,46.20361328125
1680357,34.3017578125
1680376,41.19873046875
1680438,36.376953125
1680459,48.15673828125
1680476,34.3017578125
1680487,51.33056640625
1680508,40.95458984375
1680534,38.26904296875
1680552,37.59765625
1680595,46.9970703125
1680619,41.68701171875
1680633,53.22265625
1680662,47.36328125
1680696,35.82763671875
1680736,39.306640625
1680756,36.56005859375
1680774,62.31689453125
1680797,41.19873046875
1680882,47.2412109375
1680907,35.7666015625
1680919,33.935546875
1680929,58.349609375
1680953,48.095703125
1680974,44.3115234375
1680992,42.66357421875
1681027,37.7197265625
1681071,47.4853515625
1681094,45.2880859375
1681149,49.37744140625
1681186,51.513671875
1681263,36.2548828125
1681285,55.23681640625
1681344,37.4755859375
1681380,39.97802734375
1681390,39.24560546875
1681414,44.12841796875
1681473,39.85595703125
1681519,42.90771484375
1681633,40.83251953125
1681644,35.09521484375
1681698,39.794921875
1681765,37.29248046875
1681831,40.0390625
1681956,35.09521484375
1682037,50.47607421875
1682121,61.6455078125
1682137,45.41015625
1682183,33.87451171875
1682281,35.7666015625
1682293,33.69140625
1682407,38.4521484375
1682461,34.11865234375
1682542,34.7900390625
1682742,37.2314453125
1682863,34.3017578125
1696238,36.19384765625
1713510,33.5693359375
1713697,41.44287109375
1713727,37.04833984375
1713747,40.10009765625
1713763,42.29736328125
1713822,37.353515625
1713877,48.64501953125
1713906,46.5087890625
1713920,36.80419921875
1713935,36.865234375
1713958,41.93115234375
1713993,35.21728515625
1714036,44.98291015625
1714061,47.05810546875
1714087,43.5791015625
1714098,37.65869140625
1714122,42.48046875
1714135,56.94580078125
1714162,45.0439453125
1714189,48.03466796875
1714218,45.654296875
1714235,52.1240234375
1714254,49.37744140625
1714282,58.41064453125
1714300,48.9501953125
1714325,54.99267578125
1714361,39.794921875
1714373,70.00732421875
1714393,37.90283203125
1714437,39.794921875
1714461,35.888671875
1714486,37.65869140625
1714517,61.34033203125
1714536,61.82861328125
1714586,40.34423828125
1714615,49.8046875
1714665,40.46630859375
1714689,40.8935546875
1714699,41.56494140625
1714734,46.7529296875
1714756,73.66943359375
1714793,44.25048828125
1714821,36.43798828125
1714833,35.58349609375
1714869,47.7294921875
1714917,38.63525390625
1714975,38.9404296875
1715027,35.21728515625
1715080,43.9453125
1715114,49.98779296875
1715158,45.59326171875
1715253,39.55078125
1715293,34.72900390625
1715404,42.96875
1715491,39.9169921875
1715534,34.423828125
1715706,41.748046875
1715723,43.45703125
1715746,37.17041015625
1715852,36.376953125
1715934,41.748046875
1716021,33.63037109375
1716091,34.0576171875
1716223,34.85107421875
1716344,33.63037109375
1716435,34.7900390625
1716648,34.1796875
1716799,35.46142578125
1716849,38.6962890625
1716890,34.66796875
1728557,40.6494140625
1735224,35.46142578125
1740757,44.00634765625
1740790,40.1611328125
1740846,36.68212890625
1740888,48.64501953125
1740908,36.43798828125
1740941,42.6025390625
1740974,57.43408203125
1740987,41.8701171875
1741010,42.1142578125
1741055,41.19873046875
1741084,41.6259765625
1741117,65.185546875
1741136,39.6728515625
1741152,43.8232421875
1741193,35.5224609375
1741213,49.37744140625
1741229,48.7060546875
1741243,42.724609375
1741312,52.42919921875
1741342,47.30224609375
1741365,36.68212890625
1741392,41.07666015625
1741406,37.53662109375
1741430,36.9873046875
1741440,56.640625
1741466,55.17578125
1741487,41.1376953125
1741519,38.818359375
1741542,40.6494140625
1741582,35.33935546875
1741611,36.0107421875
1741625,49.13330078125
1741644,48.64501953125
1741658,45.34912109375
1741701,34.11865234375
1741780,42.1142578125
1741807,40.771484375
1741835,47.607421875
1741860,39.9169921875
1741890,47.4853515625
1741910,43.5791015625
1741929,35.94970703125
1741961,35.09521484375
1741986,41.015625
1742089,38.87939453125
1742128,38.75732421875
1742179,39.61181640625
1742195,45.59326171875
1742244,37.2314453125
1742280,35.5224609375
1742341,42.3583984375
1742380,34.72900390625
1742463,43.9453125
1742481,53.28369140625
1742516,46.81396484375
1742533,34.48486328125
1742570,34.0576171875
1742652,34.3017578125
1742684,56.82373046875
1742757,42.41943359375
1742802,33.63037109375
1742812,43.3349609375
1742826,34.7900390625
1742880,41.19873046875
1742907,44.5556640625
1742947,35.0341796875
1742960,40.0390625
1743075,40.95458984375
1743264,38.51318359375
1743277,34.97314453125
1760865,39.85595703125
1761108,40.8935546875
1761135,44.677734375
1761168,40.6494140625
1761248,37.29248046875
1761279,43.212890625
1761297,54.01611328125
1761366,33.75244140625
1761395,64.94140625
1761427,36.92626953125
1761454,34.24072265625
1761484,35.2783203125
1761513,45.0439453125
1761565,53.3447265625
1761577,41.9921875
1761587,36.68212890625
1761627,48.583984375
1761665,35.2783203125
1761696,43.02978515625
1761735,44.43359375
1761747,43.8232421875
1761763,35.888671875
1761810,33.99658203125
1761870,41.07666015625
1761925,34.912109375
1761938,44.25048828125
1761974,33.69140625
1761989,33.63037109375
1762028,44.25048828125
1762090,34.97314453125
1762143,45.41015625
1762171,36.43798828125
1762213,42.3583984375
1762252,35.888671875
1762265,49.1943359375
1762285,50.1708984375
1762305,36.1328125
1762370,45.10498046875
1762382,40.52734375
1762464,34.85107421875
1762517,38.75732421875
1762563,34.3017578125
1762586,38.75732421875
1762644,46.56982421875
1762761,33.935546875
1762882,37.65869140625
1763088,35.7666015625
1763216,36.80419921875
1781249,37.109375
1781268,49.4384765625
1781302,48.828125
1781351,40.8935546875
1781371,35.7666015625
1781407,53.3447265625
1781423,48.40087890625
1781452,45.95947265625
1781476,44.86083984375
1781501,34.3017578125
1781519,73.3642578125
1781555,36.62109375
1781586,42.48046875
1781616,51.3916015625
1781639,34.5458984375
1781657,39.0625
1781673,44.0673828125
1781707,46.5087890625
1781748,49.31640625
1781797,52.978515625
1781872,34.912109375
1781912,46.81396484375
1781937,35.400390625
1781979,39.97802734375
1782000,48.52294921875
1782031,36.43798828125
1782058,49.62158203125
1782088,37.53662109375
1782123,34.0576171875
1782156,46.630859375
1782181,45.7763671875
1782200,35.2783203125
1782233,34.3017578125
1782267,44.73876953125
1782295,36.7431640625
1782341,40.6494140625
1782384,33.8134765625
1782410,36.31591796875
1782434,46.32568359375
1782500,46.56982421875
1782518,33.87451171875
1782581,58.7158203125
1782658,38.6962890625
1782734,59.75341796875
1782758,34.1796875
1782790,52.8564453125
1782938,34.912109375
1782962,40.1611328125
1783148,41.3818359375
1783165,35.2783203125
1783318,60.302734375
1783445,40.771484375
1783624,37.7197265625
1797316,33.99658203125
1797394,41.015625
1797410,35.46142578125
1797451,40.6494140625
1797473,35.58349609375
1797513,35.2783203125
1797554,37.7197265625
1797622,34.66796875
1797688,40.283203125
1797730,33.8134765625
1797752,62.3779296875
1797769,44.3115234375
1797780,55.48095703125
1797870,52.06298828125
1797883,35.58349609375
1797915,37.53662109375
1797936,34.423828125
1797958,36.9873046875
1797987,52.001953125
1798013,34.97314453125
1798036,41.56494140625
1798138,42.05322265625
1798188,41.1376953125
1798198,55.17578125
1798236,33.69140625
1798270,36.56005859375
1798287,52.55126953125
1798312,34.24072265625
1798431,42.3583984375
1798478,34.72900390625
1798573,37.353515625
1798662,33.5693359375
1798684,41.3818359375
1812148,34.48486328125
1812497,37.109375
1812629,38.818359375
1812697,38.63525390625
1812733,43.51806640625
1812744,33.75244140625
1812776,63.65966796875
1812794,34.36279296875
1812848,38.0859375
1812875,51.81884765625
1812906,82.3974609375
1812917,37.7197265625
1812960,33.75244140625
1812983,59.5703125
1813060,34.97314453125
1813100,40.0390625
1813128,41.32080078125
1813152,40.34423828125
1813248,40.1611328125
1813290,33.87451171875
1813316,34.1796875
1813353,49.01123046875
1813416,58.77685546875
1813442,37.9638671875
1813459,48.40087890625
1813549,38.63525390625
1813592,33.99658203125
1813694,38.39111328125
1813729,39.12353515625
1813774,38.9404296875
1813963,49.25537109375
1813996,35.58349609375
1814026,49.37744140625
1814053,47.05810546875
1814184,36.9873046875
1814275,34.48486328125
1814337,35.15625
1814725,35.64453125
1815028,35.15625
1831900,33.935546875
1832031,35.58349609375
1832057,34.1796875
1832203,42.8466796875
1832219,39.794921875
1832251,44.7998046875
1832271,49.1943359375
1832302,35.46142578125
1832336,44.00634765625
1832375,53.89404296875
1832404,35.70556640625
1832464,42.41943359375
1832549,54.5654296875
1832575,46.20361328125
1832593,48.2177734375
1832677,40.283203125
1832698,34.24072265625
1832734,35.21728515625
1832831,40.22216796875
1832878,34.48486328125
1832896,37.41455078125
1832929,36.7431640625
1832942,35.46142578125
1832962,35.2783203125
1832980,34.72900390625
1833020,44.00634765625
1833036,37.59765625
1833061,34.36279296875
1833112,39.00146484375
1833175,37.59765625
1833365,56.45751953125
1833414,38.0859375
1833734,33.5693359375
1833841,34.3017578125
1834065,39.794921875
1834376,41.1376953125
1846612,36.31591796875
1847207,39.55078125
1847337,45.654296875
1847391,44.25048828125
1847404,41.07666015625
1847435,45.7763671875
1847451,40.283203125
1847564,37.53662109375
1847600,39.85595703125
1847626,49.8046875
1847674,44.189453125
1847732,34.48486328125
1847785,36.0107421875
1847845,35.7666015625
1847917,37.59765625
1847967,34.48486328125
1848053,36.92626953125
1848074,34.36279296875
1848133,34.66796875
1848170,36.07177734375
1848259,34.48486328125
1848291,39.306640625
1868265,40.1611328125
1868343,45.654296875
1868362,35.64453125
1868406,52.30712890625
1868417,45.5322265625
1868481,35.21728515625
1868521,52.24609375
1868550,36.43798828125
1868571,46.93603515625
1868595,51.33056640625
1868699,61.70654296875
1868718,33.8134765625
1868734,39.00146484375
1868753,48.40087890625
1868802,33.935546875
1868839,58.04443359375
1868856,39.48974609375
1868926,35.82763671875
1868945,48.03466796875
1869004,37.53662109375
1869035,34.60693359375
1869150,41.80908203125
1869166,40.10009765625
1869210,41.3818359375
1869255,34.912109375
1869517,40.6494140625
1869546,41.748046875
1869642,40.1611328125
1869963,33.5693359375
1894916,37.2314453125
1894931,34.24072265625
1894981,36.43798828125
1895013,46.2646484375
1895032,36.31591796875
1895052,38.51318359375
1895071,39.4287109375
1895099,40.10009765625
1895166,33.87451171875
1895179,38.26904296875
1895195,33.935546875
1895219,44.7998046875
1895256,47.36328125
1895303,38.330078125
1895342,39.00146484375
1895359,37.04833984375
1895485,40.58837890625
1895502,51.8798828125
1895512,34.48486328125
1895575,36.19384765625
1895637,40.8935546875
1895675,48.52294921875
1895721,35.5224609375
1895752,41.68701171875
1895787,51.7578125
1895912,34.0576171875
1896037,40.46630859375
1896144,36.376953125
1896161,41.93115234375
1896218,35.5224609375
1896271,39.794921875
1896339,37.59765625
1896517,43.02978515625
1897054,33.8134765625
2219410,38.51318359375
2219543,43.15185546875
2219606,34.36279296875
2219742,38.39111328125
2219966,39.55078125
2219996,33.99658203125
2220229,44.43359375
2220267,38.330078125
2220429,43.88427734375
2220629,34.11865234375
2220651,36.376953125
2220709,35.46142578125
2220744,33.63037109375
2389088,38.330078125
2495241,37.29248046875
2495312,37.90283203125
2495478,43.9453125
2495552,38.14697265625
2495624,42.66357421875
2495662,38.818359375
2495678,35.21728515625
2495697,45.59326171875
2495712,40.46630859375
2495746,37.353515625
2495758,63.17138671875
2495778,38.63525390625
2495816,44.00634765625
2495874,42.05322265625
2495886,38.63525390625
2495900,35.70556640625
2495939,41.8701171875
2495963,41.8701171875
2495973,37.353515625
2495996,45.71533203125
2496017,43.45703125
2496044,41.44287109375
2496068,48.03466796875
2496095,47.9736328125
2496130,70.61767578125
2496142,36.865234375
2496185,46.93603515625
2496200,36.1328125
2496227,44.7998046875
2496251,70.98388671875
2496282,41.015625
2496297,59.50927734375
2496326,46.5087890625
2496356,49.13330078125
2496370,55.11474609375
2496400,35.46142578125
2496438,39.00146484375
2496471,50.1708984375
2496488,45.654296875
2496516,35.0341796875
2496534,53.5888671875
2496549,39.12353515625
2496577,54.5654296875
2496641,40.34423828125
2496652,35.82763671875
2496680,49.1943359375
2496713,48.2177734375
2496723,35.2783203125
2496746,38.9404296875
2496783,34.7900390625
2496794,42.90771484375
2496846,35.5224609375
2496893,33.87451171875
2496904,45.22705078125
2496932,38.26904296875
2496961,37.90283203125
2496987,66.0400390625
2497046,44.86083984375
2497109,37.109375
2497139,42.29736328125
2497183,40.46630859375
2497218,37.4755859375
2497235,44.37255859375
2497259,41.259765625
2497273,35.2783203125
2497299,54.443359375
2497309,42.8466796875
2497377,38.51318359375
2497413,36.1328125
2497431,34.5458984375
2497480,41.93115234375
2497499,34.11865234375
2497527,45.22705078125
2497570,37.90283203125
2497643,35.21728515625
2497806,40.95458984375
2498593,35.2783203125
2511530,34.85107421875
2561171,36.56005859375
2561361,37.41455078125
2561578,33.8134765625
2561999,46.20361328125
2562330,42.41943359375
2562442,39.12353515625
2562811,38.818359375
2563186,39.73388671875
2563433,34.36279296875
2563622,38.6962890625
2564038,52.18505859375
2564782,35.2783203125
2564995,52.79541015625
2565303,38.26904296875
2566031,35.94970703125
2566536,33.75244140625
2566590,40.8935546875
2567071,38.39111328125
2568121,33.63037109375
2575282,33.5693359375
2586587,36.376953125
2586667,37.17041015625
2586944,44.49462890625
2587057,36.68212890625
2587204,42.8466796875
2587224,44.86083984375
2587240,39.24560546875
2587270,48.4619140625
2587303,55.23681640625
2587327,40.6494140625
2587356,50.23193359375
2587370,38.87939453125
2587395,40.22216796875
2587421,64.14794921875
2587440,50.47607421875
2587458,62.6220703125
2587488,44.0673828125
2587509,40.0390625
2587524,72.20458984375
2587543,48.095703125
2587587,36.0107421875
2587597,44.0673828125
2587617,42.29736328125
2587638,51.94091796875
2587665,47.30224609375
2587684,49.49951171875
2587702,49.25537109375
2587740,49.8046875
2587760,55.5419921875
2587783,41.8701171875
2587803,42.3583984375
2587848,44.7998046875
2587869,53.64990234375
2587913,61.6455078125
2587967,36.43798828125
2587983,36.19384765625
2588022,37.53662109375
2588055,42.3583984375
2588098,39.97802734375
2588117,36.2548828125
2588145,59.26513671875
2588155,40.52734375
2588187,38.14697265625
2588218,34.36279296875
2588230,36.4990234375
2588261,38.330078125
2588284,34.0576171875
2588299,53.64990234375
2588324,35.94970703125
2588354,45.654296875
2588430,38.330078125
2588494,49.13330078125
2588556,49.74365234375
2588593,45.2880859375
2588630,42.54150390625
2588644,61.58447265625
2588681,36.4990234375
2588692,42.96875
2588736,37.41455078125
2588769,38.818359375
2588794,36.376953125
2588854,44.86083984375
2588897,36.9873046875
2588925,51.025390625
2588969,39.48974609375
2589047,37.841796875
2589170,34.7900390625
2589284,34.60693359375
2589328,34.36279296875
2589372,45.2880859375
2589589,35.888671875
2590238,36.07177734375
2612096,35.400390625
2630689,38.87939453125
2632865,34.0576171875
2633034,36.2548828125
2633111,35.0341796875
2633223,43.5791015625
2633272,44.49462890625
2633293,39.12353515625
2633426,36.31591796875
2633446,38.75732421875
2633461,36.92626953125
2633506,43.51806640625
2633530,52.1240234375
2633575,36.56005859375
2633596,39.6728515625
2633632,54.74853515625
2633652,42.8466796875
2633676,35.82763671875
2633710,51.94091796875
2633727,55.23681640625
2633753,42.1142578125
2633765,38.51318359375
2633810,37.2314453125
2633833,47.66845703125
2633859,36.92626953125
2633908,35.58349609375
2633932,35.94970703125
2633945,39.97802734375
2633967,40.83251953125
2633999,64.02587890625
2634018,43.02978515625
2634033,68.359375
2634066,33.75244140625
2634099,36.9873046875
2634142,35.7666015625
2634176,37.841796875
2634200,40.1611328125
2634221,41.3818359375
2634362,36.865234375
2634389,37.109375
2634419,39.1845703125
2634490,39.12353515625
2634563,36.62109375
2634745,35.2783203125
2634793,44.921875
2634903,40.0390625
2635030,34.60693359375
2635912,33.69140625
2635993,35.2783203125
2681193,35.82763671875
2681618,34.1796875
2681858,35.5224609375
2682038,38.9404296875
2682091,47.30224609375
2682115,33.69140625
2682148,49.072265625
2682193,35.15625
2682265,42.78564453125
2682291,38.26904296875
2682321,36.62109375
2682360,38.330078125
2682386,40.0390625
2682418,43.9453125
2682428,62.5
2682452,48.583984375
2682474,43.8232421875
2682502,47.79052734375
2682517,47.66845703125
2682551,84.5947265625
2682566,77.45361328125
2682591,40.10009765625
2682629,37.2314453125
2682641,45.47119140625
2682665,48.03466796875
2682702,49.13330078125
2682722,34.7900390625
2682753,42.1142578125
2682776,34.1796875
2682804,44.61669921875
2682832,64.0869140625
2682850,59.50927734375
2682882,61.21826171875
2682931,42.17529296875
2682949,39.97802734375
2682969,44.86083984375
2682999,55.7861328125
2683017,38.0859375
2683036,69.15283203125
2683046,44.0673828125
2683076,35.64453125
2683107,34.36279296875
2683120,48.03466796875
2683133,35.15625
2683200,43.9453125
2683215,57.6171875
2683260,34.60693359375
2683292,33.935546875
2683303,52.734375
2683330,37.04833984375
2683355,40.0390625
2683396,40.283203125
2683446,33.63037109375
2683500,34.3017578125
2683557,34.5458984375
2683599,53.3447265625
2683639,38.63525390625
2683660,34.24072265625
2683716,36.9873046875
2683734,37.7197265625
2683774,47.9736328125
2683785,49.01123046875
2683831,39.9169921875
2683871,37.29248046875
2683910,39.12353515625
2683998,39.6728515625
2684106,38.26904296875
2684150,35.58349609375
2684205,41.015625
2684885,35.0341796875
2707457,35.94970703125
2873673,36.80419921875
3070971,36.68212890625
3120061,43.5791015625
3120079,35.09521484375
3120095,35.400390625
3120207,36.7431640625
3120235,36.1328125
3120306,36.31591796875
3120349,45.10498046875
3120364,40.95458984375
3120376,37.7197265625
3120390,66.40625
3120432,65.85693359375
3120450,35.64453125
3120474,34.36279296875
3120528,35.7666015625
3120540,41.6259765625
3120565,39.24560546875
3120589,42.48046875
3120605,51.94091796875
3120633,51.26953125
3120659,78.91845703125
3120677,39.9169921875
3120704,46.875
3120730,39.97802734375
3120754,76.904296875
3120782,55.7861328125
3120795,85.38818359375
3120825,33.5693359375
3120864,51.08642578125
3120876,70.6787109375
3120905,39.97802734375
3120921,35.7666015625
3120940,43.9453125
3120965,50.23193359375
3120995,49.6826171875
3121027,49.31640625
3121039,52.55126953125
3121073,42.41943359375
3121097,42.41943359375
3121122,38.26904296875
3121149,49.62158203125
3121188,38.14697265625
3121204,35.0341796875
3121220,44.7998046875
3121268,42.3583984375
3121296,48.9501953125
3121360,41.748046875
3121388,47.54638671875
3121454,39.00146484375
3121523,58.10546875
3121547,34.423828125
3121590,46.38671875
3121632,41.68701171875
3121661,45.47119140625
3121686,45.7763671875
3121714,49.13330078125
3121755,39.61181640625
3121785,42.1142578125
3121829,43.76220703125
3121861,40.34423828125
3121906,34.423828125
3121921,42.41943359375
3121949,55.48095703125
3121986,34.3017578125
3122350,35.82763671875
3122468,35.15625
3122668,34.48486328125
3123001,35.15625
3138638,34.11865234375
3161372,41.9921875
3161440,39.73388671875
3161505,35.15625
3161537,35.5224609375
3161656,35.400390625
3161668,55.48095703125
3161699,40.52734375
3161724,38.6962890625
3161756,35.15625
3161788,47.42431640625
3161811,48.7060546875
3161851,41.259765625
3161866,39.48974609375
3161922,45.7763671875
3161948,63.8427734375
3161976,67.138671875
3161987,39.00146484375
3162010,53.466796875
3162025,48.88916015625
3162054,42.90771484375
3162067,47.54638671875
3162093,33.87451171875
3162121,38.9404296875
3162131,39.85595703125
3162150,42.66357421875
3162194,47.9736328125
3162204,49.4384765625
3162225,49.62158203125
3162239,55.6640625
3162255,40.52734375
3162298,38.39111328125
3162318,37.9638671875
3162349,43.5791015625
3162398,39.73388671875
3162428,37.17041015625
3162448,50.6591796875
3162480,49.86572265625
3162504,61.70654296875
3162538,36.2548828125
3162560,42.66357421875
3162576,43.212890625
3162593,36.07177734375
3162626,45.8984375
3162646,35.400390625
3162680,34.11865234375
3162716,61.5234375
3162732,37.841796875
3162750,35.64453125
3162845,44.25048828125
3162861,39.73388671875
3162892,46.56982421875
3162921,50.35400390625
3162960,46.5087890625
3163006,34.66796875
3163028,37.17041015625
3163101,53.3447265625
3163160,53.7109375
3163171,47.42431640625
3163181,34.912109375
3163229,42.8466796875
3163260,33.5693359375
3163307,51.33056640625
3163338,38.9404296875
3163435,38.9404296875
3163448,36.0107421875
3163476,44.37255859375
3163627,41.6259765625
3163748,36.4990234375
3163802,40.1611328125
3164207,41.6259765625
3188184,36.2548828125
3192042,34.5458984375
3192370,37.53662109375
3192462,41.80908203125
3192475,34.11865234375
3192498,36.68212890625
3192571,46.630859375
3192594,56.21337890625
3192606,34.48486328125
3192656,34.36279296875
3192683,39.48974609375
3192696,39.4287109375
3192734,44.189453125
3192752,33.99658203125
3192777,81.84814453125
3192794,47.36328125
3192820,40.10009765625
3192847,50.9033203125
3192866,36.0107421875
3192881,45.22705078125
3192928,42.29736328125
3192951,40.46630859375
3192980,47.79052734375
3193027,47.119140625
3193056,37.353515625
3193099,41.80908203125
3193117,39.61181640625
3193138,51.513671875
3193148,34.912109375
3193182,65.4296875
3193197,37.41455078125
3193220,40.4052734375
3193231,55.17578125
3193250,46.9970703125
3193279,36.92626953125
3193292,55.23681640625
3193336,33.5693359375
3193379,34.36279296875
3193412,55.48095703125
3193482,50.9033203125
3193499,61.03515625
3193581,51.6357421875
3193600,42.96875
3193616,34.11865234375
3193642,45.41015625
3193656,42.66357421875
3193743,41.68701171875
3193759,35.15625
3193789,51.81884765625
3193805,34.1796875
3193822,33.5693359375
3193888,36.68212890625
3193934,33.8134765625
3193960,35.46142578125
3194006,40.4052734375
3194079,36.9873046875
3194106,43.0908203125
3194154,37.90283203125
3194180,37.65869140625
3194288,35.82763671875
3194355,38.9404296875
3194418,36.9873046875
3194525,34.24072265625
3194600,34.912109375
3194706,33.87451171875
3195177,44.25048828125
3242609,33.5693359375
3242760,34.85107421875
3243077,47.91259765625
3243099,33.75244140625
3243135,42.41943359375
3243164,33.75244140625
3243188,59.5703125
3243212,34.36279296875
3243254,42.41943359375
3243269,38.818359375
3243291,38.4521484375
3243321,37.29248046875
3243348,59.814453125
3243373,45.95947265625
3243407,61.767578125
3243437,52.1240234375
3243474,35.888671875
3243486,61.6455078125
3243518,68.359375
3243539,70.6787109375
3243552,37.7197265625
3243601,37.353515625
3243628,52.001953125
3243664,52.3681640625
3243697,42.17529296875
3243749,58.10546875
3243778,47.18017578125
3243789,52.3681640625
3243828,45.34912109375
3243880,35.94970703125
3243898,34.11865234375
3243949,41.68701171875
3243979,46.38671875
3243997,35.400390625
3244033,37.9638671875
3244055,43.15185546875
3244098,34.3017578125
3244137,48.40087890625
3244164,40.771484375
3244174,35.46142578125
3244203,35.5224609375
3244229,39.55078125
3244239,34.66796875
3244317,44.7998046875
3244354,34.423828125
3244373,43.15185546875
3244403,36.19384765625
3244419,43.39599609375
3244474,41.50390625
3244509,37.2314453125
3244531,33.5693359375
3244549,42.6025390625
3244596,42.66357421875
3244625,33.75244140625
3244694,38.39111328125
3244751,36.0107421875
3244777,41.19873046875
3244793,34.48486328125
3244902,39.12353515625
3244946,41.56494140625
3245052,43.64013671875
3245249,35.7666015625
3245400,35.58349609375
3245474,37.78076171875
3280069,36.19384765625
3280295,35.70556640625
3280716,36.92626953125
3280792,49.560546875
3280812,37.53662109375
3280847,34.3017578125
3280874,51.1474609375
3280900,34.72900390625
3280969,33.935546875
3280983,46.5087890625
3281007,41.68701171875
3281024,36.07177734375
3281060,42.8466796875
3281095,43.88427734375
3281106,34.11865234375
3281135,40.58837890625
3281155,35.70556640625
3281186,38.51318359375
3281230,36.56005859375
3281249,44.43359375
3281260,38.9404296875
3281306,50.23193359375
3281319,39.6728515625
3281339,45.5322265625
3281388,35.888671875
3281414,40.22216796875
3281451,46.630859375
3281464,41.50390625
3281477,39.4287109375
3281528,47.66845703125
3281561,35.94970703125
3281578,54.931640625
3281641,35.400390625
3281726,40.22216796875
3281791,51.69677734375
3281824,37.353515625
3281839,36.376953125
3281929,36.68212890625
3281942,34.5458984375
3281968,37.841796875
3282000,36.865234375
3282133,36.865234375
3282171,46.7529296875
3282298,37.90283203125
3282546,34.3017578125
3283163,37.29248046875
3327399,33.5693359375
3328408,34.60693359375
3330384,35.15625
3331027,34.5458984375
3331273,37.841796875
3331448,33.99658203125
3331996,36.9873046875
3332308,42.66357421875
3332590,34.1796875
3333027,37.2314453125
3450417,38.51318359375
3635382,35.70556640625
3884873,38.39111328125
3885111,39.85595703125
3885149,39.00146484375
3885166,42.1142578125
3885178,45.83740234375
3885207,38.14697265625
3885230,46.69189453125
3885262,40.0390625
3885281,45.0439453125
3885297,41.93115234375
3885315,38.4521484375
3885346,46.142578125
3885371,59.2041015625
3885381,46.9970703125
3885406,33.99658203125
3885418,48.03466796875
3885430,64.27001953125
3885447,47.30224609375
3885467,97.59521484375
3885504,36.0107421875
3885527,37.90283203125
3885539,51.94091796875
3885567,76.47705078125
3885580,37.90283203125
3885602,41.6259765625
3885638,61.46240234375
3885662,46.69189453125
3885682,44.189453125
3885694,40.34423828125
3885730,90.51513671875
3885740,52.18505859375
3885768,42.6025390625
3885798,61.8896484375
3885810,53.3447265625
3885836,46.7529296875
3885857,36.376953125
3885874,35.70556640625
3885890,70.73974609375
3885929,36.1328125
3885968,39.36767578125
3886001,46.2646484375
3886020,46.2646484375
3886035,40.83251953125
3886061,43.88427734375
3886075,40.771484375
3886107,39.85595703125
3886123,33.8134765625
3886157,33.99658203125
3886190,40.22216796875
3886218,43.45703125
3886260,36.4990234375
3886295,78.857421875
3886333,41.80908203125
3886389,33.935546875
3886403,41.68701171875
3886430,35.2783203125
3886459,45.8984375
3886476,59.08203125
3886511,33.75244140625
3886529,36.1328125
3886548,41.8701171875
3886579,44.677734375
3886631,54.99267578125
3886708,36.0107421875
3886738,33.935546875
3886756,35.70556640625
3886767,38.6962890625
3886787,36.1328125
3886830,39.12353515625
3886966,39.9169921875
3886983,35.46142578125
3887019,35.82763671875
3887078,36.9873046875
3887112,33.63037109375
3887163,38.4521484375
3887179,43.8232421875
3887204,50.35400390625
3887224,56.70166015625
3887312,34.97314453125
3887560,34.97314453125
3887808,36.2548828125
3888362,34.72900390625
3905283,35.46142578125
3996664,34.97314453125
3997128,34.912109375
4077097,34.5458984375
4077416,34.0576171875
4077521,34.85107421875
4077541,37.7197265625
4077607,38.75732421875
4077669,35.82763671875
4077690,40.22216796875
4077737,44.7998046875
4077785,42.96875
4077799,38.4521484375
4077826,47.4853515625
4077872,39.00146484375
4077906,53.40576171875
4077983,41.68701171875
4078009,44.37255859375
4078035,44.37255859375
4078047,49.74365234375
4078085,46.08154296875
4078098,38.51318359375
4078131,35.2783203125
4078143,76.5380859375
4078162,46.56982421875
4078181,41.8701171875
4078209,41.015625
4078237,41.6259765625
4078250,49.072265625
4078273,42.8466796875
4078293,55.60302734375
4078319,50.9033203125
4078337,35.0341796875
4078354,42.8466796875
4078395,38.63525390625
4078416,34.423828125
4078446,34.7900390625
4078464,75.68359375
4078500,48.7060546875
4078519,51.57470703125
4078546,48.7060546875
4078562,40.283203125
4078588,42.66357421875
4078617,41.8701171875
4078683,46.2646484375
4078705,50.1708984375
4078753,38.51318359375
4078802,34.60693359375
4078820,35.33935546875
4078836,50.96435546875
4078866,42.29736328125
4078912,49.37744140625
4078944,34.0576171875
4078981,37.78076171875
4079028,43.64013671875
4079059,42.1142578125
4079101,37.04833984375
4079115,35.09521484375
4079221,35.33935546875
4079261,54.50439453125
4079274,49.37744140625
4079471,35.58349609375
4079488,36.07177734375
4079537,35.5224609375
4079564,33.63037109375
4079898,36.43798828125
4079909,35.0341796875
4079962,37.109375
4080364,33.87451171875
4102025,35.15625
4103705,35.09521484375
4104036,35.09521484375
4104116,44.49462890625
4104146,33.935546875
4104221,38.4521484375
4104271,40.4052734375
4104351,35.33935546875
4104408,40.22216796875
4104423,40.8935546875
4104447,37.29248046875
4104463,37.841796875
4104503,38.51318359375
4104526,48.583984375
4104554,38.57421875
4104572,39.6728515625
4104587,42.78564453125
4104625,37.78076171875
4104646,41.32080078125
4104691,39.73388671875
4104722,34.11865234375
4104744,54.6875
4104754,48.828125
4104806,37.841796875
4104816,36.9873046875
4104859,41.8701171875
4104899,38.63525390625
4104957,53.8330078125
4104976,59.2041015625
4104986,33.69140625
4105007,40.1611328125
4105028,38.87939453125
4105044,43.15185546875
4105071,36.80419921875
4105095,46.56982421875
4105126,44.25048828125
4105188,38.87939453125
4105201,53.7109375
4105255,36.7431640625
4105298,35.09521484375
4105337,54.443359375
4105370,46.69189453125
4105413,37.9638671875
4105437,52.3681640625
4105501,51.025390625
4105528,35.94970703125
4105650,34.97314453125
4105815,36.80419921875
4105882,37.4755859375
4105927,47.91259765625
4105946,33.69140625
4105989,37.7197265625
4106040,34.24072265625
4106196,33.99658203125
4106277,35.82763671875
4106542,37.841796875
4126688,34.24072265625
4148534,41.8701171875
4148548,52.24609375
4148590,41.1376953125
4148624,37.4755859375
4148657,37.90283203125
4148681,52.8564453125
4148697,39.73388671875
4148767,60.48583984375
4148829,43.76220703125
4148858,36.4990234375
4148896,59.2041015625
4148907,43.701171875
4148984,36.43798828125
4149006,34.60693359375
4149036,48.9501953125
4149060,44.98291015625
4149076,38.6962890625
4149103,52.18505859375
4149126,47.54638671875
4149167,44.49462890625
4149202,46.9970703125
4149218,41.50390625
4149237,52.91748046875
4149277,34.24072265625
4149313,41.32080078125
4149377,61.82861328125
4149408,57.80029296875
4149433,34.24072265625
4149460,40.771484375
4149502,40.1611328125
4149512,63.1103515625
4149545,38.26904296875
4149566,51.81884765625
4149589,41.56494140625
4149612,42.8466796875
4149639,34.72900390625
4149667,60.6689453125
4149734,39.48974609375
4149760,39.306640625
4149774,46.81396484375
4149809,42.66357421875
4149843,34.423828125
4149877,42.6025390625
4149891,35.70556640625
4149936,37.90283203125
4149988,34.912109375
4150000,40.34423828125
4150074,35.58349609375
4150103,41.32080078125
4150119,49.4384765625
4150155,33.87451171875
4150244,38.02490234375
4150302,34.5458984375
4150501,35.58349609375
4150554,52.79541015625
4150565,36.9873046875
4150596,39.00146484375
4150702,33.8134765625
4150751,33.935546875
4151120,33.87451171875
4301399,36.19384765625
4334111,34.912109375
4353973,34.72900390625
4394375,33.935546875
4533092,35.46142578125
4536697,39.85595703125
4577835,34.7900390625
4740918,36.43798828125
4754901,35.46142578125
4754939,34.97314453125
4755035,34.7900390625
4755054,34.66796875
4755077,38.14697265625
4755192,53.3447265625
4755233,37.04833984375
4755246,44.12841796875
4755275,35.58349609375
4755306,58.28857421875
4755332,40.6494140625
4755349,36.92626953125
4755375,50.29296875
4755396,57.31201171875
4755415,59.87548828125
4755445,57.2509765625
4755463,54.5654296875
4755492,53.5888671875
4755511,36.43798828125
4755528,45.71533203125
4755556,61.8896484375
4755607,35.70556640625
4755620,35.94970703125
4755653,44.86083984375
4755690,39.24560546875
4755718,78.61328125
4755747,48.52294921875
4755759,40.58837890625
4755791,38.2080078125
4755827,49.01123046875
4755858,57.92236328125
4755877,43.88427734375
4755899,38.51318359375
4755919,36.56005859375
4755936,40.83251953125
4755972,37.78076171875
4755982,39.9169921875
4756019,43.8232421875
4756050,40.6494140625
4756087,35.0341796875
4756116,37.04833984375
4756139,38.14697265625
4756192,50.72021484375
4756257,34.24072265625
4756270,43.51806640625
4756306,36.92626953125
4756321,44.61669921875
4756332,50.96435546875
4756369,35.0341796875
4756411,35.400390625
4756493,34.36279296875
4756560,42.54150390625
4756584,42.3583984375
4756615,38.330078125
4756708,39.55078125
4756827,35.94970703125
4756851,44.73876953125
4756869,39.48974609375
4756991,36.19384765625
4757059,43.15185546875
4757160,37.17041015625
4757291,53.5888671875
4757319,33.8134765625
4757364,34.5458984375
4757480,39.00146484375
4757573,42.1142578125
4757616,34.85107421875
4757685,36.9873046875
4757754,34.48486328125
4758053,33.75244140625
4795943,34.7900390625
