4798001,0
40424,48.4619140625
40515,28.1982421875
40534,38.63525390625
40559,31.73828125
40581,37.41455078125
40614,48.40087890625
40639,31.494140625
40669,40.46630859375
40690,35.0341796875
40716,44.00634765625
40736,31.73828125
40766,37.353515625
40778,31.55517578125
40795,48.2177734375
40829,32.40966796875
40848,28.9306640625
40869,31.1279296875
40893,28.01513671875
40937,39.61181640625
40980,32.04345703125
41085,30.33447265625
41109,29.6630859375
41126,41.8701171875
41173,28.3203125
41189,26.7333984375
41244,29.84619140625
41460,26.85546875
41582,26.3671875
41670,33.99658203125
41839,34.912109375
42080,31.494140625
125396,35.58349609375
125503,36.376953125
125525,28.6865234375
125548,26.06201171875
125559,37.59765625
125578,33.0810546875
125592,28.01513671875
125614,41.32080078125
125662,27.587890625
125679,67.626953125
125708,33.69140625
125720,32.16552734375
125745,27.9541015625
125805,45.7763671875
125821,41.80908203125
125845,27.64892578125
125937,35.33935546875
125947,26.91650390625
125965,30.029296875
126068,29.60205078125
126085,27.83203125
126112,26.9775390625
126190,30.6396484375
126205,30.1513671875
126312,35.94970703125
126345,29.72412109375
126540,30.517578125
126562,26.18408203125
126670,26.18408203125
126743,27.16064453125
126862,29.1748046875
127059,46.08154296875
156698,39.24560546875
170228,28.62548828125
190765,40.283203125
190891,40.34423828125
190919,51.3916015625
190957,33.99658203125
190969,35.888671875
190991,28.01513671875
191004,26.9775390625
191018,57.7392578125
191044,29.84619140625
191059,49.8046875
191076,31.3720703125
191111,27.9541015625
191155,37.78076171875
191176,46.9970703125
191198,34.48486328125
191216,27.64892578125
191250,38.57421875
191291,37.841796875
191318,33.203125
191329,31.3720703125
191413,31.6162109375
191495,44.49462890625
191641,46.08154296875
191670,30.2734375
191701,26.123046875
191788,26.85546875
191801,30.517578125
191832,31.18896484375
191957,28.6865234375
192046,31.92138671875
192127,43.02978515625
192310,36.1328125
192547,35.46142578125
193194,26.42822265625
219848,39.12353515625
231223,28.74755859375
251372,26.67236328125
266706,40.52734375
266832,28.99169921875
266856,27.16064453125
266870,36.68212890625
266897,29.23583984375
266921,26.3671875
266938,32.04345703125
266969,26.2451171875
266981,34.1796875
267014,31.8603515625
267031,35.82763671875
267047,39.306640625
267075,44.86083984375
267098,31.25
267123,29.541015625
267142,38.2080078125
267163,46.5087890625
267191,29.052734375
267226,33.26416015625
267248,35.33935546875
267267,28.99169921875
267319,45.166015625
267384,28.076171875
267410,41.015625
267462,26.0009765625
267571,28.99169921875
267591,30.33447265625
267601,32.3486328125
267660,26.4892578125
267703,33.02001953125
267838,32.53173828125
267876,32.1044921875
267939,31.92138671875
268020,26.91650390625
268048,34.60693359375
268065,39.6728515625
268375,36.1328125
268633,27.89306640625
268989,26.91650390625
322380,35.46142578125
346399,34.11865234375
351516,47.4853515625
351545,35.33935546875
351565,32.40966796875
351581,32.77587890625
351591,28.6865234375
351602,38.14697265625
351630,35.70556640625
351649,28.62548828125
351665,30.2734375
351681,54.87060546875
351707,33.14208984375
351732,39.4287109375
351751,29.78515625
351790,30.21240234375
351803,28.9306640625
351814,36.1328125
351855,37.29248046875
351889,31.6162109375
351902,31.005859375
351942,26.4892578125
351969,32.1044921875
352083,29.35791015625
352108,27.77099609375
352122,43.3349609375
352287,26.85546875
352303,33.02001953125
352380,27.2216796875
352411,33.69140625
352514,37.841796875
352527,26.0009765625
352627,34.72900390625
352690,29.23583984375
352785,33.87451171875
352945,31.982421875
353024,32.470703125
353248,28.6865234375
373112,42.29736328125
373727,29.052734375
377073,38.57421875
390816,27.34375
408958,41.19873046875
421832,26.18408203125
432339,42.41943359375
437463,43.76220703125
437580,28.86962890625
437615,39.12353515625
437660,30.70068359375
437696,27.2216796875
437720,37.2314453125
437751,28.9306640625
437765,41.07666015625
437789,31.79931640625
437808,38.330078125
437819,38.14697265625
437833,45.41015625
437874,58.04443359375
437903,35.46142578125
437963,36.7431640625
437974,26.79443359375
437996,28.86962890625
438040,27.9541015625
438051,32.958984375
438092,34.5458984375
438156,53.3447265625
438173,29.296875
438276,27.7099609375
438304,45.59326171875
438352,37.78076171875
438485,34.5458984375
438631,41.56494140625
438730,26.67236328125
438913,34.24072265625
439082,40.771484375
490077,38.330078125
490107,27.4658203125
490415,27.64892578125
490446,41.3818359375
490474,33.50830078125
490501,36.62109375
490521,41.748046875
490544,29.78515625
490560,45.83740234375
490588,38.51318359375
490618,42.90771484375
490645,26.67236328125
490663,28.99169921875
490678,26.85546875
490707,33.447265625
490718,35.33935546875
490738,40.71044921875
490764,29.78515625
490788,37.7197265625
490815,38.9404296875
490841,32.16552734375
490873,32.28759765625
490954,40.52734375
491006,29.11376953125
491041,36.1328125
491106,26.9775390625
491129,29.1748046875
491174,26.3671875
491228,32.8369140625
491247,39.794921875
491291,26.7333984375
491351,26.30615234375
491405,32.65380859375
491562,27.77099609375
491602,28.99169921875
491675,42.41943359375
491748,35.21728515625
491844,31.73828125
491901,29.35791015625
492144,34.912109375
492167,32.3486328125
582369,45.83740234375
592766,38.87939453125
592786,34.60693359375
592832,41.50390625
592849,45.166015625
592868,32.1044921875
592892,32.1044921875
592914,28.62548828125
592952,26.79443359375
592980,40.52734375
593009,27.7099609375
593033,33.38623046875
593070,39.55078125
593082,40.1611328125
593107,51.69677734375
593123,30.09033203125
593189,38.02490234375
593237,39.794921875
593267,28.1982421875
593285,39.12353515625
593301,27.587890625
593363,31.494140625
593393,37.04833984375
593506,26.85546875
593534,32.8369140625
593584,31.6162109375
593724,29.23583984375
593735,35.21728515625
593800,27.52685546875
593870,26.123046875
593958,35.0341796875
594019,30.029296875
611913,43.51806640625
615302,26.0009765625
617349,38.9404296875
620043,35.15625
624009,38.87939453125
633102,36.80419921875
645741,35.09521484375
649789,37.04833984375
650003,36.4990234375
650020,26.06201171875
650068,34.0576171875
650124,46.5087890625
650146,26.3671875
650166,31.25
650191,34.5458984375
650208,26.30615234375
650236,37.41455078125
650253,27.83203125
650274,28.86962890625
650290,30.45654296875
650300,44.25048828125
650318,39.9169921875
650346,48.9501953125
650384,35.82763671875
650414,41.50390625
650435,31.8603515625
650462,28.25927734375
650548,47.36328125
650632,29.541015625
650648,36.0107421875
650680,26.55029296875
650765,26.3671875
650791,28.62548828125
650818,32.958984375
650889,29.1748046875
650949,26.2451171875
651211,39.1845703125
651224,38.9404296875
651555,27.64892578125
736791,36.0107421875
741774,35.94970703125
742381,31.18896484375
748667,37.353515625
750718,28.3203125
750748,35.33935546875
750763,37.29248046875
750792,41.8701171875
750807,68.66455078125
750823,32.1044921875
750855,37.7197265625
750865,38.330078125
750889,66.83349609375
750906,33.0810546875
750933,35.82763671875
750953,29.23583984375
750965,39.48974609375
750982,26.3671875
751010,54.99267578125
751040,26.3671875
751052,38.0859375
751099,27.4658203125
751139,33.3251953125
751269,30.1513671875
751319,30.6396484375
751335,26.4892578125
751452,37.59765625
751527,27.40478515625
751607,27.34375
751631,29.541015625
751670,31.005859375
751811,26.55029296875
751832,27.89306640625
751858,39.73388671875
751906,28.74755859375
751939,26.85546875
751949,36.9873046875
766257,35.58349609375
774655,40.34423828125
786405,39.61181640625
788376,36.865234375
800697,41.259765625
805054,34.11865234375
811600,36.43798828125
815064,26.06201171875
815087,33.02001953125
815097,42.8466796875
815118,35.94970703125
815133,46.2646484375
815156,34.85107421875
815175,36.68212890625
815193,33.26416015625
815208,36.80419921875
815240,26.30615234375
815260,59.75341796875
815281,37.53662109375
815304,49.49951171875
815336,32.3486328125
815352,44.00634765625
815379,48.88916015625
815403,31.31103515625
815414,46.0205078125
815444,27.9541015625
815488,39.85595703125
815527,27.34375
815546,26.67236328125
815616,41.50390625
815681,29.35791015625
815697,31.3720703125
815720,31.1279296875
815808,26.55029296875
815850,32.89794921875
815953,48.88916015625
815974,27.9541015625
816037,41.07666015625
816061,43.27392578125
816095,29.72412109375
816168,36.19384765625
816305,33.50830078125
816392,29.47998046875
816587,31.31103515625
816803,36.9873046875
841028,40.95458984375
852548,27.16064453125
852568,28.25927734375
865807,27.9541015625
877401,38.9404296875
877421,39.48974609375
877431,26.91650390625
877469,44.12841796875
877496,33.63037109375
877524,33.0810546875
877539,45.59326171875
877556,29.11376953125
877578,31.73828125
877613,50.23193359375
877640,26.9775390625
877653,49.25537109375
877672,30.33447265625
877723,26.0009765625
877740,31.3720703125
877756,48.64501953125
877769,31.494140625
877827,26.55029296875
877894,30.029296875
877996,31.3720703125
878033,27.77099609375
878170,28.6865234375
878206,26.9775390625
878230,33.75244140625
878281,43.5791015625
878345,29.23583984375
878363,26.9775390625
878457,35.94970703125
878495,36.56005859375
878575,26.55029296875
878610,26.18408203125
878779,32.958984375
878856,29.72412109375
879069,31.55517578125
879657,30.33447265625
880154,26.67236328125
940804,38.6962890625
955047,33.02001953125
955706,27.099609375
955779,33.87451171875
955837,26.06201171875
955861,35.2783203125
955885,26.06201171875
955911,44.7998046875
955952,27.28271484375
955965,33.87451171875
956002,60.72998046875
956023,34.48486328125
956051,44.61669921875
956066,40.6494140625
956078,32.5927734375
956117,34.85107421875
956187,32.1044921875
956215,27.64892578125
956258,54.87060546875
956386,32.5927734375
956401,51.3916015625
956430,31.005859375
956487,32.2265625
956497,30.70068359375
956573,28.13720703125
956595,33.63037109375
956620,30.1513671875
956674,26.67236328125
956719,32.1044921875
956810,43.88427734375
956900,26.85546875
956915,26.0009765625
956938,36.68212890625
957039,50.59814453125
957257,29.1748046875
957307,26.9775390625
957393,35.7666015625
957432,29.4189453125
1015625,38.63525390625
1015652,39.0625
1015662,32.04345703125
1015688,33.935546875
1015724,35.58349609375
1015749,47.7294921875
1015771,39.73388671875
1015783,48.15673828125
1015806,37.17041015625
1015831,26.67236328125
1015848,33.935546875
1015861,33.203125
1015879,27.9541015625
1015895,29.35791015625
1015914,33.8134765625
1015948,41.1376953125
1015989,30.3955078125
1016024,28.99169921875
1016041,26.123046875
1016088,27.83203125
1016122,38.0859375
1016208,26.7333984375
1016219,39.0625
1016247,39.36767578125
1016300,39.73388671875
1016461,34.11865234375
1016515,27.34375
1016593,30.3955078125
1016606,30.029296875
1016640,38.4521484375
1016729,32.958984375
1016762,35.888671875
1016897,33.8134765625
1017020,27.7099609375
1017206,37.353515625
1101848,39.55078125
1111926,39.85595703125
1124691,38.14697265625
1128076,38.02490234375
1132892,35.15625
1134119,31.79931640625
1134204,42.96875
1134242,29.84619140625
1134277,34.423828125
1134301,32.89794921875
1134322,28.564453125
1134348,32.3486328125
1134363,27.52685546875
1134389,51.45263671875
1134409,38.818359375
1134431,45.10498046875
1134452,40.71044921875
1134463,34.97314453125
1134480,31.982421875
1134502,32.16552734375
1134518,31.55517578125
1134543,39.36767578125
1134579,35.09521484375
1134608,32.958984375
1134634,28.076171875
1134725,29.72412109375
1134744,26.42822265625
1134788,26.123046875
1134850,33.99658203125
1134889,38.51318359375
1134901,31.25
1134994,30.70068359375
1135036,37.78076171875
1135097,32.04345703125
1135116,27.7099609375
1135142,31.43310546875
1135247,34.11865234375
1135405,31.8603515625
1135492,40.10009765625
1135610,31.92138671875
1148411,40.83251953125
1151811,38.0859375
1154599,37.65869140625
1156425,30.8837890625
1159427,34.60693359375
1164672,36.0107421875
1167033,39.306640625
1171173,35.82763671875
1173298,34.912109375
1185774,44.0673828125
1193726,28.74755859375
1193752,44.7998046875
1193764,45.59326171875
1193788,27.40478515625
1193817,37.841796875
1193841,31.31103515625
1193870,46.2646484375
1193888,34.97314453125
1193900,53.28369140625
1193936,42.96875
1193968,28.9306640625
1193989,38.0859375
1194003,41.80908203125
1194030,29.84619140625
1194047,33.99658203125
1194069,36.56005859375
1194087,26.4892578125
1194161,57.9833984375
1194179,27.03857421875
1194243,26.55029296875
1194308,41.6259765625
1194331,32.28759765625
1194464,29.9072265625
1194480,47.91259765625
1194595,36.68212890625
1194653,35.82763671875
1194667,45.47119140625
1194697,43.9453125
1194750,27.587890625
1194903,28.13720703125
1194941,27.77099609375
1194954,35.46142578125
1195100,26.06201171875
1195226,41.8701171875
1211918,37.109375
1214778,31.8603515625
1264391,40.22216796875
1264403,26.0009765625
1264420,34.0576171875
1264445,37.4755859375
1264457,37.2314453125
1264480,38.14697265625
1264491,26.123046875
1264517,27.89306640625
1264528,43.88427734375
1264541,29.60205078125
1264564,29.72412109375
1264591,36.7431640625
1264608,38.39111328125
1264630,27.77099609375
1264655,32.28759765625
1264692,62.255859375
1264707,34.1796875
1264717,34.5458984375
1264808,32.04345703125
1264845,32.65380859375
1264886,30.029296875
1264939,26.0009765625
1264977,35.58349609375
1265127,43.701171875
1265343,30.517578125
1265354,28.13720703125
1265456,35.09521484375
1265571,33.203125
1265674,26.2451171875
1265690,28.38134765625
1265793,35.58349609375
1265832,31.494140625
1265875,29.78515625
1266455,26.123046875
1291925,27.9541015625
1343847,37.53662109375
1351955,38.818359375
1360868,40.0390625
1365804,36.92626953125
1367552,33.14208984375
1367581,34.72900390625
1367604,30.94482421875
1367617,60.546875
1367649,29.1748046875
1367676,58.10546875
1367697,32.3486328125
1367748,55.5419921875
1367771,30.6396484375
1367813,27.587890625
1367842,43.0908203125
1367858,41.015625
1367898,33.8134765625
1367910,34.0576171875
1367978,28.1982421875
1368040,27.7099609375
1368157,27.03857421875
1368240,40.83251953125
1368334,27.28271484375
1368388,26.611328125
1368597,31.6162109375
1368607,26.91650390625
1368637,26.42822265625
1368982,36.0107421875
1383839,45.0439453125
1389905,34.912109375
1392319,40.4052734375
1397241,42.41943359375
1399359,37.4755859375
1402665,41.1376953125
1409431,41.56494140625
1424745,33.38623046875
1428037,40.1611328125
1433398,37.78076171875
1435769,30.45654296875
1435783,57.18994140625
1435803,35.0341796875
1435818,27.7099609375
1435841,45.59326171875
1435851,40.95458984375
1435884,33.3251953125
1435894,30.6396484375
1435944,28.3203125
1435967,36.7431640625
1435989,30.8837890625
1436018,37.29248046875
1436035,31.1279296875
1436099,54.0771484375
1436146,26.91650390625
1436212,26.30615234375
1436223,49.8046875
1436260,26.67236328125
1436304,36.0107421875
1436338,26.2451171875
1436351,34.7900390625
1436464,37.29248046875
1436496,33.203125
1436566,29.23583984375
1436607,27.64892578125
1436637,26.9775390625
1436737,35.58349609375
1436761,26.2451171875
1436812,39.1845703125
1437027,37.17041015625
1454543,40.71044921875
1473772,39.9169921875
1485461,30.45654296875
1510809,31.1279296875
1510836,26.3671875
1510846,51.1474609375
1510882,33.447265625
1510901,56.7626953125
1510916,26.18408203125
1510953,34.36279296875
1510981,44.73876953125
1510996,29.4189453125
1511009,30.45654296875
1511030,68.359375
1511076,34.1796875
1511133,48.4619140625
1511152,45.34912109375
1511184,26.3671875
1511256,26.0009765625
1511267,34.5458984375
1511295,28.74755859375
1511360,26.2451171875
1511407,29.11376953125
1511453,33.87451171875
1511492,27.83203125
1511579,27.03857421875
1511605,26.3671875
1511645,32.53173828125
1511698,31.92138671875
1511832,30.21240234375
1511921,31.8603515625
1511939,27.89306640625
1512068,43.88427734375
1512131,30.33447265625
1512496,30.6396484375
1513097,26.79443359375
1532416,43.15185546875
1550844,34.11865234375
1550856,36.376953125
1550884,26.06201171875
1550910,29.541015625
1550920,32.89794921875
1550948,30.21240234375
1550958,33.26416015625
1550987,52.91748046875
1551016,44.25048828125
1551034,67.32177734375
1551060,37.4755859375
1551079,27.83203125
1551097,27.7099609375
1551122,32.28759765625
1551147,49.74365234375
1551160,34.36279296875
1551225,32.65380859375
1551261,30.029296875
1551298,41.8701171875
1551393,28.86962890625
1551439,36.56005859375
1551463,26.85546875
1551586,33.38623046875
1551717,28.3203125
1551733,26.0009765625
1551781,27.34375
1551901,26.06201171875
1551919,30.029296875
1551964,29.96826171875
1552064,39.24560546875
1552093,43.27392578125
1552330,27.03857421875
1626687,26.4892578125
1626711,33.14208984375
1626742,40.0390625
1626755,35.70556640625
1626779,44.12841796875
1626798,28.1982421875
1626826,37.17041015625
1626855,54.38232421875
1626874,39.12353515625
1626891,36.7431640625
1626951,41.3818359375
1626983,34.48486328125
1627021,36.43798828125
1627044,29.47998046875
1627076,29.1748046875
1627129,32.16552734375
1627198,27.40478515625
1627271,39.794921875
1627304,32.04345703125
1627362,29.96826171875
1627484,37.9638671875
1627530,34.97314453125
1627604,27.83203125
1627632,43.51806640625
1627755,35.64453125
1627767,29.6630859375
1627987,28.80859375
1628085,50.4150390625
1628098,31.18896484375
1649724,33.447265625
1696088,39.1845703125
1696098,28.4423828125
1696131,39.6728515625
1696146,45.166015625
1696177,32.16552734375
1696196,54.87060546875
1696224,54.19921875
1696243,66.83349609375
1696265,50.537109375
1696276,26.85546875
1696320,33.87451171875
1696339,49.86572265625
1696364,34.1796875
1696381,34.97314453125
1696404,27.587890625
1696431,29.96826171875
1696457,31.73828125
1696497,26.4892578125
1696540,29.296875
1696607,31.18896484375
1696647,26.91650390625
1696668,30.33447265625
1696731,26.42822265625
1696744,28.01513671875
1696835,28.13720703125
1697078,46.630859375
1697212,26.30615234375
1697366,47.4853515625
1697432,30.21240234375
1697629,26.55029296875
1722636,39.73388671875
1732526,26.4892578125
1732543,41.015625
1732592,34.48486328125
1732623,45.5322265625
1732633,38.818359375
1732659,39.61181640625
1732689,39.0625
1732713,55.908203125
1732756,38.0859375
1732776,31.494140625
1732791,46.2646484375
1732825,28.74755859375
1732848,29.052734375
1732874,28.6865234375
1732884,40.4052734375
1732910,28.076171875
1732933,27.587890625
1732996,32.28759765625
1733037,26.4892578125
1733116,30.45654296875
1733199,26.55029296875
1733346,34.3017578125
1733403,32.5927734375
1733456,27.89306640625
1733694,27.40478515625
1733923,28.076171875
1734226,26.9775390625
1804106,48.15673828125
1806874,31.92138671875
1806888,36.31591796875
1806916,44.677734375
1806938,52.30712890625
1806955,76.59912109375
1806978,31.92138671875
1807004,68.603515625
1807047,28.13720703125
1807058,41.015625
1807088,36.1328125
1807104,26.7333984375
1807126,26.0009765625
1807149,43.88427734375
1807177,27.4658203125
1807208,31.25
1807236,38.87939453125
1807328,26.06201171875
1807350,41.32080078125
1807433,26.9775390625
1807450,28.25927734375
1807571,44.73876953125
1807586,28.564453125
1807717,26.0009765625
1807786,30.21240234375
1807853,32.53173828125
1808036,28.3203125
1808062,26.9775390625
1808129,26.4892578125
1808262,27.28271484375
1808503,29.84619140625
1808673,28.80859375
1848094,41.32080078125
1848127,28.3203125
1848164,56.09130859375
1848177,42.96875
1848198,36.19384765625
1848208,36.43798828125
1848247,82.275390625
1848259,58.9599609375
1848270,34.11865234375
1848301,44.37255859375
1848318,52.001953125
1848333,28.4423828125
1848366,39.9169921875
1848402,29.296875
1848415,31.3720703125
1848445,40.95458984375
1848485,31.982421875
1848742,26.3671875
1848858,26.91650390625
1849054,26.2451171875
1849071,31.92138671875
1849101,29.47998046875
1849124,26.55029296875
1849210,29.4189453125
1849355,30.21240234375
1849415,28.62548828125
1849503,27.099609375
1849642,33.02001953125
1928646,49.86572265625
1928659,30.6396484375
1928673,42.66357421875
1928708,43.02978515625
1928721,26.85546875
1928750,36.376953125
1928773,73.66943359375
1928799,33.14208984375
1928824,35.888671875
1928841,42.724609375
1928866,26.3671875
1928883,28.564453125
1928910,30.1513671875
1928942,26.91650390625
1928974,35.0341796875
1929064,26.7333984375
1929092,28.3203125
1929140,33.3251953125
1929249,32.16552734375
1929308,29.47998046875
1929341,27.03857421875
1929451,31.6162109375
1929481,30.33447265625
1929599,36.4990234375
1929619,26.7333984375
1929643,33.3251953125
1929690,30.517578125
1929733,28.62548828125
1948942,38.63525390625
1962041,29.541015625
1962056,27.2216796875
1962100,38.63525390625
1962117,32.04345703125
1962130,56.640625
1962167,48.583984375
1962181,54.74853515625
1962222,37.29248046875
1962245,35.0341796875
1962271,39.1845703125
1962289,28.25927734375
1962306,31.79931640625
1962330,33.203125
1962361,29.9072265625
1962568,26.2451171875
1962716,33.38623046875
1962883,28.01513671875
1963016,39.1845703125
1963118,28.38134765625
1963572,26.85546875
2037773,42.17529296875
2037791,35.09521484375
2037822,45.5322265625
2037835,47.36328125
2037866,50.537109375
2037880,40.46630859375
2037896,36.31591796875
2037918,37.29248046875
2037931,40.46630859375
2037957,26.79443359375
2037982,31.79931640625
2038004,33.99658203125
2038029,36.19384765625
2038061,32.3486328125
2038093,29.296875
2038132,33.14208984375
2038156,26.18408203125
2038183,28.13720703125
2038465,26.123046875
2038536,26.611328125
2038682,26.3671875
2038738,27.89306640625
2038776,26.55029296875
2038842,32.53173828125
2038873,27.03857421875
2038928,26.7333984375
2038961,30.2734375
2039956,28.38134765625
2061761,40.1611328125
2075553,30.45654296875
2111629,45.22705078125
2111639,32.1044921875
2111677,41.93115234375
2111688,44.189453125
2111707,32.3486328125
2111734,38.14697265625
2111757,41.6259765625
2111782,34.11865234375
2111798,39.55078125
2111816,37.4755859375
2111849,52.734375
2111883,28.076171875
2111912,33.3251953125
2111980,27.34375
2112034,26.7333984375
2112310,26.9775390625
2112365,27.2216796875
2112424,30.09033203125
2112440,26.79443359375
2112463,27.64892578125
2112535,27.83203125
2112574,36.865234375
2112604,41.19873046875
2112679,31.06689453125
2112700,26.91650390625
2112717,29.23583984375
2112968,26.67236328125
2135412,41.56494140625
2185470,26.9775390625
2185481,56.2744140625
2185515,35.82763671875
2185543,53.16162109375
2185574,52.30712890625
2185594,42.78564453125
2185617,50.23193359375
2185628,31.43310546875
2185653,26.0009765625
2185683,39.9169921875
2185697,27.64892578125
2185750,38.39111328125
2185868,32.2265625
2186020,26.06201171875
2186156,31.43310546875
2186325,27.89306640625
2186343,26.42822265625
2186395,28.74755859375
2186455,28.38134765625
2186539,27.4658203125
2186609,27.4658203125
2186703,29.96826171875
2186869,30.76171875
2186889,28.80859375
2209687,39.6728515625
2225286,40.283203125
2247337,26.2451171875
2247369,33.26416015625
2247380,42.96875
2247420,39.0625
2247439,59.87548828125
2247472,46.2646484375
2247491,30.57861328125
2247507,40.283203125
2247535,27.2216796875
2247568,38.14697265625
2247593,39.73388671875
2247620,30.45654296875
2247638,26.611328125
2247773,30.94482421875
2247957,26.9775390625
2248109,28.3203125
2248196,28.86962890625
2248226,26.06201171875
2248334,28.3203125
2248471,28.1982421875
2248611,38.330078125
2248856,26.9775390625
2286904,28.99169921875
2286921,49.13330078125
2286961,26.85546875
2286983,51.08642578125
2287014,47.607421875
2287038,47.607421875
2287061,31.92138671875
2287075,73.18115234375
2287097,27.9541015625
2287135,34.423828125
2287199,33.99658203125
2287277,26.91650390625
2287486,26.55029296875
2287662,27.34375
2287684,28.86962890625
2287765,39.6728515625
2287823,29.78515625
2287843,26.0009765625
2287883,26.18408203125
2287925,34.72900390625
2287936,44.37255859375
2287967,29.052734375
2288027,36.2548828125
2288046,28.564453125
2288085,29.9072265625
2288136,35.58349609375
2288178,26.85546875
2288210,29.6630859375
2288347,29.96826171875
2373075,39.97802734375
2373097,45.7763671875
2373121,29.296875
2373132,33.8134765625
2373159,31.43310546875
2373175,50.96435546875
2373203,39.97802734375
2373214,30.3955078125
2373230,30.70068359375
2373254,33.447265625
2373303,32.5927734375
2373321,35.2783203125
2373337,29.6630859375
2373411,26.123046875
2373540,30.1513671875
2373652,27.9541015625
2373701,28.3203125
2373751,28.13720703125
2373787,29.72412109375
2373816,30.21240234375
2373916,29.1748046875
2373959,26.123046875
2373985,38.75732421875
2374007,26.18408203125
2374029,28.3203125
2374101,30.70068359375
2374136,27.2216796875
2374216,30.45654296875
2374232,28.1982421875
2374268,27.89306640625
2374311,29.296875
2374542,26.4892578125
2392674,42.48046875
2416312,39.9169921875
2423735,49.9267578125
2423746,41.748046875
2423772,42.48046875
2423795,39.73388671875
2423806,40.95458984375
2423829,35.0341796875
2423840,42.48046875
2423858,56.94580078125
2423894,40.10009765625
2423914,29.4189453125
2423951,26.7333984375
2423982,30.09033203125
2424000,26.79443359375
2424055,31.494140625
2424069,26.18408203125
2424241,26.7333984375
2424304,31.8603515625
2424378,28.86962890625
2424484,27.7099609375
2424511,29.23583984375
2424542,28.38134765625
2424568,37.90283203125
2424691,26.55029296875
2424772,32.65380859375
2424852,26.3671875
2424866,26.9775390625
2425134,27.64892578125
2489094,27.64892578125
2489116,39.4287109375
2489141,34.72900390625
2489155,60.11962890625
2489168,33.203125
2489178,37.59765625
2489201,26.18408203125
2489227,40.6494140625
2489249,31.8603515625
2489293,40.34423828125
2489330,31.79931640625
2489594,26.85546875
2489685,31.005859375
2489705,33.38623046875
2489777,28.3203125
2489799,29.052734375
2489816,27.16064453125
2489837,31.31103515625
2489876,31.73828125
2489905,26.79443359375
2490034,27.16064453125
2490148,27.16064453125
2490175,37.7197265625
2490194,35.33935546875
2490289,32.470703125
2490302,26.18408203125
2490350,32.40966796875
2556191,37.7197265625
2556210,31.92138671875
2556228,34.7900390625
2556249,36.0107421875
2556276,30.6396484375
2556297,60.85205078125
2556312,33.935546875
2556340,38.51318359375
2556364,57.80029296875
2556381,31.25
2556400,28.076171875
2556423,34.7900390625
2556433,38.87939453125
2556469,29.6630859375
2556518,27.7099609375
2556600,26.06201171875
2556825,28.74755859375
2556867,26.42822265625
2556902,28.50341796875
2556912,32.28759765625
2556948,32.71484375
2557003,31.25
2557025,28.50341796875
2557114,35.5224609375
2557139,33.50830078125
2557212,26.55029296875
2557254,27.4658203125
2557885,37.353515625
2596074,42.66357421875
2596109,27.16064453125
2596121,30.33447265625
2596147,54.6875
2596176,60.302734375
2596195,43.212890625
2596210,44.00634765625
2596248,47.119140625
2596276,32.1044921875
2596312,55.5419921875
2596363,33.69140625
2596406,26.123046875
2596470,28.3203125
2596661,33.87451171875
2596734,28.25927734375
2596833,27.099609375
2596911,26.4892578125
2596947,28.99169921875
2596972,29.9072265625
2596989,35.33935546875
2597017,29.96826171875
2597040,27.587890625
2597069,27.03857421875
2597121,27.03857421875
2597225,26.18408203125
2597346,28.50341796875
2597374,30.517578125
2597425,28.3203125
2671868,31.18896484375
2671890,36.43798828125
2671902,63.8427734375
2671933,42.66357421875
2671951,30.029296875
2671975,39.1845703125
2671991,40.10009765625
2672005,59.50927734375
2672034,41.9921875
2672065,56.5185546875
2672095,27.099609375
2672113,29.23583984375
2672137,29.6630859375
2672216,26.85546875
2672382,34.7900390625
2672434,28.6865234375
2672484,26.18408203125
2672547,31.43310546875
2672577,26.2451171875
2672588,26.3671875
2672721,26.06201171875
2672734,30.21240234375
2672840,27.52685546875
2672863,26.06201171875
2672874,37.90283203125
2672908,35.58349609375
2672946,26.2451171875
2672964,34.85107421875
2673338,28.62548828125
2726562,26.67236328125
2726593,26.79443359375
2726635,51.7578125
2726650,37.78076171875
2726662,27.4658203125
2726695,43.27392578125
2726712,50.6591796875
2726735,40.83251953125
2726756,36.31591796875
2726775,42.3583984375
2726800,32.5927734375
2726813,35.2783203125
2726826,28.13720703125
2726858,43.212890625
2726879,32.470703125
2726908,27.52685546875
2726927,26.2451171875
2727029,27.52685546875
2727229,33.14208984375
2727344,30.517578125
2727391,29.72412109375
2727445,26.3671875
2727473,26.4892578125
2727510,26.06201171875
2727580,28.564453125
2727597,26.55029296875
2727629,29.47998046875
2727682,26.611328125
2727706,29.47998046875
2727785,28.99169921875
2727883,26.79443359375
2784668,26.123046875
2784693,60.97412109375
2784703,26.91650390625
2784728,30.45654296875
2784747,36.62109375
2784785,55.6640625
2784815,42.41943359375
2784833,29.78515625
2784857,56.884765625
2784873,27.2216796875
2784913,26.55029296875
2784936,36.80419921875
2784963,26.7333984375
2785010,30.82275390625
2785147,38.14697265625
2785222,29.72412109375
2785253,26.42822265625
2785277,26.611328125
2785313,32.8369140625
2785328,27.34375
2785430,28.38134765625
2785467,30.82275390625
2785630,28.3203125
2785669,30.76171875
2785692,28.076171875
2785728,48.27880859375
2785804,26.4892578125
2785900,36.07177734375
2786109,27.52685546875
2786258,28.13720703125
2839109,32.71484375
2839124,32.2265625
2839136,28.13720703125
2839148,36.62109375
2839185,44.86083984375
2839202,54.8095703125
2839214,35.400390625
2839243,32.16552734375
2839262,62.98828125
2839281,28.86962890625
2839297,27.34375
2839323,33.14208984375
2839338,43.212890625
2839377,29.84619140625
2839424,31.8603515625
2839519,35.15625
2839630,27.52685546875
2839761,28.564453125
2839854,30.57861328125
2839911,29.96826171875
2839989,32.40966796875
2840010,29.35791015625
2840024,38.26904296875
2840084,31.73828125
2840127,29.72412109375
2840169,35.15625
2840284,26.0009765625
2840343,34.48486328125
2840498,37.90283203125
2840637,27.03857421875
2840787,35.09521484375
2913592,28.50341796875
2913608,48.40087890625
2913623,51.94091796875
2913649,41.748046875
2913677,39.55078125
2913701,37.29248046875
2913711,29.60205078125
2913739,26.7333984375
2913755,40.95458984375
2913770,31.494140625
2913795,34.97314453125
2913810,27.34375
2913831,40.83251953125
2913852,30.21240234375
2913885,28.076171875
2913915,26.0009765625
2914325,29.4189453125
2914457,31.494140625
2914526,29.78515625
2914586,29.60205078125
2914607,29.541015625
2914656,31.55517578125
2914681,29.1748046875
2914703,37.4755859375
2914728,28.4423828125
2914766,32.28759765625
2914898,30.21240234375
2914920,26.9775390625
2958800,26.30615234375
2958831,49.01123046875
2958853,35.33935546875
2958883,38.6962890625
2958908,26.611328125
2958938,62.6220703125
2958960,67.9931640625
2958980,37.90283203125
2958991,35.5224609375
2959001,26.611328125
2959034,29.47998046875
2959066,33.69140625
2959102,29.72412109375
2959119,36.56005859375
2959154,28.13720703125
2959247,28.4423828125
2959353,31.06689453125
2959456,30.1513671875
2959481,31.982421875
2959521,33.99658203125
2959600,26.2451171875
2959639,27.03857421875
2959682,26.30615234375
2959695,29.052734375
2959771,26.18408203125
2959795,26.4892578125
2959855,28.564453125
2959870,29.11376953125
2959882,37.9638671875
2960062,26.42822265625
2960091,37.04833984375
2960377,26.123046875
2960423,29.72412109375
3020283,53.22265625
3020321,28.86962890625
3020343,43.45703125
3020361,34.7900390625
3020379,36.80419921875
3020402,37.59765625
3020429,40.22216796875
3020441,41.93115234375
3020469,26.55029296875
3020494,33.8134765625
3020519,37.17041015625
3020560,26.85546875
3020576,26.30615234375
3020629,33.26416015625
3020682,27.83203125
3020779,34.97314453125
3020875,32.16552734375
3020963,29.11376953125
3020980,28.3203125
3021030,30.2734375
3021080,29.72412109375
3021124,26.4892578125
3021167,36.92626953125
3021190,28.50341796875
3021227,28.86962890625
3021305,30.1513671875
3021325,28.01513671875
3021385,39.73388671875
3021400,34.11865234375
3021418,37.841796875
3021641,26.85546875
3021715,28.99169921875
3073657,37.53662109375
3073688,42.724609375
3073725,28.62548828125
3073748,43.51806640625
3073779,60.05859375
3073791,33.935546875
3073812,32.65380859375
3073832,79.16259765625
3073851,29.96826171875
3073876,42.78564453125
3073889,34.85107421875
3073923,41.56494140625
3073962,26.0009765625
3073994,39.0625
3074012,34.0576171875
3074085,28.1982421875
3074213,31.1279296875
3074315,26.06201171875
3074353,32.40966796875
3074363,26.91650390625
3074435,28.01513671875
3074454,32.16552734375
3074495,32.04345703125
3074558,62.6220703125
3074610,30.70068359375
3074735,28.99169921875
3074748,50.1708984375
3074998,33.3251953125
3075068,26.85546875
3139978,42.90771484375
3139997,51.6357421875
3140015,32.8369140625
3140025,42.6025390625
3140042,46.9970703125
3140057,26.9775390625
3140081,39.73388671875
3140094,38.6962890625
3140116,35.09521484375
3140126,46.875
3140148,38.87939453125
3140175,30.8837890625
3140190,36.4990234375
3140219,50.537109375
3140235,27.77099609375
3140276,35.64453125
3140313,41.80908203125
3140339,38.818359375
3140356,26.3671875
3140380,28.564453125
3140475,32.5927734375
3140581,26.91650390625
3140662,31.18896484375
3140717,28.4423828125
3140773,30.82275390625
3140787,31.73828125
3140818,44.73876953125
3140833,31.55517578125
3140878,26.91650390625
3140956,31.6162109375
3141060,44.00634765625
3141166,26.0009765625
3141179,32.28759765625
3141191,27.52685546875
3141217,31.92138671875
3141307,27.099609375
3141364,27.77099609375
3210071,27.28271484375
3210096,39.73388671875
3210113,43.9453125
3210131,36.9873046875
3210160,59.02099609375
3210186,50.29296875
3210209,39.55078125
3210225,29.60205078125
3210238,46.69189453125
3210268,29.6630859375
3210286,26.91650390625
3210312,34.0576171875
3210322,41.50390625
3210340,26.06201171875
3210379,29.78515625
3210535,32.77587890625
3210610,41.50390625
3210731,31.3720703125
3210775,29.11376953125
3210805,28.25927734375
3210858,26.7333984375
3210881,26.3671875
3210898,28.13720703125
3211034,30.517578125
3211062,31.8603515625
3211210,27.89306640625
3211221,33.203125
3211439,27.099609375
3211462,26.55029296875
3274476,50.72021484375
3274486,49.9267578125
3274511,27.64892578125
3274530,33.935546875
3274561,47.91259765625
3274584,37.841796875
3274608,48.76708984375
3274633,38.51318359375
3274649,33.5693359375
3274672,39.0625
3274700,45.5322265625
3274726,27.4658203125
3274774,26.2451171875
3274801,32.04345703125
3274913,30.3955078125
3275041,35.888671875
3275074,28.80859375
3275144,35.5224609375
3275171,26.67236328125
3275187,28.25927734375
3275228,26.18408203125
3275254,35.0341796875
3275331,28.25927734375
3275359,32.5927734375
3275377,27.4658203125
3275427,31.31103515625
3275451,30.3955078125
3275476,27.28271484375
3275529,28.076171875
3275569,29.35791015625
3275583,29.052734375
3275649,26.611328125
3275746,26.79443359375
3275820,31.43310546875
3275867,28.4423828125
3276029,27.16064453125
3340020,28.3203125
3340050,44.25048828125
3340078,48.33984375
3340089,49.8046875
3340105,36.19384765625
3340125,35.82763671875
3340155,46.44775390625
3340165,26.9775390625
3340189,69.64111328125
3340207,36.1328125
3340217,29.35791015625
3340227,26.42822265625
3340256,33.203125
3340276,32.71484375
3340309,29.84619140625
3340325,26.79443359375
3340370,31.494140625
3340382,30.45654296875
3340448,30.76171875
3340524,31.982421875
3340611,27.587890625
3340688,27.9541015625
3340716,34.912109375
3340773,26.30615234375
3340845,28.01513671875
3340857,49.4384765625
3340889,27.03857421875
3340914,27.099609375
3340937,27.4658203125
3340976,28.74755859375
3341041,30.21240234375
3341085,41.3818359375
3341128,26.3671875
3341185,26.30615234375
3341252,28.74755859375
3341287,40.34423828125
3341709,26.42822265625
3341758,26.79443359375
3413118,45.83740234375
3413147,36.56005859375
3413164,51.8798828125
3413192,59.9365234375
3413203,41.32080078125
3413227,28.38134765625
3413256,48.15673828125
3413266,51.33056640625
3413306,38.6962890625
3413343,27.52685546875
3413355,43.0908203125
3413377,32.470703125
3413393,34.60693359375
3413421,26.4892578125
3413448,35.09521484375
3413478,28.62548828125
3413553,30.21240234375
3413687,33.69140625
3413803,31.73828125
3413907,30.3955078125
3413937,27.34375
3413949,28.74755859375
3414093,34.5458984375
3414121,35.46142578125
3414239,29.23583984375
3414286,26.91650390625
3414321,26.06201171875
3414402,40.771484375
3452316,38.02490234375
3452344,34.3017578125
3452359,29.35791015625
3452376,33.0810546875
3452395,38.14697265625
3452418,33.203125
3452452,35.82763671875
3452476,36.31591796875
3452496,63.04931640625
3452508,33.87451171875
3452531,44.00634765625
3452550,43.88427734375
3452576,32.16552734375
3452624,27.16064453125
3452641,36.56005859375
3452653,35.94970703125
3452676,27.099609375
3452722,41.50390625
3452832,26.611328125
3452918,26.85546875
3453075,27.40478515625
3453134,26.2451171875
3453163,28.62548828125
3453214,33.0810546875
3453234,29.96826171875
3453263,27.83203125
3453323,29.23583984375
3453355,34.85107421875
3453387,27.2216796875
3453480,29.052734375
3453493,35.09521484375
3453693,28.25927734375
3453829,33.0810546875
3527047,32.89794921875
3527073,43.5791015625
3527089,28.076171875
3527120,44.3115234375
3527150,34.85107421875
3527165,26.9775390625
3527180,28.25927734375
3527198,28.62548828125
3527223,65.00244140625
3527233,29.9072265625
3527264,29.052734375
3527281,33.5693359375
3527314,61.70654296875
3527341,37.90283203125
3527363,26.55029296875
3527389,27.2216796875
3527407,42.8466796875
3527465,36.865234375
3527518,31.67724609375
3527548,26.06201171875
3527677,30.21240234375
3527707,30.1513671875
3527733,29.72412109375
3527803,32.16552734375
3527882,46.38671875
3527987,30.2734375
3528064,30.09033203125
3528081,37.04833984375
3528139,26.79443359375
3528212,30.09033203125
3528280,27.34375
3528311,28.99169921875
3528335,26.123046875
3528396,40.46630859375
3528562,28.62548828125
3608645,33.99658203125
3608671,32.71484375
3608693,39.0625
3608726,46.44775390625
3608738,36.9873046875
3608763,31.73828125
3608783,41.259765625
3608807,40.8935546875
3608836,28.25927734375
3608872,27.587890625
3608927,26.85546875
3608966,35.94970703125
3609003,30.33447265625
3609047,28.13720703125
3609129,27.099609375
3609150,32.958984375
3609196,26.06201171875
3609423,34.912109375
3609468,29.11376953125
3609543,36.9873046875
3609573,34.48486328125
3609618,32.958984375
3609678,28.13720703125
3609783,27.7099609375
3609826,34.97314453125
3672010,34.24072265625
3672033,39.24560546875
3672051,32.77587890625
3672069,42.1142578125
3672082,30.09033203125
3672096,43.701171875
3672128,48.52294921875
3672154,43.701171875
3672164,66.5283203125
3672181,44.37255859375
3672207,29.60205078125
3672226,30.09033203125
3672251,57.31201171875
3672277,30.45654296875
3672301,30.45654296875
3672331,26.06201171875
3672349,48.095703125
3672418,35.82763671875
3672457,26.85546875
3672479,31.67724609375
3672564,26.30615234375
3672588,28.50341796875
3672619,29.96826171875
3672695,26.3671875
3672727,26.3671875
3672754,30.82275390625
3672776,28.99169921875
3672832,28.01513671875
3672886,29.60205078125
3672918,29.23583984375
3672929,30.45654296875
3672979,27.52685546875
3673012,29.11376953125
3673075,26.55029296875
3673149,32.89794921875
3673373,26.55029296875
3673548,30.33447265625
3673648,26.91650390625
3728951,34.48486328125
3728990,32.958984375
3729004,47.2412109375
3729037,39.12353515625
3729062,41.56494140625
3729074,57.4951171875
3729112,28.38134765625
3729138,50.59814453125
3729156,37.17041015625
3729175,36.92626953125
3729209,34.1796875
3729222,41.6259765625
3729274,29.84619140625
3729301,42.236328125
3729322,39.0625
3729367,27.7099609375
3729409,42.29736328125
3729577,29.96826171875
3729650,31.3720703125
3729669,26.42822265625
3729726,30.70068359375
3729830,37.2314453125
3729842,32.470703125
3729968,31.982421875
3730031,27.9541015625
3730109,28.6865234375
3730193,31.25
3730249,30.82275390625
3730269,26.18408203125
3730339,27.4658203125
3730436,27.03857421875
3826407,28.25927734375
3826419,26.9775390625
3826463,54.62646484375
3826487,50.1708984375
3826510,55.60302734375
3826529,28.9306640625
3826559,32.470703125
3826572,28.62548828125
3826603,44.43359375
3826625,45.71533203125
3826644,47.66845703125
3826658,34.72900390625
3826685,28.99169921875
3826713,27.52685546875
3826727,32.470703125
3826936,35.94970703125
3827043,27.52685546875
3827057,30.70068359375
3827083,34.423828125
3827165,30.82275390625
3827193,36.19384765625
3827266,31.92138671875
3827301,26.67236328125
3827393,31.67724609375
3827410,40.46630859375
3827507,34.3017578125
3827598,31.73828125
3827635,34.85107421875
3827880,26.611328125
3850478,42.6025390625
3872313,35.46142578125
3882214,36.19384765625
3882225,31.494140625
3882261,42.96875
3882276,52.30712890625
3882309,42.66357421875
3882334,42.3583984375
3882355,58.65478515625
3882378,41.015625
3882402,35.94970703125
3882443,38.14697265625
3882499,33.02001953125
3882514,36.1328125
3882556,33.02001953125
3882683,30.09033203125
3882696,34.48486328125
3882732,26.9775390625
3882749,35.33935546875
3882808,33.26416015625
3882829,28.6865234375
3882840,26.611328125
3882865,29.72412109375
3882940,27.83203125
3883111,29.78515625
3883140,27.34375
3883189,28.80859375
3883199,41.93115234375
3883252,26.67236328125
3883327,36.07177734375
3883471,33.203125
3883723,26.91650390625
3947160,34.60693359375
3947183,42.78564453125
3947210,37.841796875
3947220,41.1376953125
3947241,39.24560546875
3947276,46.56982421875
3947306,46.32568359375
3947326,52.490234375
3947343,31.73828125
3947366,30.09033203125
3947389,44.98291015625
3947437,30.76171875
3947458,26.0009765625
3947528,26.06201171875
3947551,29.541015625
3947708,26.4892578125
3947797,31.1279296875
3947832,26.123046875
3947857,29.60205078125
3947902,28.13720703125
3947919,27.03857421875
3947958,31.3720703125
3947975,36.43798828125
3948027,29.96826171875
3948056,33.0810546875
3948082,28.564453125
3948187,29.60205078125
3948207,34.36279296875
3948236,26.3671875
3948282,27.40478515625
3948328,35.2783203125
3948383,26.79443359375
3948476,26.55029296875
3948677,31.06689453125
4031896,29.4189453125
4031922,39.55078125
4031939,34.85107421875
4031972,41.56494140625
4031996,27.9541015625
4032032,36.7431640625
4032057,26.42822265625
4032068,26.30615234375
4032089,36.9873046875
4032128,37.65869140625
4032168,36.07177734375
4032180,36.9873046875
4032220,34.97314453125
4032246,28.9306640625
4032284,29.72412109375
4032317,26.9775390625
4032329,27.52685546875
4032408,27.40478515625
4032425,29.23583984375
4032507,32.3486328125
4032545,39.36767578125
4032599,26.7333984375
4032638,26.06201171875
4032688,26.123046875
4032716,26.2451171875
4032755,27.89306640625
4032785,27.34375
4032836,27.89306640625
4032855,27.587890625
4032901,26.42822265625
4032948,33.69140625
4032981,39.0625
4033063,28.4423828125
4033170,26.91650390625
4064887,40.95458984375
4096944,62.1337890625
4096975,29.052734375
4097008,44.86083984375
4097022,32.65380859375
4097047,34.912109375
4097082,43.3349609375
4097109,63.4765625
4097131,41.748046875
4097149,35.09521484375
4097159,29.47998046875
4097180,27.34375
4097195,34.912109375
4097212,39.73388671875
4097256,32.3486328125
4097282,35.400390625
4097367,27.2216796875
4097658,28.01513671875
4097705,30.21240234375
4097725,34.423828125
4097743,28.80859375
4097818,26.67236328125
4097877,28.4423828125
4097938,27.34375
4097969,28.564453125
4098046,27.83203125
4098188,27.40478515625
4098204,26.91650390625
4163541,26.91650390625
4169102,29.60205078125
4169117,44.98291015625
4169136,29.78515625
4169157,37.2314453125
4169180,57.55615234375
4169192,40.95458984375
4169221,40.34423828125
4169241,30.09033203125
4169269,51.513671875
4169293,48.2177734375
4169311,30.6396484375
4169344,31.92138671875
4169357,50.537109375
4169371,26.4892578125
4169401,26.0009765625
4169441,29.96826171875
4169455,34.7900390625
4169519,27.7099609375
4169541,27.64892578125
4169637,33.8134765625
4169672,31.92138671875
4169811,28.80859375
4169836,29.72412109375
4169916,29.6630859375
4169954,49.98779296875
4170068,26.91650390625
4170109,30.517578125
4170149,26.2451171875
4170167,31.73828125
4170258,27.587890625
4170295,27.89306640625
4170469,31.494140625
4170574,27.7099609375
4216364,30.94482421875
4254432,26.06201171875
4254445,31.18896484375
4254459,36.43798828125
4254479,38.818359375
4254495,37.90283203125
4254517,37.841796875
4254544,48.4619140625
4254556,33.935546875
4254566,28.38134765625
4254597,58.7158203125
4254621,28.38134765625
4254646,26.123046875
4254683,44.921875
4254734,28.80859375
4254770,29.1748046875
4254791,26.123046875
4254823,26.7333984375
4254845,32.8369140625
4255073,34.11865234375
4255120,26.30615234375
4255166,28.50341796875
4255196,29.23583984375
4255213,29.052734375
4255242,26.30615234375
4255289,26.0009765625
4255383,32.5927734375
4255417,27.83203125
4255469,28.13720703125
4255626,28.25927734375
4255714,26.67236328125
4255739,36.62109375
4255826,34.1796875
4307973,38.39111328125
4308038,37.4755859375
4308049,34.97314453125
4308076,31.18896484375
4308098,63.65966796875
4308118,46.0205078125
4308137,30.57861328125
4308161,70.9228515625
4308188,39.00146484375
4308202,31.73828125
4308213,44.49462890625
4308250,27.4658203125
4308312,34.85107421875
4308352,43.64013671875
4308443,27.89306640625
4308457,36.62109375
4308648,26.611328125
4308680,31.73828125
4308832,27.52685546875
4308873,39.00146484375
4308939,31.3720703125
4309002,31.1279296875
4309031,30.21240234375
4309101,37.41455078125
4309159,30.57861328125
4309177,26.18408203125
4309448,34.36279296875
4373689,27.4658203125
4373713,61.95068359375
4373735,39.9169921875
4373761,57.06787109375
4373771,43.5791015625
4373791,27.89306640625
4373823,38.330078125
4373841,33.38623046875
4373857,38.51318359375
4373884,47.66845703125
4373905,28.6865234375
4373918,32.958984375
4373939,26.67236328125
4373965,26.7333984375
4373998,31.982421875
4374190,26.55029296875
4374227,36.31591796875
4374333,26.55029296875
4374369,39.9169921875
4374456,26.123046875
4374504,28.9306640625
4374563,27.4658203125
4374598,27.7099609375
4374627,28.50341796875
4374646,30.57861328125
4374742,26.3671875
4374794,28.01513671875
4374815,26.7333984375
4374888,29.84619140625
4375094,33.26416015625
4461782,41.56494140625
4461807,32.53173828125
4461827,38.4521484375
4461843,53.03955078125
4461879,42.8466796875
4461893,66.10107421875
4461919,32.65380859375
4461951,31.3720703125
4461961,37.841796875
4461983,31.73828125
4461995,31.06689453125
4462039,57.31201171875
4462055,37.4755859375
4462077,29.60205078125
4462116,27.7099609375
4462162,36.0107421875
4462184,27.77099609375
4462221,36.68212890625
4462277,31.18896484375
4462308,29.23583984375
4462385,30.70068359375
4462497,28.9306640625
4462507,31.73828125
4462532,27.34375
4462588,28.25927734375
4462613,27.7099609375
4462654,43.02978515625
4462697,26.91650390625
4462725,29.052734375
4462801,29.9072265625
4462813,29.4189453125
4462939,28.1982421875
4463019,43.0908203125
4488649,44.98291015625
4515644,26.30615234375
4515668,32.3486328125
4515691,48.095703125
4515703,40.58837890625
4515719,26.42822265625
4515737,32.65380859375
4515762,31.6162109375
4515779,47.91259765625
4515789,50.048828125
4515828,31.3720703125
4515853,32.77587890625
4515871,63.53759765625
4515886,29.052734375
4515921,29.23583984375
4515934,31.1279296875
4515964,51.45263671875
4515998,36.56005859375
4516085,37.841796875
4516139,30.8837890625
4516190,28.13720703125
4516286,28.50341796875
4516296,34.1796875
4516321,32.1044921875
4516363,27.4658203125
4516390,28.25927734375
4516408,36.19384765625
4516502,27.9541015625
4516546,26.611328125
4516561,28.564453125
4516634,26.18408203125
4516733,41.6259765625
4516751,26.3671875
4516822,30.57861328125
4516850,30.94482421875
4517184,34.423828125
4590140,28.3203125
4590167,36.376953125
4590196,47.18017578125
4590211,59.9365234375
4590231,51.3916015625
4590252,34.48486328125
4590277,39.73388671875
4590303,50.47607421875
4590344,27.9541015625
4590356,31.005859375
4590399,52.18505859375
4590429,40.71044921875
4590450,31.18896484375
4590487,39.1845703125
4590585,33.935546875
4590597,26.18408203125
4590676,27.34375
4590712,30.70068359375
4590736,32.8369140625
4590747,28.74755859375
4590869,26.9775390625
4590927,27.2216796875
4590965,28.4423828125
4591017,28.50341796875
4591041,33.63037109375
4591051,29.052734375
4591122,29.11376953125
4591169,29.052734375
4591250,35.94970703125
4591318,26.79443359375
4591610,36.2548828125
4686652,37.29248046875
4686664,29.296875
4686674,31.55517578125
4686697,27.9541015625
4686714,41.93115234375
4686726,42.05322265625
4686748,54.50439453125
4686765,59.63134765625
4686784,37.90283203125
4686798,31.982421875
4686812,58.77685546875
4686851,27.2216796875
4686863,33.87451171875
4686894,39.794921875
4686928,36.4990234375
4686953,27.4658203125
4686976,29.35791015625
4686994,38.87939453125
4687125,26.30615234375
4687256,26.7333984375
4687284,28.01513671875
4687357,28.99169921875
4687405,26.7333984375
4687443,32.40966796875
4687480,31.1279296875
4687651,28.38134765625
4687749,37.90283203125
4687776,26.0009765625
4687813,28.13720703125
4687946,26.2451171875
4688002,31.06689453125
4704744,39.36767578125
4738074,35.33935546875
4767374,43.02978515625
4767423,33.203125
4767442,46.32568359375
4767462,38.87939453125
4767487,43.0908203125
4767519,26.30615234375
4767546,61.8896484375
4767558,41.259765625
4767569,27.7099609375
4767591,28.99169921875
4767616,30.57861328125
4767629,46.7529296875
4767656,26.18408203125
4767694,32.89794921875
4767708,39.73388671875
4767743,38.6962890625
4767788,26.06201171875
4767847,27.2216796875
4767875,32.53173828125
4767996,30.33447265625
4768044,27.52685546875
4768055,33.69140625
4768071,27.9541015625
4768098,34.24072265625
4768166,36.2548828125
4768195,26.7333984375
4768206,35.0341796875
4768306,26.79443359375
4768316,26.3671875
4768465,39.36767578125
4768479,27.64892578125
4768568,27.34375
4768629,27.16064453125
4768760,30.76171875
