4798001,0
57551,41.9921875
57596,29.541015625
57630,35.400390625
57659,35.33935546875
57697,30.029296875
145924,32.40966796875
145939,30.82275390625
146000,32.89794921875
146066,41.68701171875
257452,32.89794921875
257464,37.353515625
257533,29.4189453125
369980,39.85595703125
370010,39.24560546875
370039,30.3955078125
370049,31.1279296875
370070,32.8369140625
370093,29.541015625
392379,31.005859375
392439,29.35791015625
392449,33.3251953125
392486,31.6162109375
392530,32.40966796875
442114,40.0390625
442163,34.36279296875
442216,37.2314453125
443069,33.69140625
583241,39.36767578125
583251,33.8134765625
626679,47.05810546875
626702,28.74755859375
626785,29.6630859375
765039,35.7666015625
765078,31.1279296875
765112,37.59765625
765143,32.40966796875
784612,29.4189453125
784741,30.8837890625
784753,41.19873046875
784781,30.94482421875
873962,28.86962890625
874048,32.65380859375
959416,29.47998046875
959435,32.5927734375
959465,30.76171875
959501,28.99169921875
1033005,38.63525390625
1033048,34.0576171875
1033171,29.23583984375
1138866,35.82763671875
1138880,42.48046875
1138914,34.912109375
1138949,47.2412109375
1138960,28.99169921875
1193116,33.75244140625
1193139,30.76171875
1193149,36.1328125
1193341,30.2734375
1224733,29.11376953125
1224817,30.517578125
1226020,29.1748046875
1347747,33.38623046875
1347801,30.94482421875
1347860,31.25
1347882,29.35791015625
1347908,28.74755859375
1407486,31.67724609375
1407536,30.6396484375
1407556,30.1513671875
1407583,39.306640625
1407610,31.55517578125
1407627,33.02001953125
1408809,29.23583984375
1440798,33.8134765625
1440811,41.32080078125
1440842,31.73828125
1479766,31.55517578125
1479861,37.7197265625
1479909,41.32080078125
1479930,30.45654296875
1480800,29.23583984375
1555872,33.50830078125
1555893,32.470703125
1555931,29.72412109375
1610193,30.45654296875
1610304,30.8837890625
1610327,40.6494140625
1688378,29.72412109375
1688394,40.1611328125
1688421,30.2734375
1688582,29.47998046875
1773506,31.67724609375
1773542,36.80419921875
1773578,31.3720703125
1773653,31.8603515625
1799581,40.22216796875
1799636,36.62109375
1799677,31.73828125
1799720,30.517578125
1799740,34.85107421875
1892376,33.75244140625
1892425,28.9306640625
1893759,29.60205078125
1987442,30.09033203125
1987490,35.09521484375
1987554,31.8603515625
1987566,28.74755859375
2049469,36.2548828125
2049522,42.66357421875
2137941,34.423828125
2137995,29.4189453125
2138006,33.5693359375
2138058,34.36279296875
2138083,32.8369140625
2138111,32.3486328125
2139155,32.16552734375
2197810,39.24560546875
2197843,35.21728515625
2197905,34.36279296875
2197919,34.36279296875
2260283,31.73828125
2260336,29.296875
2260361,29.6630859375
2260382,40.83251953125
2345543,34.5458984375
2345553,32.5927734375
2345736,30.2734375
2382703,29.84619140625
2382751,31.43310546875
2382768,33.5693359375
2382839,29.84619140625
2382850,40.10009765625
2505607,31.494140625
2505628,31.25
2505639,31.6162109375
2505662,30.029296875
2505683,31.18896484375
2505721,30.82275390625
2663842,31.43310546875
2663857,42.724609375
2663916,34.3017578125
2663931,31.25
2663965,31.494140625
2779330,30.6396484375
2779357,29.60205078125
2779390,31.55517578125
2779455,33.935546875
2806617,34.3017578125
2806658,29.052734375
2806673,30.029296875
2806709,29.35791015625
2885387,33.38623046875
2885407,30.6396484375
2885474,34.48486328125
3008047,31.982421875
3008061,30.57861328125
3008114,31.6162109375
3008158,29.11376953125
3008193,29.052734375
3092820,28.80859375
3092878,29.72412109375
3092895,31.73828125
3092935,33.38623046875
3092978,29.11376953125
3180281,31.92138671875
3180315,36.7431640625
3180339,35.0341796875
3180362,35.94970703125
3180395,40.0390625
3180458,34.912109375
3252862,32.40966796875
3252889,28.80859375
3252911,29.4189453125
3252955,30.57861328125
3344808,30.33447265625
3344827,30.94482421875
3344865,33.935546875
3344881,31.73828125
3344943,31.005859375
3367863,31.31103515625
3367880,32.2265625
3368001,34.48486328125
3368023,32.3486328125
3500104,41.015625
3500145,31.31103515625
3500163,31.43310546875
3500191,33.0810546875
3500212,38.818359375
3500236,30.2734375
3643137,31.92138671875
3643162,31.06689453125
3643182,33.203125
3643284,32.1044921875
3779210,29.84619140625
3779238,41.1376953125
3779277,30.94482421875
3811150,28.74755859375
3811170,34.5458984375
3811302,33.38623046875
3845787,35.82763671875
3845830,28.86962890625
3845872,30.94482421875
3845902,47.30224609375
3845931,39.1845703125
3897945,34.97314453125
3897963,37.841796875
3897979,42.96875
3898020,31.6162109375
3898047,38.75732421875
4011010,29.11376953125
4011058,35.7666015625
4011121,31.31103515625
4011148,39.306640625
4112190,34.24072265625
4112207,29.4189453125
4112228,35.82763671875
4112238,31.06689453125
4112249,39.00146484375
4112282,31.1279296875
4112350,29.35791015625
4146708,30.1513671875
4146773,34.5458984375
4146802,35.70556640625
4146954,33.5693359375
4224850,29.96826171875
4224895,29.9072265625
4224929,29.052734375
4224948,32.04345703125
4224968,33.63037109375
4224998,30.3955078125
4329769,30.82275390625
4329791,28.99169921875
4329806,36.376953125
4329834,37.29248046875
4329870,40.4052734375
4329890,31.06689453125
4329913,31.67724609375
4329982,30.6396484375
4371548,36.56005859375
4371581,30.45654296875
4371638,38.63525390625
4490910,29.60205078125
4490941,31.18896484375
4490956,33.0810546875
4490975,45.166015625
4491023,37.109375
4595567,31.79931640625
4595620,31.79931640625
4595632,33.26416015625
4595730,32.1044921875
4595740,29.1748046875
4620627,32.77587890625
4620640,29.35791015625
4620654,37.7197265625
4620713,28.99169921875
4620726,30.94482421875
4786303,40.10009765625
4786337,38.57421875
4786374,28.86962890625
4786423,29.4189453125
