4798001,0
136540,38.4521484375
148396,38.14697265625
192329,40.71044921875
230527,37.9638671875
250803,37.65869140625
250861,36.68212890625
250921,41.32080078125
251150,42.3583984375
251281,36.80419921875
251323,42.96875
251586,36.865234375
282026,36.7431640625
305067,37.29248046875
316357,43.02978515625
316539,41.9921875
348005,44.43359375
357950,49.74365234375
377592,44.921875
410423,36.68212890625
410646,43.8232421875
410830,38.87939453125
422706,42.6025390625
433792,39.12353515625
433958,36.4990234375
457691,38.4521484375
470653,37.53662109375
470754,40.34423828125
470864,39.36767578125
470995,38.75732421875
484593,50.048828125
484950,40.58837890625
485232,45.0439453125
485351,36.62109375
497378,39.73388671875
509914,39.55078125
510026,43.64013671875
510546,37.65869140625
523698,41.68701171875
523714,36.80419921875
523790,52.18505859375
523895,45.10498046875
524007,42.8466796875
524374,37.353515625
538375,37.841796875
559646,43.9453125
559794,54.13818359375
560033,37.2314453125
574688,39.0625
599879,37.7197265625
599907,37.59765625
599926,44.3115234375
600134,38.6962890625
1080809,39.24560546875
2208183,39.1845703125
2696936,37.353515625
3257018,37.41455078125
3306048,38.2080078125
3369762,48.583984375
3369850,39.48974609375
3369932,49.01123046875
3370071,37.53662109375
3370394,36.62109375
3448463,44.61669921875
3448576,45.22705078125
3448710,40.771484375
3448777,36.80419921875
3448923,41.32080078125
3492412,41.93115234375
3507641,41.68701171875
3522923,44.00634765625
3523298,38.9404296875
3523466,40.4052734375
3549515,39.1845703125
3571967,36.56005859375
3584720,37.4755859375
3622049,39.73388671875
3622180,47.4853515625
3622404,38.818359375
3697607,38.818359375
3697766,40.71044921875
3697936,37.4755859375
3698108,39.9169921875
3698320,36.62109375
