4799001,0
17121,35.94970703125
26876,30.6396484375
40380,31.92138671875
40872,30.1513671875
42272,32.04345703125
54798,35.2783203125
55161,31.1279296875
72189,31.31103515625
103787,31.982421875
114647,31.25
155838,31.92138671875
169397,29.9072265625
180599,31.43310546875
192532,35.7666015625
205063,34.48486328125
215789,38.0859375
217147,34.3017578125
218030,31.55517578125
234389,30.3955078125
254896,29.60205078125
256426,30.3955078125
283459,32.5927734375
288407,32.89794921875
298014,33.69140625
298649,30.45654296875
301262,31.79931640625
311459,35.15625
321407,29.96826171875
323702,31.3720703125
335259,31.005859375
347175,32.65380859375
347447,31.06689453125
368946,34.3017578125
379089,39.24560546875
392972,29.9072265625
406483,30.09033203125
407973,29.6630859375
419559,33.8134765625
419993,29.541015625
431269,30.33447265625
477453,33.99658203125
501035,30.94482421875
511025,34.912109375
513272,36.31591796875
523969,32.2265625
535138,31.31103515625
552856,32.958984375
568056,33.99658203125
578828,33.26416015625
591342,34.97314453125
591657,30.517578125
613849,36.376953125
616058,32.1044921875
627411,32.1044921875
641319,33.447265625
653988,31.6162109375
658182,30.6396484375
659815,32.1044921875
662165,30.94482421875
685252,30.09033203125
694763,31.18896484375
705697,31.005859375
706211,29.60205078125
715400,31.3720703125
737868,30.76171875
738552,31.31103515625
749099,33.0810546875
767568,30.82275390625
768500,30.3955078125
770807,36.2548828125
774326,30.09033203125
788258,31.005859375
788993,29.541015625
806069,31.18896484375
814672,30.1513671875
832608,30.2734375
834605,36.376953125
837840,29.96826171875
863784,31.79931640625
864891,30.517578125
878932,31.25
880989,35.58349609375
882429,31.73828125
886919,31.25
908632,36.56005859375
909036,38.14697265625
917103,32.65380859375
931106,29.541015625
942134,32.5927734375
946628,33.38623046875
951280,33.935546875
966688,32.77587890625
972143,30.94482421875
982963,29.72412109375
986107,33.26416015625
989568,33.69140625
1002689,29.9072265625
1021321,31.92138671875
1025909,29.47998046875
1049698,31.79931640625
1058140,30.45654296875
1071830,29.541015625
1083253,31.92138671875
1085951,29.47998046875
1098698,34.912109375
1110662,32.470703125
1128690,29.6630859375
1129197,33.203125
1134387,29.72412109375
1145507,30.1513671875
1149200,30.70068359375
1162740,34.0576171875
1164351,35.7666015625
1175488,29.78515625
1176198,34.0576171875
1177406,32.77587890625
1179348,34.85107421875
1204820,32.8369140625
1206293,30.6396484375
1232525,32.3486328125
1240621,29.78515625
1241789,31.6162109375
1256293,30.21240234375
1260362,31.06689453125
1278419,31.25
1292424,34.11865234375
1293494,31.8603515625
1306506,32.2265625
1348355,30.6396484375
1357592,35.7666015625
1368676,29.541015625
1380227,35.888671875
1397955,31.494140625
1407953,31.982421875
1428418,29.78515625
1439435,31.005859375
1450952,29.541015625
1454102,29.96826171875
1485488,29.541015625
1500872,30.517578125
1504278,31.982421875
1514466,32.2265625
1518524,30.517578125
1545625,29.78515625
1546474,29.60205078125
1599539,30.3955078125
1600285,30.029296875
1603046,31.6162109375
1607497,31.005859375
1619312,31.6162109375
1619712,31.18896484375
1623678,29.9072265625
1629270,33.8134765625
1644103,33.0810546875
1651878,31.3720703125
1655612,32.8369140625
1667949,31.6162109375
1674551,37.53662109375
1681400,33.87451171875
1691481,33.63037109375
1692276,30.82275390625
1704112,32.28759765625
1706701,31.25
1709081,30.21240234375
1714225,32.470703125
1724616,31.79931640625
1734172,30.029296875
1735511,32.53173828125
1747252,29.78515625
1756509,31.6162109375
1782919,29.78515625
1784549,32.1044921875
1785124,32.470703125
1787151,34.72900390625
1800900,35.09521484375
1824264,31.494140625
1837639,32.3486328125
1847148,32.04345703125
1848264,30.21240234375
1861364,33.8134765625
1933445,31.06689453125
1935142,29.541015625
1936565,30.09033203125
1946628,30.029296875
1950223,29.47998046875
1966223,32.77587890625
1974645,30.1513671875
1975679,30.21240234375
1993407,33.99658203125
1995283,31.494140625
2039752,30.2734375
2071133,29.84619140625
2080640,32.470703125
2093539,30.33447265625
2114650,35.7666015625
2123471,32.04345703125
2136028,33.26416015625
2136722,35.400390625
2144324,29.541015625
2167155,32.28759765625
2178748,29.72412109375
2182025,32.71484375
2205434,31.3720703125
2213720,30.029296875
2231127,31.494140625
2240724,29.47998046875
2278472,29.9072265625
2293131,30.70068359375
2303605,29.72412109375
2324476,31.92138671875
2335584,31.06689453125
2346655,30.45654296875
2349820,31.31103515625
2364673,30.09033203125
2370924,29.6630859375
2397446,29.84619140625
2398704,29.84619140625
2399968,29.9072265625
2400718,29.6630859375
2419019,31.1279296875
2432432,32.77587890625
2465610,30.517578125
2474570,31.43310546875
2476679,30.1513671875
2494930,32.2265625
2495816,30.6396484375
2524868,30.45654296875
2527537,33.02001953125
2541500,31.6162109375
2556860,29.84619140625
2564447,30.33447265625
2581174,33.203125
2599572,30.76171875
2631950,31.6162109375
2638496,33.50830078125
2638993,29.96826171875
2652450,30.76171875
2699191,29.6630859375
2749407,34.0576171875
2760672,31.18896484375
2780893,33.50830078125
2819426,30.09033203125
2841871,30.82275390625
2854754,30.6396484375
2879486,33.69140625
2897454,30.76171875
2913226,29.78515625
2915750,32.40966796875
2929015,30.09033203125
2944517,32.2265625
2955245,32.77587890625
2993182,31.06689453125
3018343,33.447265625
3033761,30.94482421875
3076600,32.40966796875
3111432,33.935546875
3112229,30.94482421875
3139310,30.029296875
3171194,31.494140625
3185186,30.09033203125
3199319,33.447265625
3223083,30.33447265625
3223503,31.43310546875
3280636,33.87451171875
3294033,31.3720703125
3300987,30.8837890625
3326337,30.21240234375
3327576,30.70068359375
3402615,30.33447265625
3410505,33.87451171875
3433738,33.3251953125
3443441,30.57861328125
3486879,32.65380859375
3500120,30.21240234375
3511815,30.82275390625
3522217,30.82275390625
3553988,30.517578125
3594011,31.43310546875
3641982,29.6630859375
3654708,29.78515625
3672628,29.72412109375
3741828,34.72900390625
3773865,29.9072265625
3828106,30.029296875
3828851,30.029296875
3848320,29.541015625
3893449,30.517578125
3909036,31.31103515625
3948662,29.47998046875
3964609,29.47998046875
3971889,31.8603515625
3982025,35.5224609375
4029036,32.2265625
4036938,30.6396484375
4075094,33.50830078125
4076905,32.2265625
4086208,29.541015625
4153557,30.029296875
4162383,31.25
4179456,29.6630859375
4182722,30.21240234375
4195684,29.78515625
4203623,29.9072265625
4216200,33.69140625
4288850,33.203125
4304352,30.517578125
4330243,29.72412109375
4386733,30.09033203125
4400804,32.8369140625
4449076,30.70068359375
4451526,31.3720703125
4476469,31.25
4505273,32.04345703125
4513515,33.75244140625
4622815,32.16552734375
4660176,29.541015625
4663930,31.92138671875
4675872,30.82275390625
4690757,31.55517578125
4711531,29.47998046875
4745324,31.494140625
4754677,33.0810546875
4771908,31.494140625
4776260,31.31103515625
