4798001,0
4900,115.66162109375
13011,136.77978515625
19435,126.77001953125
23043,119.93408203125
27950,135.31494140625
31940,138.427734375
34551,148.681640625
39700,134.1552734375
41100,144.95849609375
47423,149.5361328125
48069,30.6396484375
48097,35.15625
48122,25.146484375
48132,141.7236328125
48171,116.02783203125
48192,26.7333984375
48214,112.4267578125
48230,92.34619140625
48261,116.27197265625
48291,99.365234375
48303,82.1533203125
48319,72.021484375
48330,28.74755859375
48351,69.76318359375
48365,52.8564453125
48384,79.833984375
48419,85.63232421875
48451,85.99853515625
48483,94.8486328125
48521,87.70751953125
48563,96.61865234375
48637,91.97998046875
48689,26.06201171875
48702,31.1279296875
48741,92.95654296875
48842,93.44482421875
48918,101.62353515625
48993,108.7646484375
49129,108.642578125
49189,101.37939453125
49266,103.69873046875
49302,26.123046875
49326,96.98486328125
49380,93.3837890625
49455,92.6513671875
49475,27.52685546875
49521,89.05029296875
49565,72.6318359375
49610,86.7919921875
49670,88.92822265625
49684,28.25927734375
49721,84.716796875
49794,103.515625
49846,102.783203125
49911,93.994140625
49979,90.9423828125
50018,69.4580078125
50127,87.46337890625
50175,46.08154296875
50207,93.994140625
50250,72.44873046875
50408,95.0927734375
50470,58.7158203125
50636,110.595703125
50802,103.271484375
68736,153.99169921875
69819,107.23876953125
75057,144.287109375
79164,103.1494140625
82056,123.35205078125
87856,100.28076171875
88898,135.009765625
92507,132.99560546875
96829,145.3857421875
98852,109.375
100374,108.58154296875
103252,113.1591796875
104046,26.18408203125
104066,33.5693359375
104095,128.41796875
104114,33.203125
104136,130.43212890625
104148,27.77099609375
104172,106.93359375
104200,103.02734375
104229,101.9287109375
104257,83.80126953125
104285,147.8271484375
104295,29.47998046875
104318,56.2744140625
104349,99.30419921875
104392,77.69775390625
104422,78.43017578125
104456,78.9794921875
104521,80.13916015625
104572,82.1533203125
104611,82.8857421875
104660,91.12548828125
104702,99.91455078125
104767,101.5625
104820,95.39794921875
104879,76.72119140625
104957,105.95703125
105083,98.57177734375
105158,106.99462890625
105217,88.92822265625
105264,97.7783203125
105315,83.740234375
105362,57.55615234375
105400,89.53857421875
105461,86.12060546875
105498,49.9267578125
105547,86.85302734375
105601,86.42578125
105661,73.66943359375
105721,73.42529296875
105780,75.62255859375
105869,88.9892578125
105923,85.26611328125
105998,85.63232421875
106039,73.73046875
106170,96.19140625
106244,95.88623046875
106337,37.04833984375
106384,87.2802734375
106587,49.9267578125
120356,149.35302734375
125273,106.93359375
126939,128.72314453125
130795,105.16357421875
131756,136.04736328125
135810,136.53564453125
139037,117.73681640625
140969,140.56396484375
145298,125.79345703125
146263,113.1591796875
149071,110.7177734375
154281,140.7470703125
155106,139.404296875
156406,27.34375
156427,30.517578125
156472,143.00537109375
156520,118.408203125
156550,93.1396484375
156572,118.65234375
156582,111.26708984375
156611,101.37939453125
156639,80.99365234375
156663,76.416015625
156692,83.49609375
156721,101.6845703125
156735,30.6396484375
156753,63.720703125
156783,54.443359375
156819,94.78759765625
156857,86.669921875
156870,28.01513671875
156899,82.1533203125
156948,69.2138671875
157013,102.05078125
157057,27.89306640625
157117,95.88623046875
157225,85.38818359375
157332,104.30908203125
157378,96.86279296875
157463,106.8115234375
157531,103.3935546875
157597,103.759765625
157681,99.30419921875
157723,86.60888671875
157771,87.7685546875
157814,90.14892578125
157854,88.8671875
157901,78.18603515625
157937,75.37841796875
157991,69.64111328125
158050,90.88134765625
158082,71.22802734375
158125,74.8291015625
158157,83.31298828125
158185,28.86962890625
158210,75.25634765625
158263,78.7353515625
158310,90.4541015625
158350,77.880859375
158439,72.57080078125
158510,85.693359375
158587,88.8671875
158712,89.90478515625
158792,30.2734375
158836,97.71728515625
159070,54.38232421875
159342,118.7744140625
175908,117.00439453125
179671,146.05712890625
184185,148.3154296875
186045,151.611328125
188901,133.4228515625
190032,142.7001953125
194377,118.34716796875
197158,138.916015625
200957,141.11328125
205962,127.50244140625
206453,151.4892578125
209843,127.62451171875
210731,115.17333984375
213201,143.4326171875
213724,25.2685546875
213882,135.07080078125
213898,29.9072265625
213912,30.8837890625
213941,111.02294921875
213959,52.1240234375
213981,136.5966796875
214004,94.6044921875
214032,105.46875
214058,163.9404296875
214085,85.8154296875
214116,90.39306640625
214160,74.70703125
214174,36.43798828125
214195,80.4443359375
214232,83.55712890625
214263,86.181640625
214304,66.58935546875
214315,30.3955078125
214341,84.53369140625
214431,83.8623046875
214500,94.970703125
214569,76.84326171875
214654,107.91015625
214739,102.11181640625
214846,85.44921875
214950,91.73583984375
215040,108.3984375
215104,95.458984375
215115,25.5126953125
215159,79.16259765625
215203,83.740234375
215239,75.13427734375
215291,84.228515625
215354,28.38134765625
215374,26.4892578125
215400,81.48193359375
215437,72.8759765625
215492,82.70263671875
215529,81.4208984375
215587,82.03125
215600,29.35791015625
215630,75.8056640625
215690,75.50048828125
215742,82.94677734375
215786,73.486328125
215869,100.9521484375
215954,98.0224609375
216052,89.41650390625
216068,32.470703125
216140,105.8349609375
216221,92.529296875
216444,52.18505859375
216457,113.83056640625
232127,151.91650390625
234217,134.58251953125
240020,110.9619140625
242502,124.3896484375
243518,114.501953125
247698,130.859375
250350,129.8828125
251808,115.478515625
254461,131.40869140625
257237,135.07080078125
258481,107.72705078125
261391,126.0986328125
262365,96.0693359375
264662,120.60546875
269547,109.130859375
271278,135.6201171875
275353,133.85009765625
277936,142.63916015625
280087,103.271484375
282958,135.80322265625
284119,134.46044921875
285832,112.060546875
287326,139.46533203125
287677,28.74755859375
287893,113.28125
287907,34.1796875
287923,31.67724609375
287942,110.83984375
287973,134.6435546875
288000,90.63720703125
288031,106.38427734375
288044,70.556640625
288065,70.3125
288093,69.091796875
288118,72.81494140625
288135,46.56982421875
288158,80.87158203125
288174,26.06201171875
288188,73.30322265625
288218,73.05908203125
288260,67.626953125
288299,80.2001953125
288337,78.4912109375
288395,90.8203125
288445,80.2001953125
288494,88.8671875
288505,25.69580078125
288547,97.900390625
288565,27.83203125
288617,96.61865234375
288675,93.07861328125
288752,103.94287109375
288855,106.26220703125
288913,92.22412109375
289021,111.75537109375
289101,94.42138671875
289139,27.28271484375
289150,89.2333984375
289214,95.27587890625
289279,90.087890625
289322,81.298828125
289368,82.763671875
289411,82.09228515625
289429,26.06201171875
289494,73.05908203125
289531,75.86669921875
289548,27.28271484375
289568,72.69287109375
289615,79.89501953125
289664,74.8291015625
289732,90.33203125
289742,25.146484375
289769,81.84814453125
289841,79.7119140625
289892,85.3271484375
290042,92.1630859375
290138,79.77294921875
290207,25.146484375
301428,136.474609375
306178,146.3623046875
307533,140.19775390625
309712,145.3857421875
314111,130.4931640625
316437,134.46044921875
318637,131.40869140625
320529,147.76611328125
321918,139.58740234375
322771,125.244140625
324360,101.806640625
328278,144.10400390625
330931,134.765625
333579,105.95703125
335453,133.9111328125
336316,145.99609375
340058,120.17822265625
341070,124.1455078125
342238,132.87353515625
347174,109.43603515625
349906,139.34326171875
351018,147.4609375
353374,116.69921875
355301,122.74169921875
357429,131.53076171875
360127,114.8681640625
363234,141.357421875
364318,141.05224609375
368774,114.8681640625
369696,135.55908203125
371070,145.1416015625
374330,25.69580078125
374340,150.146484375
374376,37.2314453125
374402,40.52734375
374423,144.71435546875
374455,131.2255859375
374485,140.44189453125
374511,89.111328125
374535,80.810546875
374565,85.02197265625
374596,85.0830078125
374627,80.13916015625
374646,27.52685546875
374660,61.34033203125
374670,33.99658203125
374692,66.10107421875
374726,78.125
374766,81.787109375
374805,73.30322265625
374851,83.19091796875
374893,72.021484375
374941,83.49609375
374991,90.02685546875
375050,92.1630859375
375200,87.2802734375
375294,101.86767578125
375373,81.1767578125
375413,27.89306640625
375471,113.037109375
375482,25.390625
375534,97.71728515625
375597,78.55224609375
375652,86.24267578125
375697,91.24755859375
375747,89.111328125
375764,33.8134765625
375789,72.75390625
375840,82.21435546875
375877,85.87646484375
375942,70.86181640625
375996,86.9140625
376040,76.5380859375
376085,71.47216796875
376124,68.90869140625
376204,85.205078125
376278,92.041015625
376337,85.75439453125
376393,97.96142578125
376484,95.03173828125
376603,79.65087890625
376713,94.23828125
376828,38.9404296875
389173,146.8505859375
391436,142.4560546875
396426,138.24462890625
399033,120.66650390625
403225,119.93408203125
405768,125.1220703125
408438,117.431640625
409644,115.53955078125
410688,127.13623046875
414258,125.1220703125
415109,134.3994140625
417476,135.498046875
420342,105.65185546875
421927,105.1025390625
425080,102.6611328125
428792,120.42236328125
431337,124.755859375
433470,131.9580078125
436225,25.5126953125
436311,27.16064453125
436329,27.77099609375
436339,135.8642578125
436355,26.4892578125
436385,122.1923828125
436413,217.7734375
436442,88.43994140625
436473,90.88134765625
436504,73.91357421875
436533,90.2099609375
436544,55.48095703125
436566,64.14794921875
436596,81.4208984375
436628,65.91796875
436662,95.703125
436701,84.41162109375
436736,86.7919921875
436791,95.39794921875
436842,96.435546875
436860,30.21240234375
436894,100.89111328125
436946,94.1162109375
437040,95.3369140625
437109,97.10693359375
437187,101.1962890625
437261,87.95166015625
437316,90.4541015625
437368,95.5810546875
437423,87.34130859375
437480,90.8203125
437533,87.82958984375
437590,79.52880859375
437636,89.4775390625
437688,84.77783203125
437739,25.7568359375
437768,74.89013671875
437807,80.2001953125
437817,27.03857421875
437854,75.37841796875
437907,82.82470703125
437917,28.25927734375
437944,70.3125
437991,82.8857421875
438040,75.37841796875
438053,32.5927734375
438080,71.22802734375
438125,74.89013671875
438197,77.69775390625
438245,72.1435546875
438311,26.06201171875
438350,94.90966796875
438405,80.078125
438516,80.26123046875
438660,88.19580078125
438821,37.59765625
452533,118.896484375
453836,116.14990234375
461681,116.51611328125
463665,143.85986328125
466115,127.0751953125
467186,138.24462890625
473873,124.6337890625
478810,126.3427734375
480673,120.60546875
485386,146.8505859375
486862,116.02783203125
491302,106.689453125
492327,133.36181640625
495597,137.39013671875
497292,136.41357421875
501185,28.564453125
501237,158.87451171875
501267,26.2451171875
501282,114.68505859375
501303,118.95751953125
501330,97.5341796875
501358,113.28125
501385,98.5107421875
501416,96.8017578125
501445,73.79150390625
501478,89.111328125
501510,86.48681640625
501546,79.77294921875
501591,94.8486328125
501635,97.83935546875
501666,27.099609375
501686,75.37841796875
501740,99.853515625
501798,94.90966796875
501861,85.205078125
501917,46.44775390625
501992,84.41162109375
502053,96.86279296875
502111,83.1298828125
502187,106.689453125
502276,95.88623046875
502348,93.3837890625
502393,92.529296875
502408,29.296875
502474,81.48193359375
502534,30.6396484375
502548,85.9375
502599,92.041015625
502612,25.87890625
502641,76.904296875
502680,80.01708984375
502725,91.24755859375
502776,77.1484375
502814,80.99365234375
502841,28.13720703125
502906,89.66064453125
502947,88.07373046875
503029,89.35546875
503095,88.8671875
503165,93.3837890625
503226,86.9140625
503309,83.92333984375
503408,95.76416015625
503476,28.1982421875
503563,94.66552734375
503669,31.1279296875
521115,138.85498046875
531725,142.27294921875
534806,140.56396484375
538257,134.3994140625
539195,98.5107421875
542573,143.1884765625
548868,126.8310546875
550030,113.34228515625
553875,128.35693359375
558662,145.1416015625
564413,141.357421875
567045,126.708984375
569400,132.9345703125
573933,32.89794921875
573948,35.64453125
573979,33.50830078125
573994,109.7412109375
574004,26.4892578125
574031,110.77880859375
574065,116.51611328125
574093,98.20556640625
574109,91.552734375
574121,74.76806640625
574150,120.54443359375
574180,153.3203125
574214,91.796875
574242,88.80615234375
574273,92.71240234375
574303,87.890625
574341,84.65576171875
574360,35.21728515625
574381,90.087890625
574426,80.13916015625
574472,95.52001953125
574521,97.5341796875
574588,98.5107421875
574646,98.876953125
574662,26.67236328125
574712,109.2529296875
574771,110.4736328125
574841,87.70751953125
574936,25.20751953125
575013,116.455078125
575024,30.8837890625
575051,100.89111328125
575090,25.20751953125
575116,99.67041015625
575194,76.96533203125
575244,96.19140625
575298,88.19580078125
575349,102.11181640625
575392,70.80078125
575433,85.44921875
575452,25.2685546875
575468,76.0498046875
575521,73.91357421875
575536,32.71484375
575560,78.55224609375
575610,75.3173828125
575627,27.77099609375
575652,72.6318359375
575691,74.5849609375
575734,73.1201171875
575799,63.17138671875
575876,81.787109375
575992,80.38330078125
576002,26.85546875
576047,81.787109375
576208,102.1728515625
587603,130.126953125
597397,115.17333984375
599342,123.59619140625
605156,137.51220703125
611255,141.17431640625
617481,130.55419921875
620311,106.689453125
628087,110.107421875
629690,121.52099609375
632293,128.7841796875
637885,138.36669921875
638738,28.50341796875
638749,27.4658203125
638780,35.33935546875
638798,36.7431640625
638822,28.38134765625
638840,171.142578125
638859,79.58984375
638882,106.75048828125
638909,116.0888671875
638936,125.8544921875
638965,96.74072265625
638996,103.271484375
639027,89.2333984375
639050,51.26953125
639064,113.46435546875
639095,69.9462890625
639126,97.22900390625
639167,87.95166015625
639204,102.11181640625
639247,73.79150390625
639290,89.35546875
639330,93.81103515625
639380,96.19140625
639431,85.0830078125
639528,97.65625
639623,110.65673828125
639737,27.03857421875
639787,27.587890625
639830,106.99462890625
639909,57.67822265625
639970,102.11181640625
639983,25.87890625
640010,73.2421875
640051,25.57373046875
640072,88.07373046875
640113,89.35546875
640174,96.3134765625
640214,92.28515625
640258,89.7216796875
640296,67.7490234375
640378,83.19091796875
640409,79.16259765625
640469,89.29443359375
640541,86.669921875
640586,77.33154296875
640618,73.73046875
640655,26.79443359375
640699,91.61376953125
640770,94.54345703125
640888,88.2568359375
640950,26.3671875
640979,85.14404296875
641313,101.5625
665641,134.46044921875
668045,132.2021484375
675918,47.42431640625
678444,149.47509765625
681487,107.84912109375
691537,26.3671875
691588,161.376953125
691601,32.65380859375
691630,140.2587890625
691661,104.248046875
691694,121.76513671875
691727,110.53466796875
691755,99.609375
691781,69.76318359375
691798,33.935546875
691817,80.74951171875
691848,83.49609375
691879,69.82421875
691889,30.45654296875
691918,82.3974609375
691954,88.80615234375
691998,76.59912109375
692011,26.123046875
692040,95.21484375
692082,86.73095703125
692097,27.40478515625
692140,94.66552734375
692199,89.35546875
692256,88.43994140625
692338,88.8671875
692410,94.3603515625
692484,109.7412109375
692547,101.318359375
692599,100.341796875
692682,97.65625
692736,99.365234375
692786,82.03125
692821,90.087890625
692868,38.39111328125
692912,68.66455078125
692971,90.27099609375
693009,64.88037109375
693063,83.740234375
693102,85.5712890625
693137,79.04052734375
693184,60.85205078125
693229,83.31298828125
693263,78.2470703125
693341,83.251953125
693434,88.7451171875
693516,91.49169921875
693580,87.82958984375
693747,101.318359375
706430,155.6396484375
712529,143.9208984375
715859,112.79296875
726592,145.08056640625
732631,129.8828125
733505,133.4228515625
737163,121.58203125
740674,144.22607421875
743399,120.05615234375
748621,141.17431640625
750582,109.80224609375
751677,96.6796875
757987,29.96826171875
758008,143.61572265625
758035,32.71484375
758050,40.34423828125
758069,132.32421875
758081,96.19140625
758102,130.43212890625
758113,35.15625
758126,37.7197265625
758150,119.140625
758165,95.03173828125
758185,103.45458984375
758212,89.41650390625
758238,65.0634765625
758249,119.62890625
758282,94.23828125
758296,44.37255859375
758318,94.482421875
758348,95.15380859375
758363,30.2734375
758391,82.6416015625
758425,88.07373046875
758471,86.36474609375
758528,91.9189453125
758590,101.98974609375
758632,86.0595703125
758711,88.31787109375
758784,103.515625
758844,106.14013671875
758920,91.73583984375
758987,88.8671875
759048,25.57373046875
759062,100.341796875
759128,97.5341796875
759190,95.0927734375
759236,93.1396484375
759285,99.42626953125
759331,91.9189453125
759360,29.6630859375
759388,78.18603515625
759427,76.11083984375
759465,85.3271484375
759522,85.75439453125
759558,68.603515625
759600,74.70703125
759614,26.42822265625
759665,87.82958984375
759681,25.69580078125
759709,81.298828125
759722,29.47998046875
759762,73.8525390625
759812,94.78759765625
759856,76.84326171875
759915,78.7353515625
759972,85.75439453125
760047,84.41162109375
760150,83.92333984375
760271,96.923828125
760355,28.99169921875
760536,96.25244140625
778315,137.26806640625
783999,111.75537109375
788389,139.83154296875
796608,106.87255859375
805157,135.986328125
812584,135.31494140625
820514,128.35693359375
823762,118.1640625
827089,140.625
830692,139.0380859375
837982,41.748046875
838002,34.72900390625
838016,39.9169921875
838030,28.6865234375
838050,91.796875
838069,144.95849609375
838083,35.15625
838111,101.50146484375
838142,106.201171875
838179,115.6005859375
838207,105.224609375
838242,105.3466796875
838268,100.52490234375
838300,86.181640625
838312,37.29248046875
838335,88.92822265625
838346,29.296875
838374,86.60888671875
838417,102.5390625
838455,103.3935546875
838504,97.16796875
838550,92.34619140625
838623,83.6181640625
838705,87.09716796875
838782,103.57666015625
838866,97.412109375
838970,108.0322265625
839021,109.68017578125
839100,88.134765625
839122,25.5126953125
839148,83.251953125
839186,25.634765625
839208,97.35107421875
839248,84.53369140625
839309,88.5009765625
839351,78.369140625
839396,87.5244140625
839439,76.2939453125
839516,84.228515625
839561,74.52392578125
839601,77.57568359375
839638,85.205078125
839726,80.2001953125
839767,77.880859375
839865,91.4306640625
839924,90.087890625
839992,72.265625
840065,26.06201171875
840082,106.99462890625
840145,86.669921875
840257,39.9169921875
840287,88.37890625
840412,102.35595703125
862106,112.48779296875
876000,102.47802734375
895289,141.9677734375
911648,142.27294921875
913706,128.96728515625
917795,27.4658203125
917816,25.93994140625
917848,151.06201171875
917886,239.80712890625
917909,39.12353515625
917930,104.67529296875
917957,100.64697265625
918000,107.97119140625
918033,118.22509765625
918051,25.81787109375
918073,98.14453125
918097,44.37255859375
918123,33.14208984375
918136,90.33203125
918179,77.63671875
918221,101.74560546875
918274,100.2197265625
918312,86.97509765625
918357,88.80615234375
918409,112.12158203125
918484,112.3046875
918605,91.97998046875
918754,105.224609375
918813,106.01806640625
918885,99.67041015625
918935,96.49658203125
918979,98.388671875
919021,88.134765625
919068,89.66064453125
919087,28.564453125
919113,95.88623046875
919153,84.8388671875
919194,76.5380859375
919250,76.7822265625
919295,71.533203125
919343,93.6279296875
919396,79.345703125
919437,76.7822265625
919488,85.38818359375
919527,86.48681640625
919585,74.64599609375
919642,61.279296875
919710,99.91455078125
919838,94.54345703125
919918,93.20068359375
919928,27.2216796875
919997,97.71728515625
920072,95.39794921875
928612,121.337890625
948358,143.12744140625
954206,112.1826171875
968112,33.99658203125
968147,34.7900390625
968184,141.90673828125
968202,37.65869140625
968213,127.8076171875
968228,31.06689453125
968253,132.75146484375
968286,109.31396484375
968309,26.67236328125
968326,152.587890625
968346,27.03857421875
968365,94.6044921875
968391,35.888671875
968428,92.22412109375
968441,37.109375
968465,106.3232421875
968506,92.8955078125
968532,25.20751953125
968551,95.76416015625
968571,27.28271484375
968599,93.75
968651,104.3701171875
968717,120.849609375
968775,106.0791015625
968839,109.92431640625
968928,113.8916015625
969012,105.77392578125
969084,101.37939453125
969156,99.609375
969196,85.14404296875
969260,90.63720703125
969300,90.14892578125
969339,78.61328125
969382,84.77783203125
969400,26.7333984375
969422,82.275390625
969478,97.22900390625
969488,27.2216796875
969510,73.6083984375
969551,72.08251953125
969571,25.69580078125
969598,83.92333984375
969657,82.6416015625
969704,68.603515625
969741,79.9560546875
969784,65.61279296875
969820,73.05908203125
969867,80.01708984375
969884,28.62548828125
969915,79.16259765625
969970,26.0009765625
970004,84.41162109375
970109,95.76416015625
970196,91.552734375
970266,25.81787109375
970371,104.30908203125
970467,44.00634765625
1010026,107.84912109375
1019721,111.4501953125
1025002,117.61474609375
1033089,115.17333984375
1042962,122.55859375
1053986,112.97607421875
1058574,37.29248046875
1058598,33.14208984375
1058616,33.447265625
1058644,28.1982421875
1058683,167.3583984375
1058694,26.3671875
1058727,129.2724609375
1058755,158.0810546875
1058789,113.09814453125
1058813,100.76904296875
1058844,87.0361328125
1058854,28.01513671875
1058889,131.103515625
1058921,94.8486328125
1058952,97.0458984375
1058998,91.1865234375
1059047,95.703125
1059102,102.23388671875
1059150,107.60498046875
1059205,108.82568359375
1059266,25.146484375
1059303,89.84375
1059399,101.01318359375
1059503,113.70849609375
1059571,102.4169921875
1059612,110.9619140625
1059648,29.1748046875
1059695,88.92822265625
1059761,29.541015625
1059776,112.24365234375
1059827,82.58056640625
1059851,30.82275390625
1059870,91.73583984375
1059950,81.48193359375
1059989,85.693359375
1060055,89.90478515625
1060085,29.23583984375
1060109,87.70751953125
1060143,76.171875
1060205,82.09228515625
1060256,80.74951171875
1060301,100.2197265625
1060393,87.158203125
1060456,77.1484375
1060525,78.79638671875
1060624,83.8623046875
1060703,103.08837890625
1060871,105.3466796875
1060901,32.53173828125
1061345,67.68798828125
1084983,106.01806640625
1105365,125.54931640625
1111036,120.05615234375
1136282,26.91650390625
1136325,25.32958984375
1136356,38.75732421875
1136382,27.9541015625
1136399,118.59130859375
1136416,104.98046875
1136451,105.46875
1136475,129.39453125
1136486,79.9560546875
1136515,122.802734375
1136542,98.2666015625
1136555,78.7353515625
1136574,92.6513671875
1136609,101.25732421875
1136630,33.8134765625
1136646,95.03173828125
1136679,105.52978515625
1136694,27.40478515625
1136733,88.68408203125
1136774,100.40283203125
1136823,96.0693359375
1136883,101.50146484375
1136968,88.68408203125
1137018,106.8115234375
1137098,110.2294921875
1137207,94.970703125
1137280,106.4453125
1137349,96.8017578125
1137411,25.81787109375
1137429,89.53857421875
1137473,79.833984375
1137516,89.17236328125
1137592,106.0791015625
1137637,85.26611328125
1137678,28.25927734375
1137709,88.7451171875
1137721,26.4892578125
1137744,77.45361328125
1137779,86.7919921875
1137834,89.111328125
1137895,80.9326171875
1137930,75.74462890625
1137973,80.810546875
1138025,60.85205078125
1138123,91.61376953125
1138201,97.83935546875
1138241,96.435546875
1138317,25.5126953125
1138346,97.10693359375
1138912,28.01513671875
1169428,134.3994140625
1194469,113.46435546875
1201234,30.57861328125
1201265,29.541015625
1201296,28.38134765625
1201319,167.48046875
1201343,31.494140625
1201373,97.47314453125
1201394,71.6552734375
1201410,128.35693359375
1201439,92.28515625
1201468,98.388671875
1201499,111.328125
1201530,122.37548828125
1201560,89.78271484375
1201576,50.4150390625
1201600,74.15771484375
1201640,105.3466796875
1201696,101.50146484375
1201740,102.1728515625
1201758,26.30615234375
1201798,102.72216796875
1201862,94.42138671875
1201924,108.7646484375
1201992,89.66064453125
1202048,86.5478515625
1202140,111.99951171875
1202206,102.96630859375
1202273,94.78759765625
1202283,25.146484375
1202327,102.84423828125
1202366,94.66552734375
1202417,89.9658203125
1202504,98.5107421875
1202547,85.02197265625
1202587,83.06884765625
1202631,88.37890625
1202662,75.01220703125
1202697,25.5126953125
1202713,71.044921875
1202759,73.54736328125
1202801,25.32958984375
1202833,81.54296875
1202872,71.8994140625
1202937,96.8017578125
1202973,85.26611328125
1203032,25.93994140625
1203050,85.8154296875
1203098,76.35498046875
1203179,29.052734375
1203190,39.4287109375
1203268,82.1533203125
1203332,95.39794921875
1203449,54.38232421875
1203665,27.16064453125
1203736,101.98974609375
1249475,147.27783203125
1253968,115.78369140625
1254606,61.58447265625
1263275,31.18896484375
1263290,35.15625
1263311,29.9072265625
1263332,142.2119140625
1263363,116.76025390625
1263380,39.794921875
1263403,135.68115234375
1263431,184.14306640625
1263448,34.11865234375
1263467,85.63232421875
1263496,145.56884765625
1263530,96.61865234375
1263547,40.71044921875
1263564,111.51123046875
1263596,98.44970703125
1263608,29.1748046875
1263639,100.9521484375
1263679,90.33203125
1263729,103.82080078125
1263778,90.02685546875
1263868,104.6142578125
1263933,100.28076171875
1264038,108.3984375
1264095,100.2197265625
1264190,99.853515625
1264249,86.181640625
1264263,29.1748046875
1264316,25.57373046875
1264329,126.52587890625
1264377,101.86767578125
1264436,89.05029296875
1264479,86.48681640625
1264492,26.06201171875
1264567,95.03173828125
1264580,27.77099609375
1264602,73.8525390625
1264667,100.830078125
1264712,75.50048828125
1264752,69.091796875
1264792,80.56640625
1264833,81.298828125
1264899,71.83837890625
1264941,78.18603515625
1264996,76.23291015625
1265095,81.48193359375
1265129,70.3125
1265149,25.45166015625
1265184,98.876953125
1265271,90.51513671875
1265338,92.6513671875
1265708,36.2548828125
1286650,110.65673828125
1329135,124.755859375
1330391,151.3671875
1345061,33.26416015625
1345073,29.35791015625
1345110,40.46630859375
1345136,135.68115234375
1345146,100.9521484375
1345174,133.544921875
1345194,33.38623046875
1345208,112.73193359375
1345220,89.53857421875
1345255,104.00390625
1345279,96.8017578125
1345323,117.49267578125
1345354,56.5185546875
1345397,85.02197265625
1345431,100.64697265625
1345477,105.46875
1345526,104.55322265625
1345592,103.82080078125
1345642,91.12548828125
1345765,121.39892578125
1345908,105.16357421875
1345979,98.93798828125
1346033,103.33251953125
1346118,96.74072265625
1346170,100.9521484375
1346225,33.14208984375
1346242,107.97119140625
1346285,90.8203125
1346354,75.98876953125
1346403,87.58544921875
1346447,83.6181640625
1346486,77.81982421875
1346498,30.09033203125
1346534,85.26611328125
1346574,79.833984375
1346621,92.71240234375
1346658,86.669921875
1346693,75.86669921875
1346747,76.84326171875
1346759,25.81787109375
1346790,79.345703125
1346834,76.84326171875
1346853,32.65380859375
1346955,90.576171875
1347014,88.31787109375
1347115,101.9287109375
1347267,99.30419921875
1347305,29.052734375
1347390,103.3935546875
1361893,97.35107421875
1384544,138.7939453125
1389617,27.2216796875
1389641,27.587890625
1389673,41.748046875
1389692,31.494140625
1389715,46.0205078125
1389733,144.6533203125
1389757,32.3486328125
1389776,135.92529296875
1389807,106.87255859375
1389836,170.2880859375
1389865,91.4306640625
1389897,104.8583984375
1389927,86.73095703125
1389955,43.45703125
1389974,103.94287109375
1390011,81.23779296875
1390061,79.58984375
1390105,98.57177734375
1390165,92.041015625
1390253,99.7314453125
1390372,120.30029296875
1390451,25.5126953125
1390562,93.07861328125
1390631,105.04150390625
1390646,26.611328125
1390667,89.111328125
1390701,27.16064453125
1390713,104.98046875
1390755,105.5908203125
1390789,92.529296875
1390807,29.9072265625
1390865,96.74072265625
1390907,81.54296875
1390950,84.228515625
1390983,92.34619140625
1390995,28.076171875
1391026,95.8251953125
1391103,89.90478515625
1391149,99.18212890625
1391170,30.6396484375
1391191,86.24267578125
1391221,27.34375
1391236,97.83935546875
1391302,87.5244140625
1391379,76.0498046875
1391426,88.7451171875
1391449,25.2685546875
1391476,82.70263671875
1391525,94.8486328125
1391640,76.47705078125
1391747,102.4169921875
1391832,107.421875
1392002,114.1357421875
1433881,143.4326171875
1441765,135.07080078125
1459693,117.431640625
1474605,102.72216796875
1480020,28.9306640625
1480030,30.57861328125
1480066,44.73876953125
1480100,29.052734375
1480111,164.73388671875
1480132,33.0810546875
1480161,131.16455078125
1480181,33.99658203125
1480195,138.5498046875
1480227,118.71337890625
1480241,33.14208984375
1480265,102.5390625
1480295,115.8447265625
1480328,98.81591796875
1480360,102.11181640625
1480377,40.283203125
1480407,94.66552734375
1480460,92.4072265625
1480517,100.9521484375
1480579,89.7216796875
1480657,95.8251953125
1480713,113.70849609375
1480818,108.45947265625
1480885,114.31884765625
1480989,96.13037109375
1481074,117.1875
1481145,101.86767578125
1481212,80.87158203125
1481273,96.19140625
1481311,103.57666015625
1481354,93.017578125
1481403,90.27099609375
1481464,88.80615234375
1481529,91.9189453125
1481575,85.9375
1481622,84.5947265625
1481692,91.12548828125
1481738,84.1064453125
1481787,95.03173828125
1481873,85.26611328125
1481936,93.07861328125
1482091,95.5810546875
1482185,114.6240234375
1482307,98.08349609375
1482364,34.912109375
1482478,102.35595703125
1505121,140.625
1516728,150.69580078125
1558063,131.103515625
1562502,27.40478515625
1562534,37.53662109375
1562562,27.52685546875
1562575,46.56982421875
1562605,144.83642578125
1562625,40.0390625
1562639,142.27294921875
1562669,122.49755859375
1562680,89.84375
1562702,38.02490234375
1562715,115.966796875
1562744,70.068359375
1562761,92.95654296875
1562793,95.21484375
1562804,41.3818359375
1562827,80.9326171875
1562844,30.70068359375
1562875,99.42626953125
1562915,104.1259765625
1562961,87.70751953125
1563013,95.458984375
1563059,100.64697265625
1563104,102.47802734375
1563201,25.7568359375
1563218,107.11669921875
1563417,108.642578125
1563499,125.79345703125
1563572,88.8671875
1563628,89.66064453125
1563682,91.85791015625
1563693,27.03857421875
1563726,104.8583984375
1563758,27.03857421875
1563789,96.923828125
1563832,105.3466796875
1563880,98.5107421875
1563923,92.7734375
1563984,79.1015625
1564070,63.29345703125
1564118,85.63232421875
1564167,77.08740234375
1564235,65.5517578125
1564292,58.59375
1564345,81.72607421875
1564442,93.505859375
1564520,75.8056640625
1564742,110.107421875
1564882,27.77099609375
1564901,117.85888671875
1581716,134.3994140625
1630501,139.46533203125
1641907,143.9208984375
1657225,25.87890625
1657253,48.2177734375
1657271,32.71484375
1657289,40.58837890625
1657306,33.447265625
1657335,140.5029296875
1657348,100.89111328125
1657367,134.46044921875
1657384,26.79443359375
1657406,112.12158203125
1657448,127.685546875
1657475,147.39990234375
1657487,32.5927734375
1657522,115.478515625
1657535,35.33935546875
1657556,101.74560546875
1657584,29.11376953125
1657613,104.248046875
1657653,94.66552734375
1657701,105.65185546875
1657763,97.7783203125
1657819,100.64697265625
1657892,123.10791015625
1657953,98.2666015625
1658019,95.5810546875
1658129,116.63818359375
1658230,118.46923828125
1658297,93.81103515625
1658343,112.060546875
1658409,94.6044921875
1658463,101.01318359375
1658523,95.27587890625
1658567,73.05908203125
1658629,107.666015625
1658665,85.26611328125
1658691,25.634765625
1658708,76.0498046875
1658746,75.50048828125
1658766,31.25
1658790,82.58056640625
1658874,91.9189453125
1658914,88.5009765625
1658948,71.2890625
1659037,87.158203125
1659110,95.8251953125
1659159,91.97998046875
1659229,81.787109375
1659391,85.0830078125
1659553,26.06201171875
1659823,61.03515625
1729327,37.29248046875
1729338,34.3017578125
1729353,42.29736328125
1729383,25.81787109375
1729399,30.21240234375
1729421,206.1767578125
1729451,116.63818359375
1729489,159.11865234375
1729519,121.09375
1729551,164.73388671875
1729582,113.34228515625
1729597,40.10009765625
1729621,121.09375
1729656,103.33251953125
1729697,98.876953125
1729738,100.52490234375
1729784,89.17236328125
1729830,38.39111328125
1729842,25.2685546875
1729914,105.89599609375
1729997,124.51171875
1730106,126.15966796875
1730170,26.4892578125
1730221,107.48291015625
1730283,108.5205078125
1730363,98.20556640625
1730431,103.94287109375
1730488,105.89599609375
1730536,25.57373046875
1730557,92.529296875
1730577,33.935546875
1730607,94.78759765625
1730650,105.52978515625
1730661,26.4892578125
1730719,87.34130859375
1730750,71.10595703125
1730761,26.30615234375
1730807,102.783203125
1730818,25.69580078125
1730882,98.5107421875
1730925,93.44482421875
1730978,94.90966796875
1730988,25.81787109375
1731030,81.72607421875
1731090,91.73583984375
1731147,85.87646484375
1731216,98.876953125
1731315,63.53759765625
1731377,88.0126953125
1731455,81.787109375
1731568,81.787109375
1731869,57.0068359375
1747991,151.85546875
1783495,126.89208984375
1791181,146.91162109375
1824924,26.30615234375
1824954,27.83203125
1824971,40.6494140625
1825004,35.82763671875
1825016,56.640625
1825052,143.85986328125
1825070,89.29443359375
1825086,113.28125
1825119,135.986328125
1825132,83.55712890625
1825175,127.13623046875
1825202,91.12548828125
1825245,106.75048828125
1825272,84.47265625
1825283,33.63037109375
1825319,93.81103515625
1825329,28.01513671875
1825379,96.8017578125
1825423,116.455078125
1825482,105.1025390625
1825589,128.90625
1825653,113.22021484375
1825723,100.7080078125
1825867,103.08837890625
1825958,94.54345703125
1826010,123.53515625
1826089,113.22021484375
1826137,99.06005859375
1826181,106.01806640625
1826243,101.5625
1826300,96.86279296875
1826339,100.03662109375
1826395,78.79638671875
1826435,88.134765625
1826478,85.75439453125
1826515,26.79443359375
1826534,99.79248046875
1826577,79.28466796875
1826629,107.11669921875
1826669,29.23583984375
1826742,104.98046875
1826752,26.55029296875
1826824,82.6416015625
1826939,97.65625
1827010,107.36083984375
1827090,101.50146484375
1827439,47.9736328125
1877981,147.15576171875
1899087,28.01513671875
1899120,26.79443359375
1899156,34.72900390625
1899194,32.28759765625
1899205,79.65087890625
1899231,89.90478515625
1899251,135.68115234375
1899279,123.046875
1899307,125.79345703125
1899334,105.52978515625
1899349,49.98779296875
1899371,103.57666015625
1899400,112.79296875
1899428,38.87939453125
1899440,105.95703125
1899451,25.93994140625
1899482,114.80712890625
1899529,107.48291015625
1899588,94.66552734375
1899668,27.34375
1899734,119.20166015625
1899842,118.34716796875
1899986,27.7099609375
1900002,130.2490234375
1900060,108.82568359375
1900114,95.76416015625
1900183,104.43115234375
1900229,99.30419921875
1900252,27.2216796875
1900281,97.47314453125
1900311,26.4892578125
1900333,95.703125
1900343,28.86962890625
1900374,93.93310546875
1900458,97.35107421875
1900518,86.3037109375
1900531,28.564453125
1900554,88.56201171875
1900593,86.669921875
1900634,77.7587890625
1900685,85.14404296875
1900734,96.3134765625
1900795,86.669921875
1900867,80.87158203125
1900903,71.71630859375
1900916,26.91650390625
1900974,26.30615234375
1901072,98.9990234375
1901122,103.08837890625
1901193,100.5859375
1901499,39.9169921875
1901845,57.7392578125
1931805,150.57373046875
1963153,101.07421875
1982913,146.1181640625
2007611,25.146484375
2007671,30.70068359375
2007693,26.4892578125
2007716,34.0576171875
2007729,33.5693359375
2007757,33.203125
2007768,92.529296875
2007779,166.259765625
2007835,145.20263671875
2007853,27.64892578125
2007875,119.2626953125
2007904,102.47802734375
2007917,31.31103515625
2007938,99.91455078125
2007965,108.3984375
2007975,28.99169921875
2008005,108.82568359375
2008042,108.7646484375
2008076,99.4873046875
2008148,115.90576171875
2008203,112.97607421875
2008258,110.41259765625
2008325,106.0791015625
2008373,64.0869140625
2008536,105.52978515625
2008558,25.634765625
2008637,125.48828125
2008694,26.06201171875
2008729,108.09326171875
2008776,118.7744140625
2008845,81.4208984375
2008892,100.4638671875
2008962,29.11376953125
2008983,92.28515625
2009019,91.49169921875
2009038,30.8837890625
2009063,97.10693359375
2009116,96.19140625
2009154,90.4541015625
2009198,26.0009765625
2009230,92.4072265625
2009280,85.87646484375
2009347,80.01708984375
2009388,85.38818359375
2009443,93.1396484375
2009537,101.62353515625
2009586,77.69775390625
2009694,99.54833984375
2009763,106.4453125
2009894,110.595703125
2010038,25.5126953125
2010355,71.044921875
2067475,151.9775390625
2079756,113.525390625
2084855,162.41455078125
2123218,34.36279296875
2123247,40.8935546875
2123268,27.2216796875
2123281,27.4658203125
2123309,186.1572265625
2123344,124.267578125
2123375,172.42431640625
2123389,27.03857421875
2123412,122.1923828125
2123436,72.3876953125
2123458,131.40869140625
2123489,108.09326171875
2123514,33.87451171875
2123563,123.22998046875
2123601,98.14453125
2123655,89.7216796875
2123706,98.32763671875
2123758,103.3935546875
2123811,94.42138671875
2123866,37.59765625
2123987,128.11279296875
2124044,30.33447265625
2124089,111.02294921875
2124159,120.849609375
2124230,121.15478515625
2124331,105.89599609375
2124374,109.130859375
2124477,124.20654296875
2124546,104.79736328125
2124564,26.42822265625
2124583,101.5625
2124595,30.94482421875
2124631,77.5146484375
2124654,29.84619140625
2124692,93.1396484375
2124740,74.76806640625
2124750,25.57373046875
2124793,28.9306640625
2124841,87.21923828125
2124893,87.95166015625
2124941,92.6513671875
2124980,84.89990234375
2125004,25.634765625
2125039,79.9560546875
2125099,67.07763671875
2125160,97.16796875
2125311,114.3798828125
2125567,43.88427734375
2125635,104.79736328125
2125833,56.7626953125
2153860,152.2216796875
2208120,25.390625
2208154,28.86962890625
2208168,29.9072265625
2208212,25.2685546875
2208230,112.79296875
2208249,27.099609375
2208269,137.87841796875
2208299,77.08740234375
2208317,114.19677734375
2208341,26.55029296875
2208358,100.5859375
2208384,101.86767578125
2208415,147.03369140625
2208431,53.1005859375
2208452,107.421875
2208495,122.98583984375
2208537,114.31884765625
2208579,88.19580078125
2208639,110.77880859375
2208729,121.4599609375
2208796,112.12158203125
2208887,102.35595703125
2208943,114.8681640625
2209001,95.3369140625
2209111,121.4599609375
2209161,27.2216796875
2209192,92.8955078125
2209287,100.9521484375
2209396,98.81591796875
2209427,26.4892578125
2209449,86.181640625
2209510,104.06494140625
2209569,95.3369140625
2209613,81.84814453125
2209638,29.96826171875
2209652,91.4306640625
2209688,94.3603515625
2209724,92.83447265625
2209784,94.23828125
2209800,25.32958984375
2209872,90.8203125
2209933,90.14892578125
2209990,79.04052734375
2210095,108.33740234375
2210259,108.2763671875
2210630,104.18701171875
2210730,46.0205078125
2229839,158.50830078125
2264221,147.39990234375
2268897,149.658203125
2273120,130.126953125
2317738,25.634765625
2317791,27.16064453125
2317805,27.4658203125
2317844,31.25
2317865,44.43359375
2317898,135.986328125
2317926,28.564453125
2317944,138.3056640625
2317979,118.34716796875
2318007,124.1455078125
2318042,115.41748046875
2318074,110.41259765625
2318108,93.07861328125
2318129,30.2734375
2318151,100.89111328125
2318186,98.6328125
2318245,36.4990234375
2318323,99.18212890625
2318413,110.4736328125
2318447,27.16064453125
2318474,108.2763671875
2318561,114.92919921875
2318689,93.26171875
2318765,109.9853515625
2318837,26.85546875
2318852,111.02294921875
2318876,25.69580078125
2318924,114.501953125
2318972,89.4775390625
2319029,93.93310546875
2319040,28.9306640625
2319067,31.79931640625
2319094,112.6708984375
2319108,26.0009765625
2319131,66.83349609375
2319195,110.107421875
2319214,29.4189453125
2319240,84.77783203125
2319294,88.134765625
2319337,81.1767578125
2319384,85.02197265625
2319395,29.96826171875
2319433,91.24755859375
2319519,96.8017578125
2319583,82.45849609375
2319701,104.248046875
2319782,26.79443359375
2319816,111.38916015625
2319969,109.4970703125
2319995,30.76171875
2320189,100.2197265625
2320382,58.349609375
2383545,26.9775390625
2383590,29.60205078125
2383607,26.91650390625
2383625,36.376953125
2383638,32.53173828125
2383658,149.658203125
2383690,96.86279296875
2383725,138.671875
2383751,124.57275390625
2383785,128.72314453125
2383817,75.927734375
2383859,124.0234375
2383920,113.09814453125
2383941,33.99658203125
2383967,100.15869140625
2384009,110.9619140625
2384068,108.154296875
2384101,28.9306640625
2384168,91.9189453125
2384260,104.30908203125
2384305,112.24365234375
2384420,118.59130859375
2384531,113.4033203125
2384545,27.40478515625
2384612,103.69873046875
2384660,92.6513671875
2384721,99.609375
2384790,114.1357421875
2384848,88.9892578125
2384890,26.9775390625
2384949,97.2900390625
2384959,32.2265625
2384993,95.27587890625
2385049,92.7734375
2385093,95.03173828125
2385149,85.9375
2385218,75.8056640625
2385256,81.54296875
2385307,43.39599609375
2385367,80.38330078125
2385440,105.16357421875
2385612,101.6845703125
2385692,106.93359375
2386061,52.67333984375
2448405,25.390625
2448479,26.7333984375
2448493,43.212890625
2448511,26.30615234375
2448539,28.076171875
2448570,154.6630859375
2448581,29.47998046875
2448606,109.2529296875
2448633,125.1220703125
2448663,103.08837890625
2448694,133.23974609375
2448707,26.611328125
2448733,115.6005859375
2448753,38.4521484375
2448770,121.9482421875
2448789,35.7666015625
2448842,101.9287109375
2448886,100.830078125
2448937,106.93359375
2448997,120.05615234375
2449092,120.361328125
2449152,124.0234375
2449271,106.201171875
2449341,95.88623046875
2449416,111.328125
2449523,27.34375
2449539,109.86328125
2449597,116.2109375
2449646,91.1865234375
2449677,28.1982421875
2449762,112.4267578125
2449795,93.994140625
2449849,103.45458984375
2449939,101.98974609375
2449988,79.833984375
2450032,49.560546875
2450089,100.2197265625
2450168,98.32763671875
2450263,83.43505859375
2450342,78.91845703125
2450402,28.564453125
2450472,112.97607421875
2450664,117.431640625
2450867,37.9638671875
2489348,138.0615234375
2526658,156.8603515625
2552575,34.423828125
2552589,34.48486328125
2552616,31.18896484375
2552652,254.638671875
2552671,39.48974609375
2552695,31.92138671875
2552706,137.26806640625
2552732,105.224609375
2552753,37.841796875
2552766,118.22509765625
2552780,68.2373046875
2552799,107.421875
2552840,109.9853515625
2552873,110.83984375
2552891,44.73876953125
2552916,117.98095703125
2552940,26.3671875
2552961,105.52978515625
2552984,28.62548828125
2553008,104.91943359375
2553062,86.3037109375
2553121,98.6328125
2553177,26.42822265625
2553260,108.82568359375
2553271,25.69580078125
2553373,116.51611328125
2553440,122.6806640625
2553501,99.9755859375
2553620,115.3564453125
2553676,88.5009765625
2553737,96.98486328125
2553813,107.177734375
2553887,112.548828125
2553956,92.529296875
2553994,86.97509765625
2554026,27.83203125
2554046,87.95166015625
2554060,27.7099609375
2554087,70.80078125
2554154,92.4072265625
2554212,103.45458984375
2554266,93.3837890625
2554341,89.4775390625
2554422,104.00390625
2554499,101.9287109375
2554617,93.505859375
2554657,26.30615234375
2554857,26.85546875
2597707,124.08447265625
2664980,39.24560546875
2665023,29.84619140625
2665037,42.90771484375
2665082,191.22314453125
2665101,33.447265625
2665134,116.2109375
2665153,74.40185546875
2665174,136.8408203125
2665210,209.65576171875
2665222,32.53173828125
2665251,108.94775390625
2665275,60.48583984375
2665296,27.7099609375
2665329,117.0654296875
2665339,27.4658203125
2665373,115.53955078125
2665383,25.390625
2665435,113.83056640625
2665493,126.77001953125
2665544,29.23583984375
2665610,117.5537109375
2665707,25.2685546875
2665735,102.11181640625
2665833,111.87744140625
2665933,122.13134765625
2666026,123.10791015625
2666125,112.73193359375
2666183,90.88134765625
2666219,27.7099609375
2666253,84.16748046875
2666331,29.96826171875
2666357,104.30908203125
2666395,90.14892578125
2666452,92.28515625
2666517,28.86962890625
2666554,86.73095703125
2666609,107.60498046875
2666658,26.2451171875
2666690,78.06396484375
2666735,103.82080078125
2666811,101.62353515625
2666936,106.4453125
2666951,26.55029296875
2667110,101.9287109375
2667162,32.65380859375
2667391,119.07958984375
2667427,53.77197265625
2765677,27.77099609375
2765699,33.02001953125
2765727,29.84619140625
2765746,176.1474609375
2765775,152.52685546875
2765798,27.2216796875
2765820,114.56298828125
2765846,106.01806640625
2765882,122.6806640625
2765898,70.556640625
2765930,110.7177734375
2765966,124.755859375
2766009,115.6005859375
2766047,107.97119140625
2766097,106.50634765625
2766172,31.6162109375
2766184,117.85888671875
2766297,127.0751953125
2766396,110.04638671875
2766493,126.64794921875
2766577,112.9150390625
2766642,28.564453125
2766712,121.03271484375
2766762,108.45947265625
2766780,28.6865234375
2766840,119.0185546875
2766891,114.31884765625
2766911,29.052734375
2766927,28.25927734375
2766973,26.9775390625
2767007,116.8212890625
2767077,111.75537109375
2767116,96.61865234375
2767151,100.15869140625
2767179,30.82275390625
2767241,107.7880859375
2767277,25.5126953125
2767349,86.24267578125
2767425,102.60009765625
2767470,25.634765625
2767596,92.95654296875
2767870,43.212890625
2768376,62.68310546875
2787731,146.54541015625
2881203,29.9072265625
2881222,28.3203125
2881238,30.09033203125
2881257,28.86962890625
2881282,165.6494140625
2881311,111.63330078125
2881328,27.89306640625
2881345,33.02001953125
2881369,146.91162109375
2881401,125.9765625
2881430,107.91015625
2881454,28.99169921875
2881469,108.0322265625
2881502,47.8515625
2881545,112.4267578125
2881587,109.0087890625
2881601,27.7099609375
2881638,97.10693359375
2881693,114.74609375
2881773,120.9716796875
2881831,26.85546875
2881891,89.90478515625
2881992,118.22509765625
2882055,103.45458984375
2882128,110.2294921875
2882200,28.01513671875
2882213,88.07373046875
2882272,26.7333984375
2882303,25.390625
2882370,110.4736328125
2882417,32.8369140625
2882463,106.93359375
2882473,32.16552734375
2882506,92.22412109375
2882584,94.05517578125
2882620,50.10986328125
2882669,87.34130859375
2882719,102.1728515625
2882777,81.298828125
2882788,27.587890625
2882851,84.28955078125
2882908,107.177734375
2882965,95.458984375
2883097,103.6376953125
2883149,94.3603515625
2883568,29.541015625
2971970,29.541015625
2971982,26.85546875
2972028,26.55029296875
2972044,33.02001953125
2972070,203.857421875
2972083,32.8369140625
2972118,160.15625
2972140,121.826171875
2972173,140.07568359375
2972196,66.71142578125
2972242,131.103515625
2972261,48.33984375
2972307,118.71337890625
2972352,107.666015625
2972389,98.08349609375
2972447,111.572265625
2972479,25.7568359375
2972489,111.4501953125
2972554,109.68017578125
2972578,27.03857421875
2972622,100.5859375
2972697,106.87255859375
2972831,115.234375
2972939,124.267578125
2973011,117.61474609375
2973022,33.38623046875
2973115,111.2060546875
2973180,110.9619140625
2973233,102.84423828125
2973274,100.2197265625
2973329,27.099609375
2973353,112.60986328125
2973419,112.9150390625
2973481,96.49658203125
2973537,104.1259765625
2973605,47.119140625
2973645,81.298828125
2973708,96.3134765625
2973833,105.5908203125
2973949,109.31396484375
2974300,35.33935546875
2974623,64.51416015625
3073730,140.9912109375
3116475,29.23583984375
3116561,30.1513671875
3116583,30.33447265625
3116605,37.841796875
3116636,34.24072265625
3116665,175.78125
3116681,97.96142578125
3116712,144.47021484375
3116740,183.41064453125
3116751,36.376953125
3116783,130.31005859375
3116802,59.9365234375
3116819,101.74560546875
3116857,120.7275390625
3116898,106.50634765625
3116926,28.3203125
3116937,118.408203125
3116975,101.86767578125
3116987,28.01513671875
3117046,121.27685546875
3117098,103.94287109375
3117149,111.083984375
3117209,27.587890625
3117251,26.06201171875
3117345,26.123046875
3117421,106.87255859375
3117453,30.8837890625
3117586,125.244140625
3117596,27.9541015625
3117642,116.14990234375
3117733,112.36572265625
3117755,27.4658203125
3117786,119.384765625
3117846,127.13623046875
3117908,112.060546875
3117935,25.45166015625
3117958,116.88232421875
3118009,96.86279296875
3118096,90.9423828125
3118163,28.62548828125
3118185,87.58544921875
3118225,26.0009765625
3118246,113.4033203125
3118303,26.30615234375
3118342,107.177734375
3118402,105.52978515625
3118504,94.17724609375
3118563,25.32958984375
3118606,93.93310546875
3118951,52.18505859375
3167303,128.7841796875
3229658,26.2451171875
3229670,57.06787109375
3229697,30.09033203125
3229739,37.4755859375
3229752,40.46630859375
3229764,31.3720703125
3229792,160.58349609375
3229822,115.478515625
3229832,37.841796875
3229859,84.04541015625
3229874,29.47998046875
3229896,114.013671875
3229914,49.49951171875
3229933,27.9541015625
3229961,94.8486328125
3229992,100.2197265625
3230036,104.3701171875
3230100,119.5068359375
3230135,115.1123046875
3230187,113.34228515625
3230283,117.24853515625
3230338,114.3798828125
3230433,27.40478515625
3230470,112.60986328125
3230571,106.26220703125
3230658,101.6845703125
3230686,26.67236328125
3230701,26.2451171875
3230775,129.2724609375
3230848,106.38427734375
3230860,27.40478515625
3230954,132.32421875
3231005,29.84619140625
3231061,100.89111328125
3231097,27.28271484375
3231141,100.03662109375
3231223,44.0673828125
3231282,59.14306640625
3231368,87.40234375
3231414,103.02734375
3231426,27.77099609375
3231479,100.7080078125
3231532,82.6416015625
3231602,97.5341796875
3231612,33.447265625
3231754,30.517578125
3232013,36.62109375
3232304,53.466796875
3326149,28.99169921875
3326168,28.80859375
3326196,27.099609375
3326222,34.3017578125
3326238,53.466796875
3326264,37.7197265625
3326280,35.400390625
3326297,234.0087890625
3326334,177.55126953125
3326361,103.45458984375
3326372,142.333984375
3326401,106.26220703125
3326423,76.72119140625
3326445,119.07958984375
3326461,36.19384765625
3326484,147.27783203125
3326548,26.2451171875
3326563,116.76025390625
3326606,116.5771484375
3326650,97.16796875
3326719,121.64306640625
3326775,114.2578125
3326909,115.234375
3326967,28.9306640625
3327042,112.85400390625
3327113,127.50244140625
3327226,132.99560546875
3327240,27.83203125
3327296,133.30078125
3327319,27.89306640625
3327356,108.58154296875
3327421,110.29052734375
3327503,39.4287109375
3327540,27.89306640625
3327569,112.79296875
3327579,31.25
3327630,93.017578125
3327658,29.6630859375
3327725,126.220703125
3327790,103.1494140625
3327838,25.5126953125
3327879,33.87451171875
3327942,115.78369140625
3328036,118.0419921875
3328126,99.2431640625
3328424,48.40087890625
3328574,44.49462890625
3375139,147.88818359375
3380552,125
3434660,28.13720703125
3434684,32.3486328125
3434713,32.5927734375
3434737,31.3720703125
3434751,29.72412109375
3434780,111.9384765625
3434792,36.865234375
3434823,144.1650390625
3434848,104.18701171875
3434873,138.916015625
3434910,160.82763671875
3434934,27.52685546875
3434979,167.78564453125
3435000,25.2685546875
3435037,129.39453125
3435087,99.91455078125
3435131,110.595703125
3435141,26.55029296875
3435197,125.18310546875
3435248,95.15380859375
3435416,104.43115234375
3435482,117.67578125
3435689,98.7548828125
3435766,140.380859375
3435876,129.94384765625
3435922,25.81787109375
3435938,113.76953125
3435975,25.2685546875
3435990,119.32373046875
3436029,25.20751953125
3436096,129.33349609375
3436170,26.67236328125
3436189,129.82177734375
3436213,27.03857421875
3436261,31.67724609375
3436274,116.51611328125
3436374,29.47998046875
3436445,117.0654296875
3436514,123.779296875
3436546,34.1796875
3436660,114.44091796875
3436749,113.46435546875
3436827,33.447265625
3470532,33.02001953125
3470575,30.70068359375
3470601,44.0673828125
3470627,32.65380859375
3470644,30.33447265625
3470672,148.62060546875
3470698,143.12744140625
3470710,29.60205078125
3470737,135.498046875
3470768,113.83056640625
3470786,41.3818359375
3470806,124.1455078125
3470840,104.00390625
3470880,170.0439453125
3470925,102.47802734375
3470937,31.06689453125
3470963,94.17724609375
3471013,108.09326171875
3471049,26.2451171875
3471069,91.064453125
3471122,119.93408203125
3471216,120.54443359375
3471276,104.91943359375
3471328,117.49267578125
3471411,106.3232421875
3471431,26.85546875
3471477,97.22900390625
3471527,101.74560546875
3471579,28.99169921875
3471606,114.68505859375
3471621,26.611328125
3471678,76.84326171875
3471696,27.7099609375
3471740,91.00341796875
3471758,30.6396484375
3471780,81.54296875
3471844,88.623046875
3471855,28.1982421875
3471908,100.5859375
3471930,25.634765625
3471948,28.25927734375
3472006,33.8134765625
3472019,41.9921875
3472062,28.74755859375
3472074,97.5341796875
3472161,119.32373046875
3472250,96.0693359375
3472351,102.11181640625
3472752,50.4150390625
3473012,65.61279296875
3536870,25.5126953125
3536899,26.4892578125
3536914,26.9775390625
3536943,30.57861328125
3536966,34.60693359375
3536980,28.3203125
3537002,34.36279296875
3537016,41.50390625
3537047,188.41552734375
3537061,41.8701171875
3537085,140.07568359375
3537115,206.9091796875
3537141,113.34228515625
3537178,128.7841796875
3537206,29.4189453125
3537219,114.1357421875
3537233,50.048828125
3537273,120.60546875
3537296,33.26416015625
3537313,114.2578125
3537356,117.00439453125
3537379,25.390625
3537449,132.4462890625
3537545,126.89208984375
3537624,112.4267578125
3537693,118.46923828125
3537753,25.81787109375
3537778,26.2451171875
3537851,98.44970703125
3537948,107.72705078125
3538017,106.75048828125
3538072,114.92919921875
3538101,28.74755859375
3538142,106.62841796875
3538188,101.07421875
3538241,77.57568359375
3538284,97.96142578125
3538332,95.03173828125
3538400,82.70263671875
3538461,117.00439453125
3538510,114.1357421875
3538593,97.22900390625
3538664,112.48779296875
3538808,104.248046875
3538927,25.87890625
3538997,100.64697265625
3539145,50.1708984375
3539251,96.13037109375
3539495,71.83837890625
3603532,140.380859375
3625986,146.1181640625
3704548,25.69580078125
3704566,28.38134765625
3704607,29.96826171875
3704631,27.2216796875
3704652,144.83642578125
3704665,28.38134765625
3704685,114.07470703125
3704701,130.0048828125
3704727,142.39501953125
3704751,92.041015625
3704769,30.21240234375
3704799,104.06494140625
3704827,112.3046875
3704861,138.24462890625
3704881,51.025390625
3704906,109.0087890625
3704947,44.86083984375
3704990,27.77099609375
3705005,26.123046875
3705026,130.4931640625
3705098,104.00390625
3705152,107.177734375
3705241,104.248046875
3705356,104.6142578125
3705454,109.0087890625
3705591,116.943359375
3705701,25.5126953125
3705770,25.146484375
3705817,93.44482421875
3705851,36.07177734375
3705955,27.099609375
3705972,85.3271484375
3705992,28.13720703125
3706040,105.89599609375
3706140,107.91015625
3706201,122.802734375
3706299,101.4404296875
3706399,89.599609375
3706577,43.9453125
3706729,26.4892578125
3706790,60.60791015625
3718024,27.40478515625
3718105,30.09033203125
3718134,25.45166015625
3718171,40.95458984375
3718184,29.84619140625
3718213,170.22705078125
3718230,32.65380859375
3718259,117.24853515625
3718283,130.615234375
3718315,127.01416015625
3718344,103.8818359375
3718373,80.810546875
3718404,117.431640625
3718434,108.58154296875
3718460,34.97314453125
3718506,91.064453125
3718516,25.634765625
3718544,81.84814453125
3718556,31.55517578125
3718595,122.1923828125
3718634,87.158203125
3718683,25.5126953125
3718693,114.07470703125
3718733,96.435546875
3718778,30.09033203125
3718841,102.84423828125
3718852,28.4423828125
3718889,97.0458984375
3718929,87.7685546875
3719007,27.2216796875
3719023,104.30908203125
3719044,25.20751953125
3719083,96.435546875
3719137,100.830078125
3719232,28.86962890625
3719283,108.88671875
3719332,108.3984375
3719396,25.57373046875
3719445,30.1513671875
3719484,102.9052734375
3719588,34.24072265625
3719652,26.06201171875
3719731,26.30615234375
3719758,25.634765625
3719813,119.68994140625
3720078,46.08154296875
3720312,48.76708984375
3720641,68.54248046875
3730333,26.18408203125
3730406,27.40478515625
3730442,31.06689453125
3730468,35.64453125
3730494,35.5224609375
3730525,126.953125
3730545,82.45849609375
3730559,161.92626953125
3730591,131.89697265625
3730620,118.34716796875
3730646,103.57666015625
3730676,116.5771484375
3730706,118.408203125
3730738,99.9755859375
3730766,89.41650390625
3730795,58.28857421875
3730828,79.16259765625
3730860,76.904296875
3730895,116.455078125
3730934,97.47314453125
3730979,96.19140625
3731016,86.9140625
3731034,25.81787109375
3731067,89.9658203125
3731106,124.8779296875
3731124,29.72412109375
3731168,27.89306640625
3731194,95.0927734375
3731230,108.33740234375
3731257,25.93994140625
3731280,91.552734375
3731293,30.33447265625
3731328,75.439453125
3731363,30.6396484375
3731415,86.48681640625
3731469,92.46826171875
3731496,41.50390625
3731524,98.20556640625
3731619,42.96875
3731646,29.60205078125
3731701,25.87890625
3731717,110.3515625
3731751,40.46630859375
3731921,33.50830078125
3732030,118.95751953125
3732164,47.4853515625
3732368,53.5888671875
3732688,58.89892578125
3866143,146.1181640625
3923208,26.42822265625
3923232,31.982421875
3923249,36.92626953125
3923281,39.1845703125
3923309,166.8701171875
3923335,124.51171875
3923346,137.39013671875
3923375,48.03466796875
3923398,195.37353515625
3923428,120.7275390625
3923459,79.833984375
3923472,31.55517578125
3923504,130.9814453125
3923525,39.61181640625
3923550,104.00390625
3923579,41.50390625
3923601,127.38037109375
3923639,102.4169921875
3923649,26.7333984375
3923699,87.890625
3923741,30.1513671875
3923754,133.60595703125
3923854,116.5771484375
3923986,111.38916015625
3924057,131.77490234375
3924103,27.83203125
3924181,131.9580078125
3924260,30.70068359375
3924273,141.9677734375
3924310,26.0009765625
3924349,120.66650390625
3924491,32.8369140625
3924552,119.32373046875
3924632,40.22216796875
3924723,106.201171875
3924762,50.35400390625
3924824,92.4072265625
3924927,37.65869140625
3924945,120.17822265625
3925172,57.43408203125
4050025,138.36669921875
4091167,25.2685546875
4091195,37.353515625
4091235,41.80908203125
4091276,154.60205078125
4091306,146.3623046875
4091334,126.28173828125
4091345,144.6533203125
4091391,149.71923828125
4091406,74.27978515625
4091439,137.8173828125
4091467,68.78662109375
4091493,97.59521484375
4091516,31.92138671875
4091534,158.26416015625
4091572,109.92431640625
4091599,40.34423828125
4091624,118.10302734375
4091670,41.93115234375
4091724,86.181640625
4091836,125.9765625
4091906,25.87890625
4091962,112.12158203125
4092074,120.42236328125
4092241,129.8828125
4092279,29.052734375
4092366,25.20751953125
4092392,121.88720703125
4092541,32.2265625
4092552,53.52783203125
4092575,28.9306640625
4092653,28.86962890625
4092767,38.51318359375
4092829,116.51611328125
4092913,45.10498046875
4092952,100.40283203125
4093044,33.447265625
4093417,67.81005859375
4188124,33.203125
4188141,30.45654296875
4188165,37.9638671875
4188184,35.58349609375
4188209,29.47998046875
4188237,143.1884765625
4188255,36.1328125
4188280,150.5126953125
4188306,112.12158203125
4188328,26.30615234375
4188339,120.60546875
4188351,87.158203125
4188375,93.3837890625
4188392,31.005859375
4188415,76.7822265625
4188433,120.9716796875
4188476,40.34423828125
4188497,135.31494140625
4188511,26.30615234375
4188542,39.00146484375
4188570,104.18701171875
4188618,27.34375
4188693,125
4188752,26.06201171875
4188787,134.21630859375
4188839,110.41259765625
4188917,25.20751953125
4188960,123.1689453125
4188995,25.146484375
4189009,28.6865234375
4189027,115.05126953125
4189077,125.8544921875
4189190,126.953125
4189232,26.42822265625
4189286,102.4169921875
4189340,31.73828125
4189366,122.00927734375
4189424,110.2294921875
4189480,30.82275390625
4189498,97.10693359375
4189514,28.80859375
4189603,47.18017578125
4189651,25.32958984375
4189670,107.11669921875
4189692,26.06201171875
4189735,29.72412109375
4189851,118.71337890625
4189883,25.5126953125
4189920,96.0693359375
4189973,27.52685546875
4190013,118.83544921875
4190067,25.93994140625
4190123,27.16064453125
4190402,51.45263671875
4355385,27.34375
4355407,27.7099609375
4355419,39.0625
4355447,42.54150390625
4355481,165.34423828125
4355492,29.11376953125
4355525,132.38525390625
4355555,34.85107421875
4355596,142.08984375
4355625,138.00048828125
4355657,172.66845703125
4355677,29.78515625
4355704,116.27197265625
4355716,40.771484375
4355752,130.126953125
4355787,32.16552734375
4355834,110.90087890625
4355942,130.43212890625
4356013,106.201171875
4356083,30.3955078125
4356100,119.93408203125
4356161,25.634765625
4356275,110.2294921875
4356474,119.5068359375
4356618,104.06494140625
4356717,51.57470703125
4356799,30.6396484375
4356822,124.0234375
4356835,36.0107421875
4356886,119.93408203125
4356968,40.52734375
4357026,93.75
4357120,51.57470703125
4357225,127.86865234375
4357259,42.724609375
4357446,46.32568359375
4357584,108.642578125
4446391,28.4423828125
4446408,38.4521484375
4446436,51.3916015625
4446468,27.2216796875
4446490,165.34423828125
4446507,42.96875
4446534,230.3466796875
4446552,35.0341796875
4446580,152.83203125
4446609,145.263671875
4446622,43.3349609375
4446649,113.70849609375
4446667,44.00634765625
4446683,93.68896484375
4446693,26.611328125
4446723,136.8408203125
4446743,26.67236328125
4446762,98.0224609375
4446809,103.759765625
4446873,26.611328125
4446907,134.94873046875
4446951,26.3671875
4446981,117.73681640625
4447018,25.390625
4447064,105.89599609375
4447183,129.638671875
4447427,134.58251953125
4447450,27.587890625
4447474,25.32958984375
4447511,115.1123046875
4447565,37.04833984375
4447585,119.9951171875
4447625,26.18408203125
4447657,26.4892578125
4447682,37.78076171875
4447718,124.69482421875
4447797,116.51611328125
4447840,26.42822265625
4447869,106.01806640625
4447990,127.99072265625
4448046,100.28076171875
4448058,26.18408203125
4448166,116.76025390625
4448290,25.2685546875
4448494,25.7568359375
4448685,25.32958984375
4448761,53.22265625
4458946,25.2685546875
4458985,27.587890625
4459005,26.67236328125
4459025,37.04833984375
4459058,41.19873046875
4459089,86.60888671875
4459114,151.2451171875
4459147,123.046875
4459173,101.74560546875
4459209,34.0576171875
4459226,127.5634765625
4459254,89.29443359375
4459264,25.7568359375
4459291,103.33251953125
4459322,105.77392578125
4459347,25.2685546875
4459365,104.8583984375
4459391,31.1279296875
4459412,85.02197265625
4459445,104.06494140625
4459455,38.2080078125
4459493,94.42138671875
4459541,87.7685546875
4459568,27.34375
4459606,28.25927734375
4459619,96.86279296875
4459673,26.79443359375
4459775,108.09326171875
4459808,28.80859375
4459825,102.11181640625
4459889,34.36279296875
4459918,25.87890625
4459985,111.9384765625
4460004,26.55029296875
4460019,35.70556640625
4460061,99.609375
4460125,95.52001953125
4460151,32.40966796875
4460242,113.95263671875
4460253,27.9541015625
4460290,105.224609375
4460405,102.35595703125
4460443,34.5458984375
4460563,98.6328125
4460573,25.69580078125
4460745,43.5791015625
4460996,57.67822265625
4461158,126.03759765625
4461260,63.8427734375
4461656,74.52392578125
4469234,29.23583984375
4469266,29.052734375
4469297,30.45654296875
4469327,31.494140625
4469340,176.45263671875
4469374,139.46533203125
4469386,45.59326171875
4469398,32.2265625
4469425,145.01953125
4469436,99.7314453125
4469461,116.0888671875
4469487,109.06982421875
4469516,107.84912109375
4469546,92.7734375
4469582,103.82080078125
4469599,53.28369140625
4469640,108.0322265625
4469673,109.19189453125
4469704,46.875
4469722,93.68896484375
4469758,99.91455078125
4469795,35.15625
4469853,95.947265625
4469919,33.14208984375
4469937,26.611328125
4469970,86.181640625
4469980,28.25927734375
4470006,27.4658203125
4470018,94.78759765625
4470100,104.18701171875
4470209,92.95654296875
4470238,35.7666015625
4470265,108.642578125
4470327,25.87890625
4470380,107.36083984375
4470392,30.029296875
4470464,96.74072265625
4470478,31.8603515625
4470540,43.64013671875
4470605,111.26708984375
4470693,53.89404296875
4470769,102.72216796875
4470917,55.35888671875
4471166,57.9833984375
4471474,66.58935546875
4495444,25.32958984375
4585030,155.57861328125
4696861,28.9306640625
4696884,28.80859375
4696914,45.83740234375
4696932,31.005859375
4696952,38.87939453125
4696968,39.00146484375
4696989,28.86962890625
4697006,41.6259765625
4697020,49.37744140625
4697042,157.5927734375
4697055,118.1640625
4697085,131.04248046875
4697112,128.0517578125
4697130,88.68408203125
4697194,169.189453125
4697248,123.1689453125
4697258,43.39599609375
4697287,112.9150390625
4697335,118.7744140625
4697375,25.32958984375
4697402,114.8681640625
4697423,27.7099609375
4697457,102.23388671875
4697564,97.22900390625
4697766,129.638671875
4697824,26.06201171875
4697859,97.2900390625
4697949,27.587890625
4697979,111.6943359375
4698062,27.9541015625
4698072,34.11865234375
4698118,120.30029296875
4698204,48.15673828125
4698326,111.75537109375
4698340,33.5693359375
4698482,28.9306640625
4698498,51.3916015625
4698649,41.259765625
4698686,129.2724609375
4698846,51.33056640625
4797940,144.775390625
