4798001,0
26701,106.3232421875
26739,388.5498046875
26771,111.328125
26796,319.091796875
26820,83.6181640625
26838,41.748046875
26855,245.42236328125
26875,113.95263671875
26905,141.05224609375
26935,58.7158203125
26956,70.556640625
27001,58.59375
27065,43.88427734375
27211,43.8232421875
27482,58.10546875
27576,45.0439453125
27665,42.1142578125
27770,44.00634765625
27889,44.0673828125
28004,65.91796875
28067,41.9921875
28143,67.87109375
28219,51.94091796875
28300,59.814453125
28378,55.908203125
28458,58.9599609375
28521,72.93701171875
28542,43.0908203125
28649,62.43896484375
28729,43.15185546875
28770,46.7529296875
28811,68.2373046875
28821,41.07666015625
28899,113.22021484375
28992,45.83740234375
29030,44.25048828125
29085,80.62744140625
29175,80.38330078125
29195,48.52294921875
29286,72.509765625
29298,42.54150390625
29393,87.70751953125
29417,63.04931640625
29567,137.0849609375
78527,112.60986328125
78552,318.84765625
78586,119.7509765625
78607,293.76220703125
78632,65.61279296875
78657,207.09228515625
78686,76.416015625
78704,122.00927734375
78821,80.56640625
78877,43.88427734375
78889,54.19921875
78958,43.27392578125
79033,53.28369140625
79258,54.13818359375
79351,41.3818359375
79451,44.86083984375
79561,43.51806640625
79658,42.05322265625
79675,60.11962890625
79894,50.59814453125
79950,51.94091796875
80040,48.095703125
80118,61.767578125
80179,56.33544921875
80198,73.8525390625
80278,53.64990234375
80325,61.5234375
80370,69.3359375
80448,57.373046875
80462,71.71630859375
80532,64.8193359375
80626,86.36474609375
80716,73.05908203125
80784,50.78125
80807,71.35009765625
80818,45.2880859375
80899,55.60302734375
80923,41.93115234375
81027,94.17724609375
81081,63.65966796875
81153,87.0361328125
81243,64.94140625
81296,152.77099609375
81462,141.17431640625
81475,79.58984375
132449,97.0458984375
132501,287.90283203125
132522,96.49658203125
132559,289.0625
132573,49.31640625
132604,181.82373046875
132626,97.5341796875
132650,135.31494140625
132684,67.7490234375
132701,56.884765625
132713,46.2646484375
132748,48.095703125
132769,42.05322265625
132823,48.40087890625
132895,41.748046875
132968,60.24169921875
133044,50.6591796875
133131,48.7060546875
133222,58.77685546875
133263,42.96875
133332,42.48046875
133479,41.68701171875
133518,57.373046875
133553,56.15234375
133617,43.64013671875
133690,46.08154296875
133744,49.37744140625
133838,48.33984375
133898,64.14794921875
133920,51.513671875
133995,49.98779296875
134011,57.18994140625
134079,55.35888671875
134123,48.095703125
134238,52.1240234375
134267,72.20458984375
134345,63.720703125
134434,51.08642578125
134452,69.15283203125
134520,69.82421875
134619,73.1201171875
134700,48.828125
134751,58.10546875
134789,68.7255859375
134889,79.89501953125
134943,60.48583984375
134988,66.40625
135080,51.08642578125
135102,101.318359375
135207,55.11474609375
135288,59.50927734375
135461,224.9755859375
183158,110.3515625
183207,409.423828125
183229,106.38427734375
183268,265.380859375
183317,196.47216796875
183334,47.119140625
183367,156.67724609375
183390,49.62158203125
183418,75.68359375
183451,42.1142578125
183495,74.5849609375
183522,68.05419921875
183596,42.3583984375
183672,44.921875
183748,71.77734375
183832,45.8984375
183912,55.5419921875
184001,45.71533203125
184098,42.6025390625
184201,55.17578125
184310,53.7109375
184416,45.654296875
184540,47.119140625
184655,63.65966796875
184714,42.78564453125
184818,58.9599609375
184880,58.349609375
184962,55.35888671875
184986,50.72021484375
185055,86.60888671875
185138,41.8701171875
185220,64.63623046875
185293,54.38232421875
185308,46.142578125
185411,42.05322265625
185493,57.7392578125
185509,82.6416015625
185613,73.54736328125
185678,54.13818359375
185718,115.53955078125
185845,99.54833984375
185871,66.0400390625
185963,96.74072265625
186053,52.55126953125
186098,106.93359375
186245,121.2158203125
256522,101.4404296875
256565,340.02685546875
256586,117.98095703125
256619,340.33203125
256629,140.19775390625
256649,41.32080078125
256664,47.7294921875
256693,74.64599609375
256716,164.4287109375
256729,45.71533203125
256750,115.78369140625
256774,46.56982421875
256958,49.62158203125
257040,55.5419921875
257118,41.50390625
257285,51.20849609375
257398,41.1376953125
257477,46.0205078125
257581,43.02978515625
257687,48.76708984375
257780,54.50439453125
257896,46.93603515625
257923,46.08154296875
258010,54.38232421875
258058,56.396484375
258084,52.91748046875
258164,47.42431640625
258185,65.24658203125
258251,70.3125
258339,53.64990234375
258356,70.00732421875
258411,62.6220703125
258479,52.24609375
258493,59.50927734375
258588,61.1572265625
258599,69.88525390625
258683,110.16845703125
258693,43.02978515625
258744,53.89404296875
258777,81.23779296875
258870,46.20361328125
258888,53.8330078125
258981,117.67578125
259061,45.0439453125
259090,133.60595703125
259202,90.2099609375
259344,51.45263671875
259384,162.841796875
317807,91.36962890625
317862,41.93115234375
317878,306.57958984375
317901,41.56494140625
317931,251.5869140625
317941,89.4775390625
317981,146.66748046875
318024,117.1875
318040,53.5888671875
318071,50.78125
318178,44.12841796875
318251,47.9736328125
318596,49.8046875
318628,42.3583984375
318686,46.9970703125
318782,51.025390625
318878,42.6025390625
318981,63.5986328125
319059,58.16650390625
319092,55.72509765625
319132,46.69189453125
319210,44.0673828125
319229,64.02587890625
319280,41.19873046875
319350,45.7763671875
319468,40.8935546875
319600,50.84228515625
319642,51.08642578125
319691,47.7294921875
319778,48.15673828125
319823,72.69287109375
319873,80.810546875
319970,116.51611328125
320057,83.740234375
320131,46.630859375
320166,79.1015625
320259,105.95703125
320298,54.931640625
320369,101.318359375
320511,112.3046875
320599,77.20947265625
320725,177.978515625
373154,103.69873046875
373193,395.69091796875
373212,108.642578125
373248,126.8310546875
373268,125.54931640625
373298,227.84423828125
373311,59.9365234375
373343,166.68701171875
373396,78.18603515625
373461,42.48046875
373524,62.68310546875
373596,76.66015625
373672,45.95947265625
373759,45.83740234375
373842,48.9501953125
373908,41.259765625
373924,46.08154296875
374007,55.419921875
374039,40.95458984375
374108,49.49951171875
374212,56.33544921875
374315,67.7490234375
374421,58.89892578125
374480,42.17529296875
374547,46.2646484375
374565,41.259765625
374650,58.53271484375
374673,55.35888671875
374727,43.51806640625
374812,69.9462890625
374889,83.740234375
374946,50.96435546875
374975,69.88525390625
375069,91.00341796875
375149,79.89501953125
375220,50.96435546875
375249,97.35107421875
375340,69.7021484375
375395,59.87548828125
375429,61.70654296875
375524,48.64501953125
375550,124.08447265625
375652,76.7822265625
375730,57.31201171875
375791,99.853515625
375906,113.4033203125
375954,53.3447265625
376067,143.98193359375
424112,105.89599609375
424180,92.34619140625
424191,161.56005859375
424241,88.92822265625
424253,276.91650390625
424300,212.46337890625
424351,121.76513671875
424404,63.720703125
424426,65.0634765625
424500,47.79052734375
424571,47.66845703125
424805,44.49462890625
424904,58.28857421875
424994,62.43896484375
425088,50.1708984375
425178,43.51806640625
425215,51.69677734375
425343,44.37255859375
425395,55.6640625
425416,66.71142578125
425497,59.5703125
425562,44.98291015625
425630,50.47607421875
425643,56.33544921875
425730,70.3125
425764,60.9130859375
425819,57.31201171875
425910,55.35888671875
425937,64.27001953125
425990,53.7109375
426075,59.9365234375
426102,60.05859375
426181,78.67431640625
426259,54.8095703125
426277,106.75048828125
426362,71.6552734375
426419,64.3310546875
426471,93.26171875
426565,59.2041015625
426607,65.7958984375
426660,78.0029296875
426739,48.2177734375
426795,122.37548828125
426902,92.71240234375
426965,63.8427734375
427026,106.93359375
480500,102.1728515625
480570,301.6357421875
480630,265.5029296875
480641,63.17138671875
480668,41.19873046875
480684,241.455078125
480705,45.41015625
480736,166.56494140625
480755,45.41015625
480782,53.1005859375
480823,41.015625
480833,43.76220703125
480855,42.96875
480889,51.81884765625
481043,60.546875
481122,45.8984375
481206,47.18017578125
481236,45.95947265625
481344,41.07666015625
481379,60.11962890625
481427,42.41943359375
481482,42.29736328125
481566,41.259765625
481690,52.001953125
481706,46.81396484375
481793,56.21337890625
481824,58.349609375
481856,44.86083984375
482016,67.5048828125
482080,51.94091796875
482095,57.861328125
482179,44.677734375
482216,49.31640625
482257,41.56494140625
482346,58.59375
482357,70.12939453125
482435,61.58447265625
482478,54.3212890625
482516,49.62158203125
482533,44.73876953125
482614,65.185546875
482700,59.9365234375
482775,41.44287109375
482790,44.7998046875
482875,70.068359375
482954,54.3212890625
482980,97.0458984375
483106,156.1279296875
483117,71.83837890625
483216,98.93798828125
483310,58.2275390625
483345,103.6376953125
483356,41.93115234375
483547,154.47998046875
519462,375.67138671875
525655,101.50146484375
525700,488.95263671875
525760,262.939453125
525780,102.294921875
525808,172.9736328125
525834,87.890625
525859,118.65234375
525870,41.07666015625
525897,75.68359375
525920,47.8515625
526041,40.71044921875
526273,50.47607421875
526355,48.583984375
526443,41.07666015625
526484,44.0673828125
526634,47.607421875
526742,54.38232421875
526846,44.3115234375
526987,61.8896484375
527058,46.7529296875
527110,53.77197265625
527214,42.8466796875
527245,43.39599609375
527296,42.1142578125
527391,50.96435546875
527431,63.5986328125
527472,66.40625
527566,43.3349609375
527609,77.1484375
527658,79.04052734375
527730,53.64990234375
527744,68.115234375
527832,53.8330078125
527851,54.01611328125
527932,47.607421875
528024,74.8291015625
528059,68.05419921875
528121,60.9130859375
528210,53.03955078125
528258,60.1806640625
528331,118.408203125
528454,109.06982421875
528595,54.8095703125
528626,154.11376953125
573692,97.900390625
573730,369.44580078125
573765,81.54296875
573795,297.2412109375
573820,132.38525390625
573842,203.2470703125
573856,70.556640625
573891,130.37109375
573905,41.07666015625
574008,51.20849609375
574079,72.1435546875
574153,65.3076171875
574226,44.73876953125
574490,42.05322265625
574592,43.0908203125
574698,53.52783203125
574806,42.90771484375
574899,42.3583984375
574928,49.6826171875
575037,41.6259765625
575169,57.373046875
575208,46.7529296875
575294,57.43408203125
575333,63.04931640625
575376,52.30712890625
575457,60.36376953125
575470,67.138671875
575633,45.41015625
575671,42.48046875
575725,58.53271484375
575772,46.142578125
575813,77.63671875
575903,57.6171875
575937,51.1474609375
576004,54.3212890625
576076,45.22705078125
576096,75.0732421875
576133,55.48095703125
576198,84.04541015625
576310,76.84326171875
576323,83.31298828125
576424,61.1572265625
576572,58.837890625
576789,211.36474609375
635657,104.98046875
635720,328.91845703125
635731,65.3076171875
635777,258.11767578125
635790,52.18505859375
635825,224.06005859375
635875,149.84130859375
635899,55.11474609375
635925,57.92236328125
635968,74.951171875
635992,41.1376953125
636049,67.19970703125
636114,54.99267578125
636126,57.2509765625
636202,48.03466796875
636280,43.45703125
636372,44.37255859375
636458,45.71533203125
636541,41.93115234375
636645,44.73876953125
636915,41.07666015625
636949,46.69189453125
637000,61.82861328125
637075,63.04931640625
637144,46.56982421875
637213,44.98291015625
637301,55.11474609375
637320,46.20361328125
637382,46.38671875
637445,54.38232421875
637469,49.01123046875
637558,61.279296875
637634,49.62158203125
637644,77.33154296875
637723,45.10498046875
637796,42.29736328125
637819,74.52392578125
637830,53.7109375
637921,91.796875
637987,54.87060546875
638022,92.4072265625
638116,66.7724609375
638185,60.05859375
638219,79.40673828125
638231,46.32568359375
638321,74.21875
638444,114.990234375
638476,61.70654296875
638595,144.04296875
680869,97.22900390625
680929,421.20361328125
680956,122.314453125
680966,45.654296875
680996,279.78515625
681015,111.26708984375
681039,210.9375
681069,94.482421875
681089,129.638671875
681141,117.12646484375
681201,60.36376953125
681273,76.5380859375
681348,62.8662109375
681401,41.748046875
681516,54.87060546875
681596,47.42431640625
681678,41.1376953125
681773,49.31640625
681875,48.15673828125
681971,56.7626953125
682023,58.2275390625
682317,49.01123046875
682369,66.162109375
682395,44.43359375
682497,55.84716796875
682560,47.4853515625
682651,86.669921875
682743,66.10107421875
682815,51.3916015625
682826,95.703125
682961,47.9736328125
682994,80.6884765625
683102,49.072265625
683122,56.884765625
683208,87.34130859375
683219,47.05810546875
683292,49.86572265625
683302,70.49560546875
683419,90.8203125
683541,42.78564453125
683551,42.66357421875
683691,156.92138671875
683737,62.6220703125
683824,94.42138671875
683993,61.58447265625
745496,117.00439453125
745545,411.07177734375
745575,115.478515625
745602,258.11767578125
745612,133.30078125
745629,61.34033203125
745651,212.158203125
745697,167.78564453125
745722,59.814453125
745737,47.607421875
745753,44.00634765625
745790,44.677734375
745815,51.69677734375
745870,51.08642578125
745887,40.6494140625
745907,48.2177734375
745949,41.9921875
746041,46.93603515625
746121,46.142578125
746218,49.74365234375
746252,54.26025390625
746293,42.236328125
746387,61.6455078125
746526,59.87548828125
746603,56.396484375
746715,53.955078125
746742,41.32080078125
746822,53.52783203125
746844,55.84716796875
746896,55.48095703125
746937,52.1240234375
746973,67.5048828125
747048,52.734375
747066,63.41552734375
747130,49.1943359375
747219,91.4306640625
747297,71.71630859375
747333,54.5654296875
747386,79.28466796875
747473,57.18994140625
747485,67.626953125
747562,45.95947265625
747655,74.03564453125
747748,81.35986328125
747834,41.68701171875
747858,122.98583984375
747967,73.30322265625
748044,62.5
748068,104.98046875
748184,94.05517578125
748280,61.6455078125
748526,202.1484375
797569,91.85791015625
797608,44.25048828125
797624,412.59765625
797652,102.35595703125
797678,309.5703125
797711,121.15478515625
797724,200.0732421875
797737,41.259765625
797771,64.5751953125
797782,45.47119140625
797832,79.7119140625
797897,62.68310546875
797967,47.119140625
798124,41.93115234375
798284,60.97412109375
798484,49.01123046875
798629,48.9501953125
798692,52.67333984375
798761,41.1376953125
798788,44.5556640625
798902,44.189453125
798923,42.66357421875
798987,41.50390625
799033,66.46728515625
799060,54.99267578125
799151,60.11962890625
799228,40.83251953125
799279,55.2978515625
799413,101.37939453125
799500,84.65576171875
799559,46.81396484375
799586,74.21875
799679,76.7822265625
799718,52.42919921875
799780,107.0556640625
799883,98.0224609375
799906,47.607421875
799981,72.57080078125
800045,43.02978515625
800103,161.7431640625
800230,70.73974609375
800286,50.1708984375
800396,157.958984375
800590,63.41552734375
849263,92.4072265625
849325,333.6181640625
849344,54.13818359375
849381,326.11083984375
849415,54.50439453125
849431,230.8349609375
849452,84.41162109375
849483,159.97314453125
849500,43.39599609375
849514,44.43359375
849535,84.89990234375
849592,90.02685546875
849603,48.52294921875
849649,50.10986328125
849725,55.7861328125
849789,45.83740234375
849803,42.6025390625
849821,51.81884765625
849885,43.39599609375
849926,46.32568359375
850133,49.560546875
850236,40.95458984375
850340,50.9033203125
850447,47.66845703125
850536,51.20849609375
850574,57.861328125
850628,47.9736328125
850686,62.43896484375
850712,47.05810546875
850778,46.9970703125
850803,43.02978515625
850860,58.9599609375
850954,48.2177734375
851019,46.7529296875
851111,109.130859375
851198,74.951171875
851281,58.2275390625
851338,71.47216796875
851376,78.369140625
851388,42.78564453125
851454,48.03466796875
851473,97.16796875
851571,76.47705078125
851592,45.166015625
851671,53.52783203125
851770,74.76806640625
851854,54.931640625
851881,105.46875
852058,62.68310546875
852101,174.49951171875
852249,126.0986328125
903706,114.19677734375
903732,43.02978515625
903773,398.74267578125
903829,46.93603515625
903841,86.24267578125
903882,208.251953125
903931,155.21240234375
903954,63.3544921875
903979,61.767578125
904018,48.52294921875
904045,61.95068359375
904171,56.21337890625
904248,46.81396484375
904492,55.2978515625
904588,41.9921875
904786,51.1474609375
904901,59.38720703125
904987,41.9921875
905006,61.34033203125
905074,49.37744140625
905109,45.166015625
905147,46.142578125
905213,47.91259765625
905256,59.2041015625
905381,46.32568359375
905418,52.24609375
905542,62.5
905560,68.66455078125
905622,41.1376953125
905685,60.60791015625
905717,55.17578125
905810,44.7998046875
905850,57.9833984375
905920,62.56103515625
906010,41.3818359375
906034,68.84765625
906103,41.015625
906211,75.25634765625
906224,41.3818359375
906331,122.98583984375
906410,69.580078125
906445,90.39306640625
906718,56.884765625
968628,44.00634765625
968642,103.69873046875
968699,382.8125
968710,82.58056640625
968757,364.3798828125
968769,75.68359375
968806,242.919921875
968822,101.37939453125
968850,107.11669921875
968881,70.49560546875
969013,41.6259765625
969095,47.607421875
969167,46.875
969249,43.88427734375
969332,51.6357421875
969428,42.54150390625
969463,50.96435546875
969620,53.89404296875
969667,43.0908203125
969800,42.78564453125
969819,43.3349609375
969915,54.99267578125
969944,50.96435546875
970025,62.8662109375
970044,43.9453125
970100,54.50439453125
970176,44.921875
970188,44.921875
970256,55.35888671875
970329,54.99267578125
970353,74.03564453125
970367,43.15185546875
970431,56.15234375
970455,80.38330078125
970526,59.50927734375
970583,47.42431640625
970618,69.9462890625
970714,48.583984375
970724,43.64013671875
970810,55.7861328125
970855,62.01171875
970901,71.1669921875
970998,70.6787109375
971087,67.9931640625
971103,74.0966796875
971196,91.12548828125
971326,104.6142578125
971338,70.1904296875
971454,118.65234375
1020786,91.85791015625
1020825,43.701171875
1020853,84.9609375
1020871,62.31689453125
1020905,96.6796875
1020920,314.3310546875
1020968,159.423828125
1020978,44.43359375
1021016,120.66650390625
1021026,55.48095703125
1021064,59.814453125
1021096,50.10986328125
1021136,47.4853515625
1021174,49.072265625
1021241,50.59814453125
1021315,45.47119140625
1021397,42.66357421875
1021566,44.189453125
1021706,41.8701171875
1021839,42.90771484375
1021917,66.58935546875
1021988,41.9921875
1022054,50.6591796875
1022132,40.95458984375
1022145,54.931640625
1022209,43.5791015625
1022262,53.28369140625
1022362,44.3115234375
1022395,42.41943359375
1022527,45.5322265625
1022615,44.921875
1022663,52.42919921875
1022693,52.001953125
1022777,43.39599609375
1022826,64.453125
1022859,40.6494140625
1022949,75.927734375
1022982,51.57470703125
1023037,56.7626953125
1023137,104.1259765625
1023227,42.17529296875
1023318,60.11962890625
1023425,57.80029296875
1023440,87.95166015625
1023623,186.6455078125
1098181,108.82568359375
1098241,362.60986328125
1098296,82.82470703125
1098308,148.37646484375
1098345,194.76318359375
1098364,42.724609375
1098391,135.31494140625
1098401,57.373046875
1098439,65.36865234375
1098475,47.2412109375
1098538,54.87060546875
1098686,54.19921875
1098810,43.76220703125
1098848,44.61669921875
1099205,44.86083984375
1099275,46.20361328125
1099537,42.17529296875
1099567,42.6025390625
1099645,44.98291015625
1099718,46.2646484375
1099756,57.6171875
1099791,49.4384765625
1099877,57.2509765625
1100016,60.6689453125
1100040,47.91259765625
1100118,44.37255859375
1100199,53.8330078125
1100213,52.55126953125
1100309,80.2001953125
1100389,64.453125
1100503,86.3037109375
1100585,56.15234375
1100598,88.19580078125
1100683,53.03955078125
1100799,68.7255859375
1100814,115.05126953125
1100971,173.27880859375
1140047,389.83154296875
1140235,282.28759765625
1140246,65.36865234375
1140320,256.77490234375
1140417,245.66650390625
1140447,54.6875
1141052,89.90478515625
1141064,99.79248046875
1141109,204.345703125
1141126,44.0673828125
1141155,86.36474609375
1141165,81.97021484375
1141222,74.70703125
1141243,45.41015625
1141285,48.2177734375
1141318,44.7998046875
1141358,70.25146484375
1141430,47.119140625
1141501,41.3818359375
1141565,42.41943359375
1142022,41.32080078125
1142131,46.142578125
1142335,45.59326171875
1142362,40.71044921875
1142447,54.443359375
1142565,52.91748046875
1142716,53.5888671875
1142843,48.9501953125
1142870,42.724609375
1142965,44.677734375
1143029,57.9833984375
1143053,53.8330078125
1143147,43.0908203125
1143170,61.4013671875
1143237,53.1005859375
1143332,42.29736328125
1143427,56.45751953125
1143517,55.5419921875
1143647,69.39697265625
1143698,56.7626953125
1143767,50.47607421875
1143884,81.60400390625
1143895,73.18115234375
1192300,108.45947265625
1192378,103.94287109375
1192392,185.97412109375
1192438,323.05908203125
1192448,72.1435546875
1192486,244.62890625
1192508,88.2568359375
1192531,120.361328125
1192566,87.7685546875
1192589,42.3583984375
1192703,57.31201171875
1192776,45.8984375
1192855,43.45703125
1192935,45.5322265625
1193016,40.6494140625
1193184,41.80908203125
1193203,44.921875
1193415,44.37255859375
1193535,72.93701171875
1193605,41.50390625
1193640,45.95947265625
1193687,42.05322265625
1193766,62.1337890625
1193784,55.5419921875
1193850,85.87646484375
1193924,75.01220703125
1194007,65.49072265625
1194073,44.0673828125
1194161,53.5888671875
1194226,55.11474609375
1194341,45.34912109375
1194367,51.20849609375
1194422,63.04931640625
1194497,52.91748046875
1194507,57.80029296875
1194594,50.537109375
1194639,55.35888671875
1194700,57.31201171875
1194794,67.32177734375
1194894,52.42919921875
1194975,54.6875
1194999,93.505859375
1195183,149.4140625
1195208,70.73974609375
1247238,95.21484375
1247306,104.3701171875
1247333,337.70751953125
1247367,74.03564453125
1247383,302.734375
1247424,61.03515625
1247442,55.5419921875
1247473,88.0126953125
1247488,53.7109375
1247522,60.6689453125
1247556,52.490234375
1247708,41.07666015625
1247783,45.10498046875
1247843,53.16162109375
1247869,47.30224609375
1248031,53.466796875
1248142,50.23193359375
1248168,44.921875
1248246,42.78564453125
1248345,42.54150390625
1248382,50.9033203125
1248455,49.37744140625
1248528,53.1005859375
1248541,51.45263671875
1248602,47.30224609375
1248667,44.73876953125
1248677,46.81396484375
1248797,54.13818359375
1248820,43.0908203125
1248953,54.5654296875
1248988,41.32080078125
1249080,49.6826171875
1249164,56.15234375
1249231,53.89404296875
1249254,43.02978515625
1249346,72.8759765625
1249444,47.30224609375
1249454,46.38671875
1249531,49.98779296875
1249542,79.28466796875
1249641,69.4580078125
1249659,44.7998046875
1249732,53.3447265625
1249843,47.8515625
1249956,89.111328125
1250012,59.87548828125
1250071,91.61376953125
1250230,139.6484375
1297400,102.11181640625
1297423,47.36328125
1297465,93.07861328125
1297477,173.583984375
1297537,324.462890625
1297548,89.17236328125
1297586,188.720703125
1297598,40.6494140625
1297636,130.67626953125
1297650,47.30224609375
1297691,72.81494140625
1297718,49.072265625
1297753,57.06787109375
1297854,42.78564453125
1297925,45.2880859375
1297999,62.68310546875
1298077,50.29296875
1298269,51.45263671875
1298358,42.3583984375
1298426,50.72021484375
1298470,42.1142578125
1298578,73.30322265625
1298665,58.10546875
1298725,52.55126953125
1298779,48.76708984375
1298882,67.07763671875
1298949,62.3779296875
1299029,81.84814453125
1299113,73.8525390625
1299168,51.8798828125
1299199,76.96533203125
1299285,62.98828125
1299317,67.7490234375
1299377,97.96142578125
1299461,60.05859375
1299476,41.6259765625
1299554,44.677734375
1299622,53.1005859375
1299653,76.11083984375
1299750,82.70263671875
1299819,63.720703125
1299847,68.78662109375
1299972,116.14990234375
1300064,46.0205078125
1300084,98.7548828125
1300204,94.90966796875
1300235,70.1904296875
1300315,100.2197265625
1300326,48.40087890625
1300536,47.91259765625
1362185,112.73193359375
1362241,407.77587890625
1362257,103.759765625
1362279,55.17578125
1362296,344.482421875
1362344,220.88623046875
1362364,93.994140625
1362392,128.23486328125
1362428,69.2138671875
1362441,73.3642578125
1362492,76.59912109375
1362540,49.13330078125
1362618,49.13330078125
1362714,56.70166015625
1362794,41.68701171875
1362875,42.29736328125
1362938,42.6025390625
1362958,45.71533203125
1363252,43.15185546875
1363353,43.88427734375
1363453,66.58935546875
1363518,42.66357421875
1363568,42.48046875
1363594,45.47119140625
1363679,41.44287109375
1363689,75.86669921875
1363762,63.17138671875
1363773,43.701171875
1363839,90.27099609375
1363911,42.41943359375
1363987,61.95068359375
1364002,61.46240234375
1364092,49.9267578125
1364157,59.2041015625
1364180,59.814453125
1364259,44.61669921875
1364286,49.9267578125
1364344,44.86083984375
1364448,58.53271484375
1364544,81.35986328125
1364591,48.27880859375
1364647,78.369140625
1364770,142.51708984375
1364870,78.43017578125
1365018,109.06982421875
1365044,47.8515625
1422353,102.9052734375
1422376,46.38671875
1422399,398.86474609375
1422422,92.10205078125
1422457,285.400390625
1422482,123.53515625
1422511,265.80810546875
1422540,93.1396484375
1422557,123.96240234375
1422603,79.28466796875
1422615,47.30224609375
1422659,45.34912109375
1422822,48.095703125
1422893,46.38671875
1423053,46.20361328125
1423122,47.05810546875
1423135,42.90771484375
1423237,41.9921875
1423330,59.4482421875
1423419,43.9453125
1423654,51.025390625
1423687,47.66845703125
1423763,40.8935546875
1423793,50.537109375
1423842,55.84716796875
1423919,59.50927734375
1423998,44.677734375
1424017,56.82373046875
1424077,42.54150390625
1424153,49.62158203125
1424164,50.35400390625
1424237,43.51806640625
1424313,44.12841796875
1424326,60.546875
1424404,48.40087890625
1424485,62.31689453125
1424497,69.2138671875
1424597,70.068359375
1424608,42.66357421875
1424656,62.92724609375
1424693,60.302734375
1424793,66.34521484375
1424862,53.64990234375
1424901,81.54296875
1424971,46.56982421875
1425026,96.00830078125
1425151,109.619140625
1425199,64.75830078125
1425286,78.06396484375
1472550,106.62841796875
1472575,286.865234375
1472613,84.41162109375
1472641,338.134765625
1472670,59.75341796875
1472689,217.6513671875
1472701,65.185546875
1472737,167.96875
1472763,59.75341796875
1472790,57.12890625
1472845,58.16650390625
1472856,59.9365234375
1472911,41.6259765625
1473000,47.7294921875
1473067,46.20361328125
1473145,53.955078125
1473167,42.1142578125
1473233,52.734375
1473405,42.3583984375
1473604,49.9267578125
1473731,66.0400390625
1473813,49.072265625
1473888,44.5556640625
1473942,47.36328125
1474026,44.25048828125
1474081,65.185546875
1474113,53.03955078125
1474202,48.2177734375
1474215,41.19873046875
1474288,54.26025390625
1474363,43.88427734375
1474378,73.8525390625
1474475,47.607421875
1474490,62.19482421875
1474565,72.69287109375
1474632,51.20849609375
1474668,96.61865234375
1474763,68.17626953125
1474775,67.0166015625
1474853,60.36376953125
1474927,47.30224609375
1474946,70.12939453125
1475059,73.974609375
1475112,70.98388671875
1475179,123.1689453125
1475271,44.5556640625
1475287,44.677734375
1475395,99.4873046875
1524557,109.86328125
1524596,319.580078125
1524620,105.65185546875
1524650,342.71240234375
1524674,98.388671875
1524696,219.482421875
1524721,58.53271484375
1524745,179.74853515625
1524794,72.44873046875
1524855,43.51806640625
1524867,50.96435546875
1524941,50.59814453125
1525015,42.90771484375
1525096,54.8095703125
1525128,41.80908203125
1525177,44.921875
1525258,59.75341796875
1525343,49.9267578125
1525382,40.83251953125
1525435,52.30712890625
1525530,58.89892578125
1525625,41.259765625
1525727,56.7626953125
1525827,40.95458984375
1525868,55.35888671875
1525955,59.14306640625
1526018,46.5087890625
1526087,54.931640625
1526098,51.3916015625
1526181,70.12939453125
1526221,55.6640625
1526253,44.49462890625
1526341,71.83837890625
1526421,46.69189453125
1526506,61.5234375
1526519,56.33544921875
1526608,84.53369140625
1526626,49.01123046875
1526690,64.51416015625
1526880,58.77685546875
1526922,43.51806640625
1526976,86.24267578125
1527067,55.96923828125
1527082,73.73046875
1527290,83.43505859375
1527301,51.025390625
1527408,87.158203125
1527525,51.1474609375
1527576,149.47509765625
1579163,108.154296875
1579191,419.189453125
1579221,90.2099609375
1579249,322.57080078125
1579275,80.74951171875
1579299,261.77978515625
1579328,103.45458984375
1579348,139.58740234375
1579390,51.45263671875
1579410,42.96875
1579466,56.2744140625
1579534,56.5185546875
1579610,43.5791015625
1579662,57.55615234375
1579690,44.86083984375
1579857,48.33984375
1579934,42.6025390625
1580020,44.921875
1580109,43.9453125
1580305,41.80908203125
1580337,51.69677734375
1580454,64.0869140625
1580525,41.80908203125
1580535,47.8515625
1580566,42.66357421875
1580613,47.30224609375
1580689,56.09130859375
1580775,62.31689453125
1580861,41.9921875
1580896,47.79052734375
1580927,52.91748046875
1581014,47.42431640625
1581027,60.85205078125
1581091,46.93603515625
1581150,56.82373046875
1581181,49.86572265625
1581267,60.24169921875
1581301,59.99755859375
1581369,81.298828125
1581384,48.095703125
1581467,72.57080078125
1581500,67.2607421875
1581566,79.65087890625
1581578,43.64013671875
1581651,49.98779296875
1581705,55.60302734375
1581761,75.927734375
1581883,112.6708984375
1581962,61.03515625
1582022,159.3017578125
1636064,113.83056640625
1636077,48.88916015625
1636130,260.31494140625
1636182,44.677734375
1636197,62.5
1636241,228.82080078125
1636267,43.8232421875
1636287,141.6015625
1636313,57.80029296875
1636339,86.24267578125
1636379,47.30224609375
1636403,62.5
1636526,74.8291015625
1636593,41.80908203125
1636606,44.12841796875
1636629,40.71044921875
1636661,52.490234375
1636688,43.51806640625
1636713,43.27392578125
1636862,44.0673828125
1636916,45.34912109375
1636948,44.5556640625
1637050,52.734375
1637110,43.51806640625
1637258,45.2880859375
1637285,41.93115234375
1637378,73.05908203125
1637423,42.3583984375
1637483,55.48095703125
1637603,63.1103515625
1637671,44.61669921875
1637720,45.71533203125
1637862,44.86083984375
1637910,45.95947265625
1637996,45.10498046875
1638081,58.89892578125
1638168,50.23193359375
1638192,54.13818359375
1638259,55.419921875
1638332,47.4853515625
1638357,102.4169921875
1638455,95.21484375
1638474,59.5703125
1638544,47.18017578125
1638627,44.3115234375
1638656,108.642578125
1638780,135.68115234375
1638860,65.73486328125
1638880,94.17724609375
1639018,99.67041015625
1695924,94.42138671875
1695991,326.171875
1696024,47.4853515625
1696048,290.71044921875
1696060,64.14794921875
1696092,177.06298828125
1696114,61.5234375
1696143,154.23583984375
1696172,57.31201171875
1696194,87.2802734375
1696238,73.54736328125
1696296,55.0537109375
1696317,55.72509765625
1696372,43.88427734375
1696385,46.875
1696456,47.42431640625
1696503,50.29296875
1696540,46.5087890625
1696571,49.13330078125
1696622,44.61669921875
1696709,56.7626953125
1696793,52.8564453125
1696894,49.98779296875
1697080,69.15283203125
1697211,41.19873046875
1697287,40.83251953125
1697336,45.71533203125
1697363,42.29736328125
1697438,40.83251953125
1697573,47.4853515625
1697604,51.08642578125
1697709,83.92333984375
1697790,69.82421875
1697871,87.82958984375
1697955,76.7822265625
1698042,49.8046875
1698052,76.0498046875
1698128,55.23681640625
1698141,45.34912109375
1698168,49.37744140625
1698220,73.8525390625
1698305,46.69189453125
1698342,57.43408203125
1698408,81.48193359375
1698496,43.5791015625
1698517,100.5859375
1698623,77.57568359375
1698758,102.60009765625
1698822,62.5
1698879,85.9375
1744496,110.83984375
1744573,95.76416015625
1744593,352.47802734375
1744627,80.50537109375
1744649,328.125
1744660,87.40234375
1744688,69.51904296875
1744702,278.80859375
1744713,59.5703125
1744749,117.67578125
1744797,58.349609375
1744970,41.32080078125
1745044,45.41015625
1745127,40.6494140625
1745379,43.02978515625
1745481,42.78564453125
1745578,51.3916015625
1745678,41.3818359375
1745794,60.11962890625
1745917,53.77197265625
1745988,40.771484375
1746031,46.2646484375
1746058,52.18505859375
1746134,46.7529296875
1746170,46.08154296875
1746214,41.56494140625
1746283,40.71044921875
1746297,54.38232421875
1746429,53.89404296875
1746454,42.17529296875
1746580,50.78125
1746632,58.28857421875
1746662,41.93115234375
1746706,45.22705078125
1746719,66.22314453125
1746821,84.8388671875
1746855,49.37744140625
1746925,90.39306640625
1747029,69.64111328125
1747131,56.82373046875
1747141,53.77197265625
1747169,59.02099609375
1747273,119.9951171875
1747351,56.0302734375
1747423,142.7001953125
1747552,109.80224609375
1795627,103.1494140625
1795712,44.00634765625
1795727,61.5234375
1795768,240.478515625
1795781,72.8759765625
1795826,197.32666015625
1795839,49.62158203125
1795871,112.1826171875
1795920,61.5234375
1795959,57.43408203125
1795993,55.0537109375
1796028,57.06787109375
1796102,48.4619140625
1796179,41.80908203125
1796251,45.2880859375
1796553,42.236328125
1796613,40.8935546875
1796710,49.98779296875
1796769,41.19873046875
1796843,45.166015625
1796918,45.95947265625
1796971,45.41015625
1797115,54.01611328125
1797145,40.6494140625
1797221,45.41015625
1797316,70.3125
1797330,74.52392578125
1797393,54.50439453125
1797450,42.48046875
1797473,58.2275390625
1797553,65.36865234375
1797604,52.30712890625
1797641,43.212890625
1797728,60.1806640625
1797822,82.94677734375
1797874,46.08154296875
1797917,60.6689453125
1798012,68.29833984375
1798045,41.93115234375
1798107,66.95556640625
1798205,84.1064453125
1798216,42.29736328125
1798300,68.4814453125
1798388,52.001953125
1798430,83.55712890625
1798620,57.4951171875
1798703,187.5
1851437,103.69873046875
1851490,344.90966796875
1851505,57.4951171875
1851549,296.81396484375
1851562,61.03515625
1851599,206.1767578125
1851618,56.94580078125
1851650,132.26318359375
1851679,45.41015625
1851701,67.9931640625
1851714,50.47607421875
1851742,80.6884765625
1851815,56.0302734375
1851924,43.0908203125
1851960,45.34912109375
1852035,64.453125
1852096,42.66357421875
1852162,41.748046875
1852201,47.607421875
1852353,41.1376953125
1852387,50.29296875
1852487,43.76220703125
1852671,49.01123046875
1852804,64.27001953125
1852842,45.166015625
1852943,74.15771484375
1852996,51.81884765625
1853081,42.54150390625
1853170,40.771484375
1853204,41.50390625
1853247,40.95458984375
1853322,48.27880859375
1853350,46.0205078125
1853422,52.42919921875
1853492,55.7861328125
1853508,56.94580078125
1853610,62.07275390625
1853670,51.513671875
1853707,57.0068359375
1853791,62.56103515625
1853808,48.76708984375
1853905,94.1162109375
1853992,52.30712890625
1854010,78.18603515625
1854107,89.41650390625
1854137,45.71533203125
1854196,82.51953125
1854291,52.55126953125
1854326,117.24853515625
1909666,97.5341796875
1909726,359.92431640625
1909790,216.49169921875
1909836,216.00341796875
1909868,46.56982421875
1909884,122.61962890625
1909909,60.4248046875
1909932,43.64013671875
1909977,53.89404296875
1910039,41.80908203125
1910124,41.56494140625
1910642,40.6494140625
1910740,44.43359375
1910838,51.45263671875
1910881,49.6826171875
1910941,43.39599609375
1910965,45.7763671875
1911052,66.2841796875
1911117,42.48046875
1911161,59.38720703125
1911198,58.2275390625
1911268,51.08642578125
1911291,49.4384765625
1911344,56.21337890625
1911401,48.2177734375
1911425,45.166015625
1911509,54.0771484375
1911534,51.025390625
1911591,40.8935546875
1911680,60.60791015625
1911771,80.13916015625
1911798,41.32080078125
1911855,56.57958984375
1911937,43.701171875
1912025,66.71142578125
1912092,52.001953125
1912124,70.12939453125
1912252,134.1552734375
1912417,179.62646484375
1912459,51.26953125
1912533,74.03564453125
1912753,69.76318359375
1966011,97.10693359375
1966046,408.75244140625
1966070,117.919921875
1966089,44.61669921875
1966107,324.89013671875
1966136,117.431640625
1966157,235.7177734375
1966168,75.74462890625
1966191,56.5185546875
1966211,169.98291015625
1966251,58.77685546875
1966261,79.77294921875
1966303,47.18017578125
1966330,49.98779296875
1966364,45.7763671875
1966394,57.31201171875
1966449,50.59814453125
1966468,41.07666015625
1966589,44.86083984375
1966621,56.2744140625
1966884,50.59814453125
1966980,44.3115234375
1967054,43.51806640625
1967068,44.25048828125
1967170,55.72509765625
1967278,43.15185546875
1967409,51.513671875
1967537,52.978515625
1967566,67.0166015625
1967671,41.259765625
1967842,55.7861328125
1967877,41.259765625
1968034,59.814453125
1968143,45.166015625
1968212,54.38232421875
1968297,46.93603515625
1968397,91.4306640625
1968463,52.91748046875
1968495,91.064453125
1968593,60.85205078125
1968649,49.560546875
1968723,89.66064453125
1968821,59.99755859375
1968854,111.63330078125
2023894,101.98974609375
2023947,352.96630859375
2023975,100.40283203125
2024012,362.97607421875
2024029,66.22314453125
2024056,217.22412109375
2024080,76.11083984375
2024103,127.13623046875
2024138,58.28857421875
2024160,50.47607421875
2024278,59.26513671875
2024298,45.34912109375
2024349,47.36328125
2024416,42.66357421875
2024667,42.236328125
2024941,42.724609375
2025041,70.49560546875
2025084,50.9033203125
2025147,43.88427734375
2025230,46.5087890625
2025263,51.6357421875
2025378,47.79052734375
2025485,45.59326171875
2025497,70.61767578125
2025562,40.6494140625
2025640,54.13818359375
2025713,49.9267578125
2025754,45.654296875
2025872,47.66845703125
2025888,55.35888671875
2025961,44.98291015625
2026032,50.23193359375
2026059,75.37841796875
2026143,41.44287109375
2026166,50.84228515625
2026228,55.23681640625
2026321,76.66015625
2026416,84.5947265625
2026465,51.69677734375
2026526,99.79248046875
2026631,68.603515625
2026710,51.26953125
2026741,110.83984375
2026905,130.0048828125
2077336,125.54931640625
2077406,94.90966796875
2077425,50.47607421875
2077465,70.00732421875
2077480,61.21826171875
2077520,176.6357421875
2077531,44.37255859375
2077568,119.32373046875
2077578,44.677734375
2077614,50.59814453125
2077624,42.3583984375
2077643,50.10986328125
2077688,48.583984375
2077715,45.47119140625
2077867,43.45703125
2077953,41.259765625
2078031,41.44287109375
2078321,40.771484375
2078426,53.466796875
2078437,42.724609375
2078530,44.921875
2078586,42.1142578125
2078641,66.95556640625
2078661,43.27392578125
2078751,71.6552734375
2078813,46.81396484375
2078863,43.8232421875
2078900,43.02978515625
2078986,53.466796875
2079070,61.09619140625
2079112,44.25048828125
2079149,54.99267578125
2079238,45.7763671875
2079259,58.9599609375
2079333,45.8984375
2079421,56.33544921875
2079438,117.431640625
2079514,56.09130859375
2079581,50.6591796875
2079611,70.86181640625
2079725,74.462890625
2079743,42.48046875
2079852,117.49267578125
2079873,50.78125
2079971,93.44482421875
2080065,42.236328125
2080103,81.11572265625
2131519,47.30224609375
2131586,413.818359375
2131647,73.486328125
2131659,68.54248046875
2131700,212.46337890625
2131713,52.06298828125
2131750,141.4794921875
2131772,42.8466796875
2131799,76.5380859375
2131841,59.5703125
2131872,47.66845703125
2131909,42.96875
2132060,41.6259765625
2132146,41.259765625
2132225,41.07666015625
2132307,50.10986328125
2132495,47.8515625
2132585,49.8046875
2132699,59.2041015625
2132808,46.875
2133027,51.7578125
2133126,42.236328125
2133259,78.06396484375
2133344,86.73095703125
2133390,54.19921875
2133422,66.46728515625
2133465,42.236328125
2133522,68.90869140625
2133678,54.50439453125
2133697,72.021484375
2133795,57.18994140625
2133835,46.0205078125
2133892,55.23681640625
2133995,97.7783203125
2134078,45.34912109375
2134144,42.236328125
2134176,61.46240234375
2134286,76.2939453125
2134345,47.30224609375
2134397,92.95654296875
2134596,169.5556640625
2134609,75.5615234375
2183951,95.52001953125
2184023,344.05517578125
2184054,41.6259765625
2184078,216.12548828125
2184120,152.7099609375
2184143,54.87060546875
2184168,108.0322265625
2184209,43.02978515625
2184226,48.583984375
2184278,58.53271484375
2184304,43.88427734375
2184352,77.57568359375
2184412,40.83251953125
2184453,41.1376953125
2184496,46.2646484375
2184815,47.36328125
2184867,41.3818359375
2184942,50.47607421875
2185057,41.32080078125
2185181,68.9697265625
2185291,47.05810546875
2185316,66.46728515625
2185395,70.6787109375
2185426,50.537109375
2185464,44.12841796875
2185543,42.48046875
2185634,74.52392578125
2185662,52.6123046875
2185712,43.3349609375
2185787,42.3583984375
2185882,43.76220703125
2185936,59.2041015625
2186057,48.7060546875
2186141,52.734375
2186191,44.86083984375
2186227,48.76708984375
2186318,60.9130859375
2186343,40.6494140625
2186408,45.47119140625
2186508,63.65966796875
2186531,41.32080078125
2186568,65.97900390625
2186615,51.513671875
2186732,47.7294921875
2186744,112.060546875
2186860,87.09716796875
2187008,65.673828125
2238404,105.28564453125
2238444,42.1142578125
2238477,315.24658203125
2238509,43.0908203125
2238533,274.2919921875
2238547,71.533203125
2238582,184.99755859375
2238606,76.5380859375
2238633,110.77880859375
2238674,65.673828125
2238690,42.90771484375
2238751,65.00244140625
2238809,41.6259765625
2238825,42.17529296875
2238900,56.396484375
2238983,41.259765625
2239068,53.52783203125
2239159,49.072265625
2239248,45.83740234375
2239437,43.5791015625
2239491,41.6259765625
2239533,51.1474609375
2239561,43.45703125
2239644,47.9736328125
2239741,41.748046875
2239970,43.15185546875
2240219,58.53271484375
2240371,45.47119140625
2240396,46.7529296875
2240485,54.6875
2240524,54.01611328125
2240582,43.15185546875
2240705,55.5419921875
2240753,64.02587890625
2240846,41.1376953125
2241015,54.6875
2241041,41.259765625
2241308,59.99755859375
2241329,124.0234375
2298515,101.01318359375
2298586,232.0556640625
2298607,45.59326171875
2298648,295.5322265625
2298662,41.3818359375
2298681,48.03466796875
2298692,179.87060546875
2298715,87.58544921875
2298737,104.98046875
2298773,55.23681640625
2298790,41.50390625
2298801,46.0205078125
2298835,44.37255859375
2299020,45.166015625
2299052,46.142578125
2299067,45.8984375
2299113,48.15673828125
2299137,49.62158203125
2299164,53.03955078125
2299230,46.38671875
2299308,47.9736328125
2299395,45.2880859375
2299567,40.83251953125
2299686,52.30712890625
2299705,42.6025390625
2299784,52.18505859375
2299807,44.43359375
2299858,57.80029296875
2299916,44.3115234375
2299933,46.32568359375
2300016,67.56591796875
2300150,51.513671875
2300167,59.14306640625
2300255,46.81396484375
2300293,48.583984375
2300337,66.22314453125
2300415,45.71533203125
2300428,67.7490234375
2300506,70.37353515625
2300550,61.46240234375
2300590,78.7353515625
2300685,73.54736328125
2300725,58.16650390625
2300769,66.10107421875
2300871,74.21875
2300903,54.5654296875
2300983,52.91748046875
2301074,56.33544921875
2301112,126.03759765625
2301204,48.27880859375
2301278,67.19970703125
2301370,144.8974609375
2301556,68.9697265625
2352569,102.6611328125
2352608,42.1142578125
2352630,387.51220703125
2352691,245.1171875
2352706,100.2197265625
2352738,155.029296875
2352765,76.59912109375
2352784,96.74072265625
2352812,44.37255859375
2352829,56.94580078125
2352885,66.22314453125
2352901,59.814453125
2353287,58.2275390625
2353417,43.76220703125
2353782,51.3916015625
2353919,59.50927734375
2353956,42.66357421875
2354039,52.490234375
2354117,55.96923828125
2354179,64.75830078125
2354198,46.0205078125
2354295,80.13916015625
2354368,75.3173828125
2354431,43.3349609375
2354451,52.001953125
2354523,49.072265625
2354613,68.78662109375
2354630,44.37255859375
2354706,67.56591796875
2354775,53.3447265625
2354798,71.2890625
2354881,43.45703125
2354895,41.56494140625
2354949,47.9736328125
2354980,77.63671875
2355063,42.05322265625
2355137,47.91259765625
2355168,87.646484375
2355286,48.583984375
2355417,106.01806640625
2355564,64.94140625
2406861,105.3466796875
2406923,384.82666015625
2406936,44.98291015625
2406991,208.67919921875
2407034,42.41943359375
2407047,58.41064453125
2407091,154.78515625
2407110,44.49462890625
2407142,76.66015625
2407169,57.9833984375
2407245,40.8935546875
2407361,44.86083984375
2407394,46.2646484375
2407468,42.8466796875
2407547,42.78564453125
2407631,45.95947265625
2407718,41.8701171875
2407819,51.33056640625
2407875,41.9921875
2407912,41.1376953125
2408124,52.3681640625
2408183,41.259765625
2408219,49.86572265625
2408257,41.8701171875
2408331,44.73876953125
2408436,42.48046875
2408500,40.6494140625
2408537,82.09228515625
2408573,44.86083984375
2408760,51.45263671875
2408776,56.33544921875
2408830,69.4580078125
2408915,54.443359375
2409010,52.1240234375
2409078,57.4951171875
2409098,49.01123046875
2409193,45.2880859375
2409267,53.52783203125
2409315,81.54296875
2409419,60.72998046875
2409458,74.40185546875
2409578,127.50244140625
2409686,69.15283203125
2459247,76.171875
2459278,42.236328125
2459317,275.93994140625
2459354,42.54150390625
2459377,279.9072265625
2459387,53.52783203125
2459429,212.646484375
2459479,109.80224609375
2459508,47.18017578125
2459528,66.5283203125
2459660,77.69775390625
2459726,48.9501953125
2459737,59.5703125
2459795,41.32080078125
2459813,41.50390625
2459986,41.19873046875
2460019,42.8466796875
2460069,43.39599609375
2460271,51.81884765625
2460396,51.025390625
2460510,45.47119140625
2460639,47.18017578125
2460826,41.56494140625
2460906,41.50390625
2460917,82.21435546875
2460995,48.52294921875
2461039,46.56982421875
2461078,55.35888671875
2461155,56.640625
2461173,51.6357421875
2461244,49.31640625
2461333,54.443359375
2461380,61.82861328125
2461429,51.025390625
2461488,51.26953125
2461516,63.29345703125
2461604,44.25048828125
2461619,55.72509765625
2461701,65.36865234375
2461767,55.7861328125
2461794,79.58984375
2461897,60.302734375
2461916,53.955078125
2462021,116.39404296875
2462189,153.62548828125
2519100,103.8818359375
2519167,87.09716796875
2519188,331.1767578125
2519222,90.63720703125
2519244,278.3203125
2519277,118.34716796875
2519294,203.79638671875
2519340,42.90771484375
2519381,43.02978515625
2519403,94.17724609375
2519446,41.9921875
2519456,45.2880859375
2519478,43.212890625
2519630,44.49462890625
2519707,44.61669921875
2519879,49.6826171875
2519987,45.166015625
2520082,44.25048828125
2520205,44.0673828125
2520317,57.0068359375
2520394,42.05322265625
2520418,53.77197265625
2520460,56.396484375
2520539,40.83251953125
2520549,46.81396484375
2520609,54.13818359375
2520659,45.95947265625
2520681,50.84228515625
2520771,55.2978515625
2520785,42.724609375
2520841,67.56591796875
2520920,44.73876953125
2520944,43.76220703125
2521012,44.37255859375
2521109,62.19482421875
2521119,82.6416015625
2521185,49.37744140625
2521234,52.3681640625
2521270,51.26953125
2521390,114.501953125
2521477,91.796875
2521574,108.70361328125
2521672,73.6083984375
2521757,56.09130859375
2521773,83.0078125
2521909,110.29052734375
2583309,103.759765625
2583356,344.970703125
2583380,82.70263671875
2583426,307.80029296875
2583438,44.61669921875
2583479,85.87646484375
2583496,77.33154296875
2583530,138.0615234375
2583560,59.63134765625
2583580,79.52880859375
2583636,45.10498046875
2583648,40.6494140625
2583701,40.771484375
2583857,47.91259765625
2583928,52.55126953125
2584389,53.64990234375
2584505,52.8564453125
2584673,41.9921875
2584704,47.91259765625
2584742,41.015625
2584838,87.34130859375
2584909,47.91259765625
2584980,58.7158203125
2585002,72.3876953125
2585092,63.53759765625
2585123,49.49951171875
2585173,56.2744140625
2585242,53.16162109375
2585266,43.45703125
2585356,64.02587890625
2585397,47.66845703125
2585460,71.71630859375
2585630,48.40087890625
2585687,55.2978515625
2585714,51.7578125
2585815,49.62158203125
2585835,45.654296875
2585914,49.62158203125
2586046,99.18212890625
2586067,60.85205078125
2586158,79.4677734375
2586421,165.58837890625
2632303,97.10693359375
2632379,46.44775390625
2632417,43.02978515625
2632436,250.9765625
2632449,58.28857421875
2632484,166.68701171875
2632502,76.84326171875
2632533,140.2587890625
2632546,43.76220703125
2632565,62.56103515625
2632592,80.810546875
2632640,56.45751953125
2632716,56.2744140625
2632792,45.166015625
2632809,40.8935546875
2632864,40.6494140625
2632945,45.10498046875
2633008,44.189453125
2633106,61.95068359375
2633188,42.724609375
2633447,45.0439453125
2633518,74.27978515625
2633529,49.6826171875
2633596,47.36328125
2633645,45.166015625
2633671,47.91259765625
2633786,67.93212890625
2634044,43.76220703125
2634208,62.1337890625
2634361,67.87109375
2634505,46.875
2634642,63.96484375
2634817,46.38671875
2634875,62.68310546875
2634914,41.56494140625
2635010,47.66845703125
2635075,60.6689453125
2635127,72.998046875
2675624,101.1962890625
2675687,234.80224609375
2675750,284.423828125
2675760,62.3779296875
2675805,167.236328125
2675854,112.4267578125
2675869,43.76220703125
2675906,89.84375
2675946,60.791015625
2675959,44.5556640625
2676014,53.8330078125
2676090,47.54638671875
2676171,46.2646484375
2676257,43.51806640625
2676300,54.62646484375
2676341,44.3115234375
2676353,64.63623046875
2676419,41.93115234375
2676524,42.236328125
2676622,53.28369140625
2676687,51.45263671875
2676765,49.6826171875
2676951,43.76220703125
2676996,40.8935546875
2677070,55.60302734375
2677080,50.35400390625
2677157,52.18505859375
2677219,65.673828125
2677237,59.326171875
2677323,51.08642578125
2677355,50.84228515625
2677404,41.80908203125
2677469,42.17529296875
2677498,62.01171875
2677517,55.48095703125
2677592,71.8994140625
2677606,42.78564453125
2677690,76.11083984375
2677723,64.5751953125
2677784,55.96923828125
2677876,64.5751953125
2677969,42.8466796875
2678027,47.4853515625
2678068,64.02587890625
2678167,68.66455078125
2678211,61.5234375
2678269,64.14794921875
2678283,46.7529296875
2678452,127.38037109375
2718461,94.90966796875
2718516,395.1416015625
2718584,305.23681640625
2718597,93.07861328125
2718644,215.33203125
2718664,81.298828125
2718696,133.056640625
2718730,68.359375
2718750,78.9794921875
2718796,42.17529296875
2718869,56.94580078125
2718885,42.41943359375
2718933,52.79541015625
2718950,51.7578125
2719004,51.26953125
2719033,40.771484375
2719204,60.302734375
2719275,47.607421875
2719324,49.62158203125
2719403,62.80517578125
2719462,47.30224609375
2719505,42.48046875
2719609,43.45703125
2719762,51.26953125
2719835,49.072265625
2719862,41.1376953125
2719921,62.68310546875
2719990,50.9033203125
2720006,62.3779296875
2720086,46.38671875
2720126,42.6025390625
2720170,46.7529296875
2720254,58.349609375
2720337,56.884765625
2720397,51.45263671875
2720438,74.27978515625
2720518,46.69189453125
2720591,47.66845703125
2720608,52.3681640625
2720718,42.8466796875
2720812,80.99365234375
2720888,54.87060546875
2720933,100.40283203125
2721064,102.05078125
2721087,54.38232421875
2721183,76.5380859375
2721303,57.80029296875
2784926,98.9990234375
2784959,310.72998046875
2784986,105.8349609375
2785025,232.666015625
2785036,123.96240234375
2785075,182.92236328125
2785097,81.4208984375
2785112,41.56494140625
2785158,45.59326171875
2785174,42.1142578125
2785224,47.42431640625
2785234,48.03466796875
2785290,49.37744140625
2785362,56.396484375
2785476,44.7998046875
2785525,59.326171875
2785683,45.10498046875
2785864,52.24609375
2785976,54.5654296875
2786026,49.560546875
2786089,55.0537109375
2786100,45.8984375
2786172,51.26953125
2786215,49.01123046875
2786244,50.59814453125
2786323,78.18603515625
2786433,49.37744140625
2786471,41.80908203125
2786586,62.98828125
2786635,51.513671875
2786711,55.35888671875
2786725,61.34033203125
2786788,41.44287109375
2786877,47.91259765625
2786963,55.0537109375
2787060,40.6494140625
2787116,66.83349609375
2787167,87.7685546875
2787270,95.88623046875
2787365,57.67822265625
2787417,53.52783203125
2787585,94.482421875
2787693,54.0771484375
2787855,190.3076171875
2839085,106.4453125
2839155,86.60888671875
2839170,351.1962890625
2839219,53.22265625
2839234,76.2939453125
2839277,53.7109375
2839289,50.537109375
2839329,130.615234375
2839377,59.50927734375
2839431,42.29736328125
2839474,51.513671875
2839702,46.93603515625
2839736,49.37744140625
2840070,41.50390625
2840165,56.45751953125
2840280,59.38720703125
2840394,81.54296875
2840465,46.69189453125
2840503,43.88427734375
2840536,47.30224609375
2840612,49.86572265625
2840648,47.607421875
2840685,60.6689453125
2840759,46.93603515625
2840830,52.06298828125
2840945,49.25537109375
2840962,44.25048828125
2841101,52.24609375
2841115,65.97900390625
2841217,74.3408203125
2841252,50.6591796875
2841304,64.88037109375
2841393,41.80908203125
2841500,85.3271484375
2841569,51.1474609375
2841623,97.0458984375
2841744,87.09716796875
2841771,61.21826171875
2841877,92.529296875
2841996,64.88037109375
2897691,42.54150390625
2897727,97.35107421875
2897792,87.646484375
2897802,125.6103515625
2897849,61.09619140625
2897859,172.66845703125
2897884,43.212890625
2897907,218.6279296875
2897922,53.52783203125
2897958,126.40380859375
2897984,41.44287109375
2898004,52.67333984375
2898033,43.0908203125
2898070,51.7578125
2898182,52.1240234375
2898343,49.13330078125
2898432,64.8193359375
2898561,47.54638671875
2898704,52.42919921875
2898793,50.6591796875
2898829,45.34912109375
2898896,46.81396484375
2898906,40.95458984375
2899029,47.05810546875
2899045,45.59326171875
2899119,55.84716796875
2899145,50.78125
2899191,43.15185546875
2899263,49.25537109375
2899296,60.791015625
2899342,42.17529296875
2899443,71.71630859375
2899512,44.49462890625
2899600,72.57080078125
2899684,56.884765625
2899711,48.9501953125
2899783,69.3359375
2899825,41.44287109375
2899870,59.75341796875
2899954,49.37744140625
2899985,51.33056640625
2900061,78.67431640625
2900154,45.59326171875
2900255,68.84765625
2900375,54.6875
2900391,110.53466796875
2900524,90.63720703125
2900544,64.453125
2963363,87.158203125
2963386,40.95458984375
2963436,285.7666015625
2963494,72.57080078125
2963506,91.6748046875
2963548,164.61181640625
2963565,49.6826171875
2963597,127.685546875
2963609,46.81396484375
2963642,65.00244140625
2963699,42.05322265625
2963739,40.95458984375
2963809,43.0908203125
2963885,68.54248046875
2963961,44.61669921875
2964030,53.52783203125
2964047,41.9921875
2964131,41.6259765625
2964295,45.2880859375
2964402,60.791015625
2964519,52.3681640625
2964593,44.43359375
2964632,54.50439453125
2964750,53.28369140625
2964832,47.18017578125
2964882,44.49462890625
2964910,47.4853515625
2964995,66.83349609375
2965077,90.14892578125
2965256,69.51904296875
2965313,60.791015625
2965347,95.5810546875
2965421,41.8701171875
2965477,50.6591796875
2965513,68.29833984375
2965599,52.67333984375
2965612,68.29833984375
2965691,60.546875
2965780,45.41015625
2965902,115.966796875
2966000,45.22705078125
2966147,103.45458984375
3008421,95.76416015625
3008496,103.759765625
3008509,158.447265625
3008559,275.93994140625
3008611,209.228515625
3008629,45.41015625
3008659,141.6015625
3008682,59.814453125
3008709,71.96044921875
3008719,48.7060546875
3008753,63.232421875
3008771,42.8466796875
3008888,51.513671875
3008898,71.59423828125
3008975,46.32568359375
3009023,41.3818359375
3009051,48.76708984375
3009137,43.5791015625
3009314,41.07666015625
3009413,43.64013671875
3009518,41.19873046875
3009582,46.9970703125
3009621,43.9453125
3009737,54.931640625
3009808,48.03466796875
3009851,41.8701171875
3009891,41.748046875
3009972,51.6357421875
3009983,63.5986328125
3010046,43.02978515625
3010123,59.6923828125
3010139,63.29345703125
3010263,46.32568359375
3010302,62.56103515625
3010399,63.53759765625
3010436,64.88037109375
3010481,44.00634765625
3010580,69.091796875
3010663,48.76708984375
3010724,52.8564453125
3010767,94.23828125
3010881,58.28857421875
3010978,78.43017578125
3011066,67.3828125
3011117,157.89794921875
3011226,101.37939453125
3011344,56.15234375
3059649,49.25537109375
3059722,352.23388671875
3059735,54.19921875
3059779,293.27392578125
3059789,85.9375
3059835,244.93408203125
3059885,123.291015625
3059926,55.11474609375
3059939,103.69873046875
3059976,45.83740234375
3059995,43.701171875
3060043,73.486328125
3060130,50.048828125
3060194,78.7353515625
3060224,48.095703125
3060268,44.61669921875
3060311,41.8701171875
3060362,43.9453125
3060454,49.25537109375
3060524,44.189453125
3060542,55.84716796875
3060600,42.3583984375
3060665,55.0537109375
3060722,43.27392578125
3060732,60.1806640625
3060812,73.42529296875
3060838,40.71044921875
3060884,74.89013671875
3060966,63.3544921875
3061050,52.91748046875
3061095,51.81884765625
3061124,64.63623046875
3061200,45.95947265625
3061210,53.64990234375
3061286,48.828125
3061340,49.1943359375
3061370,45.47119140625
3061458,57.43408203125
3061509,55.908203125
3061551,46.2646484375
3061648,62.3779296875
3061672,49.1943359375
3061732,72.3876953125
3061812,55.17578125
3061913,60.85205078125
3061939,45.83740234375
3062007,42.05322265625
3062127,125
3062243,100.2197265625
3062314,67.07763671875
3062345,82.33642578125
3062545,161.19384765625
3114263,91.064453125
3114293,315.00244140625
3114339,100.4638671875
3114371,298.03466796875
3114396,81.298828125
3114428,281.31103515625
3114440,98.14453125
3114485,198.79150390625
3114509,70.1904296875
3114539,113.28125
3114575,52.1240234375
3114593,61.21826171875
3114679,45.0439453125
3114729,45.2880859375
3114801,46.5087890625
3115046,46.630859375
3115126,54.3212890625
3115149,42.724609375
3115238,41.015625
3115338,48.2177734375
3115385,41.1376953125
3115421,52.67333984375
3115499,61.21826171875
3115621,53.466796875
3115643,56.5185546875
3115724,72.44873046875
3115794,42.724609375
3115847,45.8984375
3115873,59.38720703125
3115927,46.93603515625
3115968,91.12548828125
3116043,64.3310546875
3116115,40.95458984375
3116127,70.61767578125
3116160,41.9921875
3116222,73.91357421875
3116251,55.96923828125
3116303,68.2373046875
3116385,42.66357421875
3116425,53.3447265625
3116477,45.34912109375
3116592,84.16748046875
3116605,76.416015625
3116695,98.93798828125
3116737,45.7763671875
3116789,72.93701171875
3116802,42.48046875
3116893,75.50048828125
3116947,49.01123046875
3116990,76.11083984375
3117235,65.5517578125
3117300,225.09765625
3173004,111.14501953125
3173022,298.40087890625
3173064,104.55322265625
3173081,240.17333984375
3173117,105.89599609375
3173130,198.974609375
3173186,187.01171875
3173197,43.76220703125
3173235,68.603515625
3173271,59.08203125
3173299,44.61669921875
3173322,43.5791015625
3173354,48.4619140625
3173385,40.6494140625
3173530,46.2646484375
3173695,43.212890625
3174084,61.09619140625
3174301,46.630859375
3174389,54.01611328125
3174720,71.1669921875
3174764,56.09130859375
3174801,58.349609375
3174895,68.359375
3174922,60.36376953125
3174989,76.416015625
3175065,53.5888671875
3175084,65.185546875
3175174,70.4345703125
3175204,42.8466796875
3175261,41.259765625
3175348,43.88427734375
3175389,132.01904296875
3175507,41.44287109375
3175669,141.4794921875
3175744,57.9833984375
3175846,40.95458984375
3225707,76.59912109375
3225758,355.46875
3225771,69.7021484375
3225824,369.9951171875
3225872,225.89111328125
3225894,110.53466796875
3225917,156.55517578125
3225953,61.95068359375
3225967,111.14501953125
3226034,44.73876953125
3226084,55.48095703125
3226096,52.8564453125
3226126,49.13330078125
3226172,54.931640625
3226192,42.96875
3226251,48.583984375
3226406,51.513671875
3226445,41.19873046875
3226477,41.259765625
3226595,43.39599609375
3226690,46.69189453125
3226787,53.03955078125
3226887,43.8232421875
3226990,56.5185546875
3227063,42.724609375
3227137,53.466796875
3227237,48.4619140625
3227298,65.185546875
3227369,42.48046875
3227384,62.8662109375
3227469,76.59912109375
3227506,58.10546875
3227552,73.6083984375
3227634,46.56982421875
3227659,52.490234375
3227718,81.787109375
3227799,47.4853515625
3227823,59.326171875
3227892,56.396484375
3227987,49.37744140625
3228092,69.9462890625
3228122,54.8095703125
3228200,100.09765625
3228311,83.92333984375
3228436,92.529296875
3228604,166.19873046875
3228646,45.654296875
3283682,103.45458984375
3283736,461.0595703125
3283778,47.42431640625
3283791,358.82568359375
3283843,220.3369140625
3283864,86.85302734375
3283891,149.71923828125
3283926,57.18994140625
3283940,85.26611328125
3283974,53.22265625
3284001,48.583984375
3284041,54.99267578125
3284065,49.072265625
3284094,44.73876953125
3284133,40.771484375
3284185,48.4619140625
3284215,42.724609375
3284246,45.0439453125
3284292,67.44384765625
3284312,59.75341796875
3284380,44.98291015625
3284446,52.6123046875
3284469,42.17529296875
3284505,48.095703125
3284561,41.93115234375
3284654,53.77197265625
3284725,41.93115234375
3284755,48.40087890625
3284782,47.119140625
3284848,47.2412109375
3284913,50.23193359375
3284981,54.5654296875
3285084,55.35888671875
3285098,49.4384765625
3285297,54.443359375
3285336,51.57470703125
3285377,46.0205078125
3285390,42.90771484375
3285457,53.1005859375
3285470,68.4814453125
3285547,57.92236328125
3285617,48.4619140625
3285645,95.03173828125
3285740,99.79248046875
3285809,50.23193359375
3285833,79.9560546875
3285921,60.48583984375
3285979,58.04443359375
3286012,45.41015625
3286107,56.884765625
3286151,54.3212890625
3286209,63.720703125
3286313,61.767578125
3286327,74.40185546875
3286417,105.5908203125
3286555,149.59716796875
3286569,43.27392578125
3334641,41.56494140625
3334701,106.87255859375
3334754,427.978515625
3334779,98.5107421875
3334805,55.23681640625
3334827,301.7578125
3334844,65.36865234375
3334881,235.595703125
3334902,89.90478515625
3334928,145.6298828125
3334967,76.171875
3334986,52.91748046875
3335033,69.88525390625
3335097,51.26953125
3335139,46.69189453125
3335176,65.673828125
3335197,45.654296875
3335250,46.630859375
3335293,44.25048828125
3335332,43.5791015625
3335347,45.34912109375
3335416,45.8984375
3335823,54.5654296875
3335914,47.91259765625
3335936,52.734375
3336062,61.09619140625
3336142,46.69189453125
3336183,59.5703125
3336220,44.7998046875
3336305,46.142578125
3336387,68.66455078125
3336437,53.64990234375
3336472,76.59912109375
3336557,44.677734375
3336597,47.79052734375
3336643,53.89404296875
3336735,83.3740234375
3336917,85.5712890625
3337010,52.06298828125
3337067,42.1142578125
3337108,60.302734375
3337210,49.37744140625
3337242,109.68017578125
3337336,54.13818359375
3337349,47.36328125
3337404,51.513671875
3337472,123.1689453125
3337625,54.26025390625
3388282,95.64208984375
3388356,304.3212890625
3388417,364.44091796875
3388428,43.0908203125
3388468,247.74169921875
3388490,96.6796875
3388517,139.2822265625
3388549,80.26123046875
3388564,59.5703125
3388614,42.96875
3388658,40.95458984375
3388687,52.1240234375
3388760,47.79052734375
3388838,46.630859375
3388893,44.37255859375
3389097,61.21826171875
3389181,53.8330078125
3389273,45.34912109375
3389377,47.607421875
3389479,41.07666015625
3389596,45.5322265625
3389668,48.40087890625
3389723,46.38671875
3389835,45.41015625
3389853,44.7998046875
3389927,55.60302734375
3389937,43.45703125
3389997,54.26025390625
3390015,81.35986328125
3390103,66.7724609375
3390180,46.630859375
3390265,75.0732421875
3390330,57.9833984375
3390353,65.73486328125
3390443,45.10498046875
3390469,44.43359375
3390540,60.24169921875
3390646,44.37255859375
3390758,68.17626953125
3390798,44.00634765625
3390866,74.15771484375
3390973,67.626953125
3391101,113.1591796875
3391175,51.81884765625
3391205,85.44921875
3443346,324.70703125
3443600,310.791015625
3443684,96.3134765625
3443809,49.98779296875
3447676,90.39306640625
3447728,378.35693359375
3447784,274.47509765625
3447815,124.45068359375
3447838,194.2138671875
3447849,69.9462890625
3447892,149.7802734375
3447934,71.10595703125
3447946,74.951171875
3448138,43.39599609375
3448236,43.212890625
3448277,43.212890625
3448338,47.8515625
3448452,44.00634765625
3448539,46.142578125
3448724,50.78125
3448832,56.33544921875
3448941,42.66357421875
3449053,41.80908203125
3449161,41.3818359375
3449292,58.10546875
3449340,68.115234375
3449423,43.88427734375
3449528,43.39599609375
3449630,75.0732421875
3449694,41.32080078125
3449718,58.4716796875
3449817,92.71240234375
3449863,52.55126953125
3449922,64.27001953125
3450025,45.10498046875
3450062,48.52294921875
3450137,58.4716796875
3450210,50.1708984375
3450284,132.2021484375
3450423,141.29638671875
3450524,64.5751953125
3498523,95.8251953125
3498596,104.06494140625
3498608,363.70849609375
3498659,76.2939453125
3498673,90.9423828125
3498724,302.734375
3498734,64.39208984375
3498777,163.14697265625
3498825,73.8525390625
3498850,42.29736328125
3498890,55.96923828125
3498923,45.8984375
3499000,42.236328125
3499078,47.36328125
3499149,49.31640625
3499238,43.701171875
3499410,46.20361328125
3499501,50.35400390625
3499600,41.8701171875
3499708,51.81884765625
3499829,42.724609375
3499933,49.9267578125
3500015,47.05810546875
3500096,42.3583984375
3500122,46.5087890625
3500180,48.095703125
3500235,47.42431640625
3500284,78.369140625
3500377,73.73046875
3500413,64.02587890625
3500482,110.83984375
3500556,54.01611328125
3500572,93.44482421875
3500663,60.72998046875
3500713,63.4765625
3500751,55.84716796875
3500840,48.2177734375
3500856,106.3232421875
3500962,103.1494140625
3501010,47.66845703125
3501069,90.14892578125
3501169,58.41064453125
3501237,154.4189453125
3501466,178.5888671875
3501558,70.86181640625
3551126,99.54833984375
3551206,106.689453125
3551217,169.86083984375
3551265,92.6513671875
3551275,338.134765625
3551333,298.76708984375
3551345,78.61328125
3551399,240.966796875
3551410,41.32080078125
3551448,76.96533203125
3551458,54.19921875
3551513,103.33251953125
3551526,43.0908203125
3551569,62.8662109375
3551637,41.9921875
3551679,53.3447265625
3551769,47.607421875
3551825,46.93603515625
3551892,47.4853515625
3551925,45.2880859375
3551953,41.50390625
3552030,74.27978515625
3552092,46.630859375
3552122,41.50390625
3552158,46.5087890625
3552241,52.42919921875
3552303,41.32080078125
3552339,49.49951171875
3552379,70.068359375
3552458,47.79052734375
3552534,46.93603515625
3552593,51.20849609375
3552615,73.54736328125
3552632,41.56494140625
3552688,61.21826171875
3552746,67.7490234375
3552780,43.8232421875
3552866,46.69189453125
3552911,62.01171875
3552958,61.21826171875
3553050,85.0830078125
3553084,58.77685546875
3553153,121.15478515625
3553258,159.11865234375
3553352,80.6884765625
3553363,45.7763671875
3553392,59.38720703125
3553469,104.67529296875
3553532,40.6494140625
3553573,91.30859375
3553669,92.041015625
3553736,60.97412109375
3553817,142.2119140625
3553989,135.009765625
3554148,55.48095703125
3602069,82.45849609375
3602145,41.44287109375
3602163,407.65380859375
3602176,49.31640625
3602224,97.83935546875
3602236,234.0087890625
3602281,80.13916015625
3602291,166.44287109375
3602342,156.1279296875
3602352,43.15185546875
3602395,90.2099609375
3602412,55.11474609375
3602444,48.27880859375
3602482,58.4716796875
3602498,42.96875
3602561,53.03955078125
3602645,50.048828125
3602708,78.43017578125
3602759,42.41943359375
3602828,41.68701171875
3602879,66.162109375
3602966,63.65966796875
3602983,64.02587890625
3603033,51.33056640625
3603087,52.42919921875
3603098,48.9501953125
3603173,55.48095703125
3603198,46.630859375
3603249,47.9736328125
3603308,58.89892578125
3603340,79.65087890625
3603414,46.875
3603430,52.978515625
3603490,50.23193359375
3603550,42.1142578125
3603570,58.349609375
3603653,43.5791015625
3603745,52.734375
3603777,55.48095703125
3603830,46.38671875
3603924,59.326171875
3603940,80.810546875
3604032,90.27099609375
3604101,63.1103515625
3604121,60.36376953125
3604227,90.6982421875
3604280,40.83251953125
3604352,96.74072265625
3604458,66.71142578125
3604481,59.63134765625
3604556,59.814453125
3604671,87.46337890625
3604830,113.8916015625
3604840,73.6083984375
3658932,94.8486328125
3659001,320.49560546875
3659060,45.10498046875
3659075,264.404296875
3659091,42.90771484375
3659120,231.5673828125
3659154,42.236328125
3659174,124.20654296875
3659184,64.0869140625
3659228,77.20947265625
3659281,48.03466796875
3659326,47.4853515625
3659351,61.70654296875
3659394,72.08251953125
3659429,41.07666015625
3659549,52.55126953125
3659565,41.93115234375
3659607,53.52783203125
3659647,41.9921875
3659726,56.2744140625
3659800,46.81396484375
3659817,51.33056640625
3659915,43.51806640625
3660004,42.29736328125
3660075,47.66845703125
3660109,42.1142578125
3660230,44.12841796875
3660309,58.59375
3660335,41.1376953125
3660388,45.71533203125
3660545,40.95458984375
3660587,52.3681640625
3660628,43.9453125
3660719,70.068359375
3660810,68.29833984375
3660849,53.03955078125
3660910,88.0126953125
3660989,51.8798828125
3661012,66.162109375
3661083,67.626953125
3661172,46.44775390625
3661286,88.68408203125
3661328,46.875
3661417,106.5673828125
3661476,49.37744140625
3661529,100.7080078125
3661665,112.12158203125
3661695,61.70654296875
3661896,176.26953125
3712895,89.111328125
3712981,341.49169921875
3713002,61.8896484375
3713040,44.0673828125
3713050,78.43017578125
3713091,154.052734375
3713148,142.39501953125
3713163,64.5751953125
3713198,80.74951171875
3713234,85.14404296875
3713262,59.9365234375
3713303,41.9921875
3713373,46.69189453125
3713444,44.25048828125
3713516,60.9130859375
3713572,41.015625
3713633,45.83740234375
3713770,48.7060546875
3713784,48.33984375
3713835,44.00634765625
3713883,43.701171875
3713904,45.10498046875
3713978,47.2412109375
3714052,53.5888671875
3714086,51.20849609375
3714132,64.63623046875
3714202,45.83740234375
3714288,58.9599609375
3714327,50.10986328125
3714361,47.79052734375
3714448,57.7392578125
3714472,53.8330078125
3714537,56.45751953125
3714616,59.814453125
3714712,89.599609375
3714741,50.23193359375
3714803,85.38818359375
3714895,47.42431640625
3714912,64.51416015625
3714997,77.81982421875
3715085,61.09619140625
3715097,75.13427734375
3715220,79.40673828125
3715248,59.50927734375
3715330,88.37890625
3715414,59.50927734375
3715455,91.97998046875
3715595,113.6474609375
3715629,57.55615234375
3715854,73.91357421875
3761683,97.7783203125
3761731,343.6279296875
3761763,95.03173828125
3761792,222.7783203125
3761822,120.7275390625
3761850,230.04150390625
3761876,83.43505859375
3761900,111.9384765625
3761940,53.40576171875
3762004,46.69189453125
3762015,50.72021484375
3762089,47.119140625
3762161,43.02978515625
3762200,41.56494140625
3762237,41.259765625
3762280,54.26025390625
3762310,40.6494140625
3762335,52.490234375
3762406,54.3212890625
3762469,45.10498046875
3762485,41.07666015625
3762615,41.9921875
3762692,42.54150390625
3762765,55.419921875
3762836,45.5322265625
3762887,41.44287109375
3762916,46.44775390625
3762987,56.2744140625
3763006,65.00244140625
3763076,49.9267578125
3763130,45.0439453125
3763155,56.7626953125
3763239,50.537109375
3763250,86.5478515625
3763319,66.2841796875
3763332,42.236328125
3763369,49.1943359375
3763411,73.05908203125
3763488,42.96875
3763500,75.01220703125
3763596,46.81396484375
3763607,44.12841796875
3763681,44.73876953125
3763772,41.93115234375
3763870,70.6787109375
3763958,66.0400390625
3763990,81.0546875
3764105,120.54443359375
3764207,62.80517578125
3764286,46.9970703125
3764337,91.064453125
3764596,62.19482421875
3764687,221.923828125
3803376,331.84814453125
3803585,239.013671875
3803646,191.10107421875
3804368,335.51025390625
3804432,187.01171875
3804448,54.01611328125
3804506,193.7255859375
3804555,55.0537109375
3804592,98.20556640625
3804603,50.10986328125
3804671,123.96240234375
3804754,40.6494140625
3804835,66.0400390625
3804873,46.0205078125
3805531,273.62060546875
3805591,142.08984375
3805609,51.33056640625
3805691,140.0146484375
3805717,47.30224609375
3813439,105.712890625
3813531,318.359375
3813556,47.8515625
3813586,72.44873046875
3813598,84.41162109375
3813644,76.35498046875
3813659,173.2177734375
3813718,131.2255859375
3813758,40.6494140625
3813850,41.015625
3813886,42.66357421875
3813927,64.0869140625
3814003,66.83349609375
3814063,49.8046875
3814084,41.32080078125
3814134,44.25048828125
3814167,53.1005859375
3814212,41.93115234375
3814248,47.91259765625
3814282,43.76220703125
3814341,45.95947265625
3814527,60.791015625
3814589,58.28857421875
3814629,41.6259765625
3814672,52.67333984375
3814747,48.64501953125
3814763,76.47705078125
3814844,45.5322265625
3814859,64.94140625
3814937,79.7119140625
3814948,44.7998046875
3814976,49.4384765625
3815019,46.08154296875
3815104,47.18017578125
3815128,51.1474609375
3815190,43.88427734375
3815404,61.279296875
3815513,88.43994140625
3815562,54.62646484375
3815620,80.9326171875
3815700,60.72998046875
3815750,111.02294921875
3815868,78.4912109375
3816015,107.23876953125
3816037,58.10546875
3816196,152.34375
3816277,44.0673828125
3816300,58.9599609375
3864293,98.08349609375
3864348,40.83251953125
3864384,89.2333984375
3864428,291.6259765625
3864477,45.8984375
3864491,335.9375
3864502,72.57080078125
3864549,262.451171875
3864596,124.93896484375
3864627,43.88427734375
3864647,59.63134765625
3864697,71.22802734375
3864767,67.5048828125
3864843,42.236328125
3864894,42.66357421875
3864922,55.908203125
3865096,46.44775390625
3865145,46.9970703125
3865216,43.27392578125
3865270,55.11474609375
3865286,55.60302734375
3865378,44.61669921875
3865479,54.8095703125
3865506,46.875
3865590,74.15771484375
3865657,49.25537109375
3865686,41.748046875
3865741,62.744140625
3865814,53.3447265625
3865900,49.25537109375
3865944,54.6875
3866142,57.7392578125
3866153,49.4384765625
3866245,44.49462890625
3866298,56.7626953125
3866351,95.3369140625
3866440,90.4541015625
3866474,48.52294921875
3866552,108.58154296875
3866654,79.28466796875
3866767,67.07763671875
3866870,64.88037109375
3866930,66.22314453125
3866997,93.26171875
3867101,54.931640625
3867354,52.490234375
3916711,98.14453125
3916779,67.5048828125
3916834,252.74658203125
3916845,60.85205078125
3916889,218.1396484375
3916904,58.2275390625
3916940,161.31591796875
3916970,45.5322265625
3916993,108.2763671875
3917044,51.94091796875
3917058,43.27392578125
3917107,50.29296875
3917123,55.0537109375
3917172,58.837890625
3917194,43.5791015625
3917217,44.0673828125
3917239,54.3212890625
3917274,43.45703125
3917304,45.7763671875
3917370,50.35400390625
3917434,44.921875
3917444,41.6259765625
3917506,51.20849609375
3917538,40.8935546875
3917653,61.34033203125
3917752,55.908203125
3917788,40.83251953125
3917863,49.13330078125
3917952,68.17626953125
3918026,47.79052734375
3918064,41.07666015625
3918098,47.607421875
3918175,45.5322265625
3918187,43.212890625
3918258,44.12841796875
3918351,48.583984375
3918429,47.8515625
3918484,47.9736328125
3918512,53.8330078125
3918606,65.5517578125
3918641,46.38671875
3918696,58.89892578125
3918789,44.49462890625
3918829,64.697265625
3918894,74.15771484375
3919006,71.96044921875
3919040,43.88427734375
3919117,67.3828125
3919168,48.828125
3919207,49.01123046875
3919317,92.1630859375
3919406,63.1103515625
3919428,106.87255859375
3919605,67.56591796875
3970749,94.54345703125
3970790,43.39599609375
3970827,102.05078125
3970841,182.43408203125
3970882,314.02587890625
3970935,218.20068359375
3970951,61.70654296875
3970966,46.81396484375
3970995,182.6171875
3971016,63.78173828125
3971044,84.3505859375
3971089,86.42578125
3971160,48.64501953125
3971174,42.90771484375
3971240,67.44384765625
3971292,41.8701171875
3971321,41.56494140625
3971357,53.7109375
3971403,58.59375
3971489,64.75830078125
3971553,55.11474609375
3971619,41.9921875
3971630,43.64013671875
3971681,59.814453125
3971759,42.724609375
3971784,43.212890625
3971825,47.54638671875
3971999,59.02099609375
3972058,48.828125
3972096,45.71533203125
3972136,54.5654296875
3972213,47.36328125
3972239,57.861328125
3972301,76.11083984375
3972348,42.78564453125
3972469,40.71044921875
3972502,54.01611328125
3972645,45.71533203125
3972658,72.1435546875
3972734,42.236328125
3972798,62.255859375
3972846,43.39599609375
3972942,79.7119140625
3972956,79.52880859375
3973067,79.52880859375
3973097,43.39599609375
3973186,107.0556640625
3973291,91.97998046875
3973322,63.1103515625
3973399,80.62744140625
3973494,56.45751953125
3973560,107.177734375
4023260,101.9287109375
4023285,42.05322265625
4023355,84.77783203125
4023377,261.90185546875
4023411,104.6142578125
4023434,312.98828125
4023474,79.04052734375
4023488,221.6796875
4023540,122.98583984375
4023592,60.97412109375
4023612,51.7578125
4023652,42.78564453125
4023680,47.119140625
4023700,45.47119140625
4023748,43.64013671875
4023799,52.67333984375
4023844,56.09130859375
4023996,40.83251953125
4024099,61.4013671875
4024249,43.39599609375
4024280,41.6259765625
4024377,42.05322265625
4024398,44.61669921875
4024476,43.02978515625
4024590,53.52783203125
4024733,67.0166015625
4024745,64.51416015625
4024816,58.41064453125
4024865,48.828125
4024894,45.95947265625
4024978,53.52783203125
4024995,56.7626953125
4025072,77.69775390625
4025135,47.36328125
4025159,53.955078125
4025240,69.2138671875
4025317,62.80517578125
4025343,100.52490234375
4025449,91.24755859375
4025551,91.9189453125
4025630,55.96923828125
4025671,127.44140625
4025809,50.1708984375
4025853,205.50537109375
4025992,127.01416015625
4026002,42.29736328125
4026044,54.6875
4031603,40.83251953125
4073096,88.68408203125
4073177,99.30419921875
4073193,426.94091796875
4073239,87.95166015625
4073255,347.16796875
4073293,47.05810546875
4073311,279.9072265625
4073323,53.5888671875
4073369,148.5595703125
4073420,89.9658203125
4073482,77.63671875
4073514,61.95068359375
4073548,78.9794921875
4073590,48.9501953125
4073608,71.35009765625
4073667,50.96435546875
4073735,54.87060546875
4073749,41.748046875
4073804,47.4853515625
4073866,41.3818359375
4073926,63.8427734375
4074008,43.701171875
4074025,42.724609375
4074074,49.4384765625
4074144,51.8798828125
4074229,61.34033203125
4074342,46.56982421875
4074591,56.396484375
4074629,44.921875
4074719,48.27880859375
4074749,52.55126953125
4074789,49.560546875
4074867,47.66845703125
4074886,72.265625
4074966,56.2744140625
4074996,41.6259765625
4075054,53.28369140625
4075156,106.4453125
4075183,69.27490234375
4075264,101.37939453125
4075360,101.1962890625
4075390,55.0537109375
4075470,101.62353515625
4075564,81.1767578125
4075575,65.185546875
4075667,61.34033203125
4075740,62.255859375
4075806,137.0849609375
4075919,59.08203125
4123051,85.38818359375
4123087,45.71533203125
4123123,411.376953125
4123179,276.67236328125
4123194,74.27978515625
4123233,257.568359375
4123253,105.5908203125
4123289,214.4775390625
4123319,87.646484375
4123340,67.07763671875
4123401,60.11962890625
4123467,61.58447265625
4123503,54.6875
4123536,41.19873046875
4123595,47.05810546875
4123615,42.17529296875
4123650,55.96923828125
4123704,55.0537109375
4123719,61.09619140625
4123789,43.15185546875
4123867,65.0634765625
4123936,70.25146484375
4123966,41.07666015625
4124007,47.05810546875
4124074,45.5322265625
4124150,51.57470703125
4124196,56.82373046875
4124222,45.0439453125
4124302,45.8984375
4124383,52.55126953125
4124430,63.53759765625
4124465,65.673828125
4124536,42.29736328125
4124548,79.1015625
4124625,57.6171875
4124645,54.50439453125
4124701,48.7060546875
4124774,67.5048828125
4124804,86.0595703125
4124895,50.10986328125
4124937,49.49951171875
4124976,41.32080078125
4125076,47.42431640625
4125203,113.6474609375
4125254,66.2841796875
4125327,150.57373046875
4125412,111.083984375
4125541,142.822265625
4125598,58.16650390625
4125644,73.79150390625
4125796,56.57958984375
4177559,99.42626953125
4177623,309.99755859375
4177643,86.73095703125
4177692,296.0205078125
4177711,41.50390625
4177750,281.982421875
4177764,69.580078125
4177809,180.5419921875
4177829,72.509765625
4177864,104.91943359375
4177898,69.03076171875
4177920,66.40625
4177974,82.3974609375
4178040,40.95458984375
4178054,71.8994140625
4178140,51.81884765625
4178221,42.1142578125
4178314,61.09619140625
4178366,44.49462890625
4178410,45.7763671875
4178431,45.47119140625
4178497,45.2880859375
4178573,48.828125
4178643,42.8466796875
4178718,64.3310546875
4178807,84.5947265625
4178818,41.8701171875
4178874,41.80908203125
4178916,46.38671875
4178954,43.64013671875
4179032,41.80908203125
4179042,63.65966796875
4179103,41.1376953125
4179152,43.0908203125
4179272,47.79052734375
4179362,88.9892578125
4179426,41.9921875
4179440,45.83740234375
4179536,102.84423828125
4179619,67.93212890625
4179632,57.67822265625
4179701,57.06787109375
4179771,45.8984375
4179801,80.01708984375
4179901,64.8193359375
4180001,86.669921875
4180094,67.7490234375
4180141,125.18310546875
4180257,61.279296875
4180343,61.5234375
4180386,121.64306640625
4223571,115.29541015625
4223652,87.40234375
4223666,186.03515625
4223709,96.00830078125
4223734,379.69970703125
4223745,74.5849609375
4223793,252.3193359375
4223826,45.10498046875
4223843,136.16943359375
4223875,47.79052734375
4223895,55.11474609375
4223906,64.51416015625
4223938,42.48046875
4223961,60.05859375
4223976,55.6640625
4224011,43.9453125
4224055,43.8232421875
4224095,47.42431640625
4224138,66.95556640625
4224292,47.42431640625
4224358,50.537109375
4224428,58.9599609375
4224468,50.4150390625
4224497,43.0908203125
4224562,46.7529296875
4224573,47.4853515625
4224619,41.07666015625
4224640,59.99755859375
4224681,42.48046875
4224791,51.26953125
4224877,59.63134765625
4224910,43.15185546875
4224947,41.32080078125
4225014,47.4853515625
4225027,55.48095703125
4225107,44.189453125
4225158,56.7626953125
4225276,50.84228515625
4225319,57.6171875
4225376,57.92236328125
4225462,43.0908203125
4225550,72.57080078125
4225627,52.79541015625
4225637,52.67333984375
4225735,67.32177734375
4225770,48.03466796875
4225854,131.103515625
4225919,46.08154296875
4225962,102.9052734375
4226081,125.48828125
4226117,59.08203125
4226308,57.373046875
4226393,224.91455078125
4278858,110.3515625
4278905,424.560546875
4278925,95.76416015625
4278974,319.51904296875
4278997,43.212890625
4279030,266.29638671875
4279047,109.130859375
4279087,166.19873046875
4279110,63.41552734375
4279140,99.91455078125
4279180,43.64013671875
4279200,70.37353515625
4279210,44.189453125
4279249,70.4345703125
4279259,47.66845703125
4279326,44.7998046875
4279360,48.2177734375
4279408,42.6025390625
4279448,59.75341796875
4279495,44.49462890625
4279591,41.3818359375
4279647,41.9921875
4279663,57.92236328125
4279716,73.54736328125
4279759,43.15185546875
4279781,45.95947265625
4279851,70.61767578125
4279926,61.70654296875
4279963,55.5419921875
4279992,50.35400390625
4280061,49.560546875
4280149,72.57080078125
4280173,43.88427734375
4280225,64.63623046875
4280271,41.8701171875
4280305,45.8984375
4280385,49.62158203125
4280411,44.5556640625
4280471,67.68798828125
4280549,40.771484375
4280578,67.138671875
4280637,62.6220703125
4280697,56.640625
4280724,77.2705078125
4280821,66.10107421875
4280905,42.6025390625
4280971,59.14306640625
4281012,65.12451171875
4281101,75.37841796875
4281151,50.35400390625
4281213,89.111328125
4281298,59.38720703125
4281322,104.43115234375
4281478,142.578125
4281516,54.38232421875
4281590,134.6435546875
4281792,211.36474609375
4281806,54.26025390625
4351399,83.43505859375
4351443,41.50390625
4351470,85.87646484375
4351480,365.478515625
4351519,42.3583984375
4351546,274.71923828125
4351579,57.861328125
4351595,212.646484375
4351606,60.9130859375
4351645,148.681640625
4351659,48.095703125
4351695,101.5625
4351716,48.52294921875
4351755,56.57958984375
4351784,41.19873046875
4351821,44.5556640625
4351851,50.47607421875
4351895,43.64013671875
4351925,48.828125
4352000,55.60302734375
4352084,45.0439453125
4352210,45.83740234375
4352276,50.35400390625
4352347,40.8935546875
4352451,45.5322265625
4352486,41.32080078125
4352561,60.36376953125
4352679,46.44775390625
4352708,84.28955078125
4352787,91.49169921875
4352859,41.8701171875
4352928,74.462890625
4352946,65.00244140625
4353039,127.50244140625
4353119,63.90380859375
4353176,48.4619140625
4353196,73.73046875
4353282,64.88037109375
4353316,55.6640625
4353369,64.75830078125
4353449,52.30712890625
4353459,85.51025390625
4353557,70.556640625
4353579,47.30224609375
4353650,60.24169921875
4353721,56.70166015625
4353775,125.9765625
4353876,60.72998046875
4353896,140.5029296875
4354002,90.27099609375
4354113,55.60302734375
4354191,213.8671875
4400483,87.09716796875
4400502,41.015625
4400518,42.90771484375
4400550,382.14111328125
4400570,84.9609375
4400610,313.720703125
4400629,98.7548828125
4400665,230.04150390625
4400692,103.8818359375
4400722,188.17138671875
4400760,120.42236328125
4400775,44.73876953125
4400837,77.69775390625
4400912,60.48583984375
4400988,45.34912109375
4401037,44.61669921875
4401062,46.9970703125
4401091,41.32080078125
4401144,51.69677734375
4401173,53.40576171875
4401231,41.015625
4401290,53.28369140625
4401352,43.5791015625
4401440,54.99267578125
4401519,55.11474609375
4401556,48.095703125
4401591,49.62158203125
4401658,51.33056640625
4401816,56.57958984375
4401897,46.20361328125
4402037,49.9267578125
4402061,57.2509765625
4402142,56.15234375
4402164,40.83251953125
4402222,60.97412109375
4402305,47.91259765625
4402323,69.03076171875
4402394,53.8330078125
4402471,47.30224609375
4402482,75.50048828125
4402570,76.416015625
4402625,55.0537109375
4402664,51.81884765625
4402676,43.39599609375
4402767,96.37451171875
4402804,52.91748046875
4402856,98.20556640625
4402965,76.23291015625
4403118,120.54443359375
4403160,68.115234375
4403504,59.38720703125
4443652,112.85400390625
4443723,84.3505859375
4443749,421.38671875
4443788,81.84814453125
4443816,352.05078125
4443826,92.7734375
4443873,294.0673828125
4443883,52.734375
4443922,168.27392578125
4443975,94.8486328125
4443987,46.0205078125
4444028,41.80908203125
4444066,57.43408203125
4444096,48.33984375
4444137,51.1474609375
4444165,49.25537109375
4444218,44.43359375
4444235,45.10498046875
4444289,61.6455078125
4444301,54.74853515625
4444355,73.486328125
4444368,42.1142578125
4444420,47.54638671875
4444463,42.6025390625
4444498,58.837890625
4444564,78.91845703125
4444643,49.6826171875
4444710,65.185546875
4444746,48.095703125
4444780,60.36376953125
4444836,45.8984375
4444850,42.05322265625
4444932,49.49951171875
4444949,53.03955078125
4445011,42.48046875
4445091,51.513671875
4445175,42.78564453125
4445259,75.5615234375
4445308,57.43408203125
4445346,77.57568359375
4445424,51.1474609375
4445435,54.3212890625
4445523,56.7626953125
4445558,57.7392578125
4445625,68.78662109375
4445719,46.32568359375
4445809,53.77197265625
4445878,55.11474609375
4445917,107.84912109375
4446026,82.8857421875
4446141,122.98583984375
4446229,65.0634765625
4446256,108.70361328125
4446433,146.05712890625
4446496,71.6552734375
4508102,115.72265625
4508153,443.7255859375
4508220,313.3544921875
4508234,66.40625
4508272,266.6015625
4508291,92.46826171875
4508325,181.45751953125
4508352,73.42529296875
4508379,125.91552734375
4508403,44.73876953125
4508419,72.44873046875
4508630,54.3212890625
4508708,43.212890625
4508758,40.771484375
4508794,54.38232421875
4508831,44.86083984375
4508876,54.13818359375
4508961,50.96435546875
4509027,43.701171875
4509053,58.53271484375
4509150,41.3818359375
4509271,58.4716796875
4509318,43.45703125
4509377,64.5751953125
4509390,46.5087890625
4509466,50.59814453125
4509504,48.15673828125
4509550,41.3818359375
4509649,73.1201171875
4509712,46.93603515625
4509765,57.6171875
4509801,55.35888671875
4509890,76.2939453125
4509960,48.15673828125
4510012,45.166015625
4510050,58.16650390625
4510140,56.70166015625
4510169,59.6923828125
4510262,114.3798828125
4510306,47.66845703125
4510353,80.6884765625
4510457,77.7587890625
4510483,57.4951171875
4510538,45.59326171875
4510655,88.2568359375
4510736,58.10546875
4510772,110.107421875
4511062,52.3681640625
4561240,104.248046875
4561256,42.90771484375
4561308,401.2451171875
4561323,91.97998046875
4561373,361.9384765625
4561402,40.8935546875
4561427,267.27294921875
4561448,108.70361328125
4561479,189.3310546875
4561509,63.17138671875
4561529,104.6142578125
4561576,59.87548828125
4561657,47.7294921875
4561708,58.77685546875
4561722,59.26513671875
4561753,42.48046875
4561799,47.30224609375
4561841,48.9501953125
4561875,47.30224609375
4561903,64.75830078125
4561922,45.2880859375
4561969,59.6923828125
4561993,50.23193359375
4562045,69.51904296875
4562317,52.67333984375
4562377,43.64013671875
4562415,49.072265625
4562456,68.4814453125
4562470,43.3349609375
4562531,66.650390625
4562600,42.48046875
4562647,57.31201171875
4562679,66.22314453125
4562758,64.27001953125
4562780,45.7763671875
4562833,67.0166015625
4562912,45.166015625
4562922,71.8994140625
4562998,55.48095703125
4563030,46.0205078125
4563080,48.64501953125
4563174,86.85302734375
4563256,52.30712890625
4563293,47.4853515625
4563353,64.51416015625
4563449,65.673828125
4563463,52.18505859375
4563543,68.78662109375
4563648,95.5810546875
4563765,79.16259765625
4563783,52.30712890625
4563921,214.2333984375
4563954,56.396484375
4564187,51.81884765625
4608312,84.77783203125
4608374,382.87353515625
4608388,79.89501953125
4608423,42.724609375
4608440,268.4326171875
4608495,219.7265625
4608505,43.27392578125
4608537,44.43359375
4608551,176.7578125
4608567,41.015625
4608602,81.9091796875
4608656,88.37890625
4608667,41.015625
4608711,52.67333984375
4608735,44.0673828125
4608782,54.87060546875
4608793,48.7060546875
4608851,49.8046875
4608868,46.38671875
4608914,49.49951171875
4608950,48.828125
4608980,48.27880859375
4609031,54.443359375
4609122,57.12890625
4609216,51.3916015625
4609258,58.53271484375
4609323,44.98291015625
4609403,60.1806640625
4609417,48.9501953125
4609476,44.98291015625
4609520,42.29736328125
4609552,50.84228515625
4609627,51.94091796875
4609661,50.35400390625
4609707,51.81884765625
4609785,74.15771484375
4609866,58.53271484375
4609902,44.98291015625
4609944,49.560546875
4610034,85.75439453125
4610123,80.810546875
4610164,56.7626953125
4610210,66.650390625
4610306,55.7861328125
4610316,79.2236328125
4610406,77.69775390625
4610469,46.93603515625
4610509,93.75
4610520,43.27392578125
4610611,47.91259765625
4610626,103.57666015625
4610738,81.84814453125
4610786,67.9931640625
4610833,83.67919921875
4610931,63.90380859375
4610960,56.33544921875
4611067,122.0703125
4611244,72.8759765625
4656105,93.1396484375
4656203,88.19580078125
4656221,415.1611328125
4656264,86.9140625
4656281,296.142578125
4656323,66.89453125
4656338,52.001953125
4656378,136.77978515625
4656388,50.9033203125
4656428,85.5712890625
4656464,46.0205078125
4656493,55.2978515625
4656535,65.00244140625
4656564,43.3349609375
4656681,46.81396484375
4656692,54.50439453125
4656750,61.70654296875
4656768,44.98291015625
4656813,58.41064453125
4656856,41.6259765625
4656876,51.7578125
4656947,71.83837890625
4657013,54.931640625
4657078,49.98779296875
4657144,44.3115234375
4657219,46.9970703125
4657239,43.701171875
4657299,49.98779296875
4657371,48.52294921875
4657452,78.125
4657519,49.37744140625
4657581,42.8466796875
4657612,51.57470703125
4657695,86.60888671875
4657712,55.96923828125
4657776,67.3828125
4657869,48.9501953125
4657879,110.4736328125
4657971,88.37890625
4658043,53.7109375
4658071,77.880859375
4658208,57.80029296875
4658248,70.3125
4658346,93.32275390625
4658381,55.96923828125
4658446,84.228515625
4658513,55.84716796875
4658546,72.6318359375
4658681,124.0234375
4658704,57.9833984375
4658851,192.3828125
4658890,56.94580078125
4659023,173.27880859375
4659211,60.36376953125
4712877,78.43017578125
4712938,332.763671875
4712964,104.30908203125
4713018,359.31396484375
4713035,75.01220703125
4713074,210.8154296875
4713090,97.22900390625
4713128,168.76220703125
4713159,69.39697265625
4713180,100.64697265625
4713228,77.0263671875
4713249,53.7109375
4713298,63.5986328125
4713374,55.6640625
4713439,44.00634765625
4713451,58.04443359375
4713492,41.56494140625
4713530,42.3583984375
4713560,57.0068359375
4713614,42.3583984375
4713779,50.47607421875
4713873,45.95947265625
4713910,52.24609375
4713965,41.07666015625
4713982,68.359375
4714049,50.59814453125
4714073,51.45263671875
4714128,42.78564453125
4714205,60.97412109375
4714277,43.64013671875
4714291,41.9921875
4714358,42.90771484375
4714445,58.89892578125
4714466,44.5556640625
4714537,75.3173828125
4714611,47.66845703125
4714621,65.4296875
4714701,57.18994140625
4714760,47.4853515625
4714783,68.9697265625
4714870,58.349609375
4714903,44.12841796875
4714976,61.279296875
4715066,64.88037109375
4715092,54.19921875
4715174,80.01708984375
4715261,48.4619140625
4715297,106.93359375
4715391,60.85205078125
4715499,71.044921875
4715517,43.212890625
4715604,63.720703125
4715726,121.39892578125
4715744,49.6826171875
4715882,121.76513671875
4778298,104.3701171875
4778382,82.51953125
4778393,194.82421875
4778445,334.04541015625
4778455,80.4443359375
4778492,46.44775390625
4778504,291.56494140625
4778530,62.744140625
4778560,203.61328125
4778609,100.7080078125
4778641,61.279296875
4778668,76.96533203125
4778718,81.54296875
4778735,43.88427734375
4778793,65.0634765625
4778867,51.45263671875
4779060,51.08642578125
4779129,40.6494140625
4779196,64.208984375
4779264,48.583984375
4779298,41.6259765625
4779334,47.42431640625
4779480,49.25537109375
4779504,41.8701171875
4779552,48.7060546875
4779610,45.2880859375
4779625,44.43359375
4779706,43.88427734375
4779729,55.96923828125
4779781,41.9921875
4779856,53.28369140625
4779968,62.07275390625
4780041,54.50439453125
4780094,47.18017578125
4780124,57.67822265625
4780208,41.44287109375
4780221,80.62744140625
4780312,83.80126953125
4780412,64.02587890625
4780474,45.7763671875
4780515,85.02197265625
4780603,60.791015625
4780670,59.14306640625
4780710,94.90966796875
4780807,77.94189453125
4780819,78.43017578125
4780926,73.54736328125
4780936,41.56494140625
4781056,61.34033203125
4781185,215.88134765625
4781303,53.28369140625
