4798001,0
99294,24.35302734375
99379,21.30126953125
99420,25.0244140625
99461,22.705078125
99502,21.66748046875
99527,23.0712890625
99576,23.0712890625
99589,21.3623046875
99702,23.3154296875
99782,26.3671875
99798,22.03369140625
99928,25.45166015625
100097,26.7333984375
148544,22.39990234375
148616,29.296875
148643,24.7802734375
148679,21.97265625
148706,22.39990234375
148737,28.62548828125
148771,20.69091796875
148785,26.18408203125
148829,23.681640625
148844,23.74267578125
148873,22.0947265625
148890,21.1181640625
148904,22.76611328125
148927,23.25439453125
148940,22.5830078125
149003,21.728515625
149013,21.8505859375
149101,21.3623046875
149230,22.64404296875
237392,21.78955078125
237460,21.3623046875
237494,22.52197265625
237504,23.62060546875
237593,23.0712890625
237609,22.52197265625
237673,22.15576171875
237703,21.05712890625
237714,27.03857421875
252241,21.78955078125
252258,21.6064453125
252314,25.81787109375
252335,22.3388671875
252372,23.4375
252403,22.4609375
252462,23.0712890625
252490,22.76611328125
252549,21.78955078125
252574,31.18896484375
252607,22.5830078125
252685,22.15576171875
252717,20.751953125
252770,25.7568359375
252860,21.728515625
252878,21.3623046875
253151,24.2919921875
263785,24.47509765625
263847,22.03369140625
264064,23.74267578125
264089,21.17919921875
264178,22.0947265625
264253,22.94921875
264405,20.81298828125
264651,20.93505859375
275618,22.5830078125
275678,22.88818359375
275750,21.91162109375
275869,22.88818359375
276147,20.93505859375
289068,20.93505859375
289203,24.4140625
289291,22.15576171875
289474,21.66748046875
386526,26.3671875
386563,20.6298828125
386590,23.0712890625
386665,25.20751953125
386689,21.30126953125
386735,21.3623046875
386795,21.97265625
386828,22.03369140625
386912,21.1181640625
387084,20.6298828125
472483,25.634765625
472596,20.6298828125
472629,25.5126953125
472668,28.99169921875
472690,25.390625
472760,21.1181640625
472770,28.13720703125
472793,20.6298828125
472847,21.66748046875
472860,20.69091796875
472986,21.240234375
473012,22.76611328125
473089,23.0712890625
473182,21.728515625
522981,22.705078125
523150,23.92578125
523254,22.64404296875
523270,33.02001953125
523302,21.30126953125
523342,22.705078125
523358,23.193359375
523408,24.5361328125
523421,23.0712890625
523472,21.240234375
523491,21.17919921875
607015,22.76611328125
607111,20.6298828125
607239,24.23095703125
607254,20.6298828125
607269,30.1513671875
607298,25.87890625
607346,21.8505859375
607362,22.94921875
607400,21.728515625
607425,22.15576171875
607489,23.98681640625
607504,21.240234375
607522,23.681640625
607580,23.193359375
607924,21.484375
626417,20.69091796875
626486,23.98681640625
626555,22.39990234375
626608,21.91162109375
626641,23.74267578125
626717,25.81787109375
626760,21.3623046875
626794,21.728515625
626821,20.6298828125
626915,21.97265625
626941,23.681640625
626959,21.484375
627110,22.94921875
627271,23.8037109375
640402,20.81298828125
640457,20.8740234375
640588,21.30126953125
640673,21.240234375
640799,20.8740234375
640925,20.8740234375
651318,24.90234375
651334,24.90234375
651465,25.69580078125
651497,26.18408203125
664103,21.728515625
664385,21.728515625
788687,21.6064453125
788708,22.5830078125
788778,20.69091796875
788798,21.3623046875
788820,22.76611328125
788868,25.93994140625
788888,20.751953125
788922,21.54541015625
788959,26.79443359375
789048,30.6396484375
789069,23.49853515625
789093,25.32958984375
789190,21.78955078125
789257,29.84619140625
789394,20.751953125
809342,24.59716796875
809406,23.3154296875
809493,23.86474609375
809596,20.81298828125
809646,26.06201171875
809842,21.78955078125
853402,21.3623046875
853437,28.4423828125
853479,20.751953125
853499,23.49853515625
853509,22.705078125
853696,25.146484375
853751,22.705078125
853810,24.169921875
921110,20.93505859375
1022523,22.3388671875
1022698,20.81298828125
1022933,21.1181640625
1086601,21.484375
1086885,21.78955078125
1086958,21.6064453125
1086978,24.169921875
1087025,23.92578125
1087037,26.91650390625
1087093,21.30126953125
1087121,23.4375
1087136,21.8505859375
1087166,20.81298828125
1087224,31.67724609375
1087317,24.658203125
1087342,21.54541015625
1087364,21.54541015625
1087477,26.42822265625
1087689,23.5595703125
1088548,21.484375
1113987,23.13232421875
1114058,22.15576171875
1114172,21.17919921875
1114295,21.66748046875
1114349,21.6064453125
1114443,21.240234375
1114523,25.390625
1188582,20.99609375
1188647,22.5830078125
1188705,24.23095703125
1188773,28.25927734375
1188785,25.634765625
1188809,22.8271484375
1188865,21.05712890625
1188890,27.16064453125
1188925,22.5830078125
1188936,27.099609375
1188988,22.27783203125
1288668,22.39990234375
1288690,21.30126953125
1288711,23.4375
1288729,22.15576171875
1288802,23.86474609375
1288855,23.4375
1288890,23.3154296875
1288921,23.86474609375
1289420,21.78955078125
1314366,27.64892578125
1314407,21.484375
1314475,24.2919921875
1314530,21.91162109375
1314582,22.705078125
1314592,22.5830078125
1314706,24.0478515625
1314724,24.90234375
1314784,21.728515625
1315729,21.78955078125
1316729,21.6064453125
1325621,25.2685546875
1325656,26.2451171875
1325686,20.751953125
1325717,25.08544921875
1325730,21.240234375
1325756,28.13720703125
1325872,22.76611328125
1326003,21.97265625
1326021,23.3154296875
1326076,24.84130859375
1326169,20.81298828125
1326901,20.751953125
1337415,22.705078125
1337531,22.88818359375
1337580,22.216796875
1337593,21.1181640625
1337614,21.78955078125
1337645,28.076171875
1337703,24.35302734375
1337755,22.705078125
1337826,23.0712890625
1337929,22.216796875
1338105,21.8505859375
1338490,22.94921875
1348613,23.37646484375
1348659,22.27783203125
1348718,25.20751953125
1348731,21.30126953125
1348755,27.7099609375
1348782,22.216796875
1348829,28.564453125
1348937,23.25439453125
1348962,21.78955078125
1348988,24.658203125
1349002,21.8505859375
1359635,23.49853515625
1359677,21.240234375
1359888,22.216796875
1370876,21.97265625
1370911,20.81298828125
1370938,22.0947265625
1370979,21.05712890625
1371012,23.62060546875
1371465,23.01025390625
1383251,21.1181640625
1383279,21.728515625
1383303,24.71923828125
1383332,21.66748046875
1383345,24.59716796875
1383393,21.17919921875
1383441,20.93505859375
1383453,20.8740234375
1383685,21.484375
1401934,21.05712890625
1401968,21.97265625
1401980,21.42333984375
1402017,25.0244140625
1402029,21.17919921875
1402092,29.541015625
1402191,21.54541015625
1402238,31.55517578125
1402285,26.67236328125
1402315,21.05712890625
1402396,22.27783203125
1402449,21.8505859375
1402483,20.69091796875
1571146,20.751953125
1571205,20.69091796875
1571305,20.751953125
1571332,20.6298828125
1571351,23.37646484375
1571365,24.5361328125
1571378,20.6298828125
1571413,23.74267578125
1571453,23.8037109375
1571485,25.0244140625
1571520,21.1181640625
1571542,22.216796875
1571600,22.88818359375
1571612,20.81298828125
1571681,25.20751953125
1700095,22.76611328125
1700128,23.86474609375
1700163,25.81787109375
1700177,21.97265625
1700191,22.64404296875
1700222,24.47509765625
1700243,24.169921875
1700277,26.611328125
1700324,21.6064453125
1700334,25.390625
1700356,21.66748046875
1700397,23.3154296875
1700423,26.123046875
1700438,21.05712890625
1700490,21.8505859375
1700510,23.86474609375
1700704,22.03369140625
1701112,21.3623046875
1717194,21.8505859375
1717240,21.97265625
1717274,26.0009765625
1717286,21.05712890625
1717379,21.78955078125
1717499,28.9306640625
1717520,22.5830078125
1717534,23.4375
1717555,28.74755859375
1717596,22.94921875
1717637,20.751953125
1717692,20.81298828125
1717731,20.93505859375
1717751,21.30126953125
1729777,22.4609375
1729862,25.87890625
1729896,22.705078125
1729908,31.79931640625
1729998,32.28759765625
1730036,20.99609375
1730049,21.3623046875
1730123,22.03369140625
1730138,22.94921875
1730233,21.05712890625
1730262,21.05712890625
1730280,22.5830078125
1730303,22.27783203125
1730342,20.99609375
1730365,20.69091796875
1730610,25.08544921875
1730751,23.3154296875
1742715,20.8740234375
1742744,21.30126953125
1742845,21.91162109375
1742888,28.38134765625
1742917,24.59716796875
1742962,22.64404296875
1742987,29.11376953125
1743009,24.96337890625
1743082,23.37646484375
1743093,20.99609375
1743175,20.99609375
1743463,21.240234375
1754119,23.98681640625
1754167,20.8740234375
1754208,24.59716796875
1754239,21.3623046875
1754284,23.8037109375
1754312,29.296875
1754436,21.728515625
1765812,20.81298828125
1765867,21.240234375
1765899,22.4609375
1765909,24.2919921875
1765971,22.94921875
1766042,21.8505859375
1766375,20.751953125
1779486,21.1181640625
1779496,23.8037109375
1779582,21.66748046875
1779897,21.484375
1853781,25.57373046875
1853820,26.611328125
1853848,25.2685546875
1853887,24.35302734375
1853905,22.4609375
1853933,21.240234375
1853947,32.16552734375
1853994,23.13232421875
1854005,31.67724609375
1854063,23.25439453125
1854221,23.193359375
1866460,26.611328125
1866520,22.3388671875
1866582,27.9541015625
1866599,31.06689453125
1866637,29.35791015625
1866650,20.8740234375
1866698,25.69580078125
1866717,21.97265625
1866758,22.3388671875
1866896,21.1181640625
1866961,23.62060546875
1867017,21.78955078125
1867081,22.88818359375
1867226,21.240234375
1867422,21.728515625
1867778,20.81298828125
1879470,23.37646484375
1879524,25.634765625
1879572,23.49853515625
1879650,23.193359375
1879682,23.86474609375
1879697,21.8505859375
1879858,21.728515625
1879912,22.27783203125
1879931,22.0947265625
1891476,26.3671875
1891591,21.484375
1891615,27.89306640625
1891647,28.01513671875
1891685,27.4658203125
1891729,21.42333984375
1891844,24.0478515625
1891904,21.54541015625
1891992,21.240234375
1892024,25.2685546875
1892175,20.93505859375
1902422,20.751953125
1902663,21.91162109375
1902748,21.42333984375
1902892,22.705078125
1903077,21.97265625
1916039,22.5830078125
1916066,25.390625
1916083,28.50341796875
1916120,24.71923828125
1916167,26.9775390625
1916306,28.62548828125
1916337,23.8037109375
1916486,20.93505859375
1916597,21.42333984375
1930613,22.27783203125
1930689,26.611328125
1930712,22.52197265625
1930779,27.52685546875
1930835,25.93994140625
1930857,22.15576171875
1930907,21.05712890625
1930944,21.8505859375
1942767,20.93505859375
1942798,22.4609375
1942887,20.8740234375
1942945,21.97265625
1943019,25.7568359375
1943074,21.17919921875
1943144,22.705078125
1943270,22.27783203125
1954730,25.87890625
1954776,20.81298828125
1954832,24.96337890625
2176568,21.728515625
2176636,23.193359375
2176674,21.97265625
2176695,23.681640625
2176718,24.0478515625
2176739,22.15576171875
2176833,21.05712890625
2176881,21.1181640625
2177083,26.7333984375
2177226,25.45166015625
2200318,21.97265625
2200343,21.8505859375
2200362,20.99609375
2200404,22.03369140625
2200438,35.15625
2200463,22.03369140625
2200490,23.0712890625
2200522,21.8505859375
2200620,20.8740234375
2200630,21.1181640625
2200693,25.0244140625
2200818,20.8740234375
2210660,22.76611328125
2210680,20.6298828125
2210703,23.74267578125
2210749,20.69091796875
2210780,23.01025390625
2210864,23.4375
2210893,21.97265625
2211038,20.751953125
2211086,21.240234375
2221998,21.240234375
2222160,25.20751953125
2222184,21.54541015625
2222285,24.2919921875
2222363,24.90234375
2222452,23.49853515625
2222546,22.52197265625
2234010,20.69091796875
2234035,21.6064453125
2234065,21.17919921875
2234096,21.54541015625
2234166,24.35302734375
2234340,20.99609375
2234379,24.90234375
2234437,21.484375
2244946,21.240234375
2245118,23.5595703125
2245169,21.17919921875
2245188,24.59716796875
2245210,22.8271484375
2245274,20.81298828125
2245380,23.37646484375
2255498,21.1181640625
2255576,20.8740234375
2255595,27.4658203125
2255635,23.13232421875
2255666,21.8505859375
2255726,22.52197265625
2255854,20.751953125
2255877,21.3623046875
2268624,23.62060546875
2268651,21.42333984375
2268724,21.97265625
2268757,22.15576171875
2268793,22.88818359375
2268857,22.216796875
2268873,20.6298828125
2268915,21.30126953125
2269106,20.81298828125
2284400,22.27783203125
2285211,23.49853515625
2442309,20.93505859375
2442355,24.658203125
2442403,21.6064453125
2442415,23.37646484375
2442452,26.79443359375
2442508,21.66748046875
2442528,28.076171875
2442572,24.4140625
2442635,20.69091796875
2442731,22.39990234375
2442758,21.66748046875
2442768,24.35302734375
2535436,20.99609375
2535503,22.88818359375
2535537,21.3623046875
2535574,22.52197265625
2535592,28.13720703125
2535681,21.66748046875
2535745,29.6630859375
2535902,20.81298828125
2548604,22.94921875
2548673,27.83203125
2548716,22.88818359375
2548745,22.15576171875
2548797,23.92578125
2548827,23.25439453125
2548847,24.47509765625
2548883,21.6064453125
2548957,21.05712890625
2548980,23.92578125
2549102,21.484375
2549409,21.484375
2549497,20.8740234375
2549634,23.25439453125
2549906,20.93505859375
2561693,20.81298828125
2561812,24.90234375
2561827,21.30126953125
2561860,22.4609375
2561894,20.6298828125
2561925,23.86474609375
2562138,23.5595703125
2562993,20.99609375
2574552,21.05712890625
2574615,26.55029296875
2574752,21.91162109375
2574815,23.37646484375
2575011,26.67236328125
2586332,24.71923828125
2586379,25.81787109375
2586410,22.76611328125
2586482,23.4375
2586531,20.6298828125
2586600,21.54541015625
2586622,21.1181640625
2586639,23.8037109375
2586683,24.71923828125
2586706,25.32958984375
2586813,21.8505859375
2586909,21.42333984375
2586923,20.6298828125
2598685,24.0478515625
2598773,21.66748046875
2598804,21.05712890625
2598834,24.84130859375
2598984,20.751953125
2611704,22.3388671875
2611800,22.5830078125
2611909,25.5126953125
2612035,22.4609375
2625965,23.13232421875
2625984,20.81298828125
2626098,24.84130859375
2641718,23.74267578125
2641821,20.99609375
2641900,20.69091796875
2641937,26.55029296875
2642037,20.8740234375
2642097,21.30126953125
2642254,22.3388671875
2793262,21.05712890625
2793332,28.01513671875
2793385,20.6298828125
2793405,21.97265625
2793443,24.169921875
2793453,21.66748046875
2793494,23.01025390625
2793510,23.25439453125
2793521,26.3671875
2793584,23.25439453125
2793622,23.74267578125
2793661,21.42333984375
2793760,21.728515625
2894825,20.6298828125
2894846,23.0712890625
2894902,22.216796875
2894947,23.3154296875
2894985,28.38134765625
2895007,32.53173828125
2895116,23.681640625
2895196,21.17919921875
2895282,20.6298828125
2895311,20.69091796875
3001987,21.484375
3002048,22.15576171875
3002080,27.77099609375
3002104,21.240234375
3002148,23.01025390625
3002169,24.5361328125
3002190,30.33447265625
3002240,22.27783203125
3002288,25.32958984375
3002327,20.751953125
3002351,24.4140625
3020413,23.86474609375
3020523,22.52197265625
3020627,26.30615234375
3020674,21.78955078125
3020696,23.13232421875
3020739,23.49853515625
3020773,21.78955078125
3020805,23.3154296875
3020878,23.13232421875
3020913,23.01025390625
3020953,20.99609375
3021239,22.0947265625
3031641,21.17919921875
3031750,23.8037109375
3031805,20.93505859375
3031855,22.76611328125
3031873,22.88818359375
3031935,21.66748046875
3031973,23.8037109375
3032354,21.05712890625
3042406,21.484375
3042575,20.81298828125
3042672,20.81298828125
3042748,21.97265625
3042793,22.705078125
3042832,22.5830078125
3052336,21.97265625
3052413,26.9775390625
3052476,23.5595703125
3052561,20.69091796875
3052905,22.4609375
3052927,20.6298828125
3062734,25.390625
3062831,21.1181640625
3062857,20.99609375
3062900,21.97265625
3062960,21.66748046875
3063010,22.15576171875
3063118,21.97265625
3074258,21.728515625
3074458,20.6298828125
3074514,20.99609375
3074547,20.81298828125
3074633,20.93505859375
3074654,26.9775390625
3074773,21.78955078125
3075038,23.49853515625
3085938,21.6064453125
3086060,22.216796875
3086096,20.99609375
3086192,21.05712890625
3086222,21.240234375
3086295,21.78955078125
3246836,21.66748046875
3246912,23.3154296875
3247018,23.3154296875
3247077,28.01513671875
3247103,22.94921875
3247156,20.6298828125
3247179,23.86474609375
3247195,25.0244140625
3247212,28.3203125
3247312,21.66748046875
3247467,21.66748046875
3334524,21.8505859375
3334555,24.2919921875
3334616,31.6162109375
3334631,23.5595703125
3334660,25.81787109375
3334702,21.97265625
3334770,21.240234375
3334793,25.146484375
3334805,22.8271484375
3334831,24.4140625
3334865,27.7099609375
3396158,21.240234375
3396230,22.15576171875
3396253,25.634765625
3396281,25.390625
3396308,31.18896484375
3396344,23.0712890625
3396370,22.88818359375
3396411,22.216796875
3396474,21.1181640625
3396516,21.91162109375
3396559,21.3623046875
3487061,21.728515625
3487149,28.13720703125
3487186,23.49853515625
3487203,22.15576171875
3487241,26.2451171875
3487283,28.25927734375
3487360,21.30126953125
3487442,21.3623046875
3488771,21.54541015625
3595844,25.87890625
3595905,23.01025390625
3595987,25.08544921875
3596019,21.6064453125
3596097,23.0712890625
3596110,23.74267578125
3596150,21.3623046875
3596162,23.92578125
3596201,20.93505859375
3596298,21.8505859375
3596466,21.240234375
3596739,22.39990234375
3597061,20.6298828125
3597187,20.99609375
3597384,20.69091796875
3598783,21.66748046875
3670317,21.1181640625
3670382,26.06201171875
3670447,20.6298828125
3670484,24.59716796875
3670507,25.7568359375
3670527,20.69091796875
3670582,25.87890625
3670598,21.1181640625
3670725,21.484375
3671288,23.92578125
3682387,20.751953125
3682425,22.39990234375
3682463,23.01025390625
3682538,25.20751953125
3682653,25.146484375
3682797,21.78955078125
3682843,21.97265625
3682866,21.54541015625
3682977,21.05712890625
3683014,20.8740234375
3683393,25.0244140625
3693384,26.67236328125
3693479,21.30126953125
3693558,25.7568359375
3693578,22.15576171875
3693611,23.49853515625
3693693,21.17919921875
3693734,22.3388671875
3693775,21.30126953125
3693898,21.66748046875
3693970,20.81298828125
3694060,21.484375
3705388,21.30126953125
3705441,21.17919921875
3705545,22.27783203125
3705600,22.705078125
3705628,25.634765625
3705854,21.97265625
3706239,22.52197265625
3717387,22.0947265625
3717515,24.84130859375
3717545,22.3388671875
3717563,23.3154296875
3717620,22.52197265625
3717649,23.62060546875
3717695,21.05712890625
3717784,24.23095703125
3718204,22.39990234375
3730446,21.484375
3730466,21.1181640625
3730510,22.216796875
3730557,25.0244140625
3730609,21.30126953125
3731698,22.94921875
3741978,24.10888671875
3742050,23.4375
3742112,23.3154296875
3742172,22.5830078125
3752966,23.37646484375
3752977,21.1181640625
3753046,20.751953125
3753132,21.54541015625
3753173,25.2685546875
3753211,23.0712890625
3753406,21.6064453125
3753449,20.99609375
3765387,21.30126953125
3765409,20.81298828125
3765466,21.240234375
3765518,22.5830078125
3765875,20.93505859375
3778152,21.240234375
3778194,21.484375
3778297,24.96337890625
3778381,22.64404296875
3778443,27.83203125
3798825,22.03369140625
3798883,28.74755859375
3798916,21.484375
3798929,26.85546875
3799126,21.78955078125
3799149,20.81298828125
3799181,23.5595703125
3799281,21.17919921875
3816195,24.0478515625
3816226,22.0947265625
3816300,26.06201171875
3816339,22.76611328125
3816369,21.05712890625
3816568,25.45166015625
4010117,22.39990234375
4010230,25.390625
4010255,23.01025390625
4010329,24.169921875
4010342,22.0947265625
4010381,30.029296875
4010408,24.0478515625
4010453,23.37646484375
4010477,23.193359375
4010503,23.86474609375
4011607,20.6298828125
4123737,23.5595703125
4123798,26.79443359375
4123853,22.39990234375
4123894,22.3388671875
4123913,24.2919921875
4123927,23.4375
4123951,24.47509765625
4123998,21.42333984375
4124051,23.4375
4124067,22.94921875
4124141,20.751953125
4124160,21.17919921875
4124235,20.99609375
4206732,24.2919921875
4206761,22.3388671875
4206803,21.54541015625
4206818,20.8740234375
4206861,24.10888671875
4206878,21.42333984375
4206897,20.99609375
4206927,26.06201171875
4206952,21.728515625
4206970,25.93994140625
4206994,28.13720703125
4207052,21.54541015625
4207098,20.81298828125
4207172,21.30126953125
4207191,28.6865234375
4207545,23.5595703125
4288203,24.35302734375
4288249,21.78955078125
4288270,21.3623046875
4288283,24.658203125
4288314,25.20751953125
4288329,28.01513671875
4288357,21.97265625
4288380,29.96826171875
4288416,21.54541015625
4288456,27.9541015625
4288467,23.681640625
4288495,23.3154296875
4288538,23.37646484375
4289393,20.8740234375
4289634,21.3623046875
4289894,20.6298828125
4301816,22.27783203125
4301827,22.76611328125
4302048,25.57373046875
4302061,21.30126953125
4302125,21.05712890625
4302158,23.681640625
4302230,21.30126953125
4302262,20.8740234375
4302297,22.64404296875
4315307,22.94921875
4315357,24.5361328125
4315372,22.0947265625
4315399,22.88818359375
4315451,27.83203125
4315466,22.94921875
4315480,23.0712890625
4315527,21.54541015625
4315568,21.17919921875
4315584,21.6064453125
4315603,21.8505859375
4315782,21.54541015625
4327913,21.42333984375
4327964,22.705078125
4328010,22.4609375
4328030,23.86474609375
4328063,26.42822265625
4328139,25.87890625
4328165,25.57373046875
4328219,22.3388671875
4328267,22.03369140625
4328358,20.69091796875
4337108,23.49853515625
4337204,29.296875
4337214,23.74267578125
4337237,24.0478515625
4337260,23.98681640625
4337374,23.3154296875
4337422,28.1982421875
4348778,23.86474609375
4348854,22.5830078125
4348871,28.62548828125
4348915,24.35302734375
4348933,25.32958984375
4349041,26.91650390625
4349186,22.39990234375
4349264,20.69091796875
4349298,21.42333984375
4360578,21.240234375
4360627,25.20751953125
4360676,20.69091796875
4360859,24.96337890625
4360986,23.13232421875
4361160,20.93505859375
4373450,20.69091796875
4373463,21.1181640625
4373545,20.8740234375
4373637,24.0478515625
4373677,21.3623046875
4373767,25.20751953125
4386536,20.81298828125
4386624,21.42333984375
4386687,22.03369140625
4386713,24.71923828125
4386802,21.54541015625
4386827,21.66748046875
4386957,25.57373046875
4387099,21.3623046875
4387846,20.6298828125
4402931,21.54541015625
4402970,28.01513671875
4403023,23.8037109375
4403232,21.240234375
4403352,21.6064453125
4403417,20.6298828125
4403636,20.93505859375
4415410,20.93505859375
4415434,20.93505859375
4415466,20.69091796875
4415525,27.34375
4415579,22.216796875
4416069,20.99609375
4595169,22.3388671875
4595208,21.1181640625
4595242,22.15576171875
4595254,23.37646484375
4595297,23.86474609375
4595389,21.3623046875
4595415,25.5126953125
4595463,22.64404296875
4595505,26.611328125
4595565,21.42333984375
4595704,20.6298828125
4595942,20.8740234375
4607200,21.54541015625
4607299,20.93505859375
4607459,21.3623046875
4607481,25.81787109375
4607492,20.81298828125
4607511,25.2685546875
4607561,22.5830078125
4607588,24.90234375
4607601,21.66748046875
4607637,28.4423828125
4607697,21.3623046875
4607723,25.7568359375
4607820,21.97265625
4607950,22.15576171875
4608007,25.634765625
4619915,20.69091796875
4619994,21.66748046875
4620042,21.6064453125
4620119,22.39990234375
4620148,22.52197265625
4620170,23.13232421875
4620197,23.4375
4620889,25.57373046875
4630399,25.69580078125
4630878,22.27783203125
4630931,20.81298828125
4640952,22.4609375
4641165,22.03369140625
4641245,21.728515625
4653517,24.71923828125
4653659,25.0244140625
4653723,25.146484375
4653951,24.0478515625
4665199,22.0947265625
4665331,20.69091796875
4665422,21.8505859375
