4798401,0
29568,69.51904296875
29597,38.0859375
29627,297.91259765625
29644,50.96435546875
29655,54.443359375
29681,266.11328125
29706,40.0390625
29718,44.73876953125
29752,125.48828125
29771,152.2216796875
29785,41.8701171875
29800,89.9658203125
29823,95.8251953125
29838,42.8466796875
29866,60.97412109375
29882,85.9375
29928,33.63037109375
29977,89.90478515625
30007,35.33935546875
31116,32.16552734375
83916,32.3486328125
104561,33.203125
104576,62.255859375
104615,51.20849609375
104650,117.24853515625
104668,277.89306640625
104691,55.908203125
104716,131.4697265625
104733,73.18115234375
104760,193.54248046875
104777,167.17529296875
104804,58.41064453125
104817,48.828125
104848,165.771484375
104862,34.423828125
104882,36.07177734375
104908,66.162109375
104927,66.2841796875
104959,67.0166015625
104989,37.04833984375
105045,136.23046875
105259,33.5693359375
105641,37.7197265625
107007,34.3017578125
151722,33.63037109375
168652,33.26416015625
169723,33.99658203125
178787,48.27880859375
178828,32.2265625
178855,44.25048828125
178881,303.1005859375
178904,75.98876953125
178914,100.341796875
178947,94.482421875
178967,196.8994140625
178992,156.18896484375
179018,67.87109375
179038,43.88427734375
179084,170.34912109375
179103,57.373046875
179127,36.56005859375
179159,41.6259765625
179176,46.5087890625
179198,113.34228515625
179223,52.490234375
179284,32.71484375
179626,34.1796875
179665,40.58837890625
231770,33.3251953125
234865,34.60693359375
253368,64.208984375
253392,38.26904296875
253416,45.166015625
253435,113.83056640625
253453,57.80029296875
253463,258.11767578125
253488,71.83837890625
253510,75.01220703125
253529,178.77197265625
253562,161.2548828125
253585,78.369140625
253618,50.10986328125
253637,104.248046875
253654,125
253679,36.1328125
253693,45.5322265625
253729,51.025390625
253750,37.4755859375
253767,47.91259765625
296709,32.71484375
297629,32.958984375
331819,32.2265625
331916,36.07177734375
331928,51.26953125
332054,32.71484375
332088,61.1572265625
332153,69.4580078125
332163,96.86279296875
332194,264.09912109375
332207,222.7783203125
332254,155.8837890625
332271,69.39697265625
332293,60.302734375
332306,193.84765625
332330,82.33642578125
332344,51.7578125
332367,49.1943359375
332392,141.7236328125
332417,68.359375
332439,72.509765625
332477,92.46826171875
332502,40.52734375
332521,34.5458984375
332576,37.59765625
332648,179.38232421875
333277,33.87451171875
378477,32.77587890625
406796,56.0302734375
406841,38.57421875
406898,36.92626953125
406919,126.3427734375
406944,65.49072265625
406975,305.48095703125
406989,78.0029296875
407002,33.69140625
407027,158.26416015625
407050,40.771484375
407066,136.1083984375
407080,101.13525390625
407115,90.8203125
407135,56.33544921875
407152,135.31494140625
407183,50.1708984375
407217,34.85107421875
407235,61.21826171875
407251,50.29296875
407268,36.62109375
407301,100.64697265625
407312,41.44287109375
407419,153.3203125
407693,33.203125
409771,44.7998046875
479495,32.5927734375
484813,39.6728515625
484879,73.8525390625
484908,58.837890625
484927,52.490234375
484947,218.505859375
484972,280.029296875
484982,104.3701171875
485022,129.57763671875
485034,53.1005859375
485059,132.8125
485073,114.19677734375
485091,38.2080078125
485106,70.00732421875
485142,107.97119140625
485181,53.40576171875
485209,41.8701171875
485233,88.80615234375
485260,35.46142578125
485283,66.71142578125
485347,36.43798828125
485709,32.16552734375
486018,32.65380859375
486493,33.5693359375
558933,35.5224609375
570702,52.06298828125
570768,52.978515625
570780,55.48095703125
570791,77.880859375
570803,102.294921875
570834,263.3056640625
570846,213.623046875
570873,87.82958984375
570900,160.58349609375
570920,43.88427734375
570949,246.58203125
570966,37.353515625
571006,39.1845703125
571022,96.37451171875
571043,123.71826171875
571065,37.353515625
571102,33.38623046875
571112,92.529296875
571137,32.40966796875
571162,116.39404296875
571189,45.10498046875
571274,32.77587890625
571382,214.05029296875
571530,33.8134765625
571661,33.02001953125
571820,32.77587890625
651372,57.4951171875
653199,37.353515625
653230,50.1708984375
653253,32.3486328125
653291,43.0908203125
653323,353.45458984375
653345,36.865234375
653373,336.181640625
653391,64.39208984375
653406,64.02587890625
653426,82.6416015625
653437,34.36279296875
653464,216.6748046875
653476,59.75341796875
653497,58.9599609375
653508,50.048828125
653532,81.72607421875
653549,117.24853515625
653587,34.912109375
653619,67.5048828125
653644,36.31591796875
653675,34.36279296875
653703,34.3017578125
653939,211.0595703125
654966,33.75244140625
740855,75.927734375
740880,81.787109375
740894,40.46630859375
740928,60.36376953125
740938,298.88916015625
740977,73.974609375
740989,120.42236328125
741015,60.791015625
741040,70.80078125
741058,194.39697265625
741078,67.626953125
741099,55.7861328125
741116,45.41015625
741149,128.35693359375
741186,63.41552734375
741201,55.419921875
741236,56.396484375
741250,65.4296875
741292,41.259765625
741340,34.423828125
741428,131.28662109375
741723,45.10498046875
742181,41.19873046875
742923,33.8134765625
767350,39.794921875
808733,34.0576171875
829005,43.27392578125
829022,48.76708984375
829044,39.97802734375
829070,248.71826171875
829092,82.763671875
829103,84.65576171875
829132,177.18505859375
829159,58.837890625
829190,89.17236328125
829224,208.1298828125
829237,50.35400390625
829252,63.720703125
829277,56.15234375
829303,58.28857421875
829313,111.14501953125
829337,57.67822265625
829386,68.29833984375
829401,63.04931640625
829422,34.5458984375
829445,41.56494140625
829492,63.53759765625
829504,58.53271484375
829539,36.07177734375
829565,35.58349609375
829659,168.39599609375
829741,34.66796875
829852,37.53662109375
829866,53.466796875
830039,37.109375
830604,40.8935546875
830701,240.41748046875
832140,32.5927734375
920953,67.7490234375
920969,34.0576171875
920997,34.97314453125
921008,65.73486328125
921043,85.205078125
921056,226.01318359375
921076,58.10546875
921088,274.169921875
921107,123.47412109375
921125,49.62158203125
921155,71.77734375
921165,58.04443359375
921194,74.8291015625
921208,73.2421875
921242,39.306640625
921255,100.76904296875
921278,51.08642578125
921289,37.2314453125
921315,35.400390625
921332,57.6171875
921348,61.46240234375
921374,35.09521484375
921405,38.6962890625
921425,38.6962890625
921450,34.72900390625
921466,43.9453125
921560,71.77734375
921582,63.8427734375
921620,34.66796875
921636,32.958984375
921760,143.85986328125
921785,33.38623046875
921833,112.97607421875
921908,33.8134765625
921995,56.884765625
922139,125.3662109375
922254,231.87255859375
922358,42.66357421875
922457,34.36279296875
922531,32.8369140625
922651,44.61669921875
922817,234.619140625
923167,45.0439453125
923662,34.36279296875
1010300,32.470703125
1011140,33.935546875
1011156,33.935546875
1011182,35.82763671875
1011197,309.50927734375
1011223,62.56103515625
1011234,50.59814453125
1011251,225.4638671875
1011296,102.72216796875
1011326,84.41162109375
1011343,112.73193359375
1011362,40.0390625
1011374,52.91748046875
1011385,58.16650390625
1011420,79.52880859375
1011431,51.6357421875
1011444,36.865234375
1011458,52.734375
1011492,65.85693359375
1011507,59.326171875
1011521,35.46142578125
1011563,39.36767578125
1011588,35.46142578125
1011657,32.470703125
1011732,62.07275390625
1011885,76.11083984375
1011904,50.72021484375
1011922,99.30419921875
1011954,35.33935546875
1011986,39.55078125
1012023,109.92431640625
1012151,41.748046875
1012170,113.34228515625
1012183,69.76318359375
1012204,35.7666015625
1012261,166.19873046875
1012332,41.56494140625
1012395,176.45263671875
1012457,33.02001953125
1012491,55.2978515625
1012528,117.61474609375
1012647,34.11865234375
1012705,195.25146484375
1012767,35.94970703125
1012851,187.98828125
1013000,175.72021484375
1013023,134.27734375
1013115,32.53173828125
1013161,34.72900390625
1013467,135.25390625
1013652,48.2177734375
1014026,34.5458984375
1108719,36.56005859375
1108750,86.7919921875
1108767,44.3115234375
1108783,32.3486328125
1108810,256.40869140625
1108834,213.43994140625
1108860,155.3955078125
1108875,56.57958984375
1108911,203.125
1108927,64.5751953125
1108942,82.51953125
1108971,62.56103515625
1108984,105.52978515625
1109006,48.27880859375
1109019,49.74365234375
1109054,59.814453125
1109083,56.82373046875
1109096,35.888671875
1109129,39.24560546875
1109154,35.888671875
1109184,50.537109375
1109222,33.935546875
1109269,34.5458984375
1109288,38.0859375
1109384,35.64453125
1109446,82.1533203125
1109476,47.42431640625
1109516,38.4521484375
1109596,146.728515625
1109634,45.41015625
1109664,41.19873046875
1109784,104.248046875
1109800,39.36767578125
1109871,36.865234375
1109902,123.96240234375
1109939,37.90283203125
1109967,53.955078125
1109994,92.041015625
1110018,38.63525390625
1110056,36.19384765625
1110168,269.71435546875
1110186,37.90283203125
1110359,196.59423828125
1110371,51.3916015625
1110452,104.98046875
1110472,32.40966796875
1110522,46.142578125
1110560,190.185546875
1110708,58.16650390625
1110721,103.759765625
1110889,219.970703125
1110912,36.80419921875
1111017,115.478515625
1111062,205.99365234375
1111125,36.43798828125
1111425,106.62841796875
1111499,33.5693359375
1111902,120.30029296875
1112675,33.63037109375
1182816,33.69140625
1210950,37.59765625
1210981,276.4892578125
1210992,39.85595703125
1211011,43.5791015625
1211027,237.97607421875
1211051,67.56591796875
1211084,132.38525390625
1211102,51.08642578125
1211116,65.3076171875
1211164,41.50390625
1211180,71.35009765625
1211199,61.03515625
1211215,57.92236328125
1211255,64.8193359375
1211281,47.42431640625
1211302,48.27880859375
1211322,58.7158203125
1211341,36.4990234375
1211362,36.68212890625
1211394,46.2646484375
1211439,39.55078125
1211450,33.26416015625
1211501,34.1796875
1211617,44.86083984375
1211658,34.7900390625
1211683,48.15673828125
1211725,32.71484375
1211737,113.09814453125
1211765,33.935546875
1211858,112.60986328125
1211880,104.736328125
1211911,39.24560546875
1211927,45.47119140625
1212047,110.90087890625
1212057,69.9462890625
1212105,185.6689453125
1212218,45.654296875
1212238,88.92822265625
1212387,32.40966796875
1212398,211.0595703125
1212432,45.166015625
1212479,40.283203125
1212561,96.74072265625
1212590,39.00146484375
1212869,46.56982421875
1212900,105.95703125
1212991,41.3818359375
1213008,52.8564453125
1213063,34.36279296875
1213162,39.12353515625
1213376,34.423828125
1213401,37.59765625
1213677,114.56298828125
1214489,132.50732421875
1240691,32.65380859375
1305957,39.794921875
1312924,58.04443359375
1312948,32.5927734375
1312994,66.10107421875
1313011,110.77880859375
1313027,272.64404296875
1313046,194.64111328125
1313075,172.66845703125
1313095,41.32080078125
1313127,159.11865234375
1313137,127.197265625
1313170,42.8466796875
1313202,102.05078125
1313215,70.556640625
1313226,76.66015625
1313246,48.4619140625
1313272,59.38720703125
1313295,52.978515625
1313306,67.87109375
1313360,69.51904296875
1313394,47.18017578125
1313410,33.02001953125
1313463,45.5322265625
1313507,37.29248046875
1313593,40.8935546875
1313611,37.2314453125
1313652,67.19970703125
1313699,118.65234375
1313721,34.1796875
1313750,32.8369140625
1313801,94.482421875
1313812,51.513671875
1313861,75.50048828125
1313911,46.142578125
1313934,32.2265625
1314012,172.4853515625
1314030,41.80908203125
1314077,35.15625
1314113,36.0107421875
1314140,36.56005859375
1314190,167.78564453125
1314279,39.97802734375
1314312,91.97998046875
1314486,38.9404296875
1314511,201.35498046875
1314542,110.65673828125
1314730,32.89794921875
1314867,64.27001953125
1314964,119.0185546875
1315023,33.69140625
1315038,48.76708984375
1315411,33.02001953125
1315533,126.89208984375
1396203,32.2265625
1409949,35.5224609375
1409980,36.43798828125
1409998,53.8330078125
1410011,311.82861328125
1410043,56.2744140625
1410059,137.8173828125
1410078,58.349609375
1410097,147.94921875
1410112,95.947265625
1410138,87.40234375
1410155,42.05322265625
1410178,96.3134765625
1410203,93.75
1410228,34.0576171875
1410260,91.552734375
1410286,46.32568359375
1410311,39.97802734375
1410340,58.349609375
1410369,43.88427734375
1410389,49.9267578125
1410411,32.53173828125
1410427,41.56494140625
1410446,36.62109375
1410491,42.6025390625
1410511,37.2314453125
1410525,44.37255859375
1410576,70.49560546875
1410698,127.25830078125
1410728,44.25048828125
1410789,33.5693359375
1410824,84.3505859375
1410850,34.24072265625
1410900,142.39501953125
1410912,47.18017578125
1411032,54.50439453125
1411075,107.7880859375
1411186,200.0732421875
1411215,32.958984375
1411255,34.85107421875
1411347,107.0556640625
1411369,184.14306640625
1411402,52.18505859375
1411545,110.3515625
1411577,199.27978515625
1411614,42.41943359375
1411714,36.07177734375
1411770,44.12841796875
1411818,116.5771484375
1412281,214.17236328125
1412337,120.54443359375
1412375,48.40087890625
1412716,119.81201171875
1412791,39.55078125
1413052,108.5205078125
1413293,104.00390625
1503266,59.6923828125
1503282,38.63525390625
1503309,55.23681640625
1503337,261.41357421875
1503353,83.984375
1503386,44.73876953125
1503403,132.01904296875
1503427,225.5859375
1503453,133.7890625
1503484,71.044921875
1503506,113.76953125
1503524,75.0732421875
1503538,62.6220703125
1503551,44.7998046875
1503581,56.2744140625
1503597,58.837890625
1503622,54.13818359375
1503647,35.0341796875
1503675,44.5556640625
1503699,34.24072265625
1503711,35.64453125
1503757,33.26416015625
1503790,38.9404296875
1503860,34.24072265625
1503898,35.5224609375
1503913,47.4853515625
1503936,78.61328125
1503955,32.65380859375
1504013,39.55078125
1504073,128.35693359375
1504087,34.36279296875
1504108,66.650390625
1504140,34.423828125
1504164,40.46630859375
1504197,128.47900390625
1504267,85.693359375
1504299,42.66357421875
1504325,43.8232421875
1504346,143.49365234375
1504387,35.64453125
1504438,85.63232421875
1504509,32.77587890625
1504548,43.15185546875
1504618,32.53173828125
1504658,35.2783203125
1504734,90.576171875
1504770,195.80078125
1504870,35.64453125
1504894,36.68212890625
1504926,94.90966796875
1504948,32.65380859375
1504981,209.89990234375
1505145,86.73095703125
1505224,42.78564453125
1505402,99.54833984375
1505444,40.52734375
1505976,122.37548828125
1506267,113.6474609375
1506993,136.77978515625
1585367,32.28759765625
1589523,32.65380859375
1593495,55.419921875
1593525,33.14208984375
1593558,96.923828125
1593568,266.05224609375
1593591,216.064453125
1593630,189.0869140625
1593670,137.39013671875
1593681,178.22265625
1593705,57.43408203125
1593742,103.1494140625
1593772,67.2607421875
1593798,50.4150390625
1593815,61.70654296875
1593828,33.38623046875
1593855,38.26904296875
1593896,45.47119140625
1593923,36.7431640625
1593939,36.62109375
1593960,36.43798828125
1593996,32.53173828125
1594033,45.8984375
1594119,50.47607421875
1594163,37.59765625
1594190,69.03076171875
1594255,33.50830078125
1594293,35.33935546875
1594316,35.70556640625
1594344,192.0166015625
1594373,40.71044921875
1594469,142.88330078125
1594494,50.23193359375
1594516,33.50830078125
1594526,35.46142578125
1594566,36.92626953125
1594591,45.22705078125
1594667,199.27978515625
1594684,58.349609375
1594843,49.25537109375
1594933,86.24267578125
1595013,45.83740234375
1595043,197.509765625
1595087,50.78125
1595190,36.1328125
1595207,111.2060546875
1595246,51.69677734375
1595272,32.89794921875
1595400,109.19189453125
1595415,43.3349609375
1595540,47.2412109375
1595628,232.72705078125
1595738,32.89794921875
1595840,102.05078125
1595947,48.33984375
1596097,101.50146484375
1596201,38.57421875
1596338,47.05810546875
1596574,107.91015625
1596898,113.22021484375
1597164,100.76904296875
1597243,251.0986328125
1600554,287.78076171875
1602343,263.85498046875
1602506,256.04248046875
1604284,270.08056640625
1607341,282.470703125
1607580,263.73291015625
1613986,275.20751953125
1624077,280.09033203125
1624428,291.50390625
1684195,49.6826171875
1684212,34.1796875
1684236,68.54248046875
1684264,267.7001953125
1684274,232.48291015625
1684301,67.7490234375
1684323,164.73388671875
1684347,55.5419921875
1684358,168.15185546875
1684384,114.2578125
1684401,129.7607421875
1684428,98.9990234375
1684448,54.87060546875
1684460,37.9638671875
1684474,57.9833984375
1684499,50.72021484375
1684519,38.2080078125
1684534,43.15185546875
1684560,34.24072265625
1684587,42.66357421875
1684630,34.48486328125
1684640,43.39599609375
1684672,46.44775390625
1684693,46.56982421875
1684749,33.447265625
1684822,33.75244140625
1684849,36.4990234375
1684962,114.80712890625
1684983,68.90869140625
1685007,32.53173828125
1685034,37.7197265625
1685110,78.9794921875
1685156,44.7998046875
1685264,36.2548828125
1685298,215.75927734375
1685312,99.91455078125
1685363,44.00634765625
1685464,47.7294921875
1685486,87.09716796875
1685622,45.34912109375
1685776,99.609375
1685890,33.203125
1685984,47.66845703125
1686001,86.42578125
1686132,48.52294921875
1686217,34.7900390625
1686235,96.49658203125
1686393,202.0263671875
1686426,34.3017578125
1686451,106.99462890625
1686599,35.5224609375
1686617,32.3486328125
1686651,106.50634765625
1686941,96.5576171875
1687225,101.25732421875
1687269,45.7763671875
1687499,106.14013671875
1688023,104.736328125
1774258,35.888671875
1774277,50.47607421875
1774322,37.353515625
1774334,56.45751953125
1774354,55.60302734375
1774369,337.46337890625
1774388,77.94189453125
1774419,85.0830078125
1774432,117.0654296875
1774446,163.9404296875
1774478,108.94775390625
1774503,37.29248046875
1774525,95.458984375
1774543,47.9736328125
1774556,53.5888671875
1774567,80.26123046875
1774603,74.70703125
1774634,61.5234375
1774657,39.48974609375
1774697,46.93603515625
1774741,36.1328125
1774789,35.15625
1774805,37.17041015625
1774825,41.93115234375
1774866,40.46630859375
1774923,35.33935546875
1774951,39.48974609375
1774961,50.35400390625
1775024,32.470703125
1775105,40.52734375
1775117,134.58251953125
1775136,74.951171875
1775160,66.10107421875
1775191,32.16552734375
1775263,33.3251953125
1775278,35.09521484375
1775331,187.92724609375
1775341,66.95556640625
1775421,83.0078125
1775452,33.99658203125
1775466,36.4990234375
1775481,40.10009765625
1775543,188.720703125
1775569,37.7197265625
1775654,94.90966796875
1775692,44.37255859375
1775713,48.52294921875
1775769,32.53173828125
1775862,79.65087890625
1775902,42.90771484375
1775912,32.65380859375
1776006,42.8466796875
1776070,104.98046875
1776112,45.2880859375
1776362,85.38818359375
1776625,109.86328125
1776676,47.05810546875
1776845,89.599609375
1777129,96.19140625
1777155,45.59326171875
1777516,103.69873046875
1777760,93.505859375
1778152,103.45458984375
1827133,37.04833984375
1833880,35.94970703125
1865876,68.115234375
1865919,32.04345703125
1865945,99.853515625
1865963,238.58642578125
1865977,70.1904296875
1865989,67.5048828125
1866014,155.76171875
1866042,166.68701171875
1866066,54.19921875
1866078,157.16552734375
1866101,56.33544921875
1866116,80.99365234375
1866142,65.0634765625
1866162,56.70166015625
1866189,64.75830078125
1866205,79.40673828125
1866245,40.4052734375
1866280,52.1240234375
1866297,45.34912109375
1866343,33.447265625
1866359,40.771484375
1866401,35.58349609375
1866430,37.4755859375
1866450,43.76220703125
1866467,33.26416015625
1866519,36.376953125
1866533,74.40185546875
1866578,34.3017578125
1866621,73.79150390625
1866662,36.62109375
1866772,34.60693359375
1866830,216.97998046875
1866850,86.42578125
1866863,51.94091796875
1866927,35.09521484375
1867116,100.09765625
1867155,38.818359375
1867236,45.34912109375
1867261,57.43408203125
1867327,98.9990234375
1867412,229.91943359375
1867636,116.02783203125
1867742,54.38232421875
1867892,106.75048828125
1867966,62.56103515625
1868186,133.6669921875
1868232,49.9267578125
1868478,103.02734375
1868614,32.28759765625
1868805,101.50146484375
1869093,31.79931640625
1900685,33.0810546875
1953159,38.39111328125
1953192,45.59326171875
1953234,79.2236328125
1953259,303.7109375
1953271,249.45068359375
1953308,107.11669921875
1953327,55.48095703125
1953363,197.69287109375
1953388,53.955078125
1953415,57.2509765625
1953439,108.3984375
1953462,88.07373046875
1953473,68.17626953125
1953493,38.330078125
1953515,62.56103515625
1953545,45.0439453125
1953557,53.40576171875
1953584,49.8046875
1953595,51.45263671875
1953618,41.07666015625
1953661,31.8603515625
1953689,40.95458984375
1953701,48.095703125
1953776,78.67431640625
1953786,57.55615234375
1953854,43.3349609375
1953876,31.92138671875
1953954,56.70166015625
1953970,161.1328125
1954057,77.5146484375
1954100,40.4052734375
1954129,58.28857421875
1954180,32.2265625
1954261,111.4501953125
1954286,47.66845703125
1954524,54.62646484375
1954550,106.26220703125
1954774,47.54638671875
1954801,69.15283203125
1954870,33.8134765625
1954972,117.61474609375
1954992,40.52734375
1955188,48.88916015625
1955256,100.830078125
1955778,118.5302734375
1955804,35.82763671875
1956182,125.3662109375
1991057,33.447265625
2011940,32.40966796875
2028207,32.958984375
2043580,56.396484375
2043639,39.0625
2043665,81.6650390625
2043676,215.27099609375
2043694,224.853515625
2043725,82.275390625
2043735,157.2265625
2043746,66.22314453125
2043773,142.9443359375
2043794,74.27978515625
2043812,92.28515625
2043834,118.408203125
2043861,80.87158203125
2043882,55.72509765625
2043897,64.453125
2043933,97.5341796875
2043963,38.9404296875
2043984,47.36328125
2044021,42.96875
2044039,50.72021484375
2044058,32.470703125
2044096,33.50830078125
2044118,37.41455078125
2044136,53.7109375
2044342,45.34912109375
2044398,177.978515625
2044409,53.77197265625
2044467,110.04638671875
2044595,37.109375
2044611,60.05859375
2044646,224.609375
2044724,103.94287109375
2044967,114.74609375
2044977,45.95947265625
2045031,35.64453125
2045246,35.58349609375
2045345,45.83740234375
2045356,135.6201171875
2045602,127.0751953125
2046399,31.982421875
2133040,32.77587890625
2133070,52.55126953125
2133139,36.2548828125
2133153,249.69482421875
2133173,242.73681640625
2133194,96.98486328125
2133214,201.66015625
2133233,60.24169921875
2133262,51.45263671875
2133280,153.4423828125
2133304,44.3115234375
2133339,97.10693359375
2133365,69.51904296875
2133384,40.52734375
2133415,69.39697265625
2133447,64.63623046875
2133461,50.72021484375
2133488,39.73388671875
2133522,54.931640625
2133550,42.96875
2133584,46.9970703125
2133599,38.2080078125
2133640,67.138671875
2133650,44.98291015625
2133834,44.5556640625
2133974,124.81689453125
2133998,32.470703125
2134018,32.89794921875
2134063,34.423828125
2134099,45.83740234375
2134148,33.935546875
2134278,40.1611328125
2134309,40.1611328125
2134473,33.75244140625
2134581,44.73876953125
2134681,134.765625
2135057,34.36279296875
2135136,50.35400390625
2135185,141.9677734375
2135217,33.0810546875
2223496,33.26416015625
2223514,55.96923828125
2223573,42.236328125
2223599,278.6865234375
2223609,183.349609375
2223637,44.73876953125
2223666,66.650390625
2223692,191.7724609375
2223707,38.87939453125
2223728,72.6318359375
2223743,87.646484375
2223765,57.80029296875
2223789,91.85791015625
2223816,49.13330078125
2223830,36.1328125
2223863,48.828125
2223882,85.51025390625
2223905,61.21826171875
2223924,44.61669921875
2223973,52.001953125
2223989,37.7197265625
2224010,41.93115234375
2224053,34.85107421875
2224073,42.8466796875
2224120,83.80126953125
2224141,37.65869140625
2224243,149.71923828125
2224257,39.00146484375
2224332,96.3134765625
2224416,43.39599609375
2224504,53.64990234375
2224603,33.69140625
2224648,37.65869140625
2224707,36.56005859375
2224809,114.19677734375
2224920,33.447265625
2225107,64.5751953125
2225148,135.1318359375
2225166,32.16552734375
2225238,51.20849609375
2225800,36.07177734375
2309302,32.71484375
2311588,59.50927734375
2311631,35.58349609375
2311650,42.29736328125
2311665,110.2294921875
2311689,252.62451171875
2311705,75.37841796875
2311735,79.4677734375
2311754,140.19775390625
2311774,145.32470703125
2311787,52.55126953125
2311815,77.392578125
2311830,75.98876953125
2311859,104.55322265625
2311882,69.82421875
2311902,44.00634765625
2311913,41.50390625
2311952,95.947265625
2311970,49.1943359375
2311982,37.109375
2311996,34.72900390625
2312020,39.85595703125
2312050,61.8896484375
2312074,52.06298828125
2312086,34.97314453125
2312111,32.40966796875
2312180,44.86083984375
2312205,34.72900390625
2312230,33.447265625
2312381,90.33203125
2312411,33.447265625
2312424,31.982421875
2312533,46.08154296875
2312694,34.24072265625
2312905,33.3251953125
2312960,36.2548828125
2313199,35.0341796875
2313216,143.98193359375
2397436,60.72998046875
2397468,36.92626953125
2397483,32.3486328125
2397508,47.119140625
2397531,273.92578125
2397546,190.00244140625
2397579,77.33154296875
2397606,69.51904296875
2397633,121.39892578125
2397665,120.2392578125
2397680,43.51806640625
2397698,57.373046875
2397718,94.90966796875
2397730,72.75390625
2397757,41.259765625
2397776,53.8330078125
2397802,82.275390625
2397826,61.1572265625
2397853,46.32568359375
2397894,72.32666015625
2397922,44.25048828125
2397939,44.7998046875
2398010,75.8056640625
2398041,43.15185546875
2398176,87.158203125
2398422,122.0703125
2398525,33.203125
2398741,35.7666015625
2398835,41.68701171875
2399007,146.240234375
2399033,34.3017578125
2399360,37.65869140625
2399528,31.982421875
2472290,31.79931640625
2486371,66.650390625
2486385,31.92138671875
2486450,298.2177734375
2486463,83.06884765625
2486497,173.15673828125
2486520,193.54248046875
2486550,58.837890625
2486576,55.35888671875
2486597,129.33349609375
2486612,102.05078125
2486630,57.43408203125
2486660,81.35986328125
2486679,123.291015625
2486694,63.41552734375
2486713,53.3447265625
2486738,35.70556640625
2486763,67.56591796875
2486779,56.640625
2486796,59.9365234375
2486834,41.80908203125
2486852,52.001953125
2486886,55.11474609375
2486937,40.771484375
2486967,59.4482421875
2487006,33.02001953125
2487062,37.4755859375
2487218,112.12158203125
2487281,51.1474609375
2487370,34.48486328125
2487469,140.9912109375
2487517,33.0810546875
2487671,34.72900390625
2487744,44.37255859375
2488047,56.09130859375
2512756,31.79931640625
2571890,55.419921875
2571911,43.76220703125
2571922,58.04443359375
2571962,77.0263671875
2571981,218.44482421875
2572009,50.72021484375
2572037,182.7392578125
2572047,88.68408203125
2572067,147.216796875
2572093,99.54833984375
2572104,134.27734375
2572138,52.91748046875
2572153,115.1123046875
2572182,61.6455078125
2572194,49.74365234375
2572220,45.41015625
2572236,74.64599609375
2572263,86.3037109375
2572298,38.63525390625
2572321,59.99755859375
2572332,51.94091796875
2572371,71.83837890625
2572394,39.36767578125
2572534,55.48095703125
2572620,39.55078125
2572637,176.81884765625
2572649,36.80419921875
2572846,136.1083984375
2572858,58.59375
2572993,31.8603515625
2573137,32.958984375
2573159,39.24560546875
2573178,32.470703125
2573247,32.1044921875
2573315,132.26318359375
2573363,43.51806640625
2573383,41.3818359375
2573523,31.8603515625
2573908,54.62646484375
2658534,60.11962890625
2658548,33.26416015625
2658596,37.17041015625
2658606,90.576171875
2658637,291.9921875
2658649,177.978515625
2658675,65.00244140625
2658703,173.2177734375
2658730,53.28369140625
2658757,67.56591796875
2658782,53.1005859375
2658806,38.0859375
2658831,134.21630859375
2658849,57.12890625
2658869,56.70166015625
2658912,67.2607421875
2658932,32.5927734375
2658976,37.109375
2659006,49.01123046875
2659037,35.7666015625
2659071,33.935546875
2659085,45.59326171875
2659259,45.654296875
2659286,87.646484375
2659350,35.09521484375
2659425,34.5458984375
2659478,46.9970703125
2659640,32.2265625
2659656,148.98681640625
2659753,33.8134765625
2659820,48.52294921875
2659942,152.7099609375
2659997,35.33935546875
2660018,33.50830078125
2660189,134.6435546875
2660214,37.2314453125
2660325,42.78564453125
2660649,51.33056640625
2660717,129.5166015625
2660847,63.720703125
2661273,128.72314453125
2726148,34.3017578125
2746703,49.560546875
2746738,36.9873046875
2746779,46.81396484375
2746812,66.7724609375
2746843,134.09423828125
2746854,49.1943359375
2746869,58.2275390625
2746903,185.791015625
2746925,50.47607421875
2746943,57.7392578125
2746970,88.623046875
2746982,139.58740234375
2747008,72.021484375
2747034,39.36767578125
2747061,55.7861328125
2747092,57.43408203125
2747111,40.52734375
2747155,48.33984375
2747166,44.0673828125
2747197,40.0390625
2747240,38.75732421875
2747371,61.5234375
2747384,82.82470703125
2747505,151.55029296875
2747633,110.90087890625
2747671,41.9921875
2747702,33.935546875
2747754,204.2236328125
2747775,49.4384765625
2747827,39.6728515625
2747877,123.22998046875
2747957,36.0107421875
2748012,41.19873046875
2748107,107.7880859375
2748171,39.12353515625
2748220,57.12890625
2748290,36.865234375
2748308,47.36328125
2748370,122.9248046875
2748393,34.48486328125
2748565,44.00634765625
2748682,133.72802734375
2749011,114.8681640625
2749047,32.8369140625
2749138,36.865234375
2749395,106.689453125
2749440,35.46142578125
2749812,129.82177734375
2815660,32.77587890625
2839569,60.791015625
2839628,43.27392578125
2839638,37.53662109375
2839652,68.84765625
2839672,212.646484375
2839693,77.1484375
2839707,193.17626953125
2839747,181.57958984375
2839766,64.51416015625
2839787,63.17138671875
2839798,35.400390625
2839831,140.5029296875
2839841,41.8701171875
2839863,59.326171875
2839877,35.64453125
2839906,84.53369140625
2839933,63.65966796875
2839947,38.6962890625
2839965,32.16552734375
2839986,34.912109375
2840016,39.73388671875
2840030,53.1005859375
2840071,41.44287109375
2840117,46.7529296875
2840234,67.7490234375
2840245,34.1796875
2840286,120.78857421875
2840348,37.17041015625
2840416,88.134765625
2840443,37.41455078125
2840461,31.982421875
2840473,34.48486328125
2840501,39.306640625
2840591,96.86279296875
2840604,81.84814453125
2840642,49.98779296875
2840659,35.46142578125
2840804,55.7861328125
2840845,103.02734375
2840862,36.2548828125
2840882,42.724609375
2841059,31.8603515625
2841086,52.91748046875
2841105,98.20556640625
2841130,48.583984375
2841347,101.806640625
2841391,46.2646484375
2841414,42.54150390625
2841440,44.49462890625
2841593,99.54833984375
2841774,34.48486328125
2841812,103.33251953125
2841823,42.17529296875
2841938,32.16552734375
2842371,121.15478515625
2842675,107.60498046875
2882606,36.4990234375
2890210,31.92138671875
2929926,54.99267578125
2929940,37.2314453125
2929977,35.2783203125
2930001,37.7197265625
2930012,267.88330078125
2930037,57.861328125
2930052,41.748046875
2930073,233.88671875
2930085,42.66357421875
2930100,52.30712890625
2930123,153.1982421875
2930137,156.18896484375
2930163,62.92724609375
2930192,146.8505859375
2930224,47.66845703125
2930257,74.3408203125
2930270,81.11572265625
2930304,44.677734375
2930330,35.09521484375
2930346,46.32568359375
2930386,41.44287109375
2930402,43.76220703125
2930449,36.865234375
2930478,36.43798828125
2930504,42.41943359375
2930563,34.11865234375
2930629,104.79736328125
2930642,46.93603515625
2930772,113.8916015625
2930785,78.18603515625
2930900,40.58837890625
2930910,39.97802734375
2930935,170.71533203125
2930957,70.98388671875
2931019,48.03466796875
2931086,50.96435546875
2931101,33.69140625
2931139,109.86328125
2931236,41.68701171875
2931248,32.40966796875
2931292,41.1376953125
2931339,39.55078125
2931368,100.2197265625
2931388,34.72900390625
2931405,49.6826171875
2931430,32.958984375
2931479,38.57421875
2931533,35.64453125
2931574,106.01806640625
2931636,31.982421875
2931646,49.98779296875
2931759,38.87939453125
2931833,87.58544921875
2931852,50.4150390625
2931870,67.44384765625
2931964,33.935546875
2932060,38.14697265625
2932082,93.6279296875
2932129,44.25048828125
2932306,96.98486328125
2932492,37.29248046875
2932556,102.6611328125
2932672,33.5693359375
2932736,32.1044921875
2932863,102.4169921875
2933201,92.4072265625
2933589,63.720703125
3011734,32.28759765625
3018667,38.14697265625
3018697,64.94140625
3018720,38.57421875
3018737,33.87451171875
3018761,43.64013671875
3018787,382.14111328125
3018799,66.40625
3018828,70.12939453125
3018841,50.96435546875
3018870,153.1982421875
3018887,41.56494140625
3018918,138.61083984375
3018928,71.96044921875
3018950,120.17822265625
3018966,64.75830078125
3018996,58.837890625
3019014,43.9453125
3019043,63.90380859375
3019074,39.306640625
3019093,33.0810546875
3019114,44.98291015625
3019154,31.92138671875
3019179,35.2783203125
3019196,47.36328125
3019237,32.3486328125
3019267,39.00146484375
3019378,39.4287109375
3019448,38.4521484375
3019476,61.34033203125
3019532,51.57470703125
3019588,35.15625
3019666,47.607421875
3019701,167.05322265625
3019711,72.75390625
3019742,38.87939453125
3019781,38.2080078125
3019792,52.8564453125
3019836,35.400390625
3019896,35.46142578125
3019919,84.65576171875
3019948,199.40185546875
3019974,40.58837890625
3020021,32.77587890625
3020092,113.70849609375
3020121,40.10009765625
3020154,42.66357421875
3020269,41.68701171875
3020321,97.7783203125
3020338,34.36279296875
3020348,33.99658203125
3020370,43.0908203125
3020390,36.43798828125
3020476,40.283203125
3020492,33.99658203125
3020516,92.95654296875
3020549,41.1376953125
3020565,33.447265625
3020626,232.36083984375
3020652,45.8984375
3020743,90.33203125
3020766,32.28759765625
3020932,35.400390625
3020952,43.39599609375
3020987,100.15869140625
3021135,33.8134765625
3021209,46.0205078125
3021224,86.0595703125
3021401,32.1044921875
3021451,53.3447265625
3021507,101.37939453125
3021681,44.43359375
3021773,113.34228515625
3021991,33.8134765625
3022080,92.46826171875
3022330,34.1796875
3022404,91.4306640625
3109553,51.8798828125
3109572,37.65869140625
3109600,32.77587890625
3109630,32.28759765625
3109645,75.37841796875
3109665,459.3505859375
3109682,74.5849609375
3109709,57.80029296875
3109719,54.443359375
3109732,178.7109375
3109753,148.62060546875
3109787,80.4443359375
3109814,99.365234375
3109829,90.75927734375
3109860,77.45361328125
3109886,59.9365234375
3109908,82.51953125
3109925,39.24560546875
3109946,38.87939453125
3109979,72.998046875
3109992,55.5419921875
3110043,36.68212890625
3110168,36.56005859375
3110238,37.4755859375
3110324,41.6259765625
3110376,108.45947265625
3110409,39.9169921875
3110473,90.75927734375
3110508,41.748046875
3110543,33.69140625
3110601,172.79052734375
3110622,34.7900390625
3110655,36.376953125
3110691,37.4755859375
3110756,36.1328125
3110820,78.67431640625
3110936,36.80419921875
3110949,39.36767578125
3110961,33.0810546875
3111026,41.80908203125
3111077,210.9375
3111094,106.5673828125
3111142,36.56005859375
3111252,39.48974609375
3111285,45.8984375
3111307,94.6044921875
3111336,39.85595703125
3111415,36.62109375
3111457,39.00146484375
3111468,36.68212890625
3111504,224.79248046875
3111541,89.05029296875
3111569,51.3916015625
3111627,43.02978515625
3111728,31.92138671875
3111760,78.7353515625
3111817,32.40966796875
3111843,38.4521484375
3111902,52.79541015625
3111942,37.29248046875
3112017,81.97021484375
3112154,41.80908203125
3112195,49.37744140625
3112253,89.84375
3112390,32.5927734375
3112526,92.28515625
3112764,88.623046875
3112921,34.1796875
3112984,86.73095703125
3113286,80.74951171875
3113890,32.65380859375
3200291,47.36328125
3200335,230.04150390625
3200351,66.2841796875
3200379,184.5703125
3200401,154.9072265625
3200422,76.35498046875
3200433,88.2568359375
3200467,147.39990234375
3200499,72.44873046875
3200515,70.80078125
3200547,136.16943359375
3200576,90.02685546875
3200590,59.75341796875
3200623,75.5615234375
3200653,40.52734375
3200672,44.37255859375
3200699,44.0673828125
3200726,48.4619140625
3200737,34.5458984375
3200774,33.87451171875
3200809,39.12353515625
3200835,34.1796875
3200882,42.724609375
3200922,35.888671875
3200953,41.259765625
3200995,51.6357421875
3201021,32.53173828125
3201045,34.24072265625
3201091,38.26904296875
3201123,103.515625
3201141,32.77587890625
3201209,42.66357421875
3201227,44.61669921875
3201258,111.6943359375
3201340,37.65869140625
3201377,39.306640625
3201416,63.04931640625
3201454,32.40966796875
3201510,33.14208984375
3201531,193.2373046875
3201558,35.58349609375
3201584,91.30859375
3201601,41.8701171875
3201624,39.794921875
3201773,46.38671875
3201783,82.3974609375
3201826,37.78076171875
3201889,32.77587890625
3201923,53.8330078125
3202028,91.36962890625
3202065,45.95947265625
3202105,50.96435546875
3202184,46.875
3202236,96.5576171875
3202342,38.57421875
3202356,43.39599609375
3202401,40.52734375
3202433,76.72119140625
3202443,32.470703125
3202671,54.01611328125
3202754,91.36962890625
3202821,32.8369140625
3202942,39.306640625
3203006,85.14404296875
3203183,46.56982421875
3203230,68.4814453125
3203328,39.73388671875
3203476,63.96484375
3203562,36.0107421875
3203806,84.3505859375
3204035,33.99658203125
3204070,103.21044921875
3289271,35.09521484375
3289290,55.72509765625
3289358,49.1943359375
3289371,73.42529296875
3289382,196.10595703125
3289399,66.40625
3289424,87.46337890625
3289436,175.6591796875
3289468,134.1552734375
3289498,114.80712890625
3289529,65.7958984375
3289544,78.43017578125
3289556,34.11865234375
3289571,60.36376953125
3289594,34.11865234375
3289618,57.2509765625
3289633,50.6591796875
3289650,33.14208984375
3289668,39.4287109375
3289698,32.16552734375
3289728,38.9404296875
3289765,32.958984375
3289807,38.39111328125
3289842,36.19384765625
3289872,39.12353515625
3289972,38.2080078125
3290044,33.02001953125
3290065,49.86572265625
3290120,46.875
3290243,53.77197265625
3290280,36.7431640625
3290305,42.1142578125
3290334,32.1044921875
3290393,50.537109375
3290412,39.36767578125
3290482,157.1044921875
3290532,46.875
3290623,87.0361328125
3290638,62.3779296875
3290678,35.400390625
3290737,33.02001953125
3290769,44.00634765625
3290832,60.6689453125
3290881,41.6259765625
3290916,48.03466796875
3290996,37.04833984375
3291014,74.76806640625
3291049,44.43359375
3291236,67.626953125
3291266,38.9404296875
3291416,46.20361328125
3291455,70.556640625
3291515,32.28759765625
3291574,37.841796875
3291658,35.0341796875
3291683,76.66015625
3291737,34.0576171875
3291754,38.330078125
3291911,84.8388671875
3291922,39.85595703125
3291995,34.48486328125
3292065,32.3486328125
3292112,82.8857421875
3292356,32.04345703125
3292375,52.42919921875
3292412,34.1796875
3292603,59.26513671875
3292801,36.4990234375
3292948,92.6513671875
3293309,99.06005859375
3382874,65.85693359375
3382930,45.2880859375
3382944,274.59716796875
3382959,120.30029296875
3382972,235.2294921875
3383009,129.21142578125
3383027,64.3310546875
3383049,162.41455078125
3383067,82.45849609375
3383077,53.1005859375
3383097,73.1201171875
3383126,151.0009765625
3383136,35.0341796875
3383156,50.537109375
3383171,43.51806640625
3383203,65.12451171875
3383220,35.21728515625
3383231,39.73388671875
3383251,36.9873046875
3383268,40.4052734375
3383296,45.95947265625
3383320,46.69189453125
3383331,32.40966796875
3383367,32.5927734375
3383499,37.41455078125
3383589,39.1845703125
3383729,48.095703125
3383752,42.724609375
3383803,131.103515625
3383823,36.07177734375
3383852,34.36279296875
3383864,37.17041015625
3383902,79.04052734375
3383932,31.79931640625
3383942,36.07177734375
3383969,67.0166015625
3384021,171.38671875
3384087,70.00732421875
3384119,33.203125
3384164,32.53173828125
3384275,262.75634765625
3384359,36.07177734375
3384440,67.5048828125
3384475,201.0498046875
3384494,62.31689453125
3384642,48.095703125
3384656,91.796875
3384677,194.15283203125
3384810,50.6591796875
3384876,89.53857421875
3384987,36.56005859375
3385061,56.45751953125
3385080,32.16552734375
3385156,32.71484375
3385170,45.59326171875
3385190,47.91259765625
3385286,72.998046875
3385370,31.92138671875
3385434,44.73876953125
3385477,31.8603515625
3385553,79.833984375
3385664,31.79931640625
3385701,32.65380859375
3385847,47.05810546875
3385858,72.021484375
3386156,97.412109375
3386412,85.693359375
3386522,34.24072265625
3386738,33.63037109375
3474436,64.51416015625
3474464,35.70556640625
3474487,34.72900390625
3474499,266.6015625
3474536,83.0078125
3474565,242.98095703125
3474583,61.21826171875
3474596,64.94140625
3474618,60.05859375
3474643,175.4150390625
3474662,60.60791015625
3474681,66.10107421875
3474715,105.712890625
3474744,83.49609375
3474763,67.93212890625
3474788,65.73486328125
3474823,54.8095703125
3474839,40.4052734375
3474877,39.12353515625
3474893,34.11865234375
3474931,34.85107421875
3474955,43.5791015625
3474971,32.5927734375
3475028,34.5458984375
3475045,34.423828125
3475112,38.57421875
3475189,35.09521484375
3475244,37.65869140625
3475272,32.958984375
3475301,119.9951171875
3475311,41.50390625
3475381,35.400390625
3475392,62.1337890625
3475442,45.0439453125
3475460,31.79931640625
3475544,39.55078125
3475555,53.03955078125
3475651,208.0078125
3475709,41.44287109375
3475724,71.77734375
3475819,32.04345703125
3475840,32.40966796875
3475907,211.97509765625
3475933,89.9658203125
3475978,33.5693359375
3475989,40.1611328125
3476031,52.1240234375
3476123,84.65576171875
3476258,50.35400390625
3476276,51.08642578125
3476340,100.89111328125
3476489,43.51806640625
3476500,33.02001953125
3476530,41.9921875
3476577,98.20556640625
3476685,40.83251953125
3476755,82.51953125
3476817,34.7900390625
3476844,35.0341796875
3477020,79.58984375
3477073,47.54638671875
3477259,92.529296875
3477542,87.40234375
3477625,34.60693359375
3477824,90.51513671875
3487928,32.65380859375
3526065,36.376953125
3562413,43.27392578125
3562447,33.02001953125
3562483,37.04833984375
3562506,83.92333984375
3562532,329.77294921875
3562545,180.908203125
3562566,97.47314453125
3562583,137.8173828125
3562615,78.7353515625
3562627,129.82177734375
3562654,141.54052734375
3562686,96.8017578125
3562699,95.88623046875
3562715,79.2236328125
3562740,39.306640625
3562750,69.64111328125
3562772,87.46337890625
3562782,43.9453125
3562814,33.02001953125
3562853,53.466796875
3562879,34.66796875
3562925,32.1044921875
3562950,35.5224609375
3562967,34.3017578125
3562988,38.0859375
3563027,32.53173828125
3563044,37.65869140625
3563161,42.96875
3563214,38.14697265625
3563229,32.3486328125
3563240,127.8076171875
3563288,45.59326171875
3563301,42.6025390625
3563337,45.5322265625
3563367,33.14208984375
3563387,33.203125
3563413,33.50830078125
3563448,186.5234375
3563461,45.8984375
3563484,80.322265625
3563573,51.45263671875
3563602,35.82763671875
3563633,70.49560546875
3563667,31.982421875
3563768,34.72900390625
3563807,45.7763671875
3563826,55.5419921875
3563844,80.13916015625
3563912,45.2880859375
3563928,38.14697265625
3563958,40.0390625
3563987,38.818359375
3564038,70.61767578125
3564068,32.2265625
3564117,39.85595703125
3564147,35.94970703125
3564201,72.8759765625
3564229,34.72900390625
3564345,67.56591796875
3564385,33.3251953125
3564397,100.03662109375
3564581,36.62109375
3564594,101.806640625
3564828,72.57080078125
3564862,33.8134765625
3564983,33.203125
3565024,52.06298828125
3565049,78.91845703125
3565092,35.5224609375
3565266,34.36279296875
3565276,83.80126953125
3565328,35.58349609375
3565540,72.021484375
3565589,46.38671875
3565766,77.08740234375
3566132,85.75439453125
3652090,59.4482421875
3652127,37.29248046875
3652153,264.0380859375
3652170,79.77294921875
3652203,170.8984375
3652230,44.37255859375
3652242,43.8232421875
3652254,52.490234375
3652277,235.4736328125
3652303,62.744140625
3652323,69.2138671875
3652355,118.71337890625
3652366,51.025390625
3652379,59.814453125
3652407,84.41162109375
3652431,95.0927734375
3652444,35.58349609375
3652457,50.6591796875
3652502,37.4755859375
3652533,31.92138671875
3652544,39.4287109375
3652588,39.4287109375
3652615,42.3583984375
3652648,32.958984375
3652675,31.79931640625
3652748,39.12353515625
3652815,32.470703125
3652841,33.14208984375
3652894,33.26416015625
3652973,174.74365234375
3653012,43.64013671875
3653051,53.28369140625
3653100,40.95458984375
3653121,79.40673828125
3653238,53.955078125
3653260,39.6728515625
3653270,44.73876953125
3653298,80.62744140625
3653318,33.0810546875
3653393,215.2099609375
3653406,47.7294921875
3653441,81.0546875
3653468,92.6513671875
3653491,36.0107421875
3653576,43.701171875
3653642,60.791015625
3653670,219.05517578125
3653706,32.958984375
3653736,109.9853515625
3653752,36.68212890625
3653771,34.7900390625
3653888,37.78076171875
3653922,38.57421875
3653964,96.74072265625
3654053,38.39111328125
3654207,102.6611328125
3654246,33.26416015625
3654418,55.2978515625
3654432,102.4169921875
3654492,50.4150390625
3654533,38.87939453125
3654584,41.44287109375
3654657,94.3603515625
3654741,32.3486328125
3654806,41.748046875
3654894,99.365234375
3655110,37.04833984375
3655151,96.25244140625
3655310,36.865234375
3655454,101.25732421875
3726258,33.935546875
3728389,36.80419921875
3741688,62.80517578125
3741717,33.0810546875
3741756,51.025390625
3741767,278.01513671875
3741788,79.40673828125
3741809,77.20947265625
3741823,38.87939453125
3741834,167.41943359375
3741850,211.73095703125
3741877,61.82861328125
3741899,93.3837890625
3741923,62.8662109375
3741942,63.65966796875
3741954,54.8095703125
3741972,32.04345703125
3741998,125.79345703125
3742008,46.0205078125
3742033,56.15234375
3742051,36.2548828125
3742069,38.14697265625
3742104,39.48974609375
3742150,36.865234375
3742172,33.63037109375
3742192,46.20361328125
3742223,35.33935546875
3742234,36.0107421875
3742294,33.69140625
3742308,33.99658203125
3742365,32.65380859375
3742403,34.3017578125
3742434,109.68017578125
3742498,42.90771484375
3742564,74.5849609375
3742633,197.8759765625
3742756,89.599609375
3742782,39.24560546875
3742814,38.4521484375
3742990,49.49951171875
3743032,35.64453125
3743050,33.99658203125
3743077,34.912109375
3743240,95.03173828125
3743271,47.2412109375
3743298,43.212890625
3743338,37.17041015625
3743459,99.4873046875
3743482,35.33935546875
3743577,31.982421875
3743605,48.88916015625
3743698,46.20361328125
3743711,106.4453125
3743849,31.982421875
3743968,106.62841796875
3743978,39.00146484375
3744000,35.2783203125
3744063,64.5751953125
3744131,52.30712890625
3744231,115.1123046875
3744561,101.98974609375
3744992,123.779296875
3811379,34.48486328125
3828888,49.8046875
3828902,37.78076171875
3828947,264.46533203125
3828958,63.65966796875
3828971,265.2587890625
3828995,71.6552734375
3829013,190.49072265625
3829029,33.87451171875
3829042,47.66845703125
3829055,143.310546875
3829083,106.87255859375
3829110,104.30908203125
3829129,106.201171875
3829148,42.66357421875
3829161,86.24267578125
3829205,98.69384765625
3829223,44.98291015625
3829234,63.96484375
3829255,50.1708984375
3829291,74.0966796875
3829301,50.84228515625
3829334,43.9453125
3829375,46.2646484375
3829387,40.58837890625
3829421,41.07666015625
3829445,45.95947265625
3829476,41.015625
3829494,35.58349609375
3829535,33.63037109375
3829556,34.5458984375
3829602,39.9169921875
3829632,121.52099609375
3829682,31.982421875
3829740,52.18505859375
3829871,97.2900390625
3829903,44.12841796875
3829915,194.9462890625
3830067,40.52734375
3830086,122.37548828125
3830104,37.109375
3830201,36.376953125
3830325,101.806640625
3830366,49.9267578125
3830389,221.3134765625
3830507,50.59814453125
3830532,35.82763671875
3830560,116.02783203125
3830615,54.931640625
3830628,47.54638671875
3830795,117.73681640625
3830821,34.97314453125
3830838,42.724609375
3830945,44.00634765625
3830990,42.6025390625
3831056,119.384765625
3831378,108.642578125
3831802,120.17822265625
3905764,38.6962890625
3918470,32.65380859375
3918486,61.1572265625
3918530,47.4853515625
3918547,241.63818359375
3918562,249.8779296875
3918607,81.72607421875
3918630,50.048828125
3918643,129.82177734375
3918670,92.041015625
3918681,46.38671875
3918698,56.396484375
3918730,128.41796875
3918759,35.58349609375
3918772,59.75341796875
3918784,37.65869140625
3918810,58.28857421875
3918839,70.9228515625
3918854,67.68798828125
3918889,64.02587890625
3918900,32.04345703125
3918961,36.9873046875
3918993,49.072265625
3919019,40.771484375
3919052,35.0341796875
3919063,37.29248046875
3919143,43.15185546875
3919173,36.376953125
3919187,39.24560546875
3919259,35.21728515625
3919295,47.54638671875
3919319,69.51904296875
3919356,40.4052734375
3919489,42.3583984375
3919499,220.76416015625
3919535,111.083984375
3919673,34.85107421875
3919688,43.64013671875
3919745,34.97314453125
3919905,136.04736328125
3919976,45.0439453125
3920069,36.19384765625
3920086,38.02490234375
3920188,117.24853515625
3920379,54.62646484375
3920403,52.30712890625
3920535,115.3564453125
3920668,34.48486328125
3920840,34.36279296875
3920965,32.470703125
3920982,143.12744140625
3994114,32.04345703125
4005270,52.734375
4005294,41.68701171875
4005312,36.80419921875
4005330,78.61328125
4005359,88.92822265625
4005370,233.0322265625
4005395,71.71630859375
4005429,200.13427734375
4005458,49.37744140625
4005489,63.232421875
4005521,47.05810546875
4005547,106.99462890625
4005574,67.32177734375
4005592,44.98291015625
4005616,47.18017578125
4005627,80.01708984375
4005656,40.8935546875
4005674,32.958984375
4005703,64.208984375
4005717,53.466796875
4005742,42.1142578125
4005763,45.0439453125
4005792,55.11474609375
4005805,38.75732421875
4005820,48.095703125
4005833,36.376953125
4005883,43.45703125
4005920,41.32080078125
4005954,33.50830078125
4006057,126.46484375
4006080,33.26416015625
4006145,84.5947265625
4006156,56.33544921875
4006211,33.0810546875
4006233,42.17529296875
4006325,184.50927734375
4006366,40.6494140625
4006403,120.4833984375
4006421,38.51318359375
4006450,33.02001953125
4006610,39.97802734375
4006659,44.7998046875
4006683,120.2392578125
4006798,52.001953125
4006886,41.07666015625
4006967,125.3662109375
4006996,33.203125
4007006,225.7080078125
4007111,37.53662109375
4007288,118.59130859375
4007365,33.203125
4007453,52.1240234375
4007684,115.78369140625
4007844,32.53173828125
4007991,41.19873046875
4008017,112.3046875
4008445,38.6962890625
4008593,130.9814453125
4049861,33.38623046875
4093300,64.75830078125
4093363,239.2578125
4093380,97.22900390625
4093410,185.791015625
4093432,81.6650390625
4093443,167.05322265625
4093472,71.83837890625
4093498,138.85498046875
4093509,79.89501953125
4093545,94.23828125
4093556,77.1484375
4093583,129.69970703125
4093622,51.8798828125
4093638,65.36865234375
4093671,111.572265625
4093697,57.373046875
4093720,41.748046875
4093744,54.01611328125
4093786,41.56494140625
4093814,43.701171875
4093839,39.1845703125
4093852,32.5927734375
4093897,53.466796875
4094000,55.23681640625
4094013,38.6962890625
4094100,32.16552734375
4094138,32.1044921875
4094156,159.48486328125
4094293,87.40234375
4094400,50.23193359375
4094422,34.24072265625
4094471,46.56982421875
4094488,96.19140625
4094647,222.35107421875
4094659,33.5693359375
4094730,50.9033203125
4094773,45.0439453125
4094841,119.68994140625
4094868,41.9921875
4095081,110.41259765625
4095178,33.87451171875
4095209,63.29345703125
4095435,121.2158203125
4095864,127.8076171875
4180104,52.30712890625
4180134,35.15625
4180154,40.58837890625
4180185,241.39404296875
4180202,204.40673828125
4180219,64.208984375
4180249,56.0302734375
4180274,185.60791015625
4180290,122.1923828125
4180308,56.7626953125
4180324,77.20947265625
4180345,87.0361328125
4180373,137.939453125
4180387,40.10009765625
4180430,45.7763671875
4180462,69.3359375
4180484,57.9833984375
4180494,44.00634765625
4180528,65.73486328125
4180545,60.791015625
4180564,42.3583984375
4180589,41.6259765625
4180604,45.95947265625
4180655,51.94091796875
4180680,39.00146484375
4180691,32.65380859375
4180724,33.203125
4180783,99.91455078125
4180795,37.4755859375
4180956,52.490234375
4181034,127.62451171875
4181052,188.3544921875
4181141,37.29248046875
4181249,35.400390625
4181261,61.82861328125
4181311,36.865234375
4181404,49.9267578125
4181439,210.51025390625
4181526,54.13818359375
4181697,129.57763671875
4181822,40.46630859375
4181886,42.78564453125
4181949,34.48486328125
4182031,144.22607421875
4182209,32.53173828125
4182852,151.2451171875
4246368,32.71484375
4268395,64.208984375
4268453,36.2548828125
4268471,255.2490234375
4268483,61.34033203125
4268494,238.09814453125
4268526,56.15234375
4268553,103.271484375
4268567,197.6318359375
4268585,152.03857421875
4268595,54.443359375
4268618,61.46240234375
4268650,55.23681640625
4268670,120.05615234375
4268691,72.75390625
4268719,83.67919921875
4268752,90.88134765625
4268788,47.54638671875
4268798,38.57421875
4268817,48.15673828125
4268849,57.7392578125
4268876,36.0107421875
4268906,59.4482421875
4268925,39.794921875
4268950,32.2265625
4268979,37.7197265625
4269012,43.45703125
4269063,43.8232421875
4269076,41.68701171875
4269133,32.2265625
4269239,87.70751953125
4269271,162.17041015625
4269286,50.6591796875
4269393,42.05322265625
4269422,110.3515625
4269566,57.80029296875
4269588,215.087890625
4269631,33.87451171875
4269663,52.001953125
4269723,32.28759765625
4269842,36.376953125
4270016,34.66796875
4270119,52.79541015625
4270177,141.4794921875
4270205,50.1708984375
4270287,32.40966796875
4270384,40.71044921875
4270532,37.841796875
4270858,154.78515625
4304639,32.470703125
4347971,32.2265625
4354290,31.8603515625
4354327,47.18017578125
4354358,32.958984375
4354383,74.462890625
4354395,306.7626953125
4354419,173.7060546875
4354451,156.8603515625
4354478,82.33642578125
4354498,105.89599609375
4354512,180.5419921875
4354557,54.0771484375
4354575,56.396484375
4354593,141.54052734375
4354624,64.453125
4354661,49.13330078125
4354680,50.9033203125
4354698,33.38623046875
4354729,34.85107421875
4354766,51.025390625
4354812,49.9267578125
4354838,37.53662109375
4354864,51.7578125
4354876,36.68212890625
4354952,37.65869140625
4355091,49.4384765625
4355124,34.5458984375
4355197,54.3212890625
4355274,53.28369140625
4355293,199.5849609375
4355336,32.5927734375
4355417,36.07177734375
4355441,117.37060546875
4355470,38.2080078125
4355547,43.64013671875
4355564,215.14892578125
4355589,44.43359375
4355697,32.2265625
4355744,127.50244140625
4355975,34.24072265625
4356089,48.40087890625
4356516,32.53173828125
4356563,136.1083984375
4440293,52.001953125
4440329,33.26416015625
4440371,38.14697265625
4440390,78.7353515625
4440404,287.41455078125
4440434,210.693359375
4440452,110.2294921875
4440480,92.041015625
4440496,53.03955078125
4440524,164.48974609375
4440545,102.84423828125
4440562,104.67529296875
4440577,58.89892578125
4440602,50.6591796875
4440634,61.09619140625
4440645,34.912109375
4440682,49.560546875
4440693,82.8857421875
4440716,45.654296875
4440736,50.1708984375
4440762,35.5224609375
4440787,33.3251953125
4440825,45.22705078125
4440854,55.11474609375
4440867,75.439453125
4440913,31.982421875
4440943,47.05810546875
4440994,32.2265625
4441025,68.115234375
4441097,48.15673828125
4441199,188.41552734375
4441227,31.982421875
4441285,42.724609375
4441295,32.65380859375
4441354,34.48486328125
4441380,116.943359375
4441595,49.86572265625
4441659,134.58251953125
4441676,210.205078125
4441704,40.10009765625
4442033,135.25390625
4442367,53.40576171875
4442594,153.3203125
4442946,34.1796875
4443126,53.5888671875
4526597,33.69140625
4526617,49.560546875
4526669,32.1044921875
4526695,38.818359375
4526708,268.12744140625
4526735,193.84765625
4526764,69.27490234375
4526781,197.20458984375
4526810,66.95556640625
4526820,168.02978515625
4526845,132.14111328125
4526876,41.80908203125
4526906,115.966796875
4526922,75.37841796875
4526949,64.94140625
4526986,69.3359375
4527009,41.8701171875
4527030,47.36328125
4527062,56.57958984375
4527101,50.4150390625
4527123,38.75732421875
4527139,52.8564453125
4527155,54.443359375
4527174,32.470703125
4527217,61.70654296875
4527227,45.10498046875
4527242,41.56494140625
4527368,58.7158203125
4527380,38.87939453125
4527423,150.634765625
4527451,37.109375
4527496,36.0107421875
4527519,50.72021484375
4527648,97.35107421875
4527662,185.11962890625
4527692,33.203125
4527741,52.1240234375
4527845,33.203125
4527933,137.3291015625
4528025,49.1943359375
4528042,33.69140625
4528234,54.3212890625
4528255,133.23974609375
4528691,32.5927734375
4528757,32.470703125
4528794,147.8271484375
4604130,33.8134765625
4607542,32.71484375
4610664,65.24658203125
4610711,39.73388671875
4610742,43.39599609375
4610764,57.43408203125
4610786,208.19091796875
4610803,159.85107421875
4610821,48.095703125
4610832,36.1328125
4610856,32.77587890625
4610872,159.48486328125
4610895,93.6279296875
4610920,51.3916015625
4610943,56.2744140625
4610960,82.94677734375
4610985,68.54248046875
4611015,58.16650390625
4611042,100.7080078125
4611056,34.36279296875
4611069,40.52734375
4611094,47.9736328125
4611125,49.86572265625
4611142,54.13818359375
4611156,38.87939453125
4611201,48.583984375
4611228,34.66796875
4611262,35.58349609375
4611326,39.48974609375
4611363,77.5146484375
4611378,36.80419921875
4611414,57.43408203125
4611442,32.89794921875
4611515,35.94970703125
4611539,38.87939453125
4611608,190.24658203125
4611623,105.77392578125
4611837,32.958984375
4611850,63.90380859375
4611919,128.11279296875
4612041,34.24072265625
4612292,134.765625
4612326,49.25537109375
4612371,33.26416015625
4612436,35.15625
4612548,127.13623046875
4612745,37.29248046875
4612876,119.68994140625
4612929,32.04345703125
4613138,112.85400390625
4613319,35.33935546875
4687217,33.75244140625
4696455,53.1005859375
4696502,37.4755859375
4696531,58.837890625
4696544,77.20947265625
4696563,228.82080078125
4696588,194.27490234375
4696603,97.71728515625
4696625,152.587890625
4696641,59.814453125
4696674,174.8046875
4696695,79.833984375
4696715,62.56103515625
4696725,49.9267578125
4696753,170.166015625
4696764,32.958984375
4696782,63.29345703125
4696816,71.47216796875
4696828,41.748046875
4696842,60.302734375
4696869,48.828125
4696903,34.5458984375
4696913,40.8935546875
4696939,49.25537109375
4696953,52.55126953125
4696978,35.46142578125
4697015,46.20361328125
4697035,33.69140625
4697055,39.73388671875
4697071,32.3486328125
4697102,32.04345703125
4697160,39.73388671875
4697184,43.15185546875
4697207,57.80029296875
4697220,40.0390625
4697276,138.0615234375
4697311,51.69677734375
4697392,87.21923828125
4697407,142.7001953125
4697461,53.52783203125
4697471,45.22705078125
4697487,45.8984375
4697564,33.02001953125
4697651,115.72265625
4697751,59.99755859375
4697840,38.39111328125
4697890,37.53662109375
4697918,129.0283203125
4697997,47.30224609375
4698020,43.39599609375
4698265,45.83740234375
4698478,137.87841796875
4698597,32.5927734375
4698777,131.4697265625
4699162,32.16552734375
4699791,52.06298828125
4728071,34.36279296875
4741813,33.87451171875
4774306,32.04345703125
4788153,33.14208984375
4788182,56.0302734375
4788193,34.3017578125
4788211,37.353515625
4788225,47.119140625
4788255,45.2880859375
4788267,52.490234375
4788290,267.02880859375
4788311,57.9833984375
4788332,75.927734375
4788348,189.208984375
4788374,69.9462890625
4788392,46.32568359375
4788415,221.61865234375
4788444,96.8017578125
4788478,96.00830078125
4788493,119.81201171875
4788520,53.03955078125
4788558,57.9833984375
4788570,72.3876953125
4788604,44.677734375
4788633,33.69140625
4788653,39.12353515625
4788693,35.21728515625
4788703,50.048828125
4788717,31.79931640625
4788737,35.400390625
4788754,47.42431640625
4788778,38.02490234375
4788797,39.36767578125
4788837,40.34423828125
4788895,33.14208984375
4788932,35.82763671875
4788983,36.865234375
4788999,129.33349609375
4789025,35.46142578125
4789089,40.95458984375
4789119,34.0576171875
4789174,200.74462890625
4789224,44.3115234375
4789261,35.5224609375
4789314,58.89892578125
4789333,177.79541015625
4789440,47.8515625
4789455,116.76025390625
4789638,54.931640625
4789806,35.0341796875
4789824,33.14208984375
4789964,55.908203125
4790109,148.4375
4790357,35.82763671875
