4798401,0
29479,55.7861328125
29565,50.4150390625
29587,43.212890625
29620,42.8466796875
29645,167.724609375
29660,80.74951171875
29690,80.2001953125
29709,118.1640625
29719,55.17578125
29747,57.92236328125
29761,51.3916015625
29780,52.490234375
29795,78.0029296875
29814,91.4306640625
29829,77.57568359375
29870,53.64990234375
29896,60.85205078125
29938,50.6591796875
29952,48.4619140625
29977,56.21337890625
30017,55.908203125
30027,51.513671875
30058,44.12841796875
30097,44.49462890625
30122,42.48046875
30209,45.5322265625
30255,43.9453125
30284,45.83740234375
30313,57.6171875
30332,44.921875
30392,58.28857421875
30450,47.05810546875
30503,72.44873046875
30522,48.40087890625
30633,95.88623046875
30646,42.54150390625
30704,44.3115234375
30790,89.17236328125
30824,66.34521484375
30873,59.50927734375
30933,42.41943359375
30978,81.4208984375
31081,46.2646484375
31110,82.03125
31142,49.49951171875
31292,74.64599609375
31349,78.43017578125
31501,83.43505859375
31658,46.2646484375
31912,83.3740234375
32020,46.69189453125
32045,48.583984375
32176,94.7265625
104591,75.439453125
104630,52.91748046875
104649,153.80859375
104664,133.1787109375
104686,124.6337890625
104712,109.0087890625
104728,67.32177734375
104741,54.13818359375
104759,43.88427734375
104773,89.66064453125
104810,46.9970703125
104829,101.50146484375
104851,61.1572265625
104870,47.4853515625
104905,75.13427734375
104927,80.56640625
104980,49.31640625
104990,63.5986328125
105021,54.74853515625
105058,50.6591796875
105100,46.32568359375
105159,46.08154296875
105199,42.90771484375
105229,63.90380859375
105256,43.39599609375
105307,63.04931640625
105347,42.29736328125
105391,49.98779296875
105406,82.82470703125
105471,44.0673828125
105504,61.70654296875
105573,59.75341796875
105626,81.84814453125
105757,90.087890625
105820,43.0908203125
105845,50.59814453125
105941,132.38525390625
105966,61.6455078125
106103,98.9990234375
106113,50.10986328125
106140,65.4296875
106165,56.0302734375
106187,60.36376953125
106265,93.20068359375
106310,97.22900390625
106455,76.5380859375
106493,42.41943359375
106546,68.54248046875
106588,53.52783203125
106732,44.25048828125
107040,90.39306640625
123694,44.25048828125
178837,46.38671875
178862,42.78564453125
178889,146.78955078125
178901,90.33203125
178917,76.11083984375
178940,174.74365234375
178968,89.7216796875
178990,94.8486328125
179005,94.90966796875
179022,76.904296875
179040,75.0732421875
179064,68.9697265625
179088,55.6640625
179099,66.89453125
179121,61.5234375
179147,42.8466796875
179159,63.96484375
179169,84.77783203125
179202,65.36865234375
179250,52.91748046875
179264,68.4814453125
179319,48.2177734375
179386,43.39599609375
179397,44.98291015625
179416,44.73876953125
179477,42.41943359375
179503,60.72998046875
179601,82.275390625
179616,44.677734375
179703,68.78662109375
179734,46.44775390625
179834,103.759765625
179870,56.396484375
179937,82.3974609375
180042,54.5654296875
180079,45.5322265625
180089,80.26123046875
180140,42.8466796875
180213,45.95947265625
180227,57.43408203125
180289,93.994140625
180332,93.56689453125
180437,44.7998046875
180519,47.30224609375
180538,83.740234375
180648,44.5556640625
180700,51.8798828125
180711,47.79052734375
180771,45.41015625
180948,104.06494140625
181185,48.52294921875
181435,46.5087890625
188740,43.88427734375
207551,43.27392578125
244309,43.9453125
253350,49.98779296875
253396,45.95947265625
253416,42.78564453125
253430,164.24560546875
253441,133.6669921875
253463,44.49462890625
253481,92.7734375
253509,90.087890625
253524,79.833984375
253536,82.275390625
253549,96.923828125
253568,48.27880859375
253583,65.00244140625
253597,68.17626953125
253614,54.0771484375
253639,55.419921875
253671,58.349609375
253699,43.212890625
253729,57.4951171875
253746,49.49951171875
253812,58.59375
253849,58.28857421875
253868,58.59375
253894,43.76220703125
253957,43.3349609375
254034,42.724609375
254069,80.50537109375
254083,48.7060546875
254125,43.88427734375
254173,62.98828125
254272,91.064453125
254319,46.630859375
254337,45.10498046875
254407,96.25244140625
254501,51.94091796875
254552,93.20068359375
254588,58.77685546875
254664,108.154296875
254737,50.4150390625
254809,61.46240234375
254843,49.86572265625
254875,43.64013671875
254933,91.73583984375
254968,71.10595703125
255166,52.8564453125
255280,86.181640625
255485,43.701171875
256754,47.66845703125
286927,52.55126953125
323029,46.38671875
330597,46.2646484375
331561,43.27392578125
331736,48.9501953125
332006,118.46923828125
332046,49.13330078125
332087,80.078125
332106,94.29931640625
332121,104.06494140625
332143,62.19482421875
332164,133.30078125
332176,46.7529296875
332199,103.1494140625
332210,80.87158203125
332242,82.94677734375
332283,91.73583984375
332301,53.89404296875
332332,69.3359375
332362,59.75341796875
332399,80.50537109375
332461,49.01123046875
332490,57.0068359375
332516,59.38720703125
332554,53.28369140625
332586,49.37744140625
332685,45.59326171875
332750,44.5556640625
332784,85.205078125
332875,81.11572265625
333004,64.88037109375
333133,44.921875
333162,80.01708984375
333286,42.96875
333329,87.58544921875
333477,82.45849609375
333556,95.947265625
333591,49.8046875
333654,76.416015625
333686,43.701171875
333702,61.34033203125
333737,52.18505859375
333781,104.30908203125
333911,87.95166015625
333943,55.11474609375
333955,74.27978515625
334120,45.5322265625
334156,100.09765625
334436,96.19140625
334991,45.5322265625
357943,43.0908203125
363048,42.29736328125
406160,46.0205078125
406739,42.66357421875
406807,48.64501953125
406867,46.44775390625
406883,182.18994140625
406893,156.55517578125
406909,92.34619140625
406938,116.943359375
406961,89.84375
406977,109.31396484375
406989,84.77783203125
406999,56.94580078125
407029,102.60009765625
407039,54.01611328125
407057,101.5625
407091,54.50439453125
407123,65.24658203125
407143,47.8515625
407164,67.3828125
407189,47.9736328125
407205,59.2041015625
407224,53.28369140625
407244,42.66357421875
407266,47.607421875
407302,49.37744140625
407334,55.96923828125
407364,49.560546875
407495,52.1240234375
407558,43.45703125
407614,74.76806640625
407647,45.59326171875
407735,80.62744140625
407797,48.64501953125
407866,85.38818359375
407902,45.71533203125
407982,103.08837890625
408015,46.7529296875
408128,83.1298828125
408169,69.15283203125
408237,50.47607421875
408309,86.7919921875
408334,43.27392578125
408357,67.9931640625
408548,113.525390625
408560,52.30712890625
408741,119.44580078125
408792,47.607421875
408907,103.8818359375
408942,49.25537109375
409007,67.0166015625
409024,49.8046875
409095,45.34912109375
409167,46.81396484375
409230,96.13037109375
409419,43.701171875
409466,43.39599609375
409803,50.29296875
410411,49.4384765625
444365,42.29736328125
449623,42.54150390625
482524,42.41943359375
484534,58.41064453125
484698,66.22314453125
484799,44.37255859375
484817,132.080078125
484847,46.56982421875
484859,143.310546875
484879,111.99951171875
484893,46.5087890625
484909,152.89306640625
484926,110.3515625
484943,51.69677734375
484960,44.00634765625
484981,71.71630859375
484998,83.1298828125
485019,67.0166015625
485039,64.94140625
485051,57.9833984375
485087,55.35888671875
485101,42.66357421875
485113,66.650390625
485148,77.7587890625
485162,46.0205078125
485184,69.3359375
485225,42.48046875
485285,56.0302734375
485332,49.25537109375
485354,45.7763671875
485490,47.4853515625
485556,47.05810546875
485577,67.3828125
485674,65.0634765625
485789,85.99853515625
485829,54.99267578125
485948,69.3359375
485983,52.3681640625
486053,44.0673828125
486112,93.07861328125
486153,56.33544921875
486243,49.8046875
486272,60.97412109375
486288,49.62158203125
486415,124.45068359375
486558,98.388671875
486571,47.42431640625
486587,86.5478515625
486815,86.3037109375
486828,57.861328125
486948,105.40771484375
487205,70.49560546875
487276,81.787109375
487294,46.630859375
487389,95.27587890625
487462,49.37744140625
487611,110.107421875
569992,50.47607421875
570548,43.45703125
570592,48.095703125
570637,47.9736328125
570671,61.8896484375
570681,145.20263671875
570712,63.78173828125
570731,126.28173828125
570759,104.6142578125
570770,79.4677734375
570792,63.90380859375
570810,131.103515625
570824,54.38232421875
570858,58.41064453125
570880,65.3076171875
570907,54.3212890625
570919,60.546875
570934,48.095703125
570972,49.1943359375
570986,42.54150390625
571004,45.10498046875
571016,72.509765625
571039,42.6025390625
571057,55.908203125
571083,42.41943359375
571102,44.25048828125
571133,46.44775390625
571240,56.94580078125
571258,42.48046875
571297,47.7294921875
571332,68.66455078125
571365,49.25537109375
571391,47.119140625
571421,55.84716796875
571441,43.27392578125
571516,58.349609375
571545,58.41064453125
571593,54.8095703125
571615,73.54736328125
571735,44.189453125
571748,87.0361328125
571848,57.6171875
571859,60.9130859375
571875,67.56591796875
571935,47.30224609375
571996,62.3779296875
572011,73.486328125
572029,42.54150390625
572082,100.4638671875
572169,68.17626953125
572310,48.828125
572342,114.2578125
572400,43.15185546875
572543,80.56640625
572679,63.8427734375
572730,44.37255859375
572797,96.61865234375
572835,47.42431640625
572872,53.1005859375
572965,43.88427734375
573109,44.86083984375
573846,43.212890625
574140,42.6025390625
589417,43.0908203125
652375,47.2412109375
652706,48.76708984375
652854,42.29736328125
653086,48.15673828125
653108,49.072265625
653199,82.45849609375
653219,183.2275390625
653247,73.1201171875
653278,136.16943359375
653301,127.685546875
653312,72.509765625
653331,50.47607421875
653351,70.73974609375
653378,72.265625
653400,45.22705078125
653425,61.5234375
653439,74.951171875
653449,67.138671875
653496,51.3916015625
653520,46.9970703125
653531,49.98779296875
653566,56.396484375
653586,66.22314453125
653599,49.072265625
653637,44.49462890625
653672,43.5791015625
653787,44.3115234375
653908,54.19921875
654001,57.18994140625
654132,50.4150390625
654148,67.07763671875
654256,97.47314453125
654281,47.2412109375
654400,48.40087890625
654421,96.49658203125
654467,75.439453125
654486,51.6357421875
654532,42.66357421875
654588,51.69677734375
654656,62.255859375
654673,90.75927734375
654695,43.0908203125
654725,57.06787109375
654828,98.32763671875
654903,60.48583984375
654967,65.36865234375
655000,114.68505859375
655078,50.1708984375
655163,88.37890625
655192,44.0673828125
655279,42.41943359375
655322,137.3291015625
655462,67.5048828125
655667,105.3466796875
655685,79.2236328125
655960,47.119140625
656128,44.37255859375
656298,93.8720703125
696823,45.47119140625
737944,42.3583984375
738760,50.78125
740022,58.53271484375
740569,49.4384765625
740729,52.67333984375
740750,56.70166015625
740764,131.04248046875
740802,59.5703125
740816,91.24755859375
740857,97.59521484375
740879,68.42041015625
740899,123.59619140625
740929,110.90087890625
740939,96.37451171875
740986,91.12548828125
741010,66.34521484375
741020,67.93212890625
741052,50.537109375
741067,73.1201171875
741100,42.41943359375
741133,68.7255859375
741147,55.908203125
741163,58.77685546875
741187,72.3876953125
741200,43.45703125
741258,75.68359375
741298,52.24609375
741414,55.908203125
741496,66.40625
741558,45.22705078125
741606,49.4384765625
741630,48.03466796875
741648,67.87109375
741681,71.77734375
741724,47.05810546875
741751,72.265625
741804,54.19921875
741857,77.5146484375
741906,60.11962890625
741969,55.60302734375
742008,72.20458984375
742054,43.02978515625
742092,47.607421875
742139,46.08154296875
742168,82.94677734375
742270,76.2939453125
742280,53.16162109375
742341,88.8671875
742427,58.04443359375
742516,50.1708984375
742538,107.60498046875
742654,72.08251953125
742702,63.90380859375
742916,70.6787109375
742932,44.677734375
743009,86.36474609375
743133,69.2138671875
743238,45.654296875
743335,105.8349609375
743393,49.37744140625
743837,43.51806640625
743883,44.61669921875
772933,49.4384765625
786996,42.29736328125
828030,66.0400390625
828650,68.05419921875
828677,47.79052734375
828880,124.1455078125
828905,105.28564453125
828933,48.9501953125
828966,163.02490234375
828996,122.25341796875
829006,88.7451171875
829028,47.91259765625
829038,67.9931640625
829065,116.69921875
829089,66.5283203125
829100,73.3642578125
829122,69.7021484375
829132,55.96923828125
829163,75.1953125
829175,52.42919921875
829191,68.359375
829213,68.17626953125
829233,43.27392578125
829253,70.556640625
829279,57.67822265625
829292,45.2880859375
829319,42.48046875
829336,62.744140625
829366,43.88427734375
829393,44.61669921875
829425,49.13330078125
829491,42.3583984375
829578,44.189453125
829629,49.072265625
829772,53.22265625
829898,88.80615234375
830004,62.80517578125
830043,45.47119140625
830057,50.1708984375
830084,49.37744140625
830119,85.26611328125
830201,54.74853515625
830256,64.5751953125
830296,47.119140625
830341,44.189453125
830363,46.5087890625
830396,145.751953125
830551,99.2431640625
830570,76.47705078125
830690,79.4677734375
830728,52.1240234375
830945,43.76220703125
830967,87.890625
831000,73.18115234375
831093,92.6513671875
831172,51.7578125
831274,88.31787109375
831497,58.7158203125
831832,91.24755859375
833238,42.54150390625
848005,54.74853515625
856889,54.01611328125
874675,43.8232421875
881485,44.25048828125
882337,46.2646484375
897266,48.095703125
920508,49.74365234375
920597,45.5322265625
920838,68.2373046875
920900,152.28271484375
920923,80.99365234375
920943,137.6953125
920960,84.716796875
920985,72.32666015625
920997,50.1708984375
921019,63.96484375
921045,66.162109375
921070,77.2705078125
921095,73.486328125
921113,65.85693359375
921123,72.20458984375
921148,44.921875
921163,72.57080078125
921191,48.583984375
921218,56.15234375
921240,50.47607421875
921269,48.88916015625
921287,57.0068359375
921314,43.27392578125
921345,61.1572265625
921390,54.01611328125
921412,48.76708984375
921497,57.861328125
921589,44.37255859375
921623,42.8466796875
921636,49.9267578125
921694,70.49560546875
921705,47.79052734375
921769,49.62158203125
921788,51.57470703125
921842,63.65966796875
921887,43.02978515625
921902,67.56591796875
922015,82.82470703125
922053,44.00634765625
922123,78.2470703125
922232,77.880859375
922319,47.30224609375
922337,91.4306640625
922350,54.0771484375
922393,97.2900390625
922448,56.15234375
922460,53.28369140625
922503,88.56201171875
922553,57.7392578125
922594,57.06787109375
922657,79.7119140625
922771,79.345703125
922846,47.2412109375
922922,108.2763671875
922949,45.0439453125
922983,42.66357421875
923048,67.19970703125
923199,98.876953125
923357,43.88427734375
923442,80.4443359375
923517,96.13037109375
923844,102.60009765625
923991,95.0927734375
924501,43.45703125
948067,43.0908203125
953084,43.5791015625
963396,44.25048828125
999775,52.42919921875
1006424,51.7578125
1009602,46.69189453125
1010192,43.15185546875
1010726,62.5
1011022,51.81884765625
1011041,53.5888671875
1011062,190.49072265625
1011086,58.89892578125
1011115,155.70068359375
1011130,72.265625
1011166,67.138671875
1011179,80.322265625
1011200,77.08740234375
1011233,56.7626953125
1011247,55.908203125
1011269,65.00244140625
1011281,58.4716796875
1011309,54.0771484375
1011324,62.07275390625
1011349,48.583984375
1011389,52.6123046875
1011419,66.0400390625
1011433,62.31689453125
1011466,60.791015625
1011479,65.0634765625
1011531,53.77197265625
1011600,58.16650390625
1011721,42.54150390625
1011945,44.0673828125
1012037,58.59375
1012060,51.513671875
1012073,50.47607421875
1012148,97.96142578125
1012209,44.189453125
1012219,53.8330078125
1012229,45.47119140625
1012249,50.048828125
1012322,85.02197265625
1012477,86.5478515625
1012492,52.91748046875
1012530,48.2177734375
1012565,72.08251953125
1012616,76.0498046875
1012703,69.580078125
1012713,42.66357421875
1012729,43.51806640625
1012764,89.41650390625
1012868,44.5556640625
1012895,84.04541015625
1013019,46.32568359375
1013043,90.2099609375
1013224,71.8994140625
1013241,84.65576171875
1013291,60.791015625
1013390,77.20947265625
1013537,94.7265625
1013585,62.01171875
1013639,47.36328125
1013802,59.87548828125
1013845,50.72021484375
1013898,51.57470703125
1013957,89.7216796875
1014246,44.73876953125
1014608,45.83740234375
1014681,43.15185546875
1039005,119.44580078125
1049206,44.0673828125
1061994,46.38671875
1064462,44.37255859375
1074276,57.9833984375
1093993,42.3583984375
1106515,47.4853515625
1107814,50.10986328125
1108152,42.66357421875
1108362,47.4853515625
1108552,61.6455078125
1108652,129.5166015625
1108680,80.38330078125
1108710,150.146484375
1108732,94.1162109375
1108764,140.2587890625
1108796,152.83203125
1108806,50.10986328125
1108839,53.466796875
1108851,74.40185546875
1108866,52.06298828125
1108883,46.32568359375
1108900,72.998046875
1108919,67.07763671875
1108938,62.8662109375
1108983,54.87060546875
1109027,57.92236328125
1109047,54.19921875
1109060,49.9267578125
1109076,44.7998046875
1109102,48.4619140625
1109186,44.00634765625
1109226,44.37255859375
1109250,45.654296875
1109286,48.33984375
1109328,49.37744140625
1109420,52.734375
1109473,47.42431640625
1109502,47.2412109375
1109560,58.2275390625
1109595,51.7578125
1109641,56.396484375
1109672,57.9833984375
1109696,85.87646484375
1109810,82.763671875
1109825,47.54638671875
1109835,64.51416015625
1109919,72.20458984375
1109957,49.1943359375
1109984,47.54638671875
1110059,102.84423828125
1110082,58.53271484375
1110129,47.79052734375
1110155,51.94091796875
1110179,83.06884765625
1110305,80.9326171875
1110354,43.212890625
1110370,53.28369140625
1110463,98.08349609375
1110481,54.8095703125
1110651,48.15673828125
1110665,116.39404296875
1110734,44.7998046875
1110750,42.96875
1110817,42.78564453125
1110870,107.11669921875
1111010,60.24169921875
1111035,88.56201171875
1111055,58.837890625
1111208,48.33984375
1111241,46.32568359375
1111281,78.67431640625
1111390,50.6591796875
1111604,92.4072265625
1111686,42.78564453125
1111971,85.38818359375
1132559,46.32568359375
1141389,54.01611328125
1158575,45.10498046875
1167019,46.142578125
1172035,46.81396484375
1186382,50.47607421875
1210459,49.31640625
1210486,42.6025390625
1210576,46.44775390625
1210802,44.921875
1210830,157.28759765625
1210858,83.19091796875
1210869,99.609375
1210892,104.98046875
1210915,77.880859375
1210938,98.6328125
1210965,64.88037109375
1210976,94.54345703125
1211002,80.4443359375
1211013,46.630859375
1211023,110.41259765625
1211047,46.142578125
1211066,50.59814453125
1211077,59.87548828125
1211101,71.2890625
1211113,72.6318359375
1211126,42.724609375
1211144,47.7294921875
1211165,58.9599609375
1211176,48.2177734375
1211204,68.84765625
1211229,43.64013671875
1211250,57.67822265625
1211269,42.96875
1211316,48.33984375
1211337,55.72509765625
1211372,45.5322265625
1211382,68.29833984375
1211444,43.45703125
1211476,43.0908203125
1211681,45.22705078125
1211753,60.546875
1211821,43.76220703125
1211841,59.63134765625
1211925,59.08203125
1211946,60.9130859375
1211964,80.56640625
1212031,49.560546875
1212073,76.35498046875
1212187,88.92822265625
1212292,56.33544921875
1212323,52.24609375
1212354,45.22705078125
1212395,44.677734375
1212446,118.34716796875
1212475,60.302734375
1212485,44.73876953125
1212599,112.4267578125
1212738,42.724609375
1212758,42.66357421875
1212810,56.09130859375
1212921,86.73095703125
1212946,59.2041015625
1212993,48.76708984375
1213094,43.8232421875
1213137,66.162109375
1213148,90.087890625
1213182,56.82373046875
1213325,92.83447265625
1213449,66.0400390625
1213559,43.8232421875
1213586,42.96875
1213606,78.125
1213617,74.27978515625
1213781,68.359375
1213873,82.33642578125
1213886,66.89453125
1214146,44.73876953125
1214398,47.18017578125
1215254,51.3916015625
1215425,54.13818359375
1236480,50.4150390625
1248905,44.49462890625
1297963,43.45703125
1305142,49.98779296875
1306368,45.654296875
1312637,44.37255859375
1312937,48.15673828125
1312980,58.7158203125
1313013,123.10791015625
1313023,104.1259765625
1313057,92.1630859375
1313072,198.79150390625
1313085,87.46337890625
1313111,79.833984375
1313134,83.92333984375
1313146,90.27099609375
1313180,71.22802734375
1313195,92.34619140625
1313225,49.560546875
1313241,53.466796875
1313256,101.806640625
1313285,57.7392578125
1313314,72.44873046875
1313334,49.1943359375
1313363,52.30712890625
1313386,44.37255859375
1313427,42.724609375
1313438,56.45751953125
1313478,52.91748046875
1313559,57.9833984375
1313625,47.91259765625
1313720,60.60791015625
1313756,44.86083984375
1313836,61.09619140625
1313935,47.119140625
1313991,51.33056640625
1314013,68.66455078125
1314108,44.25048828125
1314125,77.880859375
1314143,54.62646484375
1314240,95.8251953125
1314366,97.47314453125
1314480,47.607421875
1314523,93.44482421875
1314569,51.26953125
1314643,42.48046875
1314663,63.720703125
1314694,43.27392578125
1314783,47.18017578125
1314803,86.3037109375
1314825,42.41943359375
1314837,49.560546875
1314907,49.62158203125
1314962,87.21923828125
1314988,72.20458984375
1315127,47.18017578125
1315150,53.955078125
1315169,91.9189453125
1315222,68.2373046875
1315248,44.37255859375
1315352,88.68408203125
1315387,67.5048828125
1315659,82.3974609375
1315803,90.33203125
1315839,47.54638671875
1315853,43.0908203125
1316219,88.2568359375
1316365,44.3115234375
1316434,169.25048828125
1316608,47.91259765625
1317118,45.10498046875
1317494,46.56982421875
1334195,46.0205078125
1346334,43.5791015625
1348135,43.701171875
1348439,47.8515625
1367624,47.9736328125
1409984,51.025390625
1410008,62.56103515625
1410025,115.8447265625
1410054,67.2607421875
1410084,117.61474609375
1410117,157.89794921875
1410140,46.142578125
1410153,122.86376953125
1410178,81.0546875
1410194,79.16259765625
1410208,66.83349609375
1410225,65.0634765625
1410245,58.2275390625
1410264,70.80078125
1410291,49.62158203125
1410310,48.76708984375
1410343,49.31640625
1410378,61.58447265625
1410400,47.8515625
1410422,58.53271484375
1410445,42.724609375
1410472,48.9501953125
1410564,45.34912109375
1410644,42.6025390625
1410722,43.15185546875
1410736,48.27880859375
1410772,48.7060546875
1410797,55.11474609375
1410867,47.36328125
1410887,47.30224609375
1410913,75.50048828125
1410952,47.607421875
1410974,46.875
1410998,73.18115234375
1411015,55.23681640625
1411033,67.3828125
1411099,62.01171875
1411148,46.69189453125
1411191,43.5791015625
1411203,103.515625
1411232,56.5185546875
1411308,51.08642578125
1411320,62.1337890625
1411464,72.20458984375
1411491,52.06298828125
1411512,44.98291015625
1411560,43.5791015625
1411598,46.2646484375
1411615,78.55224609375
1411638,44.677734375
1411655,44.43359375
1411689,68.17626953125
1411751,73.486328125
1411801,54.3212890625
1411816,51.33056640625
1411875,50.59814453125
1411955,43.76220703125
1411967,87.58544921875
1412063,43.76220703125
1412077,43.701171875
1412087,91.064453125
1412112,54.87060546875
1412174,45.10498046875
1412265,94.7265625
1412391,50.78125
1412439,58.59375
1412451,106.201171875
1412490,47.7294921875
1412608,50.78125
1412699,81.9091796875
1412803,89.35546875
1412867,49.01123046875
1413064,43.88427734375
1413079,51.3916015625
1413184,45.7763671875
1413230,83.8623046875
1413408,97.10693359375
1414244,43.9453125
1414771,48.33984375
1435727,44.0673828125
1441266,44.86083984375
1449258,42.66357421875
1503284,59.38720703125
1503313,130.37109375
1503342,103.82080078125
1503371,79.345703125
1503387,99.79248046875
1503403,132.4462890625
1503429,140.80810546875
1503443,48.7060546875
1503453,119.384765625
1503478,75.74462890625
1503502,93.8720703125
1503517,61.4013671875
1503536,78.0029296875
1503552,79.89501953125
1503578,93.994140625
1503597,57.861328125
1503613,65.185546875
1503645,46.93603515625
1503687,63.04931640625
1503709,55.7861328125
1503806,51.6357421875
1503879,44.73876953125
1503909,46.56982421875
1503952,49.1943359375
1504016,52.001953125
1504078,46.630859375
1504164,51.81884765625
1504176,59.08203125
1504280,81.787109375
1504301,63.04931640625
1504333,42.6025390625
1504377,44.49462890625
1504395,72.57080078125
1504462,46.5087890625
1504502,56.396484375
1504531,46.69189453125
1504600,46.56982421875
1504613,72.93701171875
1504694,45.166015625
1504744,80.26123046875
1504828,45.34912109375
1504851,48.33984375
1504864,84.16748046875
1504890,59.9365234375
1504908,49.49951171875
1504934,42.54150390625
1504974,76.47705078125
1505042,57.6171875
1505054,42.90771484375
1505131,80.26123046875
1505190,45.7763671875
1505232,60.72998046875
1505289,45.47119140625
1505383,98.69384765625
1505419,59.6923828125
1505471,51.33056640625
1505504,83.1298828125
1505578,49.8046875
1505649,75.0732421875
1505699,51.20849609375
1505721,82.8857421875
1505851,77.1484375
1505870,96.25244140625
1506112,49.49951171875
1506148,93.505859375
1506165,44.25048828125
1506197,73.54736328125
1506340,106.201171875
1506384,48.76708984375
1506398,81.97021484375
1506588,46.08154296875
1506746,45.83740234375
1506857,44.00634765625
1507212,43.02978515625
1520572,42.54150390625
1582081,55.5419921875
1584337,50.47607421875
1593549,55.2978515625
1593571,46.32568359375
1593592,188.720703125
1593612,61.70654296875
1593637,69.82421875
1593652,70.49560546875
1593676,111.083984375
1593706,97.71728515625
1593720,74.0966796875
1593754,78.55224609375
1593765,51.33056640625
1593789,50.72021484375
1593814,43.45703125
1593829,58.9599609375
1593854,70.1904296875
1593874,52.490234375
1593900,44.3115234375
1593927,53.22265625
1593951,47.66845703125
1593961,47.8515625
1593994,43.76220703125
1594043,53.89404296875
1594066,44.37255859375
1594090,58.65478515625
1594269,55.48095703125
1594286,51.69677734375
1594364,61.58447265625
1594400,52.8564453125
1594445,42.78564453125
1594537,45.41015625
1594551,70.80078125
1594591,43.15185546875
1594607,77.94189453125
1594677,80.810546875
1594740,80.74951171875
1594760,43.45703125
1594792,54.50439453125
1594841,75.86669921875
1594944,79.833984375
1594958,71.4111328125
1594995,44.61669921875
1595069,74.15771484375
1595131,65.49072265625
1595166,72.1435546875
1595279,53.1005859375
1595289,53.8330078125
1595341,75.5615234375
1595427,43.51806640625
1595489,85.38818359375
1595509,66.10107421875
1595541,48.4619140625
1595665,136.41357421875
1595684,47.91259765625
1595714,44.7998046875
1595725,49.37744140625
1595806,50.59814453125
1595821,85.02197265625
1595858,47.8515625
1595948,42.90771484375
1595995,89.53857421875
1596049,50.78125
1596063,65.91796875
1596091,46.9970703125
1596164,76.416015625
1596352,86.36474609375
1596453,96.19140625
1596508,44.49462890625
1596526,50.1708984375
1596665,43.701171875
1596702,74.89013671875
1596986,75.8056640625
1597016,51.513671875
1617067,45.34912109375
1620506,46.142578125
1625532,51.69677734375
1684218,45.0439453125
1684265,67.87109375
1684292,144.53125
1684330,61.03515625
1684347,170.41015625
1684378,84.47265625
1684392,50.84228515625
1684404,68.29833984375
1684423,43.0908203125
1684453,73.73046875
1684466,64.02587890625
1684500,86.0595703125
1684516,44.7998046875
1684541,49.49951171875
1684567,42.8466796875
1684599,64.697265625
1684623,48.095703125
1684636,45.5322265625
1684650,68.359375
1684677,44.921875
1684697,49.98779296875
1684710,46.38671875
1684747,46.20361328125
1684803,44.5556640625
1684872,43.15185546875
1684898,48.76708984375
1684935,47.79052734375
1684989,46.0205078125
1685020,71.22802734375
1685048,43.701171875
1685124,55.7861328125
1685234,75.25634765625
1685286,59.08203125
1685337,60.546875
1685442,48.15673828125
1685476,96.19140625
1685519,48.64501953125
1685570,104.91943359375
1685610,47.30224609375
1685720,86.669921875
1685758,54.3212890625
1685798,49.62158203125
1685834,59.326171875
1685897,97.22900390625
1685925,45.83740234375
1685967,43.64013671875
1685981,53.22265625
1686095,122.802734375
1686122,46.56982421875
1686142,46.630859375
1686192,53.3447265625
1686260,113.037109375
1686417,82.45849609375
1686432,46.9970703125
1686479,52.24609375
1686608,101.13525390625
1686668,50.048828125
1686751,80.38330078125
1686822,62.1337890625
1687046,92.28515625
1687389,85.693359375
1687469,93.81103515625
1687483,43.3349609375
1687598,44.7998046875
1688947,42.78564453125
1750695,56.82373046875
1774330,46.630859375
1774356,42.48046875
1774375,59.14306640625
1774407,114.80712890625
1774437,111.75537109375
1774458,166.50390625
1774474,88.134765625
1774499,132.26318359375
1774510,51.513671875
1774544,74.52392578125
1774577,76.2939453125
1774587,49.560546875
1774597,46.56982421875
1774610,75.50048828125
1774623,70.73974609375
1774637,62.6220703125
1774652,48.7060546875
1774694,50.537109375
1774727,47.4853515625
1774754,42.78564453125
1774785,61.34033203125
1774833,53.466796875
1774845,59.814453125
1774857,57.861328125
1774922,42.78564453125
1775000,63.232421875
1775050,43.3349609375
1775085,51.1474609375
1775100,59.14306640625
1775122,42.29736328125
1775141,81.84814453125
1775181,53.03955078125
1775214,49.74365234375
1775250,62.98828125
1775268,61.95068359375
1775371,72.81494140625
1775406,54.3212890625
1775418,50.35400390625
1775480,78.0029296875
1775592,100.03662109375
1775710,61.21826171875
1775737,53.89404296875
1775777,45.5322265625
1775798,65.4296875
1775832,89.9658203125
1775887,49.98779296875
1775995,45.95947265625
1776015,44.37255859375
1776048,64.208984375
1776075,89.599609375
1776101,45.10498046875
1776216,93.32275390625
1776326,95.76416015625
1776337,97.96142578125
1776476,68.4814453125
1776494,43.701171875
1776530,47.54638671875
1776547,42.29736328125
1776657,49.560546875
1776676,97.0458984375
1776850,56.94580078125
1776875,97.0458984375
1777152,106.99462890625
1777329,89.53857421875
1777432,96.00830078125
1777631,46.5087890625
1800518,42.78564453125
1820323,43.5791015625
1865958,44.43359375
1865979,183.4716796875
1866001,73.79150390625
1866021,84.89990234375
1866037,73.73046875
1866070,123.96240234375
1866080,56.94580078125
1866093,60.05859375
1866116,93.8720703125
1866137,91.9189453125
1866156,89.111328125
1866175,68.54248046875
1866187,64.75830078125
1866207,58.41064453125
1866236,66.0400390625
1866246,44.43359375
1866259,68.4814453125
1866297,57.12890625
1866309,54.5654296875
1866354,57.373046875
1866371,68.78662109375
1866396,62.43896484375
1866438,52.24609375
1866587,52.79541015625
1866665,47.119140625
1866682,59.99755859375
1866743,62.56103515625
1866767,65.61279296875
1866871,98.2666015625
1866887,43.39599609375
1866966,80.13916015625
1867009,45.8984375
1867056,50.59814453125
1867067,116.0888671875
1867125,42.6025390625
1867140,49.072265625
1867177,72.509765625
1867203,46.44775390625
1867311,73.54736328125
1867355,62.31689453125
1867382,45.654296875
1867417,63.04931640625
1867447,42.54150390625
1867470,84.53369140625
1867544,92.6513671875
1867662,91.97998046875
1867681,95.03173828125
1867791,81.787109375
1867882,69.27490234375
1867897,58.837890625
1867979,87.40234375
1868084,68.42041015625
1868117,47.9736328125
1868202,57.0068359375
1868217,85.02197265625
1868239,68.4814453125
1868312,46.142578125
1868444,43.51806640625
1868488,96.8017578125
1868577,77.08740234375
1868722,44.61669921875
1868773,103.69873046875
1868858,45.7763671875
1869151,54.0771484375
1869165,83.55712890625
1908606,42.90771484375
1949341,44.37255859375
1950783,56.21337890625
1950854,47.18017578125
1953227,44.43359375
1953253,48.03466796875
1953283,106.87255859375
1953295,111.99951171875
1953330,116.51611328125
1953340,149.90234375
1953367,111.328125
1953398,69.76318359375
1953450,77.94189453125
1953472,52.18505859375
1953514,54.99267578125
1953528,50.96435546875
1953547,56.21337890625
1953575,45.654296875
1953600,64.51416015625
1953628,55.60302734375
1953660,52.18505859375
1953675,54.74853515625
1953722,62.744140625
1953791,49.9267578125
1953867,47.607421875
1953903,42.54150390625
1953916,48.15673828125
1954027,78.79638671875
1954058,55.419921875
1954252,66.40625
1954287,46.0205078125
1954297,48.76708984375
1954324,47.4853515625
1954348,91.064453125
1954381,50.048828125
1954418,52.42919921875
1954456,77.08740234375
1954506,48.15673828125
1954555,59.75341796875
1954600,98.32763671875
1954654,65.0634765625
1954759,49.4384765625
1954776,65.24658203125
1954803,74.15771484375
1954821,51.1474609375
1954929,56.5185546875
1954974,52.06298828125
1955103,69.4580078125
1955163,88.31787109375
1955185,48.52294921875
1955214,77.5146484375
1955225,50.35400390625
1955380,46.44775390625
1955394,120.66650390625
1955677,86.0595703125
1955761,86.85302734375
1955854,78.61328125
1955917,50.84228515625
1956026,100.341796875
1956410,47.54638671875
1956503,44.43359375
1956825,44.43359375
2009810,49.9267578125
2021042,48.2177734375
2043654,49.6826171875
2043694,119.873046875
2043705,63.65966796875
2043731,96.8017578125
2043756,97.22900390625
2043776,93.68896484375
2043789,154.60205078125
2043815,138.61083984375
2043825,86.85302734375
2043842,58.7158203125
2043865,97.16796875
2043875,77.94189453125
2043896,73.3642578125
2043909,61.8896484375
2043923,70.4345703125
2043944,86.73095703125
2043957,72.57080078125
2043987,42.78564453125
2044006,43.8232421875
2044028,46.56982421875
2044058,49.4384765625
2044110,51.6357421875
2044155,44.73876953125
2044195,48.03466796875
2044259,50.10986328125
2044336,43.5791015625
2044385,58.837890625
2044458,47.9736328125
2044493,44.25048828125
2044549,56.09130859375
2044667,77.63671875
2044688,45.41015625
2044809,68.115234375
2044822,52.1240234375
2044845,42.96875
2044876,76.47705078125
2044948,77.20947265625
2044982,60.6689453125
2044997,56.21337890625
2045025,48.828125
2045097,72.998046875
2045119,59.50927734375
2045147,54.8095703125
2045175,48.7060546875
2045185,43.39599609375
2045219,44.3115234375
2045245,108.33740234375
2045274,45.47119140625
2045386,42.724609375
2045446,87.95166015625
2045473,43.02978515625
2045548,63.720703125
2045586,99.365234375
2045750,72.75390625
2045769,91.97998046875
2045827,46.9970703125
2045838,43.15185546875
2045960,80.6884765625
2045987,85.9375
2046104,56.2744140625
2046338,43.0908203125
2046456,93.81103515625
2046610,102.84423828125
2046807,50.9033203125
2133120,45.166015625
2133147,130.31005859375
2133170,96.19140625
2133200,97.2900390625
2133211,115.90576171875
2133233,70.00732421875
2133251,109.130859375
2133279,110.53466796875
2133292,65.49072265625
2133310,68.603515625
2133323,67.138671875
2133345,75.37841796875
2133359,94.970703125
2133381,51.33056640625
2133408,61.8896484375
2133432,43.76220703125
2133461,61.09619140625
2133488,52.6123046875
2133526,59.38720703125
2133542,50.048828125
2133604,51.45263671875
2133670,50.537109375
2133769,56.94580078125
2133788,42.96875
2133865,43.3349609375
2133971,75.37841796875
2134026,47.2412109375
2134069,76.416015625
2134133,50.84228515625
2134146,48.4619140625
2134172,109.43603515625
2134186,43.15185546875
2134286,53.52783203125
2134309,105.5908203125
2134448,93.8720703125
2134467,47.119140625
2134497,52.978515625
2134521,48.9501953125
2134589,66.46728515625
2134622,42.54150390625
2134653,56.396484375
2134679,52.67333984375
2134739,43.3349609375
2134869,93.3837890625
2134901,80.50537109375
2135008,50.59814453125
2135019,82.6416015625
2135036,62.6220703125
2135066,61.46240234375
2135088,50.048828125
2135125,46.81396484375
2135212,70.25146484375
2135226,95.52001953125
2135342,51.33056640625
2135440,44.0673828125
2135480,99.67041015625
2135490,70.73974609375
2135517,57.18994140625
2135624,43.701171875
2135706,43.76220703125
2135724,93.81103515625
2135976,103.33251953125
2136138,43.02978515625
2183315,42.66357421875
2223580,52.91748046875
2223597,51.26953125
2223632,109.4970703125
2223646,114.56298828125
2223674,44.61669921875
2223696,115.41748046875
2223715,102.9052734375
2223729,146.6064453125
2223756,79.04052734375
2223778,57.12890625
2223805,69.76318359375
2223819,74.15771484375
2223866,61.4013671875
2223898,71.10595703125
2223922,57.7392578125
2223955,43.0908203125
2223980,50.84228515625
2224013,43.5791015625
2224049,61.1572265625
2224067,45.0439453125
2224110,51.33056640625
2224157,43.45703125
2224216,43.76220703125
2224293,43.02978515625
2224392,51.26953125
2224434,60.1806640625
2224464,52.30712890625
2224516,68.84765625
2224623,95.15380859375
2224633,52.734375
2224700,45.47119140625
2224751,67.138671875
2224789,45.22705078125
2224830,47.9736328125
2224875,110.53466796875
2225035,88.07373046875
2225093,53.8330078125
2225107,45.10498046875
2225147,67.07763671875
2225291,89.78271484375
2225326,44.189453125
2225352,43.3349609375
2225428,65.91796875
2225446,69.39697265625
2225539,42.724609375
2225620,92.83447265625
2225631,68.603515625
2225654,42.724609375
2225692,48.52294921875
2225703,58.59375
2225748,45.2880859375
2225844,85.63232421875
2225937,79.58984375
2226129,73.8525390625
2226356,42.90771484375
2251975,42.66357421875
2310999,48.095703125
2311610,48.828125
2311638,45.34912109375
2311696,129.39453125
2311721,78.43017578125
2311738,63.8427734375
2311755,95.703125
2311772,115.41748046875
2311799,94.29931640625
2311814,67.2607421875
2311833,75.62255859375
2311864,63.41552734375
2311882,57.6171875
2311894,98.388671875
2311904,50.78125
2311915,65.00244140625
2311971,50.47607421875
2312033,56.45751953125
2312048,54.74853515625
2312058,48.03466796875
2312104,47.7294921875
2312173,54.38232421875
2312219,45.2880859375
2312301,46.875
2312437,56.7626953125
2312476,44.49462890625
2312544,54.38232421875
2312567,42.66357421875
2312587,47.9736328125
2312608,42.54150390625
2312643,68.78662109375
2312721,57.67822265625
2312745,65.61279296875
2312788,47.8515625
2312858,94.78759765625
2312887,51.33056640625
2312928,62.80517578125
2312960,50.47607421875
2312971,67.68798828125
2313058,59.14306640625
2313097,82.70263671875
2313138,46.20361328125
2313208,44.189453125
2313218,61.09619140625
2313341,75.01220703125
2313361,66.71142578125
2313419,42.78564453125
2313480,59.02099609375
2313589,55.908203125
2313617,93.994140625
2313679,44.921875
2313709,57.6171875
2313800,49.98779296875
2313817,101.01318359375
2313904,63.29345703125
2313915,43.88427734375
2314028,47.7294921875
2314057,91.30859375
2314108,48.828125
2314124,76.47705078125
2314212,86.73095703125
2314319,92.10205078125
2314357,65.00244140625
2314575,91.30859375
2314615,101.1962890625
2350457,43.0908203125
2368892,43.45703125
2397480,42.48046875
2397517,44.86083984375
2397551,198.05908203125
2397568,101.318359375
2397606,97.10693359375
2397628,82.70263671875
2397657,66.162109375
2397675,90.087890625
2397688,59.38720703125
2397700,50.4150390625
2397724,58.837890625
2397734,61.279296875
2397754,66.83349609375
2397779,50.9033203125
2397793,49.1943359375
2397819,61.95068359375
2397829,42.90771484375
2397844,67.87109375
2397867,88.5009765625
2397889,54.87060546875
2397938,50.1708984375
2397948,56.396484375
2397999,46.69189453125
2398137,43.701171875
2398155,42.96875
2398253,53.22265625
2398394,45.654296875
2398445,54.6875
2398532,76.2939453125
2398629,85.75439453125
2398643,46.9970703125
2398701,48.7060546875
2398723,60.85205078125
2398842,76.11083984375
2398875,60.97412109375
2398886,53.466796875
2398919,46.32568359375
2398954,100.28076171875
2399010,46.142578125
2399036,46.2646484375
2399120,80.99365234375
2399157,54.931640625
2399218,44.43359375
2399248,83.8623046875
2399292,42.6025390625
2399355,42.96875
2399375,65.7958984375
2399390,73.2421875
2399417,48.64501953125
2399446,45.95947265625
2399480,44.921875
2399561,99.12109375
2399590,50.78125
2399626,42.96875
2399703,47.607421875
2399721,43.27392578125
2399758,46.7529296875
2399799,76.35498046875
2399910,45.22705078125
2400052,90.63720703125
2400117,47.8515625
2400205,51.26953125
2400238,86.669921875
2430262,48.88916015625
2486455,54.931640625
2486496,52.3681640625
2486513,126.46484375
2486545,56.33544921875
2486566,81.6650390625
2486588,127.5634765625
2486602,88.7451171875
2486617,82.51953125
2486640,69.7021484375
2486653,81.1767578125
2486669,54.6875
2486692,73.1201171875
2486718,56.94580078125
2486741,52.91748046875
2486771,75.62255859375
2486800,47.9736328125
2486831,57.7392578125
2486874,45.83740234375
2486906,42.90771484375
2486981,48.64501953125
2487019,47.4853515625
2487114,47.9736328125
2487301,51.3916015625
2487370,49.01123046875
2487393,57.55615234375
2487487,103.759765625
2487514,56.57958984375
2487594,61.767578125
2487669,50.537109375
2487682,60.48583984375
2487716,55.7861328125
2487798,58.04443359375
2487831,52.24609375
2487909,77.69775390625
2487933,45.10498046875
2487967,55.2978515625
2488022,47.18017578125
2488042,119.140625
2488055,47.607421875
2488172,94.29931640625
2488200,45.654296875
2488226,45.5322265625
2488242,58.53271484375
2488271,50.59814453125
2488321,87.40234375
2488409,45.22705078125
2488426,65.97900390625
2488499,84.41162109375
2488531,52.734375
2488594,45.83740234375
2488611,47.18017578125
2488747,42.66357421875
2488772,82.09228515625
2488818,62.8662109375
2488930,75.5615234375
2488984,53.7109375
2489157,43.3349609375
2489200,45.47119140625
2489289,79.58984375
2489416,96.6796875
2489453,49.560546875
2550017,42.724609375
2571949,53.7109375
2571995,186.21826171875
2572013,81.48193359375
2572035,75.0732421875
2572048,126.52587890625
2572069,74.462890625
2572086,77.7587890625
2572102,139.95361328125
2572122,60.60791015625
2572132,45.34912109375
2572145,73.3642578125
2572159,75.74462890625
2572177,64.63623046875
2572198,64.14794921875
2572228,52.24609375
2572246,51.20849609375
2572299,46.93603515625
2572332,46.875
2572373,44.61669921875
2572414,57.43408203125
2572586,47.54638671875
2572672,43.5791015625
2572795,45.47119140625
2572813,45.34912109375
2572965,58.349609375
2572975,47.54638671875
2572991,44.12841796875
2573086,69.580078125
2573098,53.7109375
2573178,79.89501953125
2573234,48.52294921875
2573255,46.9970703125
2573285,65.91796875
2573373,48.2177734375
2573389,54.38232421875
2573415,75.5615234375
2573468,43.76220703125
2573518,87.70751953125
2573546,55.48095703125
2573620,45.34912109375
2573641,79.2236328125
2573751,64.27001953125
2573849,67.32177734375
2573867,87.95166015625
2573887,62.1337890625
2574028,46.7529296875
2574044,88.37890625
2574073,48.33984375
2574180,47.18017578125
2574193,72.69287109375
2574319,107.11669921875
2574370,51.6357421875
2574453,61.279296875
2574476,60.791015625
2574500,47.4853515625
2574520,43.02978515625
2574582,43.15185546875
2574625,53.28369140625
2574675,95.15380859375
2574693,50.96435546875
2574740,46.56982421875
2574916,87.82958984375
2574965,50.23193359375
2612674,42.48046875
2643344,51.025390625
2658581,44.86083984375
2658600,82.51953125
2658626,109.4970703125
2658654,119.32373046875
2658680,115.66162109375
2658699,94.1162109375
2658716,113.6474609375
2658744,110.04638671875
2658766,155.09033203125
2658777,106.5673828125
2658807,69.580078125
2658825,59.6923828125
2658880,46.7529296875
2658898,45.5322265625
2658915,67.93212890625
2658983,44.921875
2658995,60.72998046875
2659012,49.13330078125
2659041,59.14306640625
2659065,58.65478515625
2659118,47.9736328125
2659246,45.83740234375
2659453,44.189453125
2659472,42.8466796875
2659550,55.5419921875
2659605,45.47119140625
2659625,42.6025390625
2659680,42.96875
2659728,65.185546875
2659828,68.603515625
2659856,47.05810546875
2659904,67.56591796875
2659923,47.30224609375
2659935,53.89404296875
2660015,47.9736328125
2660052,60.4248046875
2660072,46.93603515625
2660115,52.1240234375
2660160,84.28955078125
2660191,45.8984375
2660227,43.02978515625
2660266,60.05859375
2660294,44.3115234375
2660318,49.1943359375
2660393,89.599609375
2660436,44.43359375
2660545,83.80126953125
2660654,43.15185546875
2660665,52.55126953125
2660720,112.97607421875
2660734,58.2275390625
2660807,51.513671875
2660868,102.1728515625
2660882,47.607421875
2660912,47.119140625
2660968,43.45703125
2661032,44.3115234375
2661047,103.21044921875
2661102,46.630859375
2661120,50.59814453125
2661136,60.4248046875
2661154,51.513671875
2661185,104.18701171875
2661207,47.54638671875
2661284,43.39599609375
2661407,43.0908203125
2661458,48.7060546875
2661485,45.2880859375
2661705,50.537109375
2661756,81.6650390625
2746777,57.2509765625
2746830,217.1630859375
2746845,63.232421875
2746881,162.65869140625
2746900,101.5625
2746921,112.85400390625
2746937,80.62744140625
2746976,87.5244140625
2746987,54.3212890625
2747006,46.142578125
2747022,71.22802734375
2747033,74.64599609375
2747069,48.88916015625
2747081,49.01123046875
2747108,60.24169921875
2747149,51.45263671875
2747168,50.47607421875
2747199,47.66845703125
2747233,46.630859375
2747440,47.79052734375
2747459,43.39599609375
2747562,46.875
2747633,49.4384765625
2747725,52.91748046875
2747798,42.90771484375
2747812,69.580078125
2747880,43.76220703125
2747890,72.81494140625
2747998,77.2705078125
2748027,59.14306640625
2748042,64.27001953125
2748090,72.81494140625
2748151,42.66357421875
2748181,61.8896484375
2748196,42.78564453125
2748248,60.97412109375
2748276,44.921875
2748295,50.048828125
2748359,43.5791015625
2748393,53.8330078125
2748444,88.8671875
2748471,47.91259765625
2748532,62.56103515625
2748583,84.47265625
2748659,54.0771484375
2748781,114.80712890625
2748808,48.828125
2748836,59.2041015625
2748968,105.712890625
2748990,53.40576171875
2749073,48.583984375
2749115,99.06005859375
2749163,47.54638671875
2749278,42.724609375
2749369,52.42919921875
2749414,45.22705078125
2749429,51.94091796875
2749500,103.1494140625
2749510,42.96875
2749650,92.46826171875
2749688,65.61279296875
2749727,44.98291015625
2749857,78.7353515625
2749867,59.38720703125
2749899,50.537109375
2839616,50.59814453125
2839650,56.33544921875
2839666,53.28369140625
2839695,152.40478515625
2839708,75.25634765625
2839732,88.134765625
2839748,111.26708984375
2839773,99.91455078125
2839787,56.33544921875
2839801,72.20458984375
2839811,73.486328125
2839838,61.95068359375
2839866,65.73486328125
2839881,58.65478515625
2839901,45.22705078125
2839918,73.54736328125
2839934,45.59326171875
2839960,46.44775390625
2839977,72.44873046875
2840000,43.8232421875
2840023,68.9697265625
2840034,49.37744140625
2840064,66.46728515625
2840094,47.79052734375
2840107,46.142578125
2840180,45.10498046875
2840314,46.81396484375
2840348,50.537109375
2840404,47.119140625
2840457,63.04931640625
2840545,44.7998046875
2840683,62.8662109375
2840738,59.5703125
2840753,88.92822265625
2840828,46.08154296875
2840853,75.86669921875
2840958,57.18994140625
2840968,71.22802734375
2841031,51.1474609375
2841045,47.79052734375
2841070,46.5087890625
2841099,47.7294921875
2841152,54.443359375
2841207,76.171875
2841224,44.43359375
2841240,48.095703125
2841290,55.5419921875
2841347,77.69775390625
2841412,48.27880859375
2841433,44.677734375
2841445,49.9267578125
2841471,62.5
2841529,47.54638671875
2841557,42.8466796875
2841579,85.63232421875
2841619,43.212890625
2841681,42.48046875
2841712,82.1533203125
2841749,52.30712890625
2841859,82.1533203125
2841880,46.7529296875
2841949,48.64501953125
2841973,65.24658203125
2842056,42.66357421875
2842124,46.630859375
2842247,44.921875
2842328,52.67333984375
2842350,76.904296875
2842465,63.8427734375
2842489,68.84765625
2842597,56.2744140625
2842647,97.5341796875
2929941,52.30712890625
2929969,63.53759765625
2930014,44.25048828125
2930045,123.47412109375
2930077,77.880859375
2930095,56.5185546875
2930105,103.45458984375
2930131,85.14404296875
2930153,84.5947265625
2930176,120.849609375
2930189,43.39599609375
2930206,114.07470703125
2930237,83.06884765625
2930253,44.98291015625
2930273,95.76416015625
2930308,53.64990234375
2930333,71.10595703125
2930368,43.0908203125
2930380,51.94091796875
2930498,50.84228515625
2930536,44.98291015625
2930901,68.78662109375
2931010,70.9228515625
2931047,46.20361328125
2931075,47.42431640625
2931099,62.68310546875
2931202,77.880859375
2931229,43.5791015625
2931279,43.88427734375
2931303,47.91259765625
2931365,45.2880859375
2931391,47.66845703125
2931423,49.6826171875
2931492,58.28857421875
2931587,58.837890625
2931620,58.349609375
2931639,46.44775390625
2931690,56.396484375
2931719,45.22705078125
2931785,51.45263671875
2931818,106.01806640625
2931867,52.8564453125
2931931,44.7998046875
2931962,70.73974609375
2932005,44.921875
2932065,73.54736328125
2932219,48.64501953125
2932241,81.35986328125
2932351,52.91748046875
2932372,64.02587890625
2932408,44.37255859375
2932444,44.43359375
2932502,49.37744140625
2932557,101.01318359375
2932575,44.3115234375
2932726,70.49560546875
2932761,50.78125
2932824,44.12841796875
2932989,81.4208984375
2933152,52.79541015625
2933214,42.54150390625
2933238,87.58544921875
2934112,45.59326171875
2946017,45.2880859375
2961338,42.48046875
3018759,62.43896484375
3018789,52.06298828125
3018816,106.8115234375
3018830,114.2578125
3018873,137.8173828125
3018893,101.1962890625
3018914,74.40185546875
3018939,79.1015625
3018959,63.29345703125
3018970,109.06982421875
3018983,42.48046875
3019006,87.09716796875
3019034,59.326171875
3019060,62.01171875
3019096,48.27880859375
3019112,61.58447265625
3019163,45.7763671875
3019386,54.01611328125
3019724,53.1005859375
3019805,43.39599609375
3019819,45.71533203125
3019834,77.20947265625
3019892,49.8046875
3019914,44.25048828125
3019945,58.7158203125
3020006,43.88427734375
3020041,53.5888671875
3020056,78.0029296875
3020151,61.46240234375
3020162,44.189453125
3020196,44.00634765625
3020276,76.0498046875
3020305,80.56640625
3020374,78.61328125
3020407,55.0537109375
3020439,56.94580078125
3020463,45.95947265625
3020543,42.8466796875
3020578,44.73876953125
3020606,63.720703125
3020636,58.65478515625
3020725,70.37353515625
3020814,69.51904296875
3020829,43.3349609375
3020840,52.001953125
3020869,48.7060546875
3020958,51.57470703125
3021015,44.00634765625
3021127,83.06884765625
3021184,46.81396484375
3021227,63.65966796875
3021257,101.25732421875
3021269,43.0908203125
3021398,83.251953125
3021452,44.12841796875
3021490,58.837890625
3021545,50.29296875
3021565,44.73876953125
3021575,85.51025390625
3021735,85.14404296875
3021766,43.0908203125
3021810,46.5087890625
3021862,49.86572265625
3021929,94.90966796875
3022065,52.55126953125
3084589,48.828125
3109631,51.7578125
3109660,50.96435546875
3109677,50.537109375
3109688,110.595703125
3109715,72.8759765625
3109739,134.6435546875
3109752,112.85400390625
3109774,79.04052734375
3109787,45.71533203125
3109798,73.66943359375
3109816,75.01220703125
3109834,92.59033203125
3109851,88.5009765625
3109876,48.583984375
3109890,91.24755859375
3109901,59.4482421875
3109929,79.28466796875
3109940,60.11962890625
3109955,62.80517578125
3109980,50.4150390625
3109991,62.19482421875
3110029,52.734375
3110059,50.048828125
3110109,66.162109375
3110262,44.61669921875
3110319,59.50927734375
3110413,51.8798828125
3110536,42.8466796875
3110594,43.45703125
3110676,47.2412109375
3110780,79.7119140625
3110836,44.98291015625
3110882,61.58447265625
3110947,63.65966796875
3110976,73.42529296875
3110993,46.32568359375
3111047,45.47119140625
3111101,51.33056640625
3111135,48.33984375
3111163,80.2001953125
3111206,54.5654296875
3111277,66.40625
3111313,47.18017578125
3111396,48.583984375
3111407,60.48583984375
3111505,62.8662109375
3111570,51.81884765625
3111609,68.7255859375
3111693,48.2177734375
3111731,80.078125
3111842,43.3349609375
3111855,119.384765625
3111882,43.8232421875
3111953,46.20361328125
3111988,49.74365234375
3112022,81.1767578125
3112174,81.11572265625
3112202,43.212890625
3112283,44.3115234375
3112313,84.89990234375
3112351,49.8046875
3112480,80.322265625
3112519,42.6025390625
3112560,54.13818359375
3112620,47.36328125
3112715,106.0791015625
3157137,44.43359375
3200330,48.88916015625
3200349,58.65478515625
3200372,51.6357421875
3200401,142.7001953125
3200423,69.82421875
3200443,72.1435546875
3200456,124.20654296875
3200484,149.0478515625
3200499,143.12744140625
3200513,78.369140625
3200536,55.0537109375
3200554,57.18994140625
3200583,114.2578125
3200600,47.2412109375
3200620,59.87548828125
3200635,49.98779296875
3200648,44.00634765625
3200681,42.8466796875
3200705,56.396484375
3200755,42.96875
3200765,51.1474609375
3200778,44.43359375
3200814,59.75341796875
3200857,43.0908203125
3200867,47.36328125
3200907,45.2880859375
3200918,56.45751953125
3201097,44.73876953125
3201141,45.10498046875
3201172,43.8232421875
3201241,51.33056640625
3201284,45.22705078125
3201308,62.80517578125
3201397,48.03466796875
3201503,47.4853515625
3201540,52.734375
3201593,46.2646484375
3201625,50.59814453125
3201642,57.373046875
3201671,45.83740234375
3201740,60.791015625
3201755,42.96875
3201802,61.09619140625
3201839,79.52880859375
3201880,42.54150390625
3201936,72.57080078125
3201962,48.27880859375
3201972,45.47119140625
3202024,64.5751953125
3202136,43.39599609375
3202160,68.66455078125
3202217,58.2275390625
3202243,51.94091796875
3202268,74.462890625
3202309,45.71533203125
3202409,54.62646484375
3202516,50.84228515625
3202540,79.04052734375
3202625,53.1005859375
3202650,70.12939453125
3202805,48.4619140625
3202818,98.6328125
3202971,70.556640625
3202990,48.76708984375
3203025,43.0908203125
3203153,98.876953125
3203170,49.560546875
3203282,46.2646484375
3203359,51.33056640625
3203392,95.0927734375
3203407,45.7763671875
3203526,43.9453125
3203629,44.00634765625
3283439,55.908203125
3289348,47.36328125
3289389,52.734375
3289407,127.8076171875
3289422,87.5244140625
3289447,72.998046875
3289458,124.57275390625
3289501,147.03369140625
3289520,93.20068359375
3289535,96.19140625
3289577,98.6328125
3289594,75.3173828125
3289607,49.74365234375
3289617,62.6220703125
3289654,62.19482421875
3289664,86.36474609375
3289692,64.02587890625
3289725,45.95947265625
3289755,74.15771484375
3289777,50.6591796875
3289918,45.41015625
3290106,52.67333984375
3290238,42.78564453125
3290312,42.6025390625
3290363,64.5751953125
3290412,51.20849609375
3290441,67.138671875
3290473,52.06298828125
3290499,58.41064453125
3290540,68.115234375
3290579,47.05810546875
3290637,58.2275390625
3290713,57.2509765625
3290744,63.17138671875
3290758,51.8798828125
3290779,44.7998046875
3290839,54.62646484375
3290905,50.048828125
3290920,49.6826171875
3290959,50.78125
3290983,46.0205078125
3291015,53.8330078125
3291057,48.9501953125
3291075,77.0263671875
3291123,54.74853515625
3291172,61.46240234375
3291189,45.59326171875
3291248,49.98779296875
3291286,81.0546875
3291344,52.490234375
3291377,43.0908203125
3291419,104.30908203125
3291438,44.3115234375
3291529,100.7080078125
3291596,47.2412109375
3291615,44.12841796875
3291669,80.87158203125
3291785,77.63671875
3291799,59.08203125
3291825,45.71533203125
3291960,71.59423828125
3292111,88.56201171875
3292142,44.86083984375
3292236,50.84228515625
3292275,43.0908203125
3292311,86.42578125
3292358,56.09130859375
3292381,45.83740234375
3292476,77.45361328125
3292545,48.2177734375
3292796,49.6826171875
3313272,44.677734375
3382581,48.52294921875
3382896,49.74365234375
3382930,54.19921875
3382941,46.875
3382965,133.23974609375
3382977,117.919921875
3383004,85.5712890625
3383026,134.033203125
3383040,133.4228515625
3383065,77.57568359375
3383098,111.4501953125
3383116,85.9375
3383140,56.7626953125
3383160,117.7978515625
3383180,59.9365234375
3383193,73.66943359375
3383208,100.341796875
3383234,60.48583984375
3383247,48.4619140625
3383270,42.96875
3383304,48.7060546875
3383343,57.7392578125
3383368,50.537109375
3383412,63.29345703125
3383454,45.7763671875
3383691,46.9970703125
3383829,45.2880859375
3383867,44.7998046875
3383884,42.78564453125
3383958,54.26025390625
3384000,57.2509765625
3384059,91.1865234375
3384111,44.3115234375
3384159,44.25048828125
3384176,48.828125
3384288,72.08251953125
3384305,57.18994140625
3384375,49.74365234375
3384406,97.59521484375
3384510,58.04443359375
3384553,46.142578125
3384604,106.87255859375
3384640,48.40087890625
3384701,44.3115234375
3384728,67.07763671875
3384748,61.09619140625
3384778,43.3349609375
3384817,45.95947265625
3384886,44.73876953125
3384911,83.740234375
3384991,58.65478515625
3385031,97.16796875
3385164,47.4853515625
3385258,44.25048828125
3385343,87.82958984375
3385411,49.86572265625
3385522,87.2802734375
3385550,56.21337890625
3385568,50.78125
3385593,50.6591796875
3385743,88.5009765625
3385786,42.78564453125
3385829,58.04443359375
3385903,48.27880859375
3385963,96.37451171875
3474493,47.91259765625
3474508,66.7724609375
3474520,46.2646484375
3474553,101.74560546875
3474582,94.66552734375
3474606,89.90478515625
3474634,140.80810546875
3474651,108.58154296875
3474670,69.64111328125
3474680,95.52001953125
3474693,85.51025390625
3474716,68.2373046875
3474745,60.72998046875
3474756,57.67822265625
3474772,44.677734375
3474799,43.64013671875
3474834,53.03955078125
3474876,66.650390625
3474896,77.392578125
3474966,49.49951171875
3474977,45.2880859375
3475012,42.54150390625
3475081,49.49951171875
3475117,42.724609375
3475394,43.76220703125
3475599,61.4013671875
3475662,48.88916015625
3475692,73.6083984375
3475720,42.90771484375
3475770,50.78125
3475784,46.7529296875
3475815,51.513671875
3475901,90.4541015625
3475968,44.98291015625
3475982,60.05859375
3476008,50.1708984375
3476109,85.0830078125
3476123,64.94140625
3476216,73.6083984375
3476277,46.875
3476311,45.10498046875
3476375,44.921875
3476424,42.724609375
3476455,100.03662109375
3476468,48.4619140625
3476589,88.5009765625
3476746,46.5087890625
3476829,46.93603515625
3476878,45.5322265625
3476908,60.72998046875
3477016,82.763671875
3477078,46.630859375
3477129,48.4619140625
3477160,43.27392578125
3477213,94.54345703125
3477272,43.701171875
3477335,44.677734375
3477443,106.26220703125
3477520,57.18994140625
3477643,71.2890625
3562474,43.0908203125
3562496,61.58447265625
3562527,42.8466796875
3562546,152.64892578125
3562580,102.05078125
3562595,204.9560546875
3562614,78.06396484375
3562637,126.40380859375
3562659,73.05908203125
3562675,80.322265625
3562702,65.61279296875
3562712,76.59912109375
3562722,128.7841796875
3562759,65.673828125
3562779,50.9033203125
3562796,93.44482421875
3562815,66.40625
3562837,46.32568359375
3562865,49.49951171875
3562909,43.212890625
3562922,45.166015625
3562953,46.93603515625
3562997,62.92724609375
3563009,46.5087890625
3563032,52.67333984375
3563099,51.20849609375
3563118,51.26953125
3563268,45.5322265625
3563479,43.3349609375
3563520,48.03466796875
3563562,50.6591796875
3563697,51.08642578125
3563789,45.2880859375
3563831,44.189453125
3563876,47.54638671875
3563914,58.53271484375
3564004,45.166015625
3564017,65.12451171875
3564077,42.8466796875
3564126,72.3876953125
3564204,46.20361328125
3564241,87.0361328125
3564322,43.02978515625
3564341,87.95166015625
3564429,53.28369140625
3564509,85.8154296875
3564645,70.12939453125
3564804,75.68359375
3564862,54.19921875
3564944,43.51806640625
3565018,92.8955078125
3565062,48.33984375
3565248,105.28564453125
3565414,79.16259765625
3565439,56.33544921875
3565608,84.3505859375
3565728,45.95947265625
3652126,60.11962890625
3652159,45.654296875
3652195,212.09716796875
3652226,87.646484375
3652249,122.98583984375
3652277,153.1982421875
3652310,104.30908203125
3652322,86.3037109375
3652352,68.9697265625
3652368,56.82373046875
3652380,60.72998046875
3652405,91.9189453125
3652415,72.265625
3652445,95.21484375
3652471,48.40087890625
3652507,46.69189453125
3652540,54.6875
3652574,56.57958984375
3652623,43.64013671875
3652682,51.69677734375
3652705,49.13330078125
3652761,46.44775390625
3652875,43.88427734375
3652910,45.59326171875
3653014,46.875
3653072,47.119140625
3653096,44.49462890625
3653112,49.072265625
3653131,54.26025390625
3653184,43.3349609375
3653244,45.10498046875
3653321,43.76220703125
3653359,71.35009765625
3653407,52.06298828125
3653451,44.73876953125
3653525,46.9970703125
3653552,58.59375
3653583,44.921875
3653613,44.73876953125
3653657,42.66357421875
3653775,86.73095703125
3653828,42.54150390625
3653892,73.6083984375
3653912,48.2177734375
3653936,62.68310546875
3653989,42.66357421875
3654011,65.91796875
3654090,56.640625
3654132,74.76806640625
3654167,44.49462890625
3654267,50.4150390625
3654289,87.82958984375
3654312,55.72509765625
3654398,42.54150390625
3654419,64.94140625
3654450,42.6025390625
3654477,43.15185546875
3654550,47.30224609375
3654616,94.7265625
3654666,46.9970703125
3654779,59.75341796875
3654902,42.724609375
3654939,91.36962890625
3697414,44.12841796875
3719423,44.12841796875
3741748,67.2607421875
3741789,181.21337890625
3741807,89.4775390625
3741822,51.94091796875
3741846,97.96142578125
3741879,149.84130859375
3741900,109.31396484375
3741913,88.5009765625
3741930,103.57666015625
3741947,46.56982421875
3741967,87.890625
3741985,57.67822265625
3742003,56.45751953125
3742037,66.34521484375
3742054,69.091796875
3742087,80.99365234375
3742107,52.001953125
3742134,46.142578125
3742154,43.15185546875
3742204,44.49462890625
3742234,73.1201171875
3742426,46.7529296875
3742563,58.53271484375
3742612,44.25048828125
3742674,44.98291015625
3742766,51.6357421875
3742866,43.39599609375
3742930,50.84228515625
3742962,71.1669921875
3743027,57.18994140625
3743056,71.83837890625
3743094,42.66357421875
3743122,45.8984375
3743189,79.52880859375
3743201,45.7763671875
3743225,45.5322265625
3743265,50.96435546875
3743281,45.47119140625
3743318,51.7578125
3743352,54.01611328125
3743405,78.61328125
3743427,47.54638671875
3743500,46.08154296875
3743510,54.26025390625
3743591,44.7998046875
3743663,44.43359375
3743674,89.84375
3743736,50.96435546875
3743778,59.50927734375
3743800,44.921875
3743851,52.3681640625
3743884,45.7763671875
3743937,106.14013671875
3744115,102.6611328125
3744293,52.67333984375
3744355,96.19140625
3744667,45.10498046875
3805528,49.98779296875
3828939,47.05810546875
3828971,132.50732421875
3828987,73.30322265625
3829013,126.3427734375
3829025,149.2919921875
3829055,65.97900390625
3829072,161.80419921875
3829109,114.07470703125
3829124,95.21484375
3829166,49.01123046875
3829193,85.14404296875
3829212,47.2412109375
3829230,90.576171875
3829244,56.45751953125
3829264,53.1005859375
3829278,56.2744140625
3829295,43.212890625
3829309,69.15283203125
3829364,80.322265625
3829403,43.5791015625
3829427,58.53271484375
3829622,56.15234375
3829687,44.12841796875
3829796,45.654296875
3829824,56.21337890625
3829856,46.44775390625
3829900,44.0673828125
3829942,54.931640625
3829974,46.69189453125
3830018,63.53759765625
3830072,43.64013671875
3830114,92.34619140625
3830133,43.39599609375
3830197,68.7255859375
3830268,55.6640625
3830309,52.18505859375
3830356,61.46240234375
3830434,50.23193359375
3830485,67.0166015625
3830557,44.921875
3830569,84.04541015625
3830606,42.724609375
3830645,53.03955078125
3830699,82.3974609375
3830759,48.9501953125
3830784,46.44775390625
3830804,102.84423828125
3830950,99.7314453125
3830979,43.5791015625
3831104,68.84765625
3831256,83.80126953125
3831455,85.63232421875
3831631,45.22705078125
3831867,94.29931640625
3831888,60.546875
3918551,85.5712890625
3918566,42.8466796875
3918596,148.5595703125
3918612,104.18701171875
3918632,61.5234375
3918647,83.984375
3918663,73.6083984375
3918676,62.6220703125
3918699,95.15380859375
3918717,84.65576171875
3918734,94.90966796875
3918755,56.70166015625
3918774,58.837890625
3918796,62.92724609375
3918809,43.5791015625
3918834,68.603515625
3918853,78.61328125
3918864,61.4013671875
3918890,63.29345703125
3918906,49.86572265625
3918917,46.81396484375
3918942,52.734375
3918954,55.0537109375
3918997,62.92724609375
3919029,68.78662109375
3919071,43.76220703125
3919126,50.9033203125
3919174,44.189453125
3919446,42.96875
3919557,46.9970703125
3919631,60.4248046875
3919665,53.955078125
3919681,56.5185546875
3919736,46.142578125
3919786,70.61767578125
3919800,48.9501953125
3919838,47.607421875
3919860,55.35888671875
3919892,69.64111328125
3919919,56.0302734375
3919942,50.35400390625
3920019,45.7763671875
3920136,46.5087890625
3920157,103.3935546875
3920180,51.7578125
3920207,43.8232421875
3920268,62.98828125
3920292,47.8515625
3920354,42.724609375
3920438,89.7216796875
3920455,48.03466796875
3920527,43.15185546875
3920630,47.36328125
3920662,88.19580078125
3920756,53.28369140625
3920836,77.392578125
3920894,48.27880859375
3920974,45.34912109375
3920987,88.56201171875
3921144,53.1005859375
3921181,51.45263671875
3921208,74.70703125
3921227,45.10498046875
3921270,43.0908203125
3921387,51.1474609375
4005349,66.5283203125
4005373,108.45947265625
4005397,43.64013671875
4005424,85.44921875
4005439,113.8916015625
4005455,76.904296875
4005482,154.6630859375
4005515,75.01220703125
4005529,76.84326171875
4005558,73.79150390625
4005572,49.1943359375
4005600,76.84326171875
4005611,61.279296875
4005637,50.84228515625
4005667,76.904296875
4005722,43.27392578125
4005751,44.25048828125
4005765,51.26953125
4005784,42.54150390625
4005799,53.89404296875
4005829,43.76220703125
4005860,45.5322265625
4005879,46.9970703125
4005961,51.6357421875
4006026,70.61767578125
4006155,45.83740234375
4006183,50.9033203125
4006273,43.27392578125
4006382,79.65087890625
4006480,99.18212890625
4006563,48.2177734375
4006609,61.58447265625
4006632,42.96875
4006659,66.71142578125
4006679,44.98291015625
4006727,69.64111328125
4006853,102.96630859375
4006922,70.80078125
4006965,71.533203125
4006996,51.26953125
4007011,50.048828125
4007067,62.3779296875
4007147,43.45703125
4007204,99.91455078125
4007300,44.0673828125
4007342,79.77294921875
4007472,80.810546875
4007526,48.583984375
4007601,70.86181640625
4007746,45.10498046875
4007785,43.15185546875
4007837,87.70751953125
4008031,50.6591796875
4008046,60.85205078125
4008183,42.78564453125
4008395,55.7861328125
4029716,57.12890625
4093322,54.01611328125
4093333,42.66357421875
4093363,50.29296875
4093404,134.1552734375
4093425,134.70458984375
4093462,142.4560546875
4093486,98.57177734375
4093501,129.638671875
4093525,55.84716796875
4093546,78.55224609375
4093578,79.4677734375
4093600,58.89892578125
4093617,77.57568359375
4093639,77.94189453125
4093649,50.1708984375
4093675,75.25634765625
4093689,61.09619140625
4093732,52.06298828125
4093751,45.83740234375
4093764,43.212890625
4093792,43.15185546875
4093812,45.41015625
4093840,51.1474609375
4093870,44.12841796875
4093917,44.3115234375
4093947,60.05859375
4094037,45.8984375
4094277,44.25048828125
4094325,53.7109375
4094434,43.39599609375
4094513,78.857421875
4094560,46.5087890625
4094602,59.87548828125
4094706,74.15771484375
4094810,73.18115234375
4094854,47.42431640625
4094899,47.2412109375
4094928,75.439453125
4094948,56.7626953125
4095037,46.44775390625
4095080,52.91748046875
4095094,77.08740234375
4095168,45.7763671875
4095205,65.49072265625
4095237,93.6279296875
4095323,53.466796875
4095374,63.3544921875
4095427,100.09765625
4095477,49.6826171875
4095566,71.47216796875
4095660,44.0673828125
4095819,105.8349609375
4095850,43.45703125
4095868,48.52294921875
4096095,90.63720703125
4096214,44.98291015625
4096263,46.142578125
4128284,43.27392578125
4180163,52.42919921875
4180177,49.86572265625
4180207,171.81396484375
4180239,51.33056640625
4180251,114.6240234375
4180263,199.5849609375
4180285,145.6298828125
4180309,66.71142578125
4180329,73.8525390625
4180350,113.4033203125
4180370,76.84326171875
4180381,59.814453125
4180393,72.8759765625
4180422,75.74462890625
4180434,54.38232421875
4180472,69.3359375
4180498,42.6025390625
4180511,42.724609375
4180534,50.4150390625
4180545,61.8896484375
4180560,55.35888671875
4180578,46.875
4180622,54.99267578125
4180655,42.6025390625
4180669,50.23193359375
4180709,67.81005859375
4180732,43.0908203125
4180761,45.5322265625
4180874,42.90771484375
4181015,42.48046875
4181103,45.10498046875
4181205,63.65966796875
4181261,42.8466796875
4181274,42.66357421875
4181303,57.67822265625
4181349,45.654296875
4181409,61.70654296875
4181473,45.5322265625
4181486,47.30224609375
4181502,47.30224609375
4181535,84.77783203125
4181547,82.33642578125
4181677,85.5712890625
4181720,42.78564453125
4181797,85.14404296875
4181840,43.88427734375
4181905,50.6591796875
4181923,47.36328125
4181942,53.466796875
4181974,81.54296875
4182056,48.33984375
4182088,87.2802734375
4182146,49.9267578125
4182174,42.90771484375
4182235,93.93310546875
4182298,47.42431640625
4182342,45.2880859375
4182420,116.3330078125
4182624,87.34130859375
4182791,50.78125
4182859,81.11572265625
4268487,46.69189453125
4268498,127.74658203125
4268530,95.27587890625
4268555,104.4921875
4268568,56.70166015625
4268587,78.4912109375
4268609,132.99560546875
4268627,86.73095703125
4268641,60.85205078125
4268664,113.4033203125
4268695,74.89013671875
4268718,94.78759765625
4268751,57.67822265625
4268765,51.26953125
4268804,61.21826171875
4268846,43.64013671875
4268856,54.8095703125
4268880,60.72998046875
4268894,46.20361328125
4269010,45.166015625
4269069,48.2177734375
4269115,55.72509765625
4269158,43.88427734375
4269205,56.15234375
4269297,60.791015625
4269336,69.03076171875
4269407,64.02587890625
4269419,43.51806640625
4269500,51.513671875
4269510,67.9931640625
4269565,62.31689453125
4269630,92.4072265625
4269691,47.119140625
4269744,77.2705078125
4269805,61.03515625
4269848,78.43017578125
4269909,48.7060546875
4269943,47.18017578125
4269972,85.99853515625
4270073,43.88427734375
4270103,45.95947265625
4270132,85.9375
4270331,48.15673828125
4270347,42.724609375
4270360,71.96044921875
4270376,80.2001953125
4270514,56.09130859375
4270524,104.43115234375
4270569,45.83740234375
4270645,49.9267578125
4270664,44.5556640625
4270701,42.724609375
4270733,83.1298828125
4270832,47.7294921875
4270961,43.27392578125
4271002,43.51806640625
4271190,77.1484375
4354357,57.0068359375
4354387,45.654296875
4354419,122.6806640625
4354435,117.7978515625
4354449,61.8896484375
4354467,46.142578125
4354494,122.25341796875
4354521,117.73681640625
4354551,117.37060546875
4354577,65.73486328125
4354594,79.58984375
4354607,81.97021484375
4354620,53.89404296875
4354639,90.51513671875
4354651,46.142578125
4354665,67.19970703125
4354681,53.77197265625
4354725,52.30712890625
4354738,45.166015625
4354833,48.76708984375
4354880,42.78564453125
4354919,45.34912109375
4354929,55.11474609375
4354971,42.78564453125
4354984,47.18017578125
4355091,47.607421875
4355148,43.39599609375
4355198,43.76220703125
4355209,58.10546875
4355323,67.138671875
4355340,46.9970703125
4355358,50.537109375
4355453,65.91796875
4355476,44.189453125
4355497,46.08154296875
4355513,44.12841796875
4355557,81.23779296875
4355681,82.33642578125
4355773,54.26025390625
4355832,45.8984375
4355849,52.490234375
4355932,68.29833984375
4355953,45.95947265625
4355997,46.2646484375
4356087,42.8466796875
4356123,69.9462890625
4356158,55.11474609375
4356207,51.7578125
4356268,42.78564453125
4356284,54.443359375
4356306,101.01318359375
4356410,59.99755859375
4356428,49.560546875
4356477,64.697265625
4356673,93.56689453125
4356780,47.30224609375
4356809,45.654296875
4356921,87.2802734375
4440367,46.93603515625
4440378,49.31640625
4440400,68.4814453125
4440423,104.79736328125
4440434,49.560546875
4440461,109.4970703125
4440487,122.6806640625
4440501,72.998046875
4440524,82.21435546875
4440538,139.58740234375
4440573,83.19091796875
4440584,42.96875
4440608,53.22265625
4440618,76.7822265625
4440650,73.42529296875
4440668,66.2841796875
4440682,55.7861328125
4440692,73.486328125
4440723,65.61279296875
4440741,75.68359375
4440753,55.0537109375
4440765,45.5322265625
4440797,45.2880859375
4440822,47.05810546875
4440839,92.95654296875
4440897,46.142578125
4441035,45.0439453125
4441129,45.8984375
4441161,42.6025390625
4441197,44.98291015625
4441287,50.47607421875
4441391,59.02099609375
4441411,55.17578125
4441475,48.583984375
4441538,111.75537109375
4441574,53.52783203125
4441665,83.92333984375
4441767,94.90966796875
4441818,47.18017578125
4441843,46.32568359375
4441893,69.580078125
4442035,47.8515625
4442050,93.32275390625
4442113,43.212890625
4442124,50.23193359375
4442197,74.462890625
4442218,48.4619140625
4442290,43.88427734375
4442364,46.2646484375
4442398,49.25537109375
4442515,51.94091796875
4442541,45.2880859375
4442559,91.24755859375
4442653,48.9501953125
4442735,48.64501953125
4442768,94.7265625
4474047,42.724609375
4524979,46.0205078125
4526694,51.20849609375
4526748,153.74755859375
4526776,85.3271484375
4526799,148.86474609375
4526825,86.97509765625
4526839,106.75048828125
4526863,52.91748046875
4526879,68.78662109375
4526896,57.861328125
4526925,80.38330078125
4526939,69.9462890625
4526967,60.6689453125
4526990,63.17138671875
4527001,54.74853515625
4527016,75.86669921875
4527037,78.2470703125
4527052,46.81396484375
4527069,57.55615234375
4527096,45.7763671875
4527111,59.26513671875
4527142,42.6025390625
4527165,49.13330078125
4527183,48.095703125
4527197,47.607421875
4527236,57.80029296875
4527258,46.142578125
4527334,58.04443359375
4527435,42.6025390625
4527466,53.16162109375
4527538,48.88916015625
4527650,62.19482421875
4527683,45.95947265625
4527749,50.59814453125
4527810,81.35986328125
4527821,50.84228515625
4527866,45.166015625
4527909,43.0908203125
4527921,73.18115234375
4527990,48.03466796875
4528021,49.8046875
4528073,91.796875
4528094,64.8193359375
4528206,82.09228515625
4528229,47.79052734375
4528271,66.0400390625
4528368,47.42431640625
4528447,45.8984375
4528496,47.66845703125
4528520,43.0908203125
4528541,44.5556640625
4528579,96.74072265625
4528629,47.8515625
4528650,48.4619140625
4528715,44.37255859375
4528834,47.8515625
4528886,45.8984375
4528928,94.54345703125
4528949,52.24609375
4529019,52.42919921875
4529139,44.61669921875
4529234,77.392578125
4559729,43.212890625
4610747,67.56591796875
4610781,54.26025390625
4610801,157.3486328125
4610820,57.67822265625
4610844,58.77685546875
4610854,172.18017578125
4610889,153.9306640625
4610918,115.66162109375
4610938,93.6279296875
4610965,80.810546875
4610976,55.35888671875
4611001,75.439453125
4611020,47.05810546875
4611047,57.55615234375
4611069,64.51416015625
4611080,59.26513671875
4611113,60.85205078125
4611124,60.6689453125
4611174,52.79541015625
4611205,45.95947265625
4611221,60.48583984375
4611247,68.90869140625
4611292,45.166015625
4611444,60.9130859375
4611538,50.84228515625
4611653,65.185546875
4611731,49.86572265625
4611768,81.97021484375
4611784,43.5791015625
4611842,47.7294921875
4611883,47.119140625
4611916,43.212890625
4612047,89.29443359375
4612153,46.38671875
4612186,109.19189453125
4612233,48.583984375
4612267,77.08740234375
4612297,46.44775390625
4612325,62.56103515625
4612385,50.59814453125
4612475,71.4111328125
4612496,93.8720703125
4612595,49.62158203125
4612640,49.4384765625
4612678,50.35400390625
4612717,44.5556640625
4612844,49.9267578125
4612886,48.40087890625
4613090,43.51806640625
4613162,101.37939453125
4613194,42.54150390625
4669606,44.25048828125
4696550,55.96923828125
4696582,141.41845703125
4696598,67.87109375
4696615,124.20654296875
4696626,77.2705078125
4696642,65.85693359375
4696666,78.18603515625
4696682,44.73876953125
4696699,83.3740234375
4696711,77.33154296875
4696732,47.8515625
4696753,105.40771484375
4696767,59.26513671875
4696785,82.09228515625
4696805,87.646484375
4696840,65.3076171875
4696855,99.06005859375
4696883,52.490234375
4696914,70.61767578125
4696926,44.00634765625
4696957,44.0673828125
4696968,52.3681640625
4697028,52.42919921875
4697076,72.32666015625
4697180,43.02978515625
4697290,49.13330078125
4697333,47.9736328125
4697523,85.63232421875
4697552,45.47119140625
4697575,46.81396484375
4697658,65.7958984375
4697697,67.44384765625
4697737,50.96435546875
4697763,42.96875
4697791,63.8427734375
4697819,47.05810546875
4697834,109.619140625
4697850,43.02978515625
4697935,54.19921875
4697989,79.04052734375
4698009,50.84228515625
4698061,72.69287109375
4698248,84.47265625
4698274,62.01171875
4698308,67.9931640625
4698440,85.02197265625
4698451,54.5654296875
4698499,58.41064453125
4698611,42.78564453125
4698643,49.1943359375
4698683,72.509765625
4698758,100.09765625
4698813,48.828125
4698941,43.212890625
4699026,86.3037109375
4788268,59.26513671875
4788302,124.3896484375
4788321,57.861328125
4788340,49.62158203125
4788367,87.58544921875
4788377,134.09423828125
4788398,96.25244140625
4788436,94.54345703125
4788467,63.720703125
4788477,87.7685546875
4788499,58.89892578125
4788510,58.10546875
4788520,56.15234375
4788534,77.81982421875
4788568,67.81005859375
4788596,63.04931640625
4788610,48.9501953125
4788626,57.373046875
4788653,74.70703125
4788666,48.2177734375
4788716,45.47119140625
4788757,43.701171875
4788783,43.8232421875
4788795,48.52294921875
4788846,59.9365234375
4788879,45.71533203125
4788902,57.4951171875
4788927,43.15185546875
4788967,51.6357421875
4789070,77.81982421875
4789111,43.3349609375
4789159,70.1904296875
4789170,48.52294921875
4789276,94.90966796875
4789398,55.48095703125
4789426,47.7294921875
4789483,86.12060546875
4789544,49.31640625
4789578,47.05810546875
4789615,75.8056640625
4789638,57.80029296875
4789685,44.73876953125
4789805,75.1953125
4789827,59.814453125
4789843,108.09326171875
4789862,53.466796875
4789873,48.88916015625
4789956,62.80517578125
4789974,71.77734375
4790006,43.0908203125
4790036,46.5087890625
4790164,70.25146484375
4790240,46.2646484375
4790265,98.57177734375
4790304,62.8662109375
4790365,63.53759765625
4790419,85.87646484375
4790484,50.9033203125
4790748,48.27880859375
