4798401,0
10169,35.58349609375
20841,39.36767578125
23168,33.935546875
26749,37.29248046875
29494,49.86572265625
29552,34.85107421875
29565,81.11572265625
29597,41.9921875
29629,87.21923828125
29644,74.462890625
29668,71.4111328125
29680,71.83837890625
29690,135.19287109375
29714,57.67822265625
29743,97.83935546875
29753,47.9736328125
29764,82.21435546875
29787,42.41943359375
29813,76.23291015625
29829,40.8935546875
29839,67.93212890625
29854,52.490234375
29885,49.1943359375
29912,56.15234375
29924,33.69140625
29946,40.6494140625
29981,44.00634765625
29995,37.17041015625
30019,45.8984375
30068,33.63037109375
30146,52.001953125
30202,34.60693359375
30229,46.7529296875
30249,35.94970703125
30336,44.12841796875
30362,33.99658203125
30379,44.25048828125
30485,47.2412109375
30496,45.7763671875
30516,37.65869140625
30580,36.0107421875
30601,34.85107421875
30669,33.63037109375
30688,35.400390625
30718,42.724609375
30807,34.1796875
30911,46.08154296875
31080,34.7900390625
31184,42.05322265625
31208,53.7109375
31237,39.48974609375
31406,33.69140625
31475,38.0859375
31524,34.7900390625
31661,33.8134765625
31687,39.306640625
31927,34.97314453125
32034,36.07177734375
32125,33.8134765625
52448,45.95947265625
74489,43.0908203125
78355,35.64453125
80234,33.63037109375
81127,35.33935546875
91689,44.49462890625
95010,34.36279296875
96518,43.0908203125
97794,36.56005859375
100407,43.76220703125
102636,38.51318359375
104554,38.4521484375
104592,51.7578125
104607,90.88134765625
104617,39.24560546875
104635,119.5068359375
104651,75.8056640625
104673,137.0849609375
104689,70.49560546875
104699,94.482421875
104720,115.966796875
104732,46.875
104748,105.04150390625
104779,75.62255859375
104789,130.4931640625
104824,56.396484375
104847,35.33935546875
104861,55.60302734375
104876,46.32568359375
104886,48.03466796875
104910,66.7724609375
104935,51.69677734375
104947,47.18017578125
104966,38.0859375
105006,44.86083984375
105026,34.1796875
105106,38.0859375
105119,40.46630859375
105281,42.236328125
105328,37.04833984375
105407,35.33935546875
105420,39.24560546875
105438,34.11865234375
105510,39.61181640625
105607,60.97412109375
105620,69.27490234375
105667,39.24560546875
105702,36.2548828125
105722,34.912109375
105803,41.6259765625
105826,41.07666015625
105842,39.55078125
105924,35.400390625
105943,42.17529296875
106094,36.19384765625
106111,60.546875
106129,43.0908203125
106287,35.7666015625
106428,36.62109375
106545,37.29248046875
106663,41.07666015625
106693,39.1845703125
106767,34.912109375
106893,33.87451171875
107048,38.6962890625
107341,40.283203125
131425,39.85595703125
135626,38.51318359375
145478,36.31591796875
147676,36.07177734375
153738,38.39111328125
158204,34.1796875
163181,45.7763671875
164864,38.51318359375
167979,45.654296875
169945,43.51806640625
175065,35.82763671875
178233,42.17529296875
178796,36.1328125
178836,51.57470703125
178852,38.2080078125
178881,91.36962890625
178895,58.2275390625
178921,81.0546875
178935,100.64697265625
178963,108.21533203125
178983,111.63330078125
179015,45.166015625
179029,113.22021484375
179074,77.0263671875
179099,52.24609375
179119,35.58349609375
179143,41.93115234375
179167,49.49951171875
179206,45.0439453125
179224,45.47119140625
179266,43.27392578125
179314,36.92626953125
179372,44.189453125
179394,37.17041015625
179425,41.07666015625
179440,41.6259765625
179544,35.33935546875
179667,35.94970703125
179716,38.57421875
179869,38.51318359375
179897,43.02978515625
179916,39.97802734375
179982,35.400390625
180037,40.1611328125
180074,43.8232421875
180105,41.68701171875
180133,37.4755859375
180277,39.12353515625
180294,42.78564453125
180347,36.56005859375
180441,36.68212890625
180508,37.2314453125
180590,36.9873046875
180633,44.3115234375
180810,38.4521484375
180914,37.65869140625
180946,43.5791015625
181098,34.85107421875
181323,40.1611328125
181450,52.06298828125
213030,36.43798828125
222348,38.14697265625
226196,40.52734375
230735,33.69140625
232172,42.236328125
234648,35.888671875
239561,33.69140625
246408,33.63037109375
248084,33.8134765625
251650,36.43798828125
253121,43.701171875
253300,34.36279296875
253363,34.3017578125
253386,35.0341796875
253398,59.63134765625
253410,49.8046875
253423,112.6708984375
253468,110.2294921875
253496,157.77587890625
253518,70.61767578125
253534,68.66455078125
253553,65.91796875
253570,59.87548828125
253587,66.162109375
253612,46.7529296875
253625,52.55126953125
253640,47.4853515625
253662,37.841796875
253675,46.32568359375
253690,37.41455078125
253717,71.47216796875
253727,42.66357421875
253765,51.26953125
253792,50.10986328125
253813,34.7900390625
253845,33.75244140625
253903,51.81884765625
254040,36.43798828125
254117,34.97314453125
254167,43.45703125
254200,41.9921875
254237,37.65869140625
254288,33.935546875
254325,34.11865234375
254348,34.85107421875
254361,95.5810546875
254482,39.306640625
254523,44.37255859375
254615,36.56005859375
254636,40.10009765625
254750,40.95458984375
254778,34.0576171875
254860,35.7666015625
254895,47.05810546875
254950,35.09521484375
254973,36.1328125
255000,36.2548828125
255020,35.2783203125
255088,36.43798828125
255192,41.07666015625
255332,38.818359375
255653,40.0390625
255923,35.400390625
256315,33.935546875
276867,41.3818359375
281849,41.19873046875
287258,35.5224609375
289589,34.912109375
298100,38.2080078125
305822,35.888671875
307388,36.1328125
311246,34.85107421875
312708,52.55126953125
319725,35.5224609375
325653,38.818359375
327777,46.2646484375
330527,35.21728515625
331083,59.26513671875
331288,36.43798828125
331723,49.49951171875
331753,36.31591796875
331800,33.935546875
331832,64.75830078125
331955,38.4521484375
331969,56.884765625
331987,39.12353515625
332008,48.15673828125
332022,47.18017578125
332034,116.0888671875
332064,48.7060546875
332084,58.837890625
332120,85.99853515625
332131,74.70703125
332171,162.78076171875
332183,147.0947265625
332221,51.025390625
332231,66.40625
332246,58.10546875
332259,133.85009765625
332272,37.41455078125
332285,52.734375
332305,68.17626953125
332318,38.63525390625
332333,39.4287109375
332349,63.65966796875
332368,67.68798828125
332389,70.1904296875
332399,34.5458984375
332438,60.24169921875
332471,40.83251953125
332491,37.353515625
332512,47.607421875
332522,45.22705078125
332561,34.423828125
332692,36.43798828125
332718,35.94970703125
332792,38.0859375
332882,35.400390625
332964,35.0341796875
333072,42.05322265625
333086,39.6728515625
333141,49.01123046875
333222,34.3017578125
333252,41.259765625
333280,54.74853515625
333349,35.33935546875
333417,44.12841796875
333447,38.2080078125
333493,35.82763671875
333613,38.87939453125
333648,41.015625
333922,35.400390625
333951,52.1240234375
334084,37.2314453125
334250,36.62109375
334661,44.49462890625
353013,48.7060546875
362494,40.10009765625
365765,50.78125
369073,35.15625
374604,38.39111328125
376475,35.21728515625
382349,44.37255859375
386325,41.80908203125
389173,35.400390625
392599,34.423828125
394249,42.17529296875
399677,38.02490234375
403260,36.4990234375
405541,37.109375
406321,36.56005859375
406704,38.6962890625
406729,69.51904296875
406743,34.66796875
406789,65.185546875
406801,70.73974609375
406822,99.7314453125
406868,65.24658203125
406894,100.52490234375
406910,52.18505859375
406927,90.33203125
406943,56.70166015625
406957,101.13525390625
406987,47.54638671875
407019,71.59423828125
407037,93.56689453125
407052,69.3359375
407075,78.0029296875
407092,47.79052734375
407119,77.2705078125
407146,41.015625
407163,45.71533203125
407179,51.81884765625
407199,37.59765625
407212,37.65869140625
407245,36.68212890625
407259,37.4755859375
407279,38.0859375
407305,38.75732421875
407349,34.97314453125
407406,39.61181640625
407483,45.47119140625
407566,34.423828125
407704,34.72900390625
407729,38.75732421875
407759,36.0107421875
407797,34.0576171875
407808,39.1845703125
408080,39.4287109375
408219,34.912109375
408230,42.3583984375
408325,39.306640625
408370,42.78564453125
408414,40.95458984375
408474,48.40087890625
408611,40.6494140625
408712,34.0576171875
408772,46.142578125
408893,38.75732421875
409006,38.02490234375
409270,44.37255859375
409339,33.8134765625
409470,37.109375
409514,33.87451171875
409751,33.99658203125
410245,39.00146484375
433129,35.70556640625
437132,33.87451171875
440770,47.36328125
449207,36.07177734375
452218,39.85595703125
458071,37.29248046875
467822,39.48974609375
471588,44.73876953125
473346,42.90771484375
475434,35.15625
484207,36.07177734375
484628,41.19873046875
484638,47.8515625
484675,40.6494140625
484687,58.10546875
484708,56.70166015625
484737,43.5791015625
484752,55.5419921875
484773,60.97412109375
484794,38.87939453125
484808,87.2802734375
484852,94.23828125
484872,94.3603515625
484894,82.51953125
484908,56.33544921875
484928,187.56103515625
484968,85.693359375
484990,43.27392578125
485008,79.77294921875
485030,60.05859375
485053,68.29833984375
485066,52.06298828125
485080,43.3349609375
485090,63.04931640625
485130,46.5087890625
485147,37.17041015625
485170,41.3818359375
485202,36.62109375
485218,57.92236328125
485270,36.9873046875
485283,34.423828125
485327,46.56982421875
485410,38.75732421875
485468,34.0576171875
485497,39.73388671875
485533,36.43798828125
485619,36.7431640625
485769,34.85107421875
485800,33.75244140625
485898,40.771484375
485911,38.4521484375
485981,38.26904296875
486023,38.51318359375
486071,38.02490234375
486118,37.53662109375
486137,39.97802734375
486276,40.8935546875
486286,41.8701171875
486423,37.4755859375
486482,44.00634765625
486514,34.11865234375
486561,45.22705078125
486575,41.9921875
486642,34.97314453125
486749,40.34423828125
486767,43.88427734375
486844,49.6826171875
486947,46.5087890625
486996,42.3583984375
487072,33.69140625
487083,40.10009765625
487127,34.7900390625
487262,34.36279296875
487283,44.189453125
487344,38.14697265625
487550,39.794921875
487723,35.2783203125
487750,40.0390625
505300,45.41015625
509086,39.12353515625
520938,37.41455078125
525768,33.99658203125
533158,38.2080078125
539063,34.60693359375
545822,33.75244140625
548294,42.8466796875
560529,37.353515625
567278,33.63037109375
568889,45.83740234375
570223,35.15625
570427,34.11865234375
570554,69.82421875
570575,60.302734375
570590,75.62255859375
570612,48.4619140625
570627,92.71240234375
570655,80.322265625
570689,75.5615234375
570701,70.98388671875
570732,123.47412109375
570745,76.47705078125
570765,81.72607421875
570793,112.36572265625
570804,143.6767578125
570830,82.1533203125
570866,73.79150390625
570888,83.06884765625
570918,90.33203125
570941,63.53759765625
570968,57.861328125
570991,90.88134765625
571020,61.1572265625
571030,56.640625
571065,41.93115234375
571101,50.84228515625
571115,41.1376953125
571136,35.94970703125
571211,40.771484375
571221,47.42431640625
571330,37.841796875
571441,45.34912109375
571487,33.87451171875
571557,35.5224609375
571682,34.97314453125
571747,33.87451171875
571861,36.68212890625
571902,35.2783203125
571915,39.24560546875
571941,38.57421875
571971,35.0341796875
572077,35.7666015625
572112,35.888671875
572150,41.1376953125
572174,35.09521484375
572297,39.12353515625
572318,44.43359375
572351,42.96875
572464,37.78076171875
572589,39.306640625
572645,54.26025390625
572709,38.818359375
572885,33.99658203125
572936,37.59765625
572976,39.4287109375
572993,37.353515625
573027,41.68701171875
573321,36.7431640625
573796,33.75244140625
573829,34.72900390625
608114,40.10009765625
611598,42.29736328125
618358,36.43798828125
622940,36.92626953125
631794,42.90771484375
636182,38.57421875
638665,35.21728515625
639648,43.51806640625
642699,43.88427734375
647570,42.236328125
652798,36.7431640625
653023,48.9501953125
653040,34.66796875
653060,84.716796875
653117,88.68408203125
653132,40.0390625
653157,35.0341796875
653181,54.931640625
653201,45.59326171875
653228,65.85693359375
653239,77.880859375
653263,85.44921875
653287,49.25537109375
653321,117.37060546875
653336,80.99365234375
653347,102.9052734375
653371,74.89013671875
653391,44.00634765625
653402,93.07861328125
653414,92.1630859375
653441,44.3115234375
653453,45.71533203125
653472,40.71044921875
653496,39.00146484375
653516,46.44775390625
653529,50.4150390625
653539,50.84228515625
653553,45.71533203125
653565,35.2783203125
653607,34.912109375
653623,37.78076171875
653637,36.31591796875
653717,37.53662109375
653833,39.12353515625
653860,48.9501953125
653967,35.58349609375
654095,43.212890625
654110,35.2783203125
654142,46.20361328125
654286,37.109375
654316,52.06298828125
654340,55.7861328125
654389,38.9404296875
654406,39.9169921875
654461,33.87451171875
654627,38.6962890625
654691,37.04833984375
654971,34.60693359375
654997,35.888671875
655053,42.05322265625
655099,44.921875
655116,36.9873046875
655205,35.09521484375
655283,43.15185546875
655647,40.771484375
655946,33.935546875
655994,34.72900390625
656046,34.66796875
656062,35.09521484375
656195,36.07177734375
681469,43.3349609375
686213,38.26904296875
695331,44.43359375
701205,39.794921875
707187,35.15625
710623,34.97314453125
712899,34.36279296875
719944,40.83251953125
730539,45.10498046875
732482,36.4990234375
737036,40.1611328125
738444,38.9404296875
738976,54.26025390625
739524,36.19384765625
739788,36.07177734375
739971,59.08203125
740267,34.0576171875
740367,59.2041015625
740471,37.65869140625
740590,36.1328125
740615,37.17041015625
740658,49.62158203125
740682,65.73486328125
740700,61.58447265625
740727,44.12841796875
740744,79.345703125
740774,60.9130859375
740805,57.18994140625
740831,69.7021484375
740849,84.228515625
740862,53.3447265625
740889,71.77734375
740900,152.64892578125
740917,103.02734375
740945,53.03955078125
740975,54.0771484375
740986,53.40576171875
741018,64.51416015625
741043,84.716796875
741061,72.6318359375
741079,75.01220703125
741127,44.98291015625
741138,41.56494140625
741154,50.47607421875
741174,41.748046875
741185,43.51806640625
741218,35.70556640625
741253,39.97802734375
741274,34.72900390625
741309,35.33935546875
741341,34.66796875
741389,36.376953125
741508,36.62109375
741608,44.86083984375
741624,39.73388671875
741712,36.19384765625
741743,33.99658203125
741884,33.63037109375
742020,37.9638671875
742030,43.76220703125
742096,36.4990234375
742111,58.04443359375
742166,35.58349609375
742232,45.8984375
742259,36.0107421875
742351,35.70556640625
742380,41.44287109375
742392,40.34423828125
742485,37.9638671875
742524,41.3818359375
742560,39.6728515625
742609,37.59765625
742642,38.02490234375
742704,39.1845703125
742995,35.64453125
743225,34.97314453125
743309,36.19384765625
743657,37.7197265625
770277,35.888671875
783740,42.90771484375
788958,38.4521484375
800307,37.109375
800971,38.6962890625
803798,33.935546875
807878,41.44287109375
809528,39.48974609375
812510,41.80908203125
815864,49.560546875
818555,44.86083984375
821277,39.306640625
822979,38.2080078125
826979,35.82763671875
827673,36.865234375
828525,38.0859375
828650,51.94091796875
828728,82.21435546875
828833,35.94970703125
828867,69.4580078125
828893,66.22314453125
828929,41.07666015625
828940,33.935546875
828970,86.181640625
828984,69.03076171875
829024,85.02197265625
829035,68.17626953125
829053,52.30712890625
829072,90.14892578125
829095,77.33154296875
829110,76.171875
829120,61.767578125
829144,115.53955078125
829155,63.5986328125
829182,58.28857421875
829209,58.89892578125
829225,39.00146484375
829238,36.376953125
829265,45.166015625
829287,44.5556640625
829317,79.77294921875
829333,53.8330078125
829349,55.11474609375
829373,58.16650390625
829405,45.10498046875
829420,38.26904296875
829475,37.17041015625
829630,33.63037109375
829693,34.1796875
829706,73.1201171875
829849,41.1376953125
829955,41.748046875
829973,44.189453125
830033,45.8984375
830054,37.65869140625
830108,34.85107421875
830147,38.0859375
830213,37.41455078125
830283,34.11865234375
830319,34.5458984375
830390,51.20849609375
830421,34.5458984375
830452,36.2548828125
830522,33.63037109375
830597,49.13330078125
830617,49.25537109375
830717,38.63525390625
830773,42.48046875
831079,38.4521484375
831115,38.39111328125
831522,34.11865234375
831587,39.794921875
831703,42.8466796875
831800,44.00634765625
831812,52.91748046875
832109,42.236328125
856788,36.56005859375
863639,38.26904296875
874858,34.60693359375
878716,34.66796875
882620,39.00146484375
885364,34.1796875
889880,35.46142578125
903091,37.17041015625
907033,34.85107421875
908532,40.95458984375
914297,37.109375
917624,34.48486328125
918792,43.39599609375
920256,40.34423828125
920450,39.1845703125
920523,56.57958984375
920699,36.7431640625
920729,59.08203125
920786,65.49072265625
920818,57.2509765625
920857,60.4248046875
920868,85.9375
920889,103.1494140625
920906,84.41162109375
920934,75.439453125
920946,44.37255859375
920961,56.396484375
920992,80.87158203125
921011,79.1015625
921034,131.7138671875
921071,102.60009765625
921106,106.14013671875
921121,49.98779296875
921136,38.87939453125
921154,44.43359375
921184,91.49169921875
921202,38.02490234375
921232,82.51953125
921242,61.95068359375
921259,40.22216796875
921283,45.166015625
921303,33.69140625
921327,44.5556640625
921467,36.43798828125
921485,40.95458984375
921507,36.07177734375
921553,40.8935546875
921588,36.376953125
921777,36.2548828125
921882,41.50390625
921912,43.39599609375
922010,36.2548828125
922078,35.5224609375
922103,48.7060546875
922165,33.99658203125
922201,39.794921875
922298,38.330078125
922329,38.39111328125
922421,41.56494140625
922473,38.26904296875
922495,35.33935546875
922510,38.51318359375
922550,35.400390625
922566,43.3349609375
922598,41.8701171875
922671,36.31591796875
922728,33.935546875
923001,36.4990234375
923146,35.15625
923333,43.45703125
923480,39.48974609375
923528,37.2314453125
923675,46.9970703125
924059,33.63037109375
946850,33.87451171875
961187,37.41455078125
965570,37.65869140625
974705,45.8984375
976680,40.71044921875
982952,42.78564453125
988651,34.3017578125
990575,39.794921875
997865,44.43359375
1000409,42.3583984375
1001116,41.1376953125
1002546,44.677734375
1004335,38.63525390625
1005799,38.87939453125
1009285,58.2275390625
1010038,50.84228515625
1010565,37.109375
1010580,37.65869140625
1010766,54.931640625
1010870,38.0859375
1010935,46.93603515625
1010971,76.5380859375
1010996,41.32080078125
1011012,45.2880859375
1011031,79.65087890625
1011053,49.01123046875
1011066,81.787109375
1011081,45.5322265625
1011101,54.931640625
1011123,72.998046875
1011151,53.89404296875
1011174,68.17626953125
1011191,63.5986328125
1011209,95.03173828125
1011239,82.03125
1011260,43.02978515625
1011271,125.54931640625
1011303,53.64990234375
1011322,39.794921875
1011332,46.93603515625
1011347,95.947265625
1011380,72.93701171875
1011392,35.33935546875
1011413,53.7109375
1011435,55.908203125
1011465,47.54638671875
1011498,41.015625
1011508,41.80908203125
1011519,40.83251953125
1011561,37.04833984375
1011601,39.0625
1011611,34.72900390625
1011629,45.5322265625
1011655,39.1845703125
1011696,33.69140625
1011706,44.43359375
1011791,36.9873046875
1011870,37.65869140625
1011917,35.400390625
1011952,40.8935546875
1012037,36.865234375
1012063,55.2978515625
1012084,43.212890625
1012212,35.70556640625
1012262,36.19384765625
1012377,38.2080078125
1012408,38.39111328125
1012469,36.0107421875
1012527,40.6494140625
1012548,39.36767578125
1012602,37.109375
1012641,39.794921875
1012714,39.24560546875
1012738,35.0341796875
1012763,40.0390625
1012885,41.259765625
1012921,36.56005859375
1012932,47.7294921875
1013017,35.64453125
1013033,36.0107421875
1013049,40.95458984375
1013242,39.9169921875
1013356,38.2080078125
1013374,54.8095703125
1013426,36.2548828125
1013521,53.466796875
1013560,39.12353515625
1013679,35.888671875
1013883,40.83251953125
1014139,36.865234375
1014152,37.353515625
1014185,34.0576171875
1014213,35.7666015625
1014279,36.31591796875
1014603,36.62109375
1041867,42.90771484375
1053003,40.283203125
1060161,45.22705078125
1067373,45.10498046875
1071618,35.33935546875
1087119,43.8232421875
1090587,44.25048828125
1092190,34.423828125
1096420,34.66796875
1101559,40.58837890625
1104308,41.32080078125
1107283,45.5322265625
1108274,33.935546875
1108475,54.50439453125
1108511,44.00634765625
1108582,48.7060546875
1108592,41.259765625
1108608,66.2841796875
1108646,79.40673828125
1108667,39.794921875
1108694,95.21484375
1108717,71.8994140625
1108734,33.8134765625
1108757,124.81689453125
1108769,74.40185546875
1108791,42.96875
1108816,164.61181640625
1108830,72.021484375
1108848,40.71044921875
1108866,52.490234375
1108889,98.93798828125
1108903,67.81005859375
1108924,47.119140625
1108943,70.73974609375
1108966,57.43408203125
1108991,43.45703125
1109007,35.2783203125
1109029,57.373046875
1109056,52.3681640625
1109081,49.6826171875
1109107,37.9638671875
1109134,45.7763671875
1109148,43.51806640625
1109210,35.7666015625
1109229,40.1611328125
1109274,33.63037109375
1109393,35.58349609375
1109437,35.94970703125
1109509,34.24072265625
1109520,42.05322265625
1109538,36.7431640625
1109571,38.14697265625
1109648,44.677734375
1109699,36.1328125
1109726,38.02490234375
1109845,39.85595703125
1109868,34.5458984375
1109890,45.166015625
1109930,37.109375
1109980,53.466796875
1109992,37.109375
1110126,44.189453125
1110193,42.41943359375
1110203,51.94091796875
1110295,42.96875
1110333,48.03466796875
1110350,34.912109375
1110406,39.6728515625
1110421,39.97802734375
1110523,34.423828125
1110565,36.56005859375
1110625,41.19873046875
1110650,39.97802734375
1110682,41.015625
1110737,34.7900390625
1110875,38.51318359375
1110939,38.9404296875
1111343,43.39599609375
1111466,35.21728515625
1111827,33.87451171875
1112061,35.94970703125
1112243,34.60693359375
1112360,37.2314453125
1138528,41.32080078125
1164327,41.68701171875
1175122,40.4052734375
1192038,45.22705078125
1195568,35.400390625
1196931,34.912109375
1201760,36.0107421875
1203662,34.66796875
1205494,42.3583984375
1206397,42.05322265625
1207291,39.24560546875
1210361,34.24072265625
1210379,41.56494140625
1210653,39.85595703125
1210707,39.9169921875
1210755,79.2236328125
1210786,46.93603515625
1210811,99.365234375
1210825,72.3876953125
1210838,47.9736328125
1210862,44.61669921875
1210889,85.26611328125
1210905,50.59814453125
1210936,117.919921875
1210959,36.68212890625
1210976,62.92724609375
1210995,44.677734375
1211026,69.2138671875
1211043,34.5458984375
1211053,119.140625
1211081,60.05859375
1211109,83.80126953125
1211128,75.13427734375
1211140,37.59765625
1211162,71.77734375
1211192,37.109375
1211209,44.86083984375
1211224,46.5087890625
1211255,45.71533203125
1211267,57.06787109375
1211314,34.60693359375
1211344,34.0576171875
1211365,47.42431640625
1211379,39.55078125
1211493,37.04833984375
1211521,33.75244140625
1211671,38.330078125
1211749,40.34423828125
1211772,34.0576171875
1211815,36.0107421875
1211892,34.423828125
1211946,39.00146484375
1212070,39.48974609375
1212127,43.02978515625
1212156,35.70556640625
1212191,41.93115234375
1212250,33.99658203125
1212496,34.11865234375
1212592,38.75732421875
1212624,36.68212890625
1212656,44.12841796875
1212676,51.08642578125
1212864,39.73388671875
1212900,38.87939453125
1213320,33.8134765625
1213395,40.83251953125
1213460,33.99658203125
1213757,46.630859375
1214832,41.8701171875
1234067,34.48486328125
1267190,43.02978515625
1271806,34.912109375
1285054,34.5458984375
1289066,33.69140625
1299425,47.42431640625
1300820,37.29248046875
1304066,40.58837890625
1304956,39.55078125
1312754,37.9638671875
1312891,35.33935546875
1312981,45.71533203125
1312993,33.63037109375
1313005,63.53759765625
1313026,110.77880859375
1313037,118.34716796875
1313076,103.8818359375
1313093,48.828125
1313106,159.7900390625
1313129,59.4482421875
1313140,53.52783203125
1313155,70.73974609375
1313171,75.25634765625
1313199,67.56591796875
1313216,65.7958984375
1313237,79.04052734375
1313247,56.396484375
1313279,44.37255859375
1313308,38.02490234375
1313321,35.7666015625
1313351,35.09521484375
1313376,46.2646484375
1313402,61.279296875
1313441,47.18017578125
1313473,36.56005859375
1313506,37.59765625
1313597,34.423828125
1313624,34.3017578125
1313641,43.15185546875
1313857,35.64453125
1313881,68.78662109375
1313898,37.109375
1313916,37.41455078125
1313974,40.71044921875
1314010,34.0576171875
1314025,38.6962890625
1314121,46.9970703125
1314137,35.7666015625
1314182,36.9873046875
1314284,46.7529296875
1314307,35.2783203125
1314434,37.2314453125
1314646,37.29248046875
1314697,35.64453125
1314746,38.26904296875
1314847,34.3017578125
1314994,43.51806640625
1315179,34.72900390625
1315202,36.1328125
1315227,42.48046875
1315239,40.71044921875
1315431,36.43798828125
1315459,43.3349609375
1315653,38.2080078125
1315902,42.236328125
1316337,38.0859375
1333609,34.66796875
1362541,39.61181640625
1370364,34.85107421875
1378372,33.69140625
1381838,36.92626953125
1390135,41.80908203125
1394262,47.4853515625
1401218,34.48486328125
1402638,43.51806640625
1404751,39.794921875
1405632,37.353515625
1409860,37.41455078125
1409972,36.4990234375
1409997,62.01171875
1410025,75.25634765625
1410037,90.75927734375
1410060,89.84375
1410081,72.509765625
1410108,98.2666015625
1410124,86.669921875
1410142,87.58544921875
1410159,86.5478515625
1410182,134.70458984375
1410198,86.36474609375
1410223,55.17578125
1410247,78.857421875
1410278,56.70166015625
1410289,50.78125
1410299,33.87451171875
1410321,55.23681640625
1410350,35.21728515625
1410372,42.66357421875
1410402,52.8564453125
1410480,37.59765625
1410634,41.6259765625
1410684,39.4287109375
1410705,38.39111328125
1410773,35.94970703125
1410828,34.1796875
1410844,37.2314453125
1410987,36.0107421875
1411016,62.6220703125
1411044,48.095703125
1411127,40.1611328125
1411154,37.53662109375
1411229,33.8134765625
1411245,44.25048828125
1411334,35.21728515625
1411350,39.73388671875
1411394,43.701171875
1411450,36.80419921875
1411489,35.888671875
1411554,37.04833984375
1411632,42.724609375
1411698,36.07177734375
1411711,34.5458984375
1411746,40.1611328125
1411764,39.73388671875
1411812,36.62109375
1411904,43.02978515625
1411956,34.423828125
1412034,36.56005859375
1412056,35.64453125
1412088,34.3017578125
1412142,47.2412109375
1412235,39.12353515625
1412260,33.75244140625
1412508,33.99658203125
1412704,39.36767578125
1412741,45.10498046875
1412753,52.3681640625
1412815,34.1796875
1413026,36.865234375
1413339,41.1376953125
1437654,33.75244140625
1457372,40.95458984375
1470054,38.26904296875
1473872,34.11865234375
1484005,40.1611328125
1486851,35.0341796875
1489166,36.62109375
1497023,34.7900390625
1499179,46.5087890625
1500788,46.630859375
1503241,34.85107421875
1503294,41.44287109375
1503314,44.98291015625
1503343,76.5380859375
1503366,96.25244140625
1503390,70.61767578125
1503404,52.6123046875
1503428,163.9404296875
1503445,51.08642578125
1503465,55.60302734375
1503485,37.17041015625
1503501,144.6533203125
1503511,59.4482421875
1503527,67.3828125
1503546,59.9365234375
1503578,67.0166015625
1503593,60.24169921875
1503604,41.32080078125
1503639,53.466796875
1503651,70.1904296875
1503665,45.0439453125
1503689,38.51318359375
1503711,48.9501953125
1503732,43.45703125
1503782,40.771484375
1503808,42.48046875
1503839,45.166015625
1503860,35.5224609375
1503928,39.61181640625
1503949,34.72900390625
1503970,37.04833984375
1504040,39.306640625
1504065,40.46630859375
1504137,38.818359375
1504176,37.59765625
1504241,91.552734375
1504271,42.8466796875
1504281,34.66796875
1504317,38.9404296875
1504335,38.26904296875
1504397,33.935546875
1504447,41.8701171875
1504469,40.52734375
1504523,37.41455078125
1504557,34.1796875
1504594,38.9404296875
1504621,52.67333984375
1504715,34.48486328125
1504758,40.52734375
1504822,36.68212890625
1504851,37.78076171875
1504878,36.56005859375
1504905,37.53662109375
1504920,39.00146484375
1504974,34.0576171875
1505038,39.794921875
1505053,58.28857421875
1505066,36.56005859375
1505184,36.7431640625
1505216,44.5556640625
1505293,33.935546875
1505351,38.4521484375
1505467,34.7900390625
1505483,43.9453125
1505533,39.97802734375
1505578,35.21728515625
1505647,34.24072265625
1505790,40.4052734375
1506019,44.7998046875
1506037,33.63037109375
1506379,37.41455078125
1506394,35.15625
1506688,38.14697265625
1557214,38.4521484375
1569553,36.9873046875
1575007,38.6962890625
1581315,39.55078125
1585015,41.19873046875
1589195,35.82763671875
1591531,35.2783203125
1593110,33.69140625
1593518,35.70556640625
1593533,43.3349609375
1593552,46.2646484375
1593571,49.98779296875
1593594,59.814453125
1593616,95.03173828125
1593636,111.63330078125
1593668,116.455078125
1593679,56.21337890625
1593697,37.841796875
1593732,85.99853515625
1593765,83.19091796875
1593781,75.62255859375
1593804,60.546875
1593814,76.904296875
1593831,53.40576171875
1593863,56.82373046875
1593886,67.32177734375
1593929,38.9404296875
1593952,44.00634765625
1593986,35.21728515625
1594040,34.912109375
1594140,40.95458984375
1594168,37.841796875
1594232,34.11865234375
1594287,35.70556640625
1594317,34.0576171875
1594382,33.87451171875
1594395,34.66796875
1594447,41.748046875
1594494,39.306640625
1594514,45.654296875
1594569,37.9638671875
1594596,55.908203125
1594614,56.7626953125
1594648,34.24072265625
1594716,40.22216796875
1594728,35.82763671875
1594751,35.64453125
1594819,41.93115234375
1594855,35.21728515625
1594867,34.11865234375
1594937,33.69140625
1594953,50.23193359375
1595019,42.54150390625
1595075,36.62109375
1595093,44.12841796875
1595116,35.64453125
1595214,38.63525390625
1595239,39.794921875
1595256,81.60400390625
1595357,34.24072265625
1595373,36.31591796875
1595419,33.87451171875
1595508,33.99658203125
1595535,35.21728515625
1595564,35.5224609375
1595588,45.2880859375
1595613,33.69140625
1595667,62.5
1595726,34.60693359375
1595746,35.21728515625
1595784,41.8701171875
1595827,34.48486328125
1596103,42.29736328125
1596204,34.48486328125
1596252,36.80419921875
1596458,34.423828125
1596509,37.9638671875
1596529,56.57958984375
1596545,39.0625
1596703,36.4990234375
1596729,45.2880859375
1596752,36.376953125
1596833,35.21728515625
1597322,36.2548828125
1597444,36.0107421875
1651529,41.259765625
1664029,46.08154296875
1675634,34.0576171875
1683750,38.26904296875
1684182,39.85595703125
1684215,37.41455078125
1684260,40.83251953125
1684281,43.64013671875
1684313,158.50830078125
1684323,68.66455078125
1684338,65.36865234375
1684356,36.92626953125
1684368,110.65673828125
1684402,96.435546875
1684413,69.15283203125
1684439,56.640625
1684469,76.47705078125
1684497,48.15673828125
1684518,69.88525390625
1684545,35.15625
1684562,40.1611328125
1684587,38.51318359375
1684615,51.8798828125
1684635,62.01171875
1684665,50.84228515625
1684683,54.3212890625
1684695,41.8701171875
1684712,46.69189453125
1684745,37.04833984375
1684787,45.8984375
1684842,38.330078125
1684955,36.0107421875
1685032,41.6259765625
1685107,40.10009765625
1685119,42.3583984375
1685172,36.9873046875
1685183,36.865234375
1685203,37.59765625
1685214,40.52734375
1685250,42.41943359375
1685272,62.80517578125
1685309,49.37744140625
1685348,40.83251953125
1685363,37.53662109375
1685433,40.34423828125
1685477,55.48095703125
1685500,39.00146484375
1685532,37.53662109375
1685607,42.96875
1685637,33.99658203125
1685672,34.3017578125
1685684,41.56494140625
1685748,38.4521484375
1685791,34.423828125
1685817,41.07666015625
1685841,49.4384765625
1685999,41.32080078125
1686021,36.07177734375
1686036,34.0576171875
1686069,50.35400390625
1686097,47.36328125
1686110,40.0390625
1686169,45.71533203125
1686181,33.8134765625
1686248,44.49462890625
1686270,34.24072265625
1686399,48.828125
1686429,33.87451171875
1686620,38.39111328125
1686638,36.80419921875
1686670,34.66796875
1686786,38.39111328125
1686886,34.1796875
1687018,35.46142578125
1687126,33.935546875
1687423,34.66796875
1752665,34.24072265625
1774181,35.82763671875
1774277,37.9638671875
1774321,34.60693359375
1774357,72.20458984375
1774387,79.40673828125
1774399,88.43994140625
1774423,105.3466796875
1774440,108.0322265625
1774456,81.72607421875
1774467,180.96923828125
1774488,39.4287109375
1774507,47.119140625
1774523,56.82373046875
1774545,81.48193359375
1774558,68.84765625
1774595,45.71533203125
1774623,45.2880859375
1774639,74.462890625
1774669,53.28369140625
1774693,41.32080078125
1774723,56.396484375
1774739,34.60693359375
1774766,42.96875
1774780,34.1796875
1774849,35.0341796875
1774907,33.69140625
1774988,37.841796875
1775031,36.865234375
1775055,33.8134765625
1775119,44.43359375
1775142,35.21728515625
1775158,46.2646484375
1775197,40.8935546875
1775233,38.63525390625
1775255,35.15625
1775277,36.4990234375
1775330,67.2607421875
1775364,51.1474609375
1775405,58.77685546875
1775477,34.60693359375
1775505,40.22216796875
1775561,33.69140625
1775579,38.4521484375
1775627,57.9833984375
1775699,41.80908203125
1775718,40.83251953125
1775733,50.72021484375
1775776,37.78076171875
1775817,40.46630859375
1775850,36.376953125
1775868,54.0771484375
1776001,40.771484375
1776016,35.21728515625
1776039,40.283203125
1776065,39.55078125
1776179,35.21728515625
1776222,41.56494140625
1776245,48.095703125
1776279,36.376953125
1776295,35.33935546875
1776319,35.0341796875
1776368,35.15625
1776386,39.97802734375
1776406,41.1376953125
1776416,49.6826171875
1776443,33.69140625
1776454,34.72900390625
1776517,38.51318359375
1776536,45.654296875
1776635,37.29248046875
1776663,44.73876953125
1776683,42.3583984375
1776737,38.39111328125
1776776,43.76220703125
1776913,37.9638671875
1777145,39.1845703125
1777171,34.48486328125
1777265,37.2314453125
1777636,35.70556640625
1844693,39.73388671875
1851904,39.6728515625
1854717,47.36328125
1863055,36.62109375
1865906,34.66796875
1865925,39.36767578125
1865956,70.6787109375
1865972,36.19384765625
1866000,116.63818359375
1866021,79.52880859375
1866037,99.67041015625
1866063,156.6162109375
1866079,85.26611328125
1866106,96.98486328125
1866125,89.17236328125
1866141,64.39208984375
1866160,59.326171875
1866191,45.22705078125
1866223,70.12939453125
1866234,86.73095703125
1866262,49.62158203125
1866286,64.3310546875
1866313,57.43408203125
1866329,42.3583984375
1866344,45.47119140625
1866399,40.10009765625
1866413,38.02490234375
1866434,38.0859375
1866496,36.4990234375
1866508,37.4755859375
1866599,43.51806640625
1866612,40.22216796875
1866646,36.1328125
1866668,35.64453125
1866700,38.57421875
1866734,40.46630859375
1866754,36.68212890625
1866781,40.6494140625
1866802,42.1142578125
1866842,37.04833984375
1866856,53.77197265625
1866881,64.51416015625
1866893,35.82763671875
1866997,43.27392578125
1867008,43.27392578125
1867021,49.74365234375
1867113,36.31591796875
1867135,45.8984375
1867222,81.4208984375
1867283,49.8046875
1867296,35.82763671875
1867319,46.142578125
1867353,36.92626953125
1867399,35.70556640625
1867487,37.353515625
1867587,39.85595703125
1867614,36.92626953125
1867668,38.0859375
1867724,42.17529296875
1867746,59.38720703125
1867836,35.33935546875
1867874,40.58837890625
1868003,38.63525390625
1868022,41.56494140625
1868046,53.77197265625
1868099,35.09521484375
1868153,35.0341796875
1868175,50.9033203125
1868221,44.25048828125
1868330,40.283203125
1868379,45.71533203125
1868558,40.771484375
1868837,37.2314453125
1915390,45.71533203125
1920820,39.1845703125
1926903,37.109375
1943377,36.62109375
1947652,38.9404296875
1953174,38.0859375
1953187,48.2177734375
1953208,36.9873046875
1953230,41.19873046875
1953250,77.2705078125
1953272,64.8193359375
1953298,155.76171875
1953325,80.13916015625
1953346,128.96728515625
1953369,135.92529296875
1953379,69.27490234375
1953408,46.69189453125
1953422,97.2900390625
1953432,49.4384765625
1953455,42.8466796875
1953479,57.67822265625
1953502,44.37255859375
1953520,52.30712890625
1953538,37.78076171875
1953574,50.47607421875
1953593,38.2080078125
1953611,51.26953125
1953644,49.49951171875
1953703,41.015625
1953759,39.6728515625
1953786,34.5458984375
1953816,46.7529296875
1953893,40.771484375
1953922,40.1611328125
1953956,38.87939453125
1954008,34.66796875
1954033,34.66796875
1954045,34.48486328125
1954091,56.640625
1954107,68.2373046875
1954130,53.16162109375
1954169,43.39599609375
1954201,40.34423828125
1954212,40.34423828125
1954250,46.875
1954279,39.97802734375
1954292,57.4951171875
1954358,53.1005859375
1954409,39.61181640625
1954485,40.83251953125
1954518,62.6220703125
1954541,36.68212890625
1954608,37.2314453125
1954623,46.0205078125
1954661,72.8759765625
1954674,37.78076171875
1954720,34.3017578125
1954766,43.701171875
1954787,41.748046875
1954825,51.57470703125
1954930,39.36767578125
1954942,41.44287109375
1954976,39.306640625
1955075,55.84716796875
1955152,41.07666015625
1955179,36.2548828125
1955209,38.63525390625
1955234,35.888671875
1955309,37.841796875
1955356,44.37255859375
1955441,37.41455078125
1955514,40.95458984375
1955525,39.61181640625
1955570,38.26904296875
1955626,42.05322265625
1955671,35.94970703125
1955728,40.95458984375
1955742,37.2314453125
1955843,36.62109375
1955878,35.21728515625
1955948,35.7666015625
1956004,35.2783203125
1956101,34.66796875
1956236,41.1376953125
2023620,38.818359375
2039727,37.841796875
2041496,39.97802734375
2042926,43.212890625
2043650,44.43359375
2043670,36.07177734375
2043686,52.8564453125
2043700,76.0498046875
2043721,75.50048828125
2043752,98.388671875
2043765,100.03662109375
2043792,158.69140625
2043810,87.5244140625
2043829,77.33154296875
2043847,43.76220703125
2043862,90.14892578125
2043881,56.2744140625
2043898,42.90771484375
2043916,57.55615234375
2043934,61.1572265625
2043965,42.90771484375
2043979,63.720703125
2044012,45.34912109375
2044029,42.17529296875
2044077,41.3818359375
2044103,35.82763671875
2044136,36.80419921875
2044163,44.49462890625
2044183,34.912109375
2044238,46.32568359375
2044281,41.50390625
2044352,37.2314453125
2044415,38.330078125
2044481,34.36279296875
2044534,51.94091796875
2044589,40.95458984375
2044642,54.87060546875
2044687,66.650390625
2044704,50.537109375
2044726,35.58349609375
2044776,34.72900390625
2044811,34.60693359375
2044821,47.36328125
2044843,51.3916015625
2044880,91.12548828125
2044955,34.72900390625
2044975,56.94580078125
2044997,34.5458984375
2045034,37.109375
2045089,46.81396484375
2045111,41.6259765625
2045130,43.88427734375
2045163,46.2646484375
2045283,34.48486328125
2045308,39.1845703125
2045333,47.36328125
2045354,41.56494140625
2045378,35.33935546875
2045389,37.109375
2045442,36.43798828125
2045479,50.84228515625
2045509,34.72900390625
2045615,39.00146484375
2045636,36.9873046875
2045647,43.27392578125
2045688,38.75732421875
2045710,37.7197265625
2045785,34.48486328125
2045816,45.34912109375
2045925,35.0341796875
2045936,36.1328125
2045961,41.8701171875
2045993,40.283203125
2046164,34.423828125
2046186,47.66845703125
2046308,36.0107421875
2046347,35.70556640625
2046540,34.60693359375
2046709,34.97314453125
2098488,36.865234375
2115021,40.22216796875
2123366,35.21728515625
2131311,47.54638671875
2133016,40.6494140625
2133083,55.48095703125
2133106,34.423828125
2133123,40.34423828125
2133142,81.298828125
2133157,55.419921875
2133170,50.9033203125
2133184,110.77880859375
2133213,85.87646484375
2133245,149.71923828125
2133260,53.89404296875
2133284,82.275390625
2133297,71.59423828125
2133311,114.44091796875
2133334,76.5380859375
2133350,63.4765625
2133390,39.6728515625
2133404,69.2138671875
2133422,43.88427734375
2133438,39.306640625
2133449,41.6259765625
2133464,45.10498046875
2133492,46.32568359375
2133517,45.8984375
2133531,58.53271484375
2133544,41.93115234375
2133579,38.4521484375
2133605,42.90771484375
2133718,35.82763671875
2133733,46.56982421875
2133843,39.9169921875
2133867,39.61181640625
2133953,41.3818359375
2133977,72.509765625
2134003,43.701171875
2134016,34.66796875
2134027,40.771484375
2134063,35.82763671875
2134080,34.36279296875
2134095,84.228515625
2134112,35.33935546875
2134201,36.80419921875
2134243,43.8232421875
2134259,37.59765625
2134279,48.15673828125
2134318,37.04833984375
2134357,41.9921875
2134372,41.9921875
2134409,34.60693359375
2134421,78.79638671875
2134459,41.50390625
2134484,43.45703125
2134499,40.95458984375
2134574,34.3017578125
2134626,35.64453125
2134642,52.3681640625
2134727,40.34423828125
2134820,35.70556640625
2134850,52.24609375
2134874,45.22705078125
2134912,39.24560546875
2134943,51.45263671875
2134956,41.9921875
2135016,75.5615234375
2135057,38.818359375
2135114,38.6962890625
2135141,37.90283203125
2135181,35.64453125
2135249,43.212890625
2135276,40.6494140625
2135436,45.71533203125
2135449,35.400390625
2135816,40.58837890625
2181373,36.43798828125
2203552,38.818359375
2204592,41.9921875
2210871,35.94970703125
2223522,41.8701171875
2223554,38.26904296875
2223574,43.3349609375
2223593,37.4755859375
2223622,134.09423828125
2223639,46.142578125
2223654,34.5458984375
2223685,78.43017578125
2223705,72.998046875
2223717,73.54736328125
2223738,38.0859375
2223753,37.78076171875
2223769,84.65576171875
2223787,111.6943359375
2223809,51.7578125
2223827,71.6552734375
2223852,38.330078125
2223871,44.7998046875
2223882,70.1904296875
2223904,36.376953125
2223939,39.12353515625
2223966,51.69677734375
2223979,52.06298828125
2224001,38.57421875
2224014,37.04833984375
2224073,37.841796875
2224088,36.0107421875
2224139,39.306640625
2224155,50.78125
2224251,37.53662109375
2224271,35.400390625
2224299,38.0859375
2224449,40.34423828125
2224481,35.94970703125
2224504,48.40087890625
2224540,40.283203125
2224567,37.2314453125
2224583,38.57421875
2224621,38.57421875
2224650,57.12890625
2224661,43.15185546875
2224692,37.59765625
2224708,34.423828125
2224732,45.7763671875
2224768,41.93115234375
2224812,38.818359375
2224842,51.94091796875
2224861,50.29296875
2224880,35.2783203125
2224950,36.9873046875
2224963,38.0859375
2224992,35.888671875
2225006,57.06787109375
2225042,55.11474609375
2225124,47.79052734375
2225142,35.2783203125
2225169,38.02490234375
2225206,43.3349609375
2225245,40.771484375
2225266,46.20361328125
2225350,41.19873046875
2225398,43.9453125
2225419,35.7666015625
2225465,34.912109375
2225534,35.5224609375
2225565,45.34912109375
2225603,35.2783203125
2225641,38.9404296875
2225666,43.15185546875
2225693,37.4755859375
2225764,35.7666015625
2225777,39.4287109375
2225802,53.28369140625
2225848,44.921875
2225900,43.39599609375
2226006,37.2314453125
2226138,36.43798828125
2226302,37.4755859375
2226437,40.34423828125
2284892,35.46142578125
2292913,43.9453125
2304571,36.865234375
2311175,43.76220703125
2311577,34.48486328125
2311611,43.212890625
2311640,34.912109375
2311678,43.76220703125
2311690,62.56103515625
2311726,53.22265625
2311737,118.408203125
2311762,116.27197265625
2311784,154.96826171875
2311806,62.56103515625
2311828,108.88671875
2311848,59.9365234375
2311867,71.77734375
2311883,69.64111328125
2311912,53.40576171875
2311924,54.8095703125
2311951,52.8564453125
2311965,65.61279296875
2311981,53.955078125
2311995,42.78564453125
2312009,48.33984375
2312020,34.36279296875
2312049,37.78076171875
2312094,34.7900390625
2312152,40.34423828125
2312301,36.68212890625
2312451,54.50439453125
2312529,36.43798828125
2312550,36.19384765625
2312575,42.29736328125
2312608,48.9501953125
2312653,53.89404296875
2312701,38.6962890625
2312713,41.07666015625
2312803,41.93115234375
2312833,38.6962890625
2312860,37.841796875
2312898,65.91796875
2312939,40.52734375
2312967,80.6884765625
2313059,37.59765625
2313089,47.2412109375
2313103,44.37255859375
2313125,38.26904296875
2313158,50.10986328125
2313209,83.43505859375
2313270,39.85595703125
2313280,40.71044921875
2313321,40.10009765625
2313338,45.7763671875
2313416,44.12841796875
2313438,37.109375
2313521,66.71142578125
2313553,44.37255859375
2313586,34.48486328125
2313597,40.283203125
2313715,38.818359375
2313745,39.4287109375
2313788,35.09521484375
2313883,50.23193359375
2313917,40.71044921875
2313963,34.97314453125
2314005,36.56005859375
2314046,35.09521484375
2314083,49.6826171875
2314127,38.4521484375
2314199,36.4990234375
2314254,40.58837890625
2314415,40.58837890625
2314434,37.9638671875
2314587,39.55078125
2314695,42.54150390625
2357286,38.0859375
2372966,41.1376953125
2380664,40.0390625
2385501,44.0673828125
2387803,36.43798828125
2396197,39.9169921875
2397405,34.423828125
2397441,35.94970703125
2397469,42.54150390625
2397496,40.0390625
2397532,56.884765625
2397557,71.044921875
2397575,49.74365234375
2397597,79.7119140625
2397620,125.3662109375
2397640,105.65185546875
2397653,75.50048828125
2397681,87.34130859375
2397702,136.41357421875
2397718,38.26904296875
2397734,87.58544921875
2397760,50.35400390625
2397784,44.0673828125
2397798,35.58349609375
2397819,41.50390625
2397843,44.3115234375
2397889,49.49951171875
2397935,41.015625
2397951,66.10107421875
2397996,49.62158203125
2398061,38.02490234375
2398188,39.55078125
2398280,41.9921875
2398301,61.21826171875
2398385,39.9169921875
2398423,51.45263671875
2398439,41.32080078125
2398475,36.376953125
2398486,34.7900390625
2398527,41.50390625
2398550,39.0625
2398599,40.58837890625
2398653,37.29248046875
2398663,34.97314453125
2398684,38.9404296875
2398724,86.12060546875
2398739,42.41943359375
2398848,38.9404296875
2398891,38.75732421875
2398913,37.53662109375
2398938,42.8466796875
2398975,37.78076171875
2399069,35.21728515625
2399088,56.0302734375
2399102,40.46630859375
2399141,72.08251953125
2399173,43.64013671875
2399188,46.81396484375
2399209,34.48486328125
2399228,39.48974609375
2399253,37.29248046875
2399276,37.9638671875
2399331,41.9921875
2399375,45.10498046875
2399423,36.376953125
2399497,68.84765625
2399523,39.97802734375
2399576,48.40087890625
2399645,40.8935546875
2399795,42.05322265625
2399843,35.46142578125
2399871,60.97412109375
2399888,40.6494140625
2399901,37.17041015625
2399996,35.5224609375
2400058,34.3017578125
2400105,39.12353515625
2400134,46.2646484375
2400169,41.44287109375
2400208,36.19384765625
2400312,39.12353515625
2460659,35.64453125
2463572,53.8330078125
2478920,34.5458984375
2482326,43.64013671875
2486414,36.80419921875
2486424,36.92626953125
2486465,38.14697265625
2486492,46.9970703125
2486504,82.70263671875
2486522,74.0966796875
2486540,145.69091796875
2486559,84.89990234375
2486584,75.8056640625
2486595,182.373046875
2486616,44.7998046875
2486628,120.66650390625
2486646,72.32666015625
2486670,47.7294921875
2486681,47.7294921875
2486709,75.8056640625
2486727,78.43017578125
2486748,50.29296875
2486765,55.17578125
2486777,43.701171875
2486805,59.38720703125
2486817,45.83740234375
2486846,60.85205078125
2486876,42.05322265625
2486894,41.07666015625
2486943,36.92626953125
2486978,35.15625
2486994,39.61181640625
2487044,38.26904296875
2487066,48.7060546875
2487136,35.09521484375
2487226,44.677734375
2487262,35.33935546875
2487295,38.0859375
2487365,38.9404296875
2487384,55.84716796875
2487443,37.109375
2487486,36.68212890625
2487527,50.72021484375
2487647,43.212890625
2487659,41.1376953125
2487675,57.2509765625
2487698,55.84716796875
2487759,40.0390625
2487804,39.97802734375
2487859,39.73388671875
2487882,42.6025390625
2487963,59.50927734375
2488012,40.71044921875
2488039,36.9873046875
2488071,40.83251953125
2488086,47.2412109375
2488108,37.53662109375
2488187,36.1328125
2488210,45.71533203125
2488241,38.02490234375
2488270,35.0341796875
2488333,36.4990234375
2488358,43.212890625
2488372,35.46142578125
2488406,36.1328125
2488480,42.6025390625
2488535,36.07177734375
2488552,45.7763671875
2488569,46.7529296875
2488611,42.90771484375
2488641,85.44921875
2488705,37.7197265625
2488723,41.50390625
2488738,34.3017578125
2488865,41.07666015625
2488885,43.212890625
2488931,36.9873046875
2488946,34.60693359375
2489000,42.6025390625
2489045,45.41015625
2489187,36.68212890625
2489223,42.3583984375
2489464,45.654296875
2489606,34.3017578125
2556348,40.4052734375
2563577,46.56982421875
2571911,39.6728515625
2571938,49.25537109375
2571955,40.0390625
2571972,75.8056640625
2571994,63.96484375
2572007,71.8994140625
2572032,100.52490234375
2572052,75.68359375
2572065,110.65673828125
2572081,135.43701171875
2572113,57.80029296875
2572127,51.57470703125
2572150,59.26513671875
2572172,45.41015625
2572199,72.08251953125
2572229,47.30224609375
2572257,62.80517578125
2572284,71.47216796875
2572321,45.166015625
2572362,50.4150390625
2572408,42.90771484375
2572430,38.75732421875
2572520,35.82763671875
2572535,35.09521484375
2572597,34.7900390625
2572660,39.48974609375
2572749,39.9169921875
2572807,45.10498046875
2572824,37.7197265625
2572857,40.283203125
2572868,37.29248046875
2572913,34.66796875
2572935,48.88916015625
2572949,61.767578125
2572991,38.9404296875
2573004,58.9599609375
2573039,44.73876953125
2573054,53.89404296875
2573137,37.2314453125
2573147,38.0859375
2573171,50.47607421875
2573216,35.46142578125
2573245,34.5458984375
2573259,43.64013671875
2573304,34.912109375
2573323,34.97314453125
2573353,36.9873046875
2573373,47.91259765625
2573443,36.7431640625
2573487,46.5087890625
2573499,35.15625
2573516,47.119140625
2573532,84.3505859375
2573568,34.5458984375
2573587,36.07177734375
2573600,38.818359375
2573639,51.81884765625
2573674,35.5224609375
2573691,41.19873046875
2573721,35.70556640625
2573737,53.8330078125
2573840,34.423828125
2573857,37.59765625
2573878,38.51318359375
2573897,35.5224609375
2573925,39.4287109375
2573951,54.0771484375
2573975,71.2890625
2574015,41.9921875
2574047,49.01123046875
2574072,34.48486328125
2574095,34.60693359375
2574156,38.330078125
2574191,35.46142578125
2574218,48.2177734375
2574232,34.7900390625
2574255,38.818359375
2574306,34.66796875
2574343,44.25048828125
2574379,38.14697265625
2574407,43.0908203125
2574515,36.4990234375
2574575,35.7666015625
2574593,39.48974609375
2574761,48.40087890625
2574799,34.7900390625
2574964,42.3583984375
2575012,38.0859375
2575070,45.22705078125
2649029,39.73388671875
2656831,36.43798828125
2658498,49.49951171875
2658568,42.17529296875
2658601,38.2080078125
2658613,57.06787109375
2658643,63.41552734375
2658669,109.92431640625
2658686,82.45849609375
2658712,90.2099609375
2658729,111.6943359375
2658745,122.1923828125
2658771,81.11572265625
2658787,116.51611328125
2658804,85.99853515625
2658840,84.65576171875
2658872,62.744140625
2658896,47.18017578125
2658912,57.55615234375
2658941,41.015625
2658958,42.41943359375
2658985,40.58837890625
2659001,35.5224609375
2659054,34.36279296875
2659177,39.794921875
2659187,37.53662109375
2659257,38.6962890625
2659285,36.43798828125
2659345,49.560546875
2659404,48.27880859375
2659458,37.41455078125
2659487,51.1474609375
2659505,63.04931640625
2659534,37.17041015625
2659580,45.8984375
2659601,47.05810546875
2659644,34.60693359375
2659709,58.7158203125
2659745,35.70556640625
2659768,51.33056640625
2659789,49.560546875
2659900,43.27392578125
2659924,57.7392578125
2659938,37.29248046875
2659977,44.61669921875
2659997,40.0390625
2660061,48.27880859375
2660138,44.86083984375
2660162,56.09130859375
2660193,45.7763671875
2660213,83.3740234375
2660232,47.42431640625
2660255,42.48046875
2660270,49.9267578125
2660290,36.376953125
2660309,38.63525390625
2660319,39.85595703125
2660394,36.1328125
2660458,44.189453125
2660471,49.86572265625
2660488,37.7197265625
2660608,37.9638671875
2660625,39.61181640625
2660653,38.87939453125
2660691,89.29443359375
2660732,42.17529296875
2660793,35.82763671875
2660818,35.2783203125
2660896,34.5458984375
2660913,50.59814453125
2660925,51.08642578125
2661023,37.29248046875
2661048,41.93115234375
2661066,36.2548828125
2661088,34.912109375
2661163,40.0390625
2661268,36.19384765625
2661406,35.46142578125
2661465,36.376953125
2661789,36.4990234375
2730546,39.9169921875
2746733,48.4619140625
2746759,42.8466796875
2746770,35.33935546875
2746790,44.921875
2746815,88.2568359375
2746830,46.56982421875
2746851,79.4677734375
2746874,78.4912109375
2746885,131.65283203125
2746925,182.92236328125
2746937,89.84375
2746959,47.607421875
2746969,124.32861328125
2746993,78.0029296875
2747013,47.2412109375
2747028,73.486328125
2747043,62.07275390625
2747057,37.17041015625
2747079,55.2978515625
2747090,38.63525390625
2747125,48.828125
2747137,43.15185546875
2747169,38.57421875
2747200,48.7060546875
2747225,37.7197265625
2747300,36.7431640625
2747358,52.1240234375
2747373,36.865234375
2747507,36.43798828125
2747553,37.53662109375
2747577,46.5087890625
2747617,38.330078125
2747669,51.45263671875
2747688,62.255859375
2747724,36.56005859375
2747752,37.4755859375
2747783,37.841796875
2747902,58.4716796875
2747917,40.58837890625
2747959,46.630859375
2747971,39.55078125
2748035,45.95947265625
2748050,42.78564453125
2748072,44.37255859375
2748097,34.423828125
2748113,40.71044921875
2748131,60.546875
2748170,45.654296875
2748188,54.38232421875
2748248,41.9921875
2748273,34.48486328125
2748305,42.78564453125
2748321,50.537109375
2748332,38.26904296875
2748374,52.24609375
2748410,39.6728515625
2748436,39.1845703125
2748462,35.888671875
2748493,41.015625
2748508,47.2412109375
2748572,41.9921875
2748620,37.7197265625
2748649,52.79541015625
2748682,72.81494140625
2748697,43.5791015625
2748738,43.64013671875
2748752,34.36279296875
2748776,36.19384765625
2748806,36.4990234375
2748864,35.64453125
2748952,36.19384765625
2749004,41.6259765625
2749039,43.45703125
2749082,44.25048828125
2749107,41.19873046875
2749175,39.24560546875
2749230,53.52783203125
2749247,35.0341796875
2749364,37.353515625
2749404,38.63525390625
2749559,34.85107421875
2749582,45.34912109375
2749690,39.00146484375
2749746,38.4521484375
2749797,39.9169921875
2749829,36.80419921875
2749956,45.8984375
2812921,48.03466796875
2834595,40.34423828125
2839569,46.875
2839587,45.5322265625
2839613,34.97314453125
2839623,38.14697265625
2839661,42.41943359375
2839677,42.3583984375
2839708,51.6357421875
2839720,76.7822265625
2839732,60.9130859375
2839762,115.72265625
2839788,148.37646484375
2839805,124.32861328125
2839818,64.14794921875
2839845,75.62255859375
2839859,62.1337890625
2839878,66.5283203125
2839891,46.38671875
2839903,38.14697265625
2839938,45.71533203125
2839956,44.189453125
2839978,40.22216796875
2840009,51.1474609375
2840023,51.57470703125
2840063,44.98291015625
2840100,41.50390625
2840167,45.59326171875
2840189,35.64453125
2840223,38.330078125
2840264,39.00146484375
2840285,41.19873046875
2840332,35.33935546875
2840438,50.048828125
2840471,37.29248046875
2840565,44.189453125
2840584,45.41015625
2840611,36.7431640625
2840635,79.77294921875
2840668,54.6875
2840730,43.212890625
2840752,44.86083984375
2840770,42.96875
2840823,38.14697265625
2840845,38.6962890625
2840860,88.134765625
2840905,41.68701171875
2840927,43.212890625
2840982,50.4150390625
2841002,37.2314453125
2841045,35.15625
2841060,48.9501953125
2841083,35.58349609375
2841107,63.29345703125
2841143,38.75732421875
2841156,39.97802734375
2841191,44.98291015625
2841249,40.283203125
2841264,40.0390625
2841297,40.83251953125
2841325,35.7666015625
2841348,64.697265625
2841360,41.748046875
2841430,42.66357421875
2841455,47.2412109375
2841469,39.00146484375
2841494,66.71142578125
2841567,39.36767578125
2841580,35.33935546875
2841713,38.14697265625
2841751,49.8046875
2841817,38.26904296875
2841832,50.10986328125
2841891,40.10009765625
2841964,78.79638671875
2842021,40.52734375
2842078,37.9638671875
2842096,41.56494140625
2842145,41.748046875
2842181,40.4052734375
2842280,43.39599609375
2842290,35.46142578125
2842308,41.9921875
2842411,36.7431640625
2842453,40.4052734375
2842559,36.0107421875
2842624,37.78076171875
2912477,45.0439453125
2920097,34.3017578125
2929925,50.4150390625
2929955,36.1328125
2929985,37.53662109375
2930016,73.1201171875
2930031,37.41455078125
2930069,100.2197265625
2930098,97.65625
2930108,153.25927734375
2930129,104.98046875
2930142,52.06298828125
2930154,64.8193359375
2930166,106.689453125
2930201,89.9658203125
2930222,51.7578125
2930236,62.92724609375
2930261,39.85595703125
2930273,46.142578125
2930294,42.29736328125
2930313,36.865234375
2930326,43.51806640625
2930358,44.3115234375
2930390,40.0390625
2930421,48.15673828125
2930460,40.95458984375
2930502,38.14697265625
2930546,34.5458984375
2930640,41.8701171875
2930763,35.0341796875
2930808,35.21728515625
2930829,35.5224609375
2930910,36.68212890625
2930945,57.92236328125
2930991,41.6259765625
2931013,40.283203125
2931042,39.794921875
2931053,39.97802734375
2931096,47.8515625
2931107,43.701171875
2931144,54.99267578125
2931198,36.9873046875
2931208,38.57421875
2931235,47.7294921875
2931271,42.17529296875
2931328,44.86083984375
2931344,35.7666015625
2931363,43.02978515625
2931379,37.04833984375
2931415,45.34912109375
2931448,35.888671875
2931476,38.02490234375
2931488,71.83837890625
2931510,36.07177734375
2931566,34.97314453125
2931706,34.97314453125
2931752,38.0859375
2931781,57.9833984375
2931808,44.921875
2931851,65.185546875
2931884,34.66796875
2931928,40.283203125
2931987,56.15234375
2932033,62.56103515625
2932078,36.4990234375
2932108,34.3017578125
2932119,34.85107421875
2932177,34.912109375
2932211,37.109375
2932230,42.05322265625
2932250,37.17041015625
2932273,40.71044921875
2932309,40.22216796875
2932394,35.400390625
2932472,35.400390625
2932580,56.82373046875
2932597,34.97314453125
2932633,35.400390625
2932708,45.10498046875
2932752,57.18994140625
2932862,45.2880859375
2932897,46.20361328125
2933088,47.8515625
2933108,39.55078125
2991032,38.818359375
3003226,39.306640625
3009618,35.5224609375
3018675,43.701171875
3018739,35.82763671875
3018791,62.6220703125
3018820,47.54638671875
3018850,119.140625
3018862,85.26611328125
3018890,107.666015625
3018905,96.98486328125
3018925,143.49365234375
3018939,79.833984375
3018969,93.017578125
3018983,79.833984375
3018996,56.5185546875
3019014,59.14306640625
3019028,74.52392578125
3019039,42.17529296875
3019053,37.53662109375
3019079,59.6923828125
3019109,43.64013671875
3019188,63.53759765625
3019217,38.330078125
3019262,45.5322265625
3019299,36.80419921875
3019335,44.189453125
3019392,37.78076171875
3019454,37.04833984375
3019473,39.794921875
3019518,39.61181640625
3019593,50.537109375
3019636,49.560546875
3019681,44.49462890625
3019716,36.68212890625
3019806,59.814453125
3019832,40.83251953125
3019852,40.58837890625
3019873,34.60693359375
3019892,68.115234375
3019913,39.4287109375
3019951,37.7197265625
3019976,43.5791015625
3020010,65.24658203125
3020020,59.75341796875
3020063,45.71533203125
3020088,52.978515625
3020133,37.7197265625
3020147,96.61865234375
3020180,41.259765625
3020218,42.29736328125
3020268,38.9404296875
3020318,44.00634765625
3020390,41.8701171875
3020426,49.6826171875
3020436,96.3134765625
3020467,45.10498046875
3020485,38.818359375
3020495,36.19384765625
3020538,53.8330078125
3020582,42.3583984375
3020645,34.48486328125
3020692,38.330078125
3020716,34.36279296875
3020731,40.95458984375
3020749,39.1845703125
3020844,39.00146484375
3020874,41.93115234375
3020888,39.4287109375
3020907,34.5458984375
3021042,35.21728515625
3021111,57.06787109375
3021192,42.236328125
3021294,45.7763671875
3021380,39.0625
3021453,39.36767578125
3021480,42.236328125
3021544,42.8466796875
3021703,35.09521484375
3021724,35.09521484375
3021827,41.1376953125
3022029,40.283203125
3022080,41.50390625
3022095,36.31591796875
3099610,40.0390625
3107964,41.07666015625
3109636,41.32080078125
3109674,41.44287109375
3109684,51.45263671875
3109700,45.95947265625
3109729,53.5888671875
3109739,67.3828125
3109767,109.68017578125
3109778,232.177734375
3109804,55.419921875
3109830,75.62255859375
3109847,89.05029296875
3109885,62.1337890625
3109912,59.63134765625
3109930,64.75830078125
3109945,56.94580078125
3109969,54.5654296875
3110024,53.8330078125
3110047,43.51806640625
3110078,36.9873046875
3110132,43.02978515625
3110203,44.189453125
3110244,44.43359375
3110271,45.83740234375
3110331,42.41943359375
3110426,35.82763671875
3110484,41.93115234375
3110534,34.97314453125
3110558,41.748046875
3110606,75.25634765625
3110641,37.41455078125
3110678,39.9169921875
3110694,40.34423828125
3110723,49.49951171875
3110740,39.00146484375
3110753,36.56005859375
3110787,35.0341796875
3110813,42.724609375
3110889,39.0625
3110930,38.75732421875
3110943,83.67919921875
3110979,43.8232421875
3110995,38.51318359375
3111040,45.0439453125
3111070,38.26904296875
3111096,38.4521484375
3111118,45.41015625
3111159,42.8466796875
3111183,40.771484375
3111200,37.353515625
3111236,59.26513671875
3111272,49.25537109375
3111286,54.13818359375
3111321,36.4990234375
3111333,49.13330078125
3111357,44.3115234375
3111383,45.59326171875
3111416,50.9033203125
3111439,40.22216796875
3111495,89.53857421875
3111514,37.78076171875
3111529,38.14697265625
3111563,39.85595703125
3111657,36.7431640625
3111673,58.59375
3111693,36.19384765625
3111756,36.2548828125
3111790,38.02490234375
3111857,38.57421875
3111907,42.3583984375
3111932,35.5224609375
3112045,57.373046875
3112056,44.37255859375
3112085,36.56005859375
3112095,34.36279296875
3112143,40.771484375
3112200,34.5458984375
3112230,35.58349609375
3112297,40.6494140625
3112314,34.7900390625
3112330,34.66796875
3112484,46.69189453125
3112547,35.5224609375
3112574,34.36279296875
3112635,37.841796875
3188194,40.4052734375
3200256,37.78076171875
3200311,37.4755859375
3200360,43.39599609375
3200381,50.048828125
3200394,93.3837890625
3200419,80.810546875
3200443,77.1484375
3200466,82.21435546875
3200489,149.658203125
3200503,102.1728515625
3200520,75.86669921875
3200544,82.09228515625
3200557,75.439453125
3200584,46.142578125
3200598,65.97900390625
3200617,38.87939453125
3200636,34.423828125
3200655,69.2138671875
3200673,46.20361328125
3200684,41.50390625
3200711,38.57421875
3200752,52.18505859375
3200835,38.57421875
3200921,39.61181640625
3200986,35.82763671875
3201018,44.25048828125
3201063,54.87060546875
3201114,34.912109375
3201151,37.841796875
3201238,38.75732421875
3201274,35.7666015625
3201303,61.58447265625
3201344,49.49951171875
3201413,38.51318359375
3201435,43.701171875
3201455,48.7060546875
3201499,37.2314453125
3201512,43.15185546875
3201538,49.74365234375
3201565,62.1337890625
3201591,37.109375
3201621,62.43896484375
3201672,38.63525390625
3201696,48.2177734375
3201714,41.8701171875
3201773,74.5849609375
3201788,38.39111328125
3201824,40.283203125
3201844,34.60693359375
3201857,50.23193359375
3201880,44.49462890625
3201907,55.23681640625
3202036,34.423828125
3202063,49.62158203125
3202097,36.68212890625
3202130,35.70556640625
3202173,56.57958984375
3202273,50.048828125
3202292,34.912109375
3202408,39.85595703125
3202433,39.4287109375
3202491,45.654296875
3202520,36.0107421875
3202590,58.4716796875
3202648,40.1611328125
3202663,34.912109375
3202714,45.5322265625
3202760,35.82763671875
3202806,39.306640625
3202818,41.80908203125
3202837,48.88916015625
3202849,55.17578125
3202870,37.2314453125
3202943,34.7900390625
3203026,35.82763671875
3203061,38.4521484375
3203161,35.64453125
3203224,43.88427734375
3203249,36.9873046875
3203270,42.54150390625
3203450,34.5458984375
3203522,39.794921875
3267076,41.9921875
3278558,35.46142578125
3289313,39.1845703125
3289380,43.76220703125
3289397,70.49560546875
3289424,76.171875
3289447,185.48583984375
3289483,157.5927734375
3289503,59.14306640625
3289514,160.7666015625
3289545,69.82421875
3289556,87.82958984375
3289584,70.6787109375
3289596,70.80078125
3289620,62.8662109375
3289634,78.67431640625
3289653,36.56005859375
3289671,43.88427734375
3289688,39.73388671875
3289709,51.3916015625
3289727,39.36767578125
3289760,45.34912109375
3289791,41.259765625
3289817,42.8466796875
3289895,39.1845703125
3289927,40.8935546875
3289939,44.921875
3290114,36.4990234375
3290143,36.9873046875
3290185,35.21728515625
3290228,36.62109375
3290294,42.6025390625
3290318,39.12353515625
3290367,40.52734375
3290390,92.6513671875
3290406,56.7626953125
3290440,42.236328125
3290465,36.4990234375
3290500,34.3017578125
3290535,35.400390625
3290579,40.4052734375
3290590,41.9921875
3290605,91.73583984375
3290624,38.9404296875
3290649,39.36767578125
3290718,39.12353515625
3290731,41.93115234375
3290773,54.6875
3290848,54.0771484375
3290862,43.45703125
3290899,39.0625
3290922,37.9638671875
3290957,52.67333984375
3291030,47.18017578125
3291089,40.6494140625
3291116,80.9326171875
3291136,47.30224609375
3291177,36.19384765625
3291217,61.82861328125
3291247,39.306640625
3291307,38.4521484375
3291367,38.14697265625
3291382,59.87548828125
3291397,35.33935546875
3291459,52.30712890625
3291504,42.724609375
3291532,36.68212890625
3291577,39.00146484375
3291645,34.97314453125
3291676,68.603515625
3291699,37.29248046875
3291799,52.8564453125
3291812,36.62109375
3291850,38.26904296875
3291901,41.80908203125
3291943,35.2783203125
3291965,43.64013671875
3292133,37.109375
3292230,37.17041015625
3292316,38.02490234375
3292340,48.2177734375
3292458,37.841796875
3292522,37.841796875
3292593,44.677734375
3363587,42.29736328125
3382878,37.78076171875
3382913,35.58349609375
3382927,42.6025390625
3382938,50.4150390625
3382968,83.43505859375
3382980,37.59765625
3383016,69.7021484375
3383045,89.66064453125
3383061,95.947265625
3383081,146.66748046875
3383103,62.80517578125
3383123,62.01171875
3383149,67.138671875
3383172,57.6171875
3383198,50.4150390625
3383222,70.3125
3383244,70.61767578125
3383260,44.73876953125
3383277,45.95947265625
3383308,44.86083984375
3383321,38.02490234375
3383337,40.283203125
3383356,43.88427734375
3383411,36.0107421875
3383433,43.0908203125
3383456,38.9404296875
3383503,35.21728515625
3383581,34.7900390625
3383636,36.80419921875
3383696,40.46630859375
3383749,38.330078125
3383766,57.55615234375
3383830,63.5986328125
3383864,36.19384765625
3383886,37.2314453125
3383917,34.60693359375
3383941,36.1328125
3383996,46.56982421875
3384009,35.2783203125
3384059,52.001953125
3384069,92.22412109375
3384101,39.4287109375
3384181,34.3017578125
3384212,40.52734375
3384231,38.26904296875
3384287,35.82763671875
3384301,37.65869140625
3384320,39.306640625
3384348,69.03076171875
3384362,47.30224609375
3384380,43.5791015625
3384392,36.7431640625
3384416,52.91748046875
3384428,37.2314453125
3384453,45.22705078125
3384483,36.07177734375
3384499,37.9638671875
3384621,47.05810546875
3384634,49.62158203125
3384676,58.4716796875
3384713,77.81982421875
3384779,40.22216796875
3384832,37.59765625
3384869,41.07666015625
3384883,42.66357421875
3384979,38.818359375
3385008,45.166015625
3385031,35.58349609375
3385079,42.29736328125
3385146,37.78076171875
3385166,67.44384765625
3385251,44.25048828125
3385276,41.07666015625
3385288,41.259765625
3385382,38.51318359375
3385403,40.83251953125
3385576,39.85595703125
3385586,36.92626953125
3385631,36.43798828125
3385669,35.888671875
3385719,37.04833984375
3385760,37.9638671875
3385872,40.52734375
3385953,36.43798828125
3385966,39.6728515625
3386019,34.66796875
3467452,38.14697265625
3474388,41.44287109375
3474442,40.83251953125
3474459,41.80908203125
3474484,48.828125
3474505,54.74853515625
3474517,45.59326171875
3474544,42.29736328125
3474564,90.6982421875
3474578,80.810546875
3474605,66.71142578125
3474627,44.5556640625
3474648,150.634765625
3474662,78.857421875
3474688,53.03955078125
3474699,47.4853515625
3474710,77.0263671875
3474740,47.66845703125
3474759,41.93115234375
3474782,48.583984375
3474812,44.12841796875
3474825,59.14306640625
3474850,46.38671875
3474886,47.18017578125
3474907,41.68701171875
3474925,45.59326171875
3474944,34.66796875
3474982,36.865234375
3475003,34.36279296875
3475018,37.9638671875
3475100,35.33935546875
3475125,35.70556640625
3475154,34.97314453125
3475206,35.33935546875
3475223,46.56982421875
3475263,36.1328125
3475310,34.36279296875
3475364,59.2041015625
3475402,82.94677734375
3475443,40.0390625
3475482,52.490234375
3475495,54.62646484375
3475537,38.9404296875
3475633,46.630859375
3475651,64.94140625
3475728,40.1611328125
3475740,35.82763671875
3475793,34.97314453125
3475852,48.52294921875
3475868,45.34912109375
3475913,36.2548828125
3475978,42.29736328125
3476014,42.48046875
3476041,35.46142578125
3476066,59.2041015625
3476138,46.5087890625
3476167,59.814453125
3476236,44.921875
3476317,36.9873046875
3476327,60.97412109375
3476357,34.912109375
3476463,40.52734375
3476505,40.22216796875
3476535,60.36376953125
3476559,78.7353515625
3476665,38.75732421875
3476677,60.24169921875
3476705,48.2177734375
3476775,36.68212890625
3476818,53.1005859375
3476833,43.76220703125
3477036,39.1845703125
3477075,36.376953125
3477099,38.6962890625
3477176,39.55078125
3477192,41.8701171875
3477341,42.236328125
3477424,39.61181640625
3477453,36.56005859375
3477659,36.0107421875
3562433,35.82763671875
3562492,58.77685546875
3562517,37.59765625
3562535,61.21826171875
3562566,55.2978515625
3562596,103.82080078125
3562613,100.4638671875
3562624,88.5009765625
3562651,146.30126953125
3562668,63.78173828125
3562686,94.8486328125
3562703,86.7919921875
3562717,112.60986328125
3562742,90.14892578125
3562760,41.6259765625
3562798,55.96923828125
3562812,36.1328125
3562862,51.33056640625
3562885,39.1845703125
3562899,43.5791015625
3562922,44.921875
3562941,36.9873046875
3562996,45.654296875
3563012,35.2783203125
3563050,47.7294921875
3563085,36.43798828125
3563112,37.59765625
3563141,38.9404296875
3563248,36.56005859375
3563288,35.94970703125
3563355,37.7197265625
3563369,44.677734375
3563410,41.19873046875
3563450,35.15625
3563479,34.7900390625
3563506,66.650390625
3563534,45.83740234375
3563590,35.94970703125
3563608,36.43798828125
3563649,47.607421875
3563677,40.22216796875
3563750,52.8564453125
3563776,49.13330078125
3563798,87.646484375
3563810,36.7431640625
3563854,36.07177734375
3563876,36.68212890625
3563889,34.912109375
3563928,40.4052734375
3563946,37.353515625
3563977,38.26904296875
3563997,39.55078125
3564019,35.58349609375
3564066,39.55078125
3564122,54.0771484375
3564146,45.5322265625
3564190,43.3349609375
3564212,38.63525390625
3564280,41.50390625
3564300,35.33935546875
3564377,35.70556640625
3564416,69.3359375
3564445,48.9501953125
3564567,47.8515625
3564578,40.771484375
3564713,42.78564453125
3564736,44.98291015625
3564899,41.1376953125
3564911,48.2177734375
3564950,39.794921875
3564964,36.2548828125
3565003,43.39599609375
3565043,35.70556640625
3565101,45.71533203125
3565121,34.36279296875
3565155,58.349609375
3565171,36.07177734375
3565204,60.9130859375
3565316,40.0390625
3565372,35.888671875
3565413,36.43798828125
3565492,40.95458984375
3565527,40.283203125
3565680,36.1328125
3640237,40.34423828125
3652093,43.51806640625
3652112,38.02490234375
3652129,42.05322265625
3652142,36.68212890625
3652170,59.326171875
3652183,49.62158203125
3652195,57.55615234375
3652220,81.6650390625
3652235,61.09619140625
3652264,79.7119140625
3652276,54.8095703125
3652298,162.41455078125
3652327,126.64794921875
3652352,67.5048828125
3652365,115.53955078125
3652387,40.6494140625
3652403,76.47705078125
3652427,47.91259765625
3652437,47.4853515625
3652458,48.4619140625
3652477,58.53271484375
3652560,43.3349609375
3652574,38.57421875
3652589,37.29248046875
3652617,39.1845703125
3652667,44.25048828125
3652713,37.109375
3652734,35.33935546875
3652749,36.92626953125
3652775,36.0107421875
3652840,36.7431640625
3652858,35.21728515625
3652933,34.912109375
3652988,40.283203125
3653073,39.36767578125
3653097,34.5458984375
3653122,68.42041015625
3653138,64.8193359375
3653194,37.41455078125
3653241,36.19384765625
3653280,35.64453125
3653332,44.49462890625
3653395,81.787109375
3653504,36.376953125
3653540,55.2978515625
3653552,46.08154296875
3653601,34.423828125
3653677,73.54736328125
3653693,38.2080078125
3653705,38.330078125
3653747,37.9638671875
3653773,39.1845703125
3653808,36.62109375
3653863,55.48095703125
3653885,41.9921875
3653907,45.654296875
3653945,39.9169921875
3653984,35.7666015625
3654108,44.921875
3654126,36.376953125
3654192,38.14697265625
3654270,39.85595703125
3654298,40.95458984375
3654332,35.0341796875
3654451,36.0107421875
3654476,41.93115234375
3654493,53.7109375
3654599,36.9873046875
3654732,39.55078125
3654759,37.2314453125
3654786,55.419921875
3654798,45.8984375
3654853,39.36767578125
3654895,35.58349609375
3655091,36.19384765625
3730031,36.68212890625
3741693,36.865234375
3741755,47.9736328125
3741771,55.96923828125
3741782,61.34033203125
3741823,97.96142578125
3741834,44.98291015625
3741859,68.54248046875
3741876,100.2197265625
3741892,103.271484375
3741902,80.2001953125
3741927,71.6552734375
3741949,65.5517578125
3741977,96.0693359375
3741997,43.3349609375
3742016,49.49951171875
3742036,51.6357421875
3742049,40.71044921875
3742061,40.22216796875
3742089,54.01611328125
3742121,37.04833984375
3742137,38.6962890625
3742149,41.07666015625
3742165,43.45703125
3742182,38.63525390625
3742219,44.3115234375
3742268,42.48046875
3742293,34.7900390625
3742353,36.68212890625
3742370,50.96435546875
3742381,34.3017578125
3742503,40.6494140625
3742531,41.748046875
3742645,46.5087890625
3742655,59.814453125
3742755,36.4990234375
3742791,62.5
3742821,34.5458984375
3742845,37.109375
3742872,35.46142578125
3742908,35.15625
3742923,41.3818359375
3742944,34.36279296875
3742969,40.283203125
3743001,34.7900390625
3743035,42.96875
3743051,55.96923828125
3743077,37.9638671875
3743091,43.27392578125
3743128,39.55078125
3743178,74.951171875
3743190,52.18505859375
3743210,42.29736328125
3743276,42.54150390625
3743321,68.603515625
3743337,38.02490234375
3743349,38.39111328125
3743408,44.37255859375
3743482,38.02490234375
3743509,35.94970703125
3743540,42.29736328125
3743632,38.330078125
3743705,75.74462890625
3743716,37.04833984375
3743765,39.55078125
3743851,36.9873046875
3743890,37.65869140625
3743997,34.423828125
3744032,36.376953125
3744071,51.025390625
3744114,34.97314453125
3744186,38.51318359375
3744216,45.0439453125
3744299,42.8466796875
3744364,35.15625
3744487,38.2080078125
3744530,34.66796875
3744791,35.21728515625
3820096,34.5458984375
3827124,42.78564453125
3828849,38.9404296875
3828944,74.40185546875
3828955,75.5615234375
3828992,50.72021484375
3829012,70.3125
3829034,115.72265625
3829066,103.45458984375
3829078,201.0498046875
3829102,66.7724609375
3829121,65.97900390625
3829135,127.5634765625
3829153,107.48291015625
3829174,81.84814453125
3829190,125.79345703125
3829215,60.546875
3829234,51.20849609375
3829246,53.52783203125
3829270,37.109375
3829288,49.01123046875
3829313,45.41015625
3829376,50.84228515625
3829392,36.56005859375
3829433,37.65869140625
3829479,34.7900390625
3829546,41.3818359375
3829576,38.6962890625
3829741,35.58349609375
3829759,36.92626953125
3829822,39.48974609375
3829888,38.818359375
3829906,42.6025390625
3829931,52.06298828125
3829948,69.7021484375
3829992,45.41015625
3830093,41.68701171875
3830134,34.97314453125
3830202,46.81396484375
3830222,77.2705078125
3830240,41.1376953125
3830273,39.36767578125
3830292,42.8466796875
3830314,35.15625
3830325,36.62109375
3830372,35.2783203125
3830418,37.29248046875
3830445,38.4521484375
3830467,39.794921875
3830484,67.68798828125
3830530,34.36279296875
3830592,40.58837890625
3830613,35.0341796875
3830647,43.701171875
3830726,35.58349609375
3830782,55.96923828125
3830863,35.09521484375
3830926,34.85107421875
3830946,44.12841796875
3830995,40.10009765625
3831029,83.984375
3831054,36.376953125
3831064,42.66357421875
3831120,40.771484375
3831189,35.15625
3831218,48.03466796875
3831308,40.46630859375
3831372,46.2646484375
3831401,51.7578125
3831413,34.97314453125
3831610,36.7431640625
3831709,35.5224609375
3831797,42.8466796875
3831812,34.97314453125
3917138,49.31640625
3918502,42.6025390625
3918538,37.78076171875
3918570,88.68408203125
3918589,54.87060546875
3918619,62.43896484375
3918641,120.7275390625
3918664,82.275390625
3918691,130.31005859375
3918714,79.89501953125
3918733,63.90380859375
3918749,47.91259765625
3918760,106.87255859375
3918797,87.46337890625
3918830,54.50439453125
3918853,62.01171875
3918872,40.58837890625
3918894,55.5419921875
3918914,39.24560546875
3918934,39.61181640625
3918953,44.0673828125
3918967,38.87939453125
3918988,36.7431640625
3919015,52.79541015625
3919063,35.7666015625
3919074,72.93701171875
3919174,34.5458984375
3919193,38.39111328125
3919213,38.87939453125
3919287,36.7431640625
3919309,39.794921875
3919332,42.90771484375
3919397,34.423828125
3919460,53.22265625
3919509,66.5283203125
3919524,42.54150390625
3919561,43.02978515625
3919571,43.701171875
3919635,41.015625
3919668,83.67919921875
3919713,37.53662109375
3919746,39.97802734375
3919781,34.7900390625
3919797,46.38671875
3919807,51.26953125
3919845,35.64453125
3919866,36.31591796875
3919899,82.21435546875
3919958,42.8466796875
3919993,49.31640625
3920110,37.59765625
3920130,35.15625
3920185,43.701171875
3920233,40.22216796875
3920258,59.02099609375
3920273,53.22265625
3920317,36.19384765625
3920334,47.66845703125
3920365,46.38671875
3920377,40.8935546875
3920516,57.6171875
3920549,44.43359375
3920611,43.51806640625
3920650,46.2646484375
3920666,38.6962890625
3920691,41.8701171875
3920716,37.29248046875
3920867,40.71044921875
3920893,41.32080078125
3920964,37.59765625
3921117,36.43798828125
3921129,34.912109375
3921177,45.47119140625
3921196,39.55078125
3921257,39.794921875
3980444,39.1845703125
4005106,38.02490234375
4005286,36.31591796875
4005316,34.36279296875
4005338,90.02685546875
4005349,72.1435546875
4005373,66.2841796875
4005400,83.92333984375
4005410,86.181640625
4005436,64.697265625
4005462,120.91064453125
4005492,116.943359375
4005511,85.8154296875
4005525,38.0859375
4005545,101.1962890625
4005559,64.39208984375
4005591,64.51416015625
4005626,69.27490234375
4005637,70.1904296875
4005649,81.0546875
4005694,44.00634765625
4005723,39.55078125
4005736,45.10498046875
4005789,35.09521484375
4005814,40.771484375
4005849,62.744140625
4005969,34.7900390625
4006058,40.34423828125
4006194,40.6494140625
4006313,38.4521484375
4006325,46.44775390625
4006353,68.115234375
4006390,34.3017578125
4006416,35.2783203125
4006449,89.78271484375
4006486,38.330078125
4006513,40.1611328125
4006526,43.5791015625
4006563,36.62109375
4006602,55.6640625
4006625,52.3681640625
4006643,45.10498046875
4006685,34.97314453125
4006707,80.4443359375
4006718,48.583984375
4006743,43.9453125
4006807,38.57421875
4006823,55.7861328125
4006857,45.47119140625
4006919,37.4755859375
4006934,39.306640625
4006956,54.99267578125
4006981,40.71044921875
4006999,36.865234375
4007057,58.4716796875
4007073,48.4619140625
4007095,41.07666015625
4007221,51.6357421875
4007248,50.1708984375
4007266,36.92626953125
4007315,37.41455078125
4007415,43.39599609375
4007506,35.70556640625
4007532,34.3017578125
4007546,34.912109375
4007658,36.9873046875
4007684,36.0107421875
4007722,55.60302734375
4007798,39.61181640625
4008013,46.142578125
4008041,41.015625
4008197,34.66796875
4008313,58.4716796875
4045012,45.71533203125
4046040,40.58837890625
4064309,44.5556640625
4093330,48.7060546875
4093366,42.78564453125
4093390,36.19384765625
4093409,48.7060546875
4093420,49.74365234375
4093457,127.0751953125
4093478,119.56787109375
4093512,103.3935546875
4093524,147.15576171875
4093556,63.720703125
4093571,50.78125
4093581,68.115234375
4093605,51.513671875
4093631,91.00341796875
4093660,52.3681640625
4093687,80.99365234375
4093700,52.1240234375
4093733,41.748046875
4093750,34.423828125
4093789,49.62158203125
4093837,35.5224609375
4093905,41.8701171875
4093944,34.912109375
4094002,35.7666015625
4094110,34.3017578125
4094137,49.01123046875
4094153,38.26904296875
4094177,37.2314453125
4094221,53.40576171875
4094255,36.07177734375
4094270,38.02490234375
4094324,66.83349609375
4094405,44.37255859375
4094429,50.47607421875
4094471,41.56494140625
4094503,53.28369140625
4094531,38.818359375
4094561,70.73974609375
4094578,37.90283203125
4094624,45.10498046875
4094639,48.4619140625
4094720,38.57421875
4094753,55.11474609375
4094792,42.724609375
4094823,58.04443359375
4094852,66.40625
4094865,35.64453125
4094896,36.1328125
4094924,38.75732421875
4094982,40.4052734375
4095059,35.33935546875
4095127,55.6640625
4095147,35.15625
4095196,114.1357421875
4095211,41.1376953125
4095240,39.794921875
4095270,40.6494140625
4095326,36.19384765625
4095352,34.3017578125
4095371,46.2646484375
4095521,35.15625
4095606,37.78076171875
4095624,39.4287109375
4095706,42.3583984375
4095823,35.70556640625
4095860,38.818359375
4096004,40.46630859375
4096016,34.97314453125
4096038,39.4287109375
4180092,63.65966796875
4180135,36.0107421875
4180150,35.21728515625
4180165,82.33642578125
4180188,78.857421875
4180198,45.0439453125
4180215,68.603515625
4180226,94.17724609375
4180236,110.41259765625
4180282,105.224609375
4180302,85.99853515625
4180321,121.52099609375
4180340,37.41455078125
4180371,86.97509765625
4180384,101.86767578125
4180413,55.35888671875
4180429,81.84814453125
4180454,55.35888671875
4180464,47.607421875
4180489,65.673828125
4180511,35.2783203125
4180535,56.15234375
4180553,48.64501953125
4180574,41.93115234375
4180585,37.353515625
4180605,45.10498046875
4180649,47.18017578125
4180790,37.65869140625
4180859,35.5224609375
4180887,43.5791015625
4180932,35.58349609375
4180965,37.109375
4180987,50.537109375
4181040,44.73876953125
4181114,51.8798828125
4181130,40.58837890625
4181171,64.27001953125
4181249,39.97802734375
4181288,37.53662109375
4181320,44.49462890625
4181336,58.837890625
4181398,42.78564453125
4181418,62.1337890625
4181435,42.236328125
4181448,45.7763671875
4181470,44.12841796875
4181498,36.56005859375
4181541,47.8515625
4181556,43.9453125
4181602,38.330078125
4181629,36.56005859375
4181655,43.9453125
4181695,77.94189453125
4181717,45.7763671875
4181759,52.490234375
4181796,40.771484375
4181850,38.02490234375
4181904,41.68701171875
4181924,47.79052734375
4182006,36.68212890625
4182021,38.02490234375
4182038,41.80908203125
4182050,59.5703125
4182100,35.58349609375
4182177,37.41455078125
4182191,37.4755859375
4182204,35.33935546875
4182230,39.24560546875
4182329,34.7900390625
4182362,41.3818359375
4182374,44.7998046875
4182406,35.888671875
4182498,39.73388671875
4182586,53.03955078125
4182605,35.21728515625
4182637,34.36279296875
4182750,44.61669921875
4182914,36.19384765625
4183042,47.119140625
4268400,46.7529296875
4268418,38.6962890625
4268452,47.30224609375
4268478,73.30322265625
4268488,51.69677734375
4268514,72.509765625
4268527,79.89501953125
4268551,60.791015625
4268562,85.693359375
4268585,102.60009765625
4268608,183.65478515625
4268623,76.23291015625
4268639,101.6845703125
4268669,110.107421875
4268689,54.13818359375
4268711,86.12060546875
4268727,93.44482421875
4268767,54.5654296875
4268777,40.283203125
4268820,67.93212890625
4268830,37.353515625
4268860,36.43798828125
4268889,50.10986328125
4268903,37.9638671875
4268923,34.97314453125
4268965,61.279296875
4268989,40.83251953125
4269037,39.9169921875
4269063,64.75830078125
4269092,38.63525390625
4269119,34.72900390625
4269271,51.94091796875
4269336,38.9404296875
4269373,44.37255859375
4269426,35.94970703125
4269448,40.283203125
4269472,38.63525390625
4269500,43.0908203125
4269530,85.87646484375
4269564,46.32568359375
4269590,43.701171875
4269613,36.80419921875
4269637,55.84716796875
4269651,34.36279296875
4269690,44.61669921875
4269742,58.16650390625
4269764,53.7109375
4269781,47.05810546875
4269870,41.32080078125
4269923,63.17138671875
4269933,46.142578125
4269961,48.03466796875
4269980,43.3349609375
4270055,53.77197265625
4270094,49.01123046875
4270118,37.2314453125
4270133,34.85107421875
4270208,47.42431640625
4270221,101.4404296875
4270252,55.7861328125
4270330,39.306640625
4270408,62.98828125
4270463,35.15625
4270582,39.794921875
4270619,35.70556640625
4270654,36.62109375
4270852,39.00146484375
4270925,40.71044921875
4271013,41.32080078125
4271150,43.212890625
4271229,36.4990234375
4354339,35.400390625
4354380,69.27490234375
4354395,61.82861328125
4354419,97.2900390625
4354430,98.93798828125
4354446,87.890625
4354466,95.703125
4354480,85.51025390625
4354495,55.7861328125
4354526,143.00537109375
4354559,74.951171875
4354570,91.49169921875
4354580,52.18505859375
4354590,59.814453125
4354614,42.96875
4354633,36.19384765625
4354650,64.39208984375
4354678,38.6962890625
4354700,39.55078125
4354715,34.72900390625
4354752,46.69189453125
4354774,35.400390625
4354786,45.22705078125
4354812,48.583984375
4354829,35.2783203125
4354886,36.92626953125
4354910,46.0205078125
4354936,37.109375
4354974,34.85107421875
4355002,37.841796875
4355148,37.9638671875
4355168,39.794921875
4355187,35.888671875
4355234,41.50390625
4355270,46.5087890625
4355285,47.54638671875
4355328,58.16650390625
4355347,34.912109375
4355398,60.36376953125
4355413,41.748046875
4355441,62.8662109375
4355515,37.59765625
4355532,37.65869140625
4355632,36.0107421875
4355651,55.96923828125
4355668,47.36328125
4355682,39.85595703125
4355705,46.2646484375
4355727,48.33984375
4355751,35.5224609375
4355771,37.9638671875
4355788,59.4482421875
4355817,45.7763671875
4355922,40.283203125
4355932,43.3349609375
4356041,41.44287109375
4356067,44.49462890625
4356110,48.7060546875
4356131,38.14697265625
4356155,36.31591796875
4356178,36.4990234375
4356221,38.87939453125
4356277,36.68212890625
4356299,48.88916015625
4356376,37.78076171875
4356411,51.81884765625
4356423,44.921875
4356454,34.36279296875
4356472,35.82763671875
4356550,35.2783203125
4356596,34.3017578125
4356632,50.048828125
4356647,35.58349609375
4356717,42.54150390625
4356745,34.36279296875
4356790,41.6259765625
4356811,38.75732421875
4356989,36.07177734375
4357099,35.5224609375
4440288,39.794921875
4440301,42.66357421875
4440328,38.330078125
4440349,35.5224609375
4440362,44.61669921875
4440387,63.96484375
4440402,34.3017578125
4440424,86.85302734375
4440435,51.69677734375
4440464,108.2763671875
4440484,78.369140625
4440499,103.02734375
4440518,127.9296875
4440536,144.1650390625
4440565,118.10302734375
4440586,74.3408203125
4440608,81.6650390625
4440639,74.8291015625
4440672,86.73095703125
4440693,50.84228515625
4440715,53.955078125
4440734,61.1572265625
4440753,49.98779296875
4440784,44.00634765625
4440808,34.7900390625
4440820,38.4521484375
4440863,36.376953125
4440885,54.87060546875
4440898,39.36767578125
4440932,41.44287109375
4441123,35.64453125
4441170,53.52783203125
4441251,65.7958984375
4441301,48.2177734375
4441320,45.22705078125
4441347,35.0341796875
4441363,81.6650390625
4441387,49.9267578125
4441399,48.095703125
4441412,42.8466796875
4441455,39.1845703125
4441487,35.5224609375
4441549,34.48486328125
4441567,68.2373046875
4441584,40.83251953125
4441616,35.21728515625
4441707,38.75732421875
4441729,40.52734375
4441755,36.4990234375
4441790,34.48486328125
4441826,42.6025390625
4441840,45.166015625
4441854,51.33056640625
4441893,38.0859375
4441933,35.94970703125
4442007,35.21728515625
4442034,49.62158203125
4442046,41.80908203125
4442365,38.4521484375
4442376,35.15625
4442448,41.80908203125
4442525,35.5224609375
4442535,50.10986328125
4442567,45.47119140625
4442665,36.376953125
4442698,35.888671875
4442721,45.5322265625
4442749,39.9169921875
4442801,37.41455078125
4442838,40.10009765625
4442975,44.0673828125
4443026,42.54150390625
4443051,36.56005859375
4526626,44.677734375
4526659,35.7666015625
4526675,39.85595703125
4526710,42.90771484375
4526720,70.25146484375
4526758,101.37939453125
4526770,68.7255859375
4526792,35.888671875
4526804,51.6357421875
4526825,111.51123046875
4526840,118.10302734375
4526873,100.52490234375
4526892,42.3583984375
4526913,87.646484375
4526934,73.79150390625
4526966,50.9033203125
4526977,53.03955078125
4527004,62.1337890625
4527035,55.7861328125
4527057,57.373046875
4527070,69.64111328125
4527092,46.20361328125
4527124,41.80908203125
4527175,52.55126953125
4527186,46.56982421875
4527224,40.22216796875
4527258,37.90283203125
4527295,39.24560546875
4527316,36.07177734375
4527396,35.70556640625
4527453,45.22705078125
4527499,41.1376953125
4527552,35.46142578125
4527562,45.22705078125
4527588,39.48974609375
4527605,58.837890625
4527623,42.90771484375
4527639,34.60693359375
4527693,36.19384765625
4527725,44.677734375
4527759,36.07177734375
4527823,39.12353515625
4527857,60.4248046875
4527886,48.40087890625
4527905,39.73388671875
4527930,44.0673828125
4527950,50.048828125
4527970,45.166015625
4528006,49.74365234375
4528034,35.21728515625
4528050,39.24560546875
4528099,37.90283203125
4528110,47.607421875
4528138,37.41455078125
4528208,34.48486328125
4528241,38.330078125
4528311,34.72900390625
4528322,39.12353515625
4528350,37.53662109375
4528437,35.21728515625
4528447,46.08154296875
4528489,38.818359375
4528528,43.5791015625
4528621,34.423828125
4528641,37.9638671875
4528653,35.09521484375
4528758,38.330078125
4528770,37.17041015625
4528792,42.236328125
4528883,35.64453125
4528964,39.85595703125
4528980,38.63525390625
4529010,53.28369140625
4529062,36.376953125
4529109,34.48486328125
4529179,39.00146484375
4529280,49.072265625
4529547,35.7666015625
4610647,38.26904296875
4610666,34.7900390625
4610708,40.34423828125
4610739,49.4384765625
4610749,61.6455078125
4610775,47.119140625
4610793,96.98486328125
4610810,88.68408203125
4610829,73.974609375
4610852,71.35009765625
4610875,109.7412109375
4610899,62.80517578125
4610914,61.34033203125
4610945,67.44384765625
4610958,57.18994140625
4610978,82.21435546875
4610990,68.115234375
4611000,121.337890625
4611030,67.07763671875
4611052,83.92333984375
4611069,55.6640625
4611082,47.8515625
4611122,35.15625
4611144,37.2314453125
4611168,43.27392578125
4611188,36.9873046875
4611252,37.4755859375
4611262,46.69189453125
4611278,35.2783203125
4611314,34.5458984375
4611361,37.353515625
4611406,34.7900390625
4611424,34.72900390625
4611567,42.78564453125
4611618,50.537109375
4611636,62.56103515625
4611684,46.32568359375
4611712,37.78076171875
4611781,47.18017578125
4611794,46.56982421875
4611815,34.912109375
4611876,35.0341796875
4611896,36.376953125
4611906,51.8798828125
4611934,44.677734375
4611984,40.1611328125
4612002,45.7763671875
4612019,44.677734375
4612059,34.72900390625
4612076,36.865234375
4612129,81.60400390625
4612170,39.6728515625
4612184,35.82763671875
4612252,35.70556640625
4612262,38.330078125
4612284,37.04833984375
4612373,35.33935546875
4612516,39.97802734375
4612529,37.109375
4612555,39.73388671875
4612575,71.35009765625
4612614,40.58837890625
4612628,57.6171875
4612667,36.62109375
4612770,38.51318359375
4612829,50.96435546875
4612863,38.6962890625
4612921,34.423828125
4612943,44.921875
4613009,48.52294921875
4613185,43.212890625
4613223,37.41455078125
4613439,35.70556640625
4613615,37.90283203125
4696407,41.50390625
4696507,37.7197265625
4696542,60.72998046875
4696562,35.33935546875
4696575,88.623046875
4696595,98.69384765625
4696617,54.443359375
4696633,56.5185546875
4696668,123.22998046875
4696682,55.2978515625
4696705,87.646484375
4696717,84.716796875
4696747,90.51513671875
4696761,53.5888671875
4696786,90.6982421875
4696796,79.52880859375
4696822,63.04931640625
4696865,54.74853515625
4696876,57.55615234375
4696907,59.02099609375
4696944,42.48046875
4696968,35.94970703125
4696991,35.21728515625
4697037,41.015625
4697062,35.82763671875
4697078,36.07177734375
4697088,37.2314453125
4697107,35.7666015625
4697121,49.4384765625
4697168,35.15625
4697231,38.14697265625
4697285,42.6025390625
4697344,59.26513671875
4697373,51.33056640625
4697392,34.48486328125
4697503,39.85595703125
4697518,40.58837890625
4697545,53.5888671875
4697566,35.70556640625
4697580,35.2783203125
4697639,60.85205078125
4697690,39.306640625
4697715,34.3017578125
4697773,42.66357421875
4697817,35.46142578125
4697838,37.04833984375
4697894,36.0107421875
4697904,40.771484375
4697941,41.1376953125
4697957,43.02978515625
4697993,40.71044921875
4698014,48.7060546875
4698048,47.2412109375
4698073,42.66357421875
4698087,36.1328125
4698111,36.43798828125
4698180,56.82373046875
4698192,38.4521484375
4698218,45.71533203125
4698241,42.29736328125
4698264,42.78564453125
4698275,35.400390625
4698320,38.14697265625
4698358,54.19921875
4698430,38.9404296875
4698466,61.82861328125
4698649,34.97314453125
4698706,39.9169921875
4698728,43.212890625
4698768,52.18505859375
4698810,38.0859375
4698875,38.6962890625
4698924,46.56982421875
4698949,44.73876953125
4698975,41.748046875
4699431,38.330078125
4788192,58.53271484375
4788245,46.38671875
4788265,45.47119140625
4788289,101.6845703125
4788309,70.73974609375
4788333,129.94384765625
4788345,68.9697265625
4788355,41.68701171875
4788385,148.86474609375
4788399,106.99462890625
4788416,63.65966796875
4788432,75.13427734375
4788444,72.021484375
4788474,84.41162109375
4788493,91.00341796875
4788503,54.931640625
4788523,75.74462890625
4788545,44.677734375
4788567,44.921875
4788584,42.05322265625
4788594,42.48046875
4788612,37.17041015625
4788624,39.4287109375
4788642,37.65869140625
4788668,35.33935546875
4788683,58.41064453125
4788720,50.6591796875
4788730,46.56982421875
4788793,41.3818359375
4788810,37.04833984375
4788827,35.7666015625
4788860,43.3349609375
4788900,44.61669921875
4788919,35.94970703125
4788941,36.31591796875
4789038,44.43359375
4789067,46.5087890625
4789123,42.1142578125
4789154,38.6962890625
4789169,35.94970703125
4789190,40.71044921875
4789217,46.2646484375
4789270,34.912109375
4789330,38.14697265625
4789374,47.79052734375
4789387,91.796875
4789412,38.14697265625
4789472,39.00146484375
4789485,46.32568359375
4789522,35.15625
4789534,57.67822265625
4789569,36.4990234375
4789611,38.2080078125
4789660,34.60693359375
4789699,35.400390625
4789746,34.60693359375
4789764,42.724609375
4789867,34.85107421875
4789896,38.818359375
4789915,39.36767578125
4789933,58.04443359375
4789947,34.3017578125
4789985,39.306640625
4790084,39.6728515625
4790105,53.3447265625
4790136,38.02490234375
4790147,46.38671875
4790256,45.59326171875
4790373,39.4287109375
4790416,36.62109375
4790495,42.17529296875
4790557,43.51806640625
4790610,50.96435546875
4790697,34.97314453125
4790727,47.119140625
4790846,43.5791015625
4790924,38.26904296875
