4798401,0
29592,35.46142578125
29607,36.865234375
29630,82.03125
29647,74.70703125
29673,45.5322265625
29686,73.2421875
29704,94.05517578125
29722,48.27880859375
29741,74.8291015625
29753,51.3916015625
29804,70.1904296875
29831,70.6787109375
29858,54.99267578125
29895,71.59423828125
29920,35.2783203125
29952,35.7666015625
29966,72.509765625
29999,39.55078125
30041,51.57470703125
30146,46.69189453125
30252,39.794921875
30517,41.93115234375
30549,35.33935546875
30709,38.02490234375
30741,35.70556640625
30833,42.3583984375
30864,41.6259765625
30892,39.6728515625
31343,35.7666015625
31908,42.236328125
32379,35.21728515625
81228,36.31591796875
101068,48.7060546875
104650,73.8525390625
104678,51.6357421875
104689,61.95068359375
104717,72.8759765625
104734,50.6591796875
104761,87.95166015625
104786,69.3359375
104798,73.54736328125
104825,58.2275390625
104838,80.99365234375
104862,51.69677734375
104876,41.1376953125
104925,43.39599609375
104963,67.19970703125
104979,38.4521484375
105009,60.4248046875
105039,56.0302734375
105050,41.6259765625
105133,40.283203125
105171,36.376953125
105205,35.15625
105236,44.677734375
105252,35.15625
105643,37.29248046875
105825,38.39111328125
106189,42.78564453125
110466,140.0146484375
178817,38.330078125
178831,35.33935546875
178869,50.1708984375
178894,66.22314453125
178916,99.7314453125
178947,93.32275390625
178967,61.82861328125
178993,59.4482421875
179016,39.55078125
179028,64.697265625
179039,46.142578125
179070,115.966796875
179082,56.396484375
179103,54.443359375
179121,48.828125
179146,65.49072265625
179160,79.9560546875
179173,53.77197265625
179216,75.5615234375
179269,56.0302734375
179291,39.1845703125
179312,37.109375
179330,53.1005859375
179475,36.376953125
179521,47.607421875
179631,38.14697265625
179694,40.52734375
179761,38.57421875
179924,36.43798828125
180085,46.32568359375
180502,38.39111328125
253406,35.2783203125
253435,60.85205078125
253464,85.75439453125
253500,69.580078125
253528,68.66455078125
253539,43.88427734375
253575,62.80517578125
253592,66.83349609375
253621,40.6494140625
253649,48.095703125
253674,52.91748046875
253699,39.0625
253711,49.13330078125
253733,47.42431640625
253746,37.29248046875
253774,111.083984375
253793,43.8232421875
253862,41.9921875
253938,41.8701171875
254004,41.56494140625
254070,39.48974609375
254221,39.6728515625
254953,38.57421875
255422,103.82080078125
255440,41.50390625
331566,41.3818359375
331995,39.97802734375
332052,37.59765625
332062,46.69189453125
332088,86.24267578125
332136,69.2138671875
332160,99.54833984375
332180,43.02978515625
332206,53.5888671875
332229,67.138671875
332239,48.88916015625
332265,45.5322265625
332282,51.1474609375
332298,42.78564453125
332325,68.84765625
332358,163.51318359375
332373,63.3544921875
332408,44.37255859375
332426,55.2978515625
332448,59.08203125
332473,37.04833984375
332522,73.42529296875
332542,40.0390625
332585,53.1005859375
332623,35.400390625
332977,44.12841796875
333051,51.20849609375
333098,38.51318359375
333240,37.41455078125
334232,35.15625
334279,35.15625
335702,115.05126953125
335720,36.43798828125
337062,110.595703125
348427,35.7666015625
406815,41.748046875
406841,54.87060546875
406855,35.33935546875
406891,66.40625
406903,88.7451171875
406919,63.53759765625
406939,40.34423828125
406954,110.65673828125
406973,69.15283203125
406984,73.05908203125
407025,83.740234375
407037,78.2470703125
407067,84.77783203125
407089,51.26953125
407134,87.82958984375
407148,43.8232421875
407163,47.607421875
407184,60.05859375
407212,42.236328125
407237,45.34912109375
407251,44.12841796875
407275,46.44775390625
407333,38.330078125
407375,42.1142578125
407804,45.10498046875
407988,39.61181640625
408209,37.41455078125
408645,37.353515625
408909,36.80419921875
477466,44.189453125
484159,53.03955078125
484757,42.17529296875
484846,82.82470703125
484874,64.453125
484887,70.068359375
484914,56.21337890625
484925,91.24755859375
484943,48.33984375
484962,40.283203125
484989,74.76806640625
485010,39.48974609375
485044,70.3125
485071,48.64501953125
485100,123.779296875
485116,66.58935546875
485126,37.65869140625
485152,39.48974609375
485169,63.90380859375
485198,35.58349609375
485212,41.3818359375
485247,41.93115234375
485278,78.55224609375
485352,41.015625
485964,46.93603515625
486607,35.2783203125
486702,94.90966796875
487877,42.41943359375
570598,45.83740234375
570678,36.43798828125
570709,105.89599609375
570726,43.5791015625
570745,47.91259765625
570759,57.2509765625
570781,46.630859375
570805,50.59814453125
570838,53.3447265625
570864,38.9404296875
570880,57.0068359375
570902,62.31689453125
570912,60.60791015625
570946,52.734375
570968,101.01318359375
570986,66.40625
570998,41.32080078125
571040,58.2275390625
571108,41.6259765625
571185,64.51416015625
571197,39.12353515625
571352,36.0107421875
571635,36.80419921875
571857,42.66357421875
572006,36.43798828125
572357,43.45703125
572646,35.5224609375
573405,104.91943359375
573426,38.14697265625
651567,38.6962890625
653147,48.583984375
653204,47.119140625
653223,54.01611328125
653245,101.01318359375
653262,46.142578125
653279,60.36376953125
653295,76.35498046875
653315,102.84423828125
653334,60.60791015625
653366,45.47119140625
653381,72.509765625
653421,52.8564453125
653442,71.47216796875
653458,53.8330078125
653481,47.7294921875
653492,60.05859375
653503,153.4423828125
653528,66.10107421875
653549,68.603515625
653581,75.98876953125
653592,35.33935546875
653654,37.841796875
653669,81.35986328125
653692,41.50390625
653841,49.86572265625
654192,42.29736328125
654323,36.376953125
654420,38.51318359375
654519,38.51318359375
655055,37.7197265625
655101,40.95458984375
715344,35.15625
740771,65.185546875
740788,85.75439453125
740819,55.908203125
740841,72.1435546875
740868,78.79638671875
740887,48.64501953125
740907,77.33154296875
740922,47.4853515625
740942,66.22314453125
740964,52.55126953125
740996,42.41943359375
741021,53.40576171875
741035,51.08642578125
741061,38.4521484375
741078,96.61865234375
741094,98.0224609375
741110,40.34423828125
741133,61.09619140625
741161,56.5185546875
741202,42.66357421875
741239,39.9169921875
741264,96.6796875
741296,47.91259765625
741326,53.7109375
741610,35.21728515625
741671,40.95458984375
741882,39.794921875
742441,101.86767578125
742459,36.62109375
742599,39.12353515625
826200,35.400390625
828897,40.71044921875
828923,52.06298828125
828963,38.818359375
828991,96.86279296875
829005,46.32568359375
829017,49.072265625
829051,70.73974609375
829068,92.71240234375
829091,59.87548828125
829107,66.83349609375
829128,65.673828125
829142,39.48974609375
829154,39.97802734375
829183,84.47265625
829198,76.11083984375
829220,47.119140625
829240,35.7666015625
829255,137.20703125
829278,56.70166015625
829298,41.259765625
829318,48.64501953125
829330,35.46142578125
829364,49.4384765625
829383,47.66845703125
829402,45.654296875
829420,40.771484375
829441,86.85302734375
829460,37.53662109375
829501,45.8984375
829558,41.015625
829615,41.3818359375
829761,45.654296875
829828,42.41943359375
830005,46.0205078125
830442,39.6728515625
830980,92.95654296875
830997,42.6025390625
831409,41.8701171875
831643,41.68701171875
832057,100.7080078125
920855,51.81884765625
920904,43.51806640625
920925,91.24755859375
920951,40.34423828125
920980,59.26513671875
920995,40.58837890625
921015,82.275390625
921027,90.63720703125
921041,81.9091796875
921067,62.31689453125
921077,77.94189453125
921102,46.93603515625
921124,67.138671875
921137,37.7197265625
921153,43.51806640625
921169,55.5419921875
921196,77.45361328125
921224,130.4931640625
921238,67.56591796875
921273,75.3173828125
921288,53.5888671875
921323,42.236328125
921342,64.453125
921369,59.814453125
921381,61.34033203125
921417,76.416015625
921429,36.68212890625
921501,43.701171875
921577,40.52734375
921602,36.68212890625
921740,35.2783203125
921846,36.7431640625
921904,74.462890625
921934,50.84228515625
922026,47.119140625
922154,37.109375
922353,53.64990234375
922519,41.19873046875
923810,36.9873046875
1011022,36.4990234375
1011091,103.57666015625
1011102,60.302734375
1011122,62.3779296875
1011158,57.9833984375
1011169,96.8017578125
1011197,95.5810546875
1011214,50.6591796875
1011246,84.89990234375
1011262,83.6181640625
1011286,54.13818359375
1011299,77.0263671875
1011327,83.19091796875
1011345,43.76220703125
1011368,122.55859375
1011382,45.166015625
1011418,61.767578125
1011479,40.1611328125
1011496,52.490234375
1011514,45.2880859375
1011533,97.22900390625
1011557,65.5517578125
1011601,41.93115234375
1011659,46.9970703125
1011773,43.64013671875
1011892,41.19873046875
1011905,40.58837890625
1011978,88.2568359375
1012008,35.7666015625
1012075,40.0390625
1012161,38.14697265625
1012224,59.50927734375
1012528,37.353515625
1012598,37.353515625
1012877,46.08154296875
1013003,73.30322265625
1108603,50.59814453125
1108671,35.58349609375
1108701,62.98828125
1108736,122.00927734375
1108758,64.51416015625
1108784,50.4150390625
1108804,81.787109375
1108819,87.82958984375
1108844,82.33642578125
1108873,41.07666015625
1108903,59.26513671875
1108915,57.9833984375
1108940,50.048828125
1108956,36.865234375
1108979,106.4453125
1108989,65.5517578125
1109016,40.6494140625
1109044,47.9736328125
1109089,60.302734375
1109109,76.72119140625
1109130,46.32568359375
1109161,41.748046875
1109191,37.59765625
1109209,35.7666015625
1109238,46.875
1109283,38.26904296875
1109363,45.71533203125
1109447,48.15673828125
1109580,35.64453125
1109602,43.45703125
1109647,36.92626953125
1109677,41.44287109375
1109789,51.513671875
1109799,47.18017578125
1109904,36.4990234375
1109967,50.10986328125
1110157,40.46630859375
1110199,36.62109375
1110221,49.6826171875
1110383,41.50390625
1110409,50.6591796875
1110874,37.17041015625
1111156,35.400390625
1111234,49.37744140625
1111253,42.8466796875
1210907,48.76708984375
1210936,88.37890625
1210948,52.91748046875
1210969,55.2978515625
1211000,76.5380859375
1211029,81.4208984375
1211049,62.07275390625
1211068,90.4541015625
1211091,47.7294921875
1211123,56.2744140625
1211145,49.6826171875
1211160,149.5361328125
1211184,76.84326171875
1211226,40.771484375
1211241,43.02978515625
1211267,39.794921875
1211285,45.71533203125
1211310,54.38232421875
1211330,89.17236328125
1211353,46.0205078125
1211384,41.32080078125
1211414,38.2080078125
1211485,47.79052734375
1211538,45.5322265625
1211589,48.15673828125
1211731,38.51318359375
1211760,36.62109375
1211801,51.08642578125
1211951,50.96435546875
1212104,37.109375
1212128,54.6875
1212154,38.818359375
1212392,69.2138671875
1212547,37.65869140625
1212907,36.07177734375
1213224,37.53662109375
1213623,37.4755859375
1213770,56.09130859375
1213826,36.31591796875
1214114,43.27392578125
1312955,39.55078125
1313013,43.45703125
1313041,38.57421875
1313066,42.724609375
1313086,42.96875
1313116,93.3837890625
1313140,56.82373046875
1313156,49.37744140625
1313179,68.84765625
1313192,52.30712890625
1313224,119.873046875
1313252,68.05419921875
1313288,50.72021484375
1313299,38.330078125
1313321,38.63525390625
1313339,88.8671875
1313360,59.38720703125
1313491,42.17529296875
1313616,44.7998046875
1313630,35.82763671875
1313667,35.21728515625
1313693,36.376953125
1313836,61.09619140625
1313884,38.75732421875
1313990,48.64501953125
1314002,50.048828125
1314090,42.17529296875
1314127,36.92626953125
1314142,44.677734375
1314181,39.4287109375
1314270,37.2314453125
1314338,38.02490234375
1314465,35.400390625
1314498,57.18994140625
1314654,38.0859375
1314668,53.28369140625
1314863,40.4052734375
1314922,44.7998046875
1315087,37.2314453125
1315430,53.7109375
1316031,35.2783203125
1316379,93.81103515625
1316397,39.9169921875
1410020,44.49462890625
1410033,67.07763671875
1410064,104.30908203125
1410078,49.13330078125
1410090,63.1103515625
1410123,125
1410142,39.12353515625
1410173,91.796875
1410185,51.26953125
1410207,41.6259765625
1410231,70.37353515625
1410262,44.37255859375
1410273,38.14697265625
1410303,53.77197265625
1410321,81.787109375
1410333,109.375
1410356,40.46630859375
1410386,48.7060546875
1410396,44.86083984375
1410422,41.015625
1410455,49.31640625
1410540,36.56005859375
1410664,49.74365234375
1410795,38.14697265625
1410920,46.875
1410931,45.95947265625
1411040,43.8232421875
1411070,35.5224609375
1411151,38.02490234375
1411188,45.7763671875
1411378,45.71533203125
1411429,37.65869140625
1411442,45.7763671875
1411496,95.64208984375
1411612,36.0107421875
1411676,37.7197265625
1411722,37.17041015625
1411758,38.9404296875
1411782,45.10498046875
1411982,47.05810546875
1412082,43.88427734375
1412150,39.0625
1412184,43.701171875
1412565,41.748046875
1413135,35.64453125
1413283,54.8095703125
1413762,90.39306640625
1413779,39.794921875
1498818,37.353515625
1503227,37.4755859375
1503291,35.46142578125
1503337,45.7763671875
1503363,62.8662109375
1503374,109.2529296875
1503405,56.0302734375
1503437,112.060546875
1503470,53.77197265625
1503481,52.8564453125
1503494,87.82958984375
1503513,76.171875
1503537,154.47998046875
1503550,73.8525390625
1503576,38.0859375
1503594,53.16162109375
1503615,39.12353515625
1503630,53.40576171875
1503656,39.24560546875
1503673,48.88916015625
1503702,60.72998046875
1503737,38.57421875
1503757,41.015625
1503773,47.42431640625
1503831,36.0107421875
1503853,36.31591796875
1503870,40.52734375
1503980,47.54638671875
1504045,37.41455078125
1504123,36.2548828125
1504148,53.5888671875
1504187,37.41455078125
1504201,39.85595703125
1504253,37.353515625
1504290,44.12841796875
1504310,42.17529296875
1504332,38.26904296875
1504457,48.27880859375
1504482,36.07177734375
1504509,44.98291015625
1504589,35.58349609375
1504653,39.794921875
1504756,48.9501953125
1504794,44.12841796875
1504987,38.87939453125
1505037,41.8701171875
1505073,35.33935546875
1505134,40.83251953125
1505524,38.4521484375
1505716,56.7626953125
1506028,39.55078125
1506265,43.45703125
1593545,35.400390625
1593559,49.98779296875
1593580,36.0107421875
1593598,63.96484375
1593620,85.75439453125
1593641,63.4765625
1593667,61.8896484375
1593679,96.0693359375
1593705,63.5986328125
1593734,54.19921875
1593766,70.98388671875
1593778,115.1123046875
1593793,67.3828125
1593821,64.94140625
1593848,50.59814453125
1593861,45.41015625
1593881,53.16162109375
1593900,66.40625
1593914,36.7431640625
1593946,52.6123046875
1593965,38.6962890625
1593991,41.80908203125
1594008,36.68212890625
1594025,49.1943359375
1594047,45.95947265625
1594123,43.27392578125
1594224,41.015625
1594303,39.55078125
1594333,39.00146484375
1594359,35.70556640625
1594433,58.04443359375
1594472,44.7998046875
1594602,39.0625
1594630,54.13818359375
1594735,36.92626953125
1594763,37.2314453125
1594858,38.2080078125
1595042,46.93603515625
1595078,36.80419921875
1595127,39.73388671875
1595187,45.22705078125
1595353,37.41455078125
1595449,38.818359375
1595463,42.66357421875
1595527,36.9873046875
1595613,47.607421875
1595650,38.330078125
1595718,36.19384765625
1595996,39.00146484375
1596212,37.109375
1596384,36.0107421875
1596442,37.2314453125
1596468,35.46142578125
1596542,41.68701171875
1596752,42.1142578125
1596828,35.7666015625
1597425,54.0771484375
1597468,35.33935546875
1678039,41.6259765625
1684160,37.65869140625
1684271,35.400390625
1684290,55.84716796875
1684323,103.515625
1684333,84.53369140625
1684359,39.0625
1684370,78.857421875
1684402,81.11572265625
1684426,90.4541015625
1684436,55.60302734375
1684464,150.69580078125
1684482,61.03515625
1684504,44.921875
1684526,55.11474609375
1684558,56.640625
1684590,57.9833984375
1684602,56.82373046875
1684632,40.22216796875
1684647,37.109375
1684686,53.22265625
1684745,41.56494140625
1684786,38.6962890625
1684882,46.32568359375
1685027,43.02978515625
1685160,43.64013671875
1685173,47.79052734375
1685255,46.2646484375
1685298,35.7666015625
1685321,41.748046875
1685455,38.818359375
1685616,49.98779296875
1685635,37.78076171875
1685686,47.8515625
1685781,35.58349609375
1685816,40.58837890625
1685982,35.15625
1686003,40.52734375
1686159,54.62646484375
1686304,47.119140625
1686534,44.677734375
1686591,36.2548828125
1686702,38.51318359375
1686761,47.8515625
1686905,35.21728515625
1687062,46.630859375
1687671,46.38671875
1774312,40.52734375
1774341,36.80419921875
1774385,48.64501953125
1774402,105.28564453125
1774430,63.720703125
1774446,61.279296875
1774461,81.0546875
1774483,50.59814453125
1774515,92.28515625
1774528,45.83740234375
1774556,40.771484375
1774570,124.3896484375
1774590,35.21728515625
1774610,52.001953125
1774621,39.1845703125
1774656,56.2744140625
1774680,62.6220703125
1774699,63.3544921875
1774731,42.48046875
1774751,48.33984375
1774768,36.56005859375
1774791,36.31591796875
1774851,41.56494140625
1774893,45.59326171875
1774963,39.794921875
1774992,36.62109375
1775015,44.0673828125
1775041,36.56005859375
1775170,40.4052734375
1775187,44.73876953125
1775245,36.68212890625
1775344,46.32568359375
1775387,47.30224609375
1775453,35.888671875
1775489,43.0908203125
1775517,48.27880859375
1775612,36.865234375
1775691,68.17626953125
1775788,38.63525390625
1775873,56.15234375
1776063,41.44287109375
1776142,48.4619140625
1776163,36.376953125
1776358,39.794921875
1776457,44.921875
1776487,39.36767578125
1776716,53.5888671875
1776884,40.10009765625
1777124,37.353515625
1777302,45.2880859375
1865942,37.2314453125
1865967,38.26904296875
1865992,62.6220703125
1866003,135.7421875
1866034,59.2041015625
1866052,48.64501953125
1866072,47.54638671875
1866083,61.21826171875
1866093,52.06298828125
1866134,94.90966796875
1866166,47.119140625
1866178,108.70361328125
1866200,66.58935546875
1866221,59.14306640625
1866245,44.73876953125
1866258,52.91748046875
1866292,53.466796875
1866307,62.56103515625
1866322,72.69287109375
1866370,73.91357421875
1866461,45.47119140625
1866483,56.0302734375
1866724,62.8662109375
1866767,38.87939453125
1866861,42.724609375
1867042,44.61669921875
1867086,39.6728515625
1867113,42.6025390625
1867170,49.62158203125
1867292,51.26953125
1867327,35.58349609375
1867408,61.21826171875
1867435,39.12353515625
1867487,65.673828125
1867586,45.59326171875
1867666,37.53662109375
1867714,37.04833984375
1867894,39.85595703125
1868062,37.65869140625
1868239,66.22314453125
1868262,39.1845703125
1868462,40.83251953125
1868505,58.2275390625
1953220,35.400390625
1953230,39.6728515625
1953261,39.48974609375
1953276,46.20361328125
1953309,88.37890625
1953328,92.22412109375
1953351,39.0625
1953362,50.72021484375
1953396,75.98876953125
1953420,78.4912109375
1953437,67.93212890625
1953449,46.0205078125
1953474,124.45068359375
1953499,56.15234375
1953522,42.05322265625
1953560,36.0107421875
1953574,36.80419921875
1953599,83.67919921875
1953615,44.73876953125
1953671,47.4853515625
1953690,52.42919921875
1953767,67.07763671875
1953798,46.56982421875
1953849,49.31640625
1953928,56.640625
1953978,35.400390625
1954049,38.0859375
1954094,58.10546875
1954303,40.283203125
1954345,37.109375
1954391,47.91259765625
1954429,37.41455078125
1954542,47.30224609375
1954620,37.7197265625
1954768,56.45751953125
1954789,37.109375
1954910,35.400390625
1954921,35.0341796875
1954972,43.9453125
1955133,52.490234375
1955462,37.109375
1955531,56.15234375
1955557,35.64453125
1955860,39.9169921875
1956023,43.9453125
1956704,96.435546875
1956718,35.5224609375
2020750,34.85107421875
2043633,36.92626953125
2043709,35.64453125
2043724,49.37744140625
2043743,37.65869140625
2043776,89.53857421875
2043809,76.0498046875
2043829,50.6591796875
2043855,75.13427734375
2043870,48.88916015625
2043892,43.64013671875
2043905,114.990234375
2043919,64.94140625
2043937,72.998046875
2043966,54.13818359375
2043988,59.99755859375
2044019,54.62646484375
2044037,57.43408203125
2044059,41.6259765625
2044098,61.1572265625
2044131,42.66357421875
2044152,44.12841796875
2044191,37.17041015625
2044269,36.80419921875
2044364,36.43798828125
2044381,38.26904296875
2044482,60.97412109375
2044518,40.95458984375
2044541,35.70556640625
2044664,40.58837890625
2044694,56.82373046875
2044840,55.11474609375
2044907,35.58349609375
2045113,65.49072265625
2045177,39.00146484375
2045318,65.3076171875
2045469,46.08154296875
2045505,35.7666015625
2045603,34.97314453125
2046375,36.4990234375
2046592,37.353515625
2133132,39.6728515625
2133174,68.05419921875
2133199,52.18505859375
2133223,95.03173828125
2133239,57.80029296875
2133266,67.2607421875
2133282,77.5146484375
2133297,56.7626953125
2133319,50.29296875
2133348,50.6591796875
2133370,63.8427734375
2133388,96.25244140625
2133431,59.326171875
2133451,48.583984375
2133478,43.5791015625
2133501,86.9140625
2133518,56.45751953125
2133551,37.04833984375
2133570,35.09521484375
2133587,42.90771484375
2133650,34.912109375
2133688,43.212890625
2133707,44.5556640625
2133812,59.26513671875
2133824,44.5556640625
2133920,40.58837890625
2133970,57.861328125
2134128,37.59765625
2134162,42.96875
2134264,36.4990234375
2134450,80.078125
2134555,44.921875
2134589,43.701171875
2134683,34.97314453125
2134720,47.05810546875
2134916,45.47119140625
2134949,34.85107421875
2135658,41.19873046875
2170745,34.85107421875
2223592,35.58349609375
2223608,45.0439453125
2223640,49.31640625
2223671,108.154296875
2223695,92.041015625
2223708,68.66455078125
2223740,100.40283203125
2223768,48.4619140625
2223783,39.6728515625
2223805,52.42919921875
2223816,56.33544921875
2223836,96.0693359375
2223851,108.21533203125
2223868,100.15869140625
2223878,88.92822265625
2223926,56.57958984375
2223940,65.00244140625
2223968,64.8193359375
2223981,38.6962890625
2224019,63.1103515625
2224045,40.283203125
2224133,50.1708984375
2224150,37.109375
2224295,50.048828125
2224323,55.96923828125
2224428,42.78564453125
2224509,40.95458984375
2224611,76.35498046875
2224710,36.68212890625
2225055,46.9970703125
2225078,37.41455078125
2225181,35.7666015625
2225495,46.0205078125
2225649,41.56494140625
2225747,36.9873046875
2225820,43.76220703125
2311656,35.888671875
2311676,39.794921875
2311712,39.9169921875
2311743,60.791015625
2311757,106.201171875
2311780,112.12158203125
2311819,93.75
2311839,53.955078125
2311856,59.02099609375
2311888,114.2578125
2311902,110.29052734375
2311921,59.26513671875
2311947,112.73193359375
2311971,41.6259765625
2311995,46.9970703125
2312014,53.77197265625
2312032,35.94970703125
2312052,47.05810546875
2312103,55.2978515625
2312130,37.4755859375
2312155,35.21728515625
2312200,63.78173828125
2312217,39.24560546875
2312345,35.400390625
2312564,49.86572265625
2312658,43.39599609375
2312669,36.1328125
2312680,37.04833984375
2312860,35.09521484375
2313085,36.07177734375
2313105,38.39111328125
2313129,35.5224609375
2313344,37.53662109375
2313972,36.56005859375
2314561,104.43115234375
2328868,37.353515625
2397460,39.4287109375
2397562,40.10009765625
2397573,41.93115234375
2397586,118.0419921875
2397624,37.7197265625
2397646,68.17626953125
2397670,42.6025390625
2397680,58.16650390625
2397706,59.63134765625
2397726,62.31689453125
2397740,54.6875
2397760,132.01904296875
2397777,60.11962890625
2397800,58.9599609375
2397831,43.27392578125
2397842,36.92626953125
2397863,58.9599609375
2397884,72.69287109375
2397897,52.30712890625
2397913,40.0390625
2397945,37.65869140625
2397963,53.22265625
2397982,39.85595703125
2397999,56.640625
2398053,34.97314453125
2398181,35.21728515625
2398207,35.64453125
2398341,42.8466796875
2398527,34.912109375
2398549,58.837890625
2398963,40.0390625
2398978,36.0107421875
2399209,34.85107421875
2399440,35.7666015625
2399708,34.85107421875
2399815,37.78076171875
2400338,36.1328125
2402762,115.1123046875
2486481,35.94970703125
2486511,53.64990234375
2486540,102.11181640625
2486553,54.13818359375
2486578,80.13916015625
2486610,120.9716796875
2486634,66.34521484375
2486657,51.1474609375
2486673,58.41064453125
2486699,135.498046875
2486713,68.359375
2486743,54.5654296875
2486753,62.255859375
2486766,38.51318359375
2486792,38.39111328125
2486808,51.7578125
2486821,91.796875
2486851,40.4052734375
2486869,39.73388671875
2486893,60.24169921875
2486944,44.25048828125
2486981,46.32568359375
2486996,44.12841796875
2487196,35.70556640625
2487334,46.7529296875
2487382,38.2080078125
2487496,34.97314453125
2487506,39.0625
2487716,50.72021484375
2487902,38.2080078125
2488262,36.376953125
2488852,42.17529296875
2571958,35.21728515625
2571977,34.85107421875
2572007,42.96875
2572035,89.05029296875
2572046,47.4853515625
2572063,45.2880859375
2572087,60.60791015625
2572101,103.94287109375
2572133,59.5703125
2572155,37.4755859375
2572183,51.33056640625
2572210,74.15771484375
2572223,59.5703125
2572250,55.6640625
2572284,39.97802734375
2572313,48.4619140625
2572335,46.9970703125
2572367,39.306640625
2572390,48.27880859375
2572442,35.7666015625
2572454,59.9365234375
2572482,37.65869140625
2572588,36.43798828125
2572631,57.2509765625
2572738,37.841796875
2572832,73.6083984375
2572864,34.912109375
2572981,35.21728515625
2572993,36.68212890625
2573324,37.53662109375
2573537,53.64990234375
2573896,49.8046875
2573966,38.39111328125
2580569,113.95263671875
2658571,35.0341796875
2658588,45.22705078125
2658611,50.6591796875
2658649,51.025390625
2658664,77.63671875
2658686,112.36572265625
2658716,90.2099609375
2658743,54.931640625
2658760,55.419921875
2658792,103.69873046875
2658811,43.51806640625
2658841,50.9033203125
2658858,42.48046875
2658870,51.3916015625
2658904,41.259765625
2658921,36.92626953125
2658956,74.462890625
2658980,45.22705078125
2659023,47.66845703125
2659047,44.12841796875
2659067,45.47119140625
2659101,43.76220703125
2659130,42.05322265625
2659226,54.0771484375
2659259,54.5654296875
2659287,42.1142578125
2659347,38.0859375
2659389,57.9833984375
2659423,43.51806640625
2659541,41.80908203125
2659591,38.330078125
2659608,50.47607421875
2659625,35.64453125
2659781,41.56494140625
2659805,54.443359375
2659854,44.49462890625
2659913,47.119140625
2659976,42.17529296875
2659994,37.4755859375
2660158,55.908203125
2660192,39.306640625
2660219,43.45703125
2660247,48.7060546875
2660288,45.34912109375
2660343,36.9873046875
2660438,48.03466796875
2660599,43.212890625
2660904,54.13818359375
2661034,35.2783203125
2661087,42.05322265625
2661316,52.79541015625
2661327,39.4287109375
2661626,36.31591796875
2746751,36.43798828125
2746825,43.3349609375
2746840,35.58349609375
2746850,41.19873046875
2746874,106.0791015625
2746903,45.8984375
2746926,61.767578125
2746940,53.955078125
2746976,61.5234375
2746993,103.57666015625
2747006,46.69189453125
2747031,118.7744140625
2747042,64.94140625
2747071,63.65966796875
2747101,78.91845703125
2747154,93.56689453125
2747169,44.49462890625
2747206,41.07666015625
2747276,62.255859375
2747295,39.00146484375
2747343,43.5791015625
2747488,44.49462890625
2747520,39.97802734375
2747562,36.376953125
2747597,35.15625
2747620,35.7666015625
2747635,44.73876953125
2747838,59.99755859375
2747921,34.912109375
2747951,35.82763671875
2747999,39.55078125
2748012,39.9169921875
2748136,41.1376953125
2748160,41.1376953125
2748191,43.701171875
2748245,36.80419921875
2748325,64.5751953125
2748337,42.724609375
2748431,38.330078125
2748448,38.2080078125
2748479,47.36328125
2748497,38.9404296875
2748541,49.9267578125
2748608,43.45703125
2748766,47.7294921875
2748812,40.10009765625
2748935,37.841796875
2748974,50.6591796875
2749152,35.5224609375
2749363,49.74365234375
2749714,45.10498046875
2839574,35.33935546875
2839660,41.9921875
2839684,59.38720703125
2839698,75.1953125
2839731,95.52001953125
2839749,57.373046875
2839760,54.87060546875
2839789,86.7919921875
2839805,46.69189453125
2839833,44.5556640625
2839862,70.4345703125
2839880,143.5546875
2839894,99.54833984375
2839910,69.091796875
2839948,34.97314453125
2839959,50.9033203125
2840004,76.84326171875
2840020,71.96044921875
2840075,36.19384765625
2840085,46.93603515625
2840142,48.27880859375
2840166,41.50390625
2840227,49.49951171875
2840253,45.5322265625
2840360,43.27392578125
2840398,38.26904296875
2840466,38.330078125
2840515,37.59765625
2840564,36.43798828125
2840587,35.400390625
2840622,40.0390625
2840649,48.4619140625
2840713,35.7666015625
2840752,35.888671875
2840775,60.1806640625
2840824,48.095703125
2840894,46.142578125
2841095,57.12890625
2841130,42.90771484375
2841207,42.66357421875
2841250,62.744140625
2841286,50.23193359375
2841404,42.54150390625
2841437,52.001953125
2841532,38.2080078125
2841558,35.33935546875
2841668,39.6728515625
2841739,51.08642578125
2841840,35.21728515625
2841903,41.015625
2842088,37.04833984375
2842196,36.0107421875
2842286,35.09521484375
2842355,36.80419921875
2842579,39.1845703125
2842647,42.96875
2929918,40.1611328125
2929960,40.95458984375
2930008,34.85107421875
2930042,45.71533203125
2930064,53.40576171875
2930078,114.990234375
2930110,46.7529296875
2930137,65.24658203125
2930147,74.70703125
2930175,73.974609375
2930192,40.52734375
2930215,79.77294921875
2930227,138.73291015625
2930276,47.607421875
2930291,55.35888671875
2930315,36.1328125
2930331,54.19921875
2930356,59.9365234375
2930380,38.818359375
2930409,55.11474609375
2930448,35.5224609375
2930485,46.875
2930543,35.82763671875
2930592,53.7109375
2930606,37.59765625
2930823,35.82763671875
2930881,50.6591796875
2930924,39.0625
2930957,35.58349609375
2930967,38.330078125
2931018,57.18994140625
2931058,34.912109375
2931083,39.0625
2931145,47.42431640625
2931207,45.59326171875
2931235,39.9169921875
2931251,42.05322265625
2931262,35.15625
2931322,34.97314453125
2931351,37.4755859375
2931462,36.31591796875
2931486,57.4951171875
2931496,49.9267578125
2931602,44.00634765625
2931681,39.12353515625
2931697,37.29248046875
2931803,38.39111328125
2931871,35.888671875
2932020,35.09521484375
2932078,39.0625
2932124,39.24560546875
2932200,35.15625
2932344,41.1376953125
2932408,38.0859375
2932510,39.6728515625
2932604,42.8466796875
2932683,37.9638671875
2932882,35.58349609375
2932948,37.7197265625
2933125,37.353515625
2938424,129.82177734375
2938437,35.58349609375
3018771,45.7763671875
3018817,36.1328125
3018836,66.5283203125
3018852,85.44921875
3018870,72.75390625
3018886,62.5
3018910,55.0537109375
3018921,45.8984375
3018932,45.41015625
3018956,67.626953125
3018967,49.13330078125
3019005,70.73974609375
3019031,126.03759765625
3019047,54.50439453125
3019059,44.73876953125
3019090,43.76220703125
3019102,54.8095703125
3019137,57.0068359375
3019148,85.87646484375
3019164,48.52294921875
3019190,35.33935546875
3019214,46.32568359375
3019276,35.21728515625
3019304,52.91748046875
3019364,43.8232421875
3019418,37.78076171875
3019492,39.9169921875
3019563,35.70556640625
3019594,48.33984375
3019624,38.0859375
3019729,37.2314453125
3019743,38.4521484375
3019772,38.39111328125
3019837,38.330078125
3019864,41.8701171875
3019904,34.97314453125
3019940,39.794921875
3019971,42.29736328125
3020010,36.7431640625
3020086,35.09521484375
3020130,34.97314453125
3020167,46.142578125
3020177,42.3583984375
3020241,43.15185546875
3020385,49.8046875
3020417,56.396484375
3020447,45.71533203125
3020578,35.82763671875
3020656,38.330078125
3020690,35.400390625
3020748,36.19384765625
3020995,40.71044921875
3021142,43.51806640625
3021165,36.43798828125
3021196,40.6494140625
3021431,40.4052734375
3021476,38.330078125
3021641,47.30224609375
3022277,45.47119140625
3022352,35.2783203125
3109623,38.75732421875
3109668,40.71044921875
3109717,69.15283203125
3109731,120.361328125
3109757,78.2470703125
3109779,73.3642578125
3109793,114.3798828125
3109808,57.4951171875
3109851,114.501953125
3109863,45.5322265625
3109889,100.52490234375
3109902,64.453125
3109921,49.74365234375
3109956,38.330078125
3109972,45.47119140625
3109992,37.7197265625
3110007,55.23681640625
3110022,61.279296875
3110055,46.0205078125
3110087,39.794921875
3110131,76.47705078125
3110154,38.87939453125
3110225,41.44287109375
3110235,47.7294921875
3110374,44.677734375
3110424,40.0390625
3110480,35.94970703125
3110538,44.37255859375
3110548,50.84228515625
3110568,39.85595703125
3110605,43.9453125
3110641,36.19384765625
3110672,37.17041015625
3110722,39.73388671875
3110792,39.36767578125
3110821,41.56494140625
3110870,35.0341796875
3110903,38.14697265625
3110930,35.400390625
3110971,46.2646484375
3110993,38.02490234375
3111171,36.9873046875
3111197,39.4287109375
3111291,73.91357421875
3111305,40.771484375
3111374,39.85595703125
3111516,51.025390625
3111852,46.44775390625
3111866,47.119140625
3111905,88.19580078125
3111930,50.59814453125
3112025,36.43798828125
3112121,34.912109375
3112203,41.68701171875
3112307,35.888671875
3112487,36.7431640625
3112682,36.9873046875
3112879,41.9921875
3113881,90.2099609375
3170432,36.19384765625
3200383,39.4287109375
3200411,59.6923828125
3200444,124.267578125
3200477,53.5888671875
3200491,58.59375
3200515,61.03515625
3200531,38.818359375
3200554,97.35107421875
3200585,51.08642578125
3200595,117.24853515625
3200608,57.18994140625
3200623,59.02099609375
3200639,61.8896484375
3200653,38.330078125
3200687,51.513671875
3200718,53.5888671875
3200738,59.814453125
3200758,39.85595703125
3200792,61.95068359375
3200804,42.6025390625
3200846,34.912109375
3200880,55.5419921875
3201008,53.77197265625
3201107,41.93115234375
3201127,39.73388671875
3201158,44.49462890625
3201190,37.17041015625
3201236,45.71533203125
3201304,38.0859375
3201362,35.58349609375
3201394,38.63525390625
3201415,34.97314453125
3201442,41.19873046875
3201503,51.8798828125
3201565,37.841796875
3201703,41.32080078125
3201749,37.78076171875
3201773,35.2783203125
3201796,41.259765625
3201931,34.85107421875
3201966,35.0341796875
3202010,36.1328125
3202061,35.7666015625
3202096,37.65869140625
3202116,34.912109375
3202191,43.15185546875
3202401,37.59765625
3202574,37.65869140625
3202633,37.90283203125
3202686,42.41943359375
3202715,35.64453125
3202926,39.0625
3202981,35.33935546875
3203745,35.15625
3289402,40.34423828125
3289427,38.26904296875
3289438,71.1669921875
3289458,66.71142578125
3289470,102.96630859375
3289489,100.830078125
3289520,70.3125
3289530,57.12890625
3289546,60.97412109375
3289574,114.501953125
3289605,53.03955078125
3289624,158.38623046875
3289650,46.630859375
3289663,49.62158203125
3289689,54.8095703125
3289706,41.6259765625
3289724,42.236328125
3289748,56.45751953125
3289761,50.78125
3289794,34.97314453125
3289823,41.56494140625
3289854,45.5322265625
3289871,35.400390625
3289905,39.6728515625
3290115,39.4287109375
3290212,58.16650390625
3290242,36.92626953125
3290341,44.189453125
3290414,36.1328125
3290466,39.12353515625
3290488,47.91259765625
3290578,37.59765625
3290610,40.34423828125
3290634,42.1142578125
3290851,41.32080078125
3290878,35.888671875
3290907,49.25537109375
3290982,43.76220703125
3291040,35.82763671875
3291055,38.75732421875
3291088,36.31591796875
3291141,36.62109375
3291207,41.32080078125
3291241,38.02490234375
3291258,46.0205078125
3291329,41.6259765625
3291556,41.748046875
3291825,48.03466796875
3291973,35.400390625
3292011,42.6025390625
3292234,34.97314453125
3292260,35.15625
3292432,35.33935546875
3292921,39.6728515625
3381949,35.33935546875
3382931,36.376953125
3382962,35.7666015625
3383004,64.02587890625
3383019,112.79296875
3383034,68.4814453125
3383054,69.15283203125
3383072,103.33251953125
3383084,65.85693359375
3383110,35.33935546875
3383141,95.5810546875
3383171,72.81494140625
3383207,79.77294921875
3383220,147.27783203125
3383242,77.63671875
3383254,65.3076171875
3383294,46.32568359375
3383327,43.8232421875
3383353,36.0107421875
3383393,50.72021484375
3383461,50.048828125
3383484,43.8232421875
3383580,59.9365234375
3383604,38.4521484375
3383719,59.08203125
3383845,42.3583984375
3383879,43.88427734375
3383985,55.908203125
3384032,41.68701171875
3384103,35.33935546875
3384116,42.29736328125
3384229,38.26904296875
3384262,38.9404296875
3384280,49.13330078125
3384335,35.15625
3384386,38.39111328125
3384542,51.6357421875
3384605,46.69189453125
3384631,45.0439453125
3384659,39.306640625
3384795,35.21728515625
3384879,39.794921875
3384993,45.71533203125
3385076,46.875
3385132,37.353515625
3385362,41.56494140625
3385528,36.62109375
3385765,35.09521484375
3385931,36.80419921875
3386057,34.97314453125
3474426,35.64453125
3474466,39.61181640625
3474479,46.142578125
3474558,44.49462890625
3474588,39.00146484375
3474611,81.298828125
3474632,71.044921875
3474655,85.87646484375
3474687,62.3779296875
3474716,92.59033203125
3474734,57.06787109375
3474747,35.64453125
3474772,139.22119140625
3474783,74.8291015625
3474804,70.1904296875
3474835,46.08154296875
3474846,48.9501953125
3474876,62.68310546875
3474905,83.740234375
3474915,36.68212890625
3474937,60.791015625
3474976,39.6728515625
3475002,38.57421875
3475020,39.73388671875
3475048,41.50390625
3475079,38.4521484375
3475125,45.166015625
3475161,37.17041015625
3475247,79.40673828125
3475315,38.4521484375
3475371,62.744140625
3475383,56.21337890625
3475490,53.40576171875
3475532,59.9365234375
3475610,39.9169921875
3475637,38.6962890625
3475686,38.818359375
3475727,40.6494140625
3475772,38.26904296875
3475797,46.875
3475872,37.90283203125
3476029,57.55615234375
3476049,34.85107421875
3476078,47.2412109375
3476091,34.912109375
3476118,38.51318359375
3476405,46.0205078125
3476467,41.6259765625
3476501,38.39111328125
3476549,43.39599609375
3476636,41.3818359375
3476779,36.9873046875
3476804,39.4287109375
3477001,34.912109375
3477114,38.39111328125
3477243,40.0390625
3477275,36.2548828125
3477553,36.1328125
3477646,36.31591796875
3562510,38.02490234375
3562546,41.6259765625
3562564,46.44775390625
3562586,61.95068359375
3562605,102.47802734375
3562623,63.53759765625
3562644,57.4951171875
3562671,62.43896484375
3562682,42.3583984375
3562701,51.94091796875
3562715,95.5810546875
3562743,85.5712890625
3562768,46.7529296875
3562781,167.6025390625
3562803,84.04541015625
3562839,52.30712890625
3562863,46.56982421875
3562894,48.64501953125
3562913,45.22705078125
3562941,43.39599609375
3562962,51.6357421875
3563019,35.400390625
3563051,46.7529296875
3563157,53.16162109375
3563236,38.63525390625
3563301,35.21728515625
3563457,39.1845703125
3563467,58.2275390625
3563507,42.3583984375
3563540,34.912109375
3563570,37.78076171875
3563692,45.41015625
3563732,37.109375
3563744,42.41943359375
3563814,38.75732421875
3563879,36.865234375
3563901,49.9267578125
3563930,35.82763671875
3564003,35.5224609375
3564060,35.70556640625
3564176,37.109375
3564393,39.4287109375
3564442,42.1142578125
3564646,51.513671875
3564908,45.166015625
3564945,36.80419921875
3564957,35.09521484375
3565101,38.4521484375
3565192,40.83251953125
3565303,42.54150390625
3565491,37.7197265625
3565728,44.00634765625
3652106,38.330078125
3652139,38.2080078125
3652178,39.97802734375
3652188,38.51318359375
3652220,58.10546875
3652239,37.2314453125
3652253,45.41015625
3652282,42.1142578125
3652309,104.18701171875
3652320,41.6259765625
3652352,87.58544921875
3652366,68.359375
3652391,68.54248046875
3652409,43.02978515625
3652430,117.98095703125
3652450,73.05908203125
3652462,61.4013671875
3652476,47.607421875
3652493,44.73876953125
3652511,55.48095703125
3652544,63.96484375
3652562,36.376953125
3652602,42.3583984375
3652631,43.27392578125
3652659,50.1708984375
3652678,41.50390625
3652700,40.283203125
3652785,45.0439453125
3652810,46.7529296875
3652866,34.85107421875
3652945,35.400390625
3652970,42.3583984375
3653000,55.17578125
3653043,36.31591796875
3653076,37.353515625
3653206,61.70654296875
3653318,38.4521484375
3653379,40.283203125
3653391,52.06298828125
3653408,42.66357421875
3653524,39.85595703125
3653596,35.46142578125
3653649,37.29248046875
3653711,35.64453125
3653722,37.353515625
3653900,35.400390625
3653913,41.1376953125
3653964,37.59765625
3654096,42.6025390625
3654106,36.80419921875
3654145,37.7197265625
3654204,35.70556640625
3654393,35.09521484375
3654446,35.7666015625
3654548,37.353515625
3654577,36.19384765625
3654626,99.42626953125
3654713,46.32568359375
3654836,36.376953125
3654901,38.02490234375
3655137,38.39111328125
3741732,37.353515625
3741778,38.2080078125
3741808,41.8701171875
3741818,93.017578125
3741838,57.373046875
3741865,93.1396484375
3741883,73.1201171875
3741895,35.82763671875
3741923,62.07275390625
3741947,45.22705078125
3741974,99.9755859375
3742002,65.24658203125
3742019,40.95458984375
3742045,70.25146484375
3742065,47.79052734375
3742086,42.236328125
3742104,44.86083984375
3742137,101.9287109375
3742155,49.98779296875
3742172,36.31591796875
3742193,38.63525390625
3742229,56.640625
3742277,38.51318359375
3742322,49.31640625
3742435,39.0625
3742466,37.29248046875
3742599,38.2080078125
3742613,37.65869140625
3742635,40.283203125
3742645,35.09521484375
3742742,42.724609375
3742766,37.65869140625
3742808,36.1328125
3742886,35.21728515625
3742924,36.43798828125
3742955,37.04833984375
3743033,39.55078125
3743052,44.98291015625
3743175,38.57421875
3743253,50.29296875
3743481,37.04833984375
3743505,37.4755859375
3743627,38.39111328125
3743674,45.41015625
3743821,44.0673828125
3743831,45.8984375
3743982,36.7431640625
3744097,34.85107421875
3744129,42.96875
3744299,37.29248046875
3744521,39.61181640625
3806166,38.14697265625
3828920,42.66357421875
3828961,38.51318359375
3828976,35.400390625
3829008,37.353515625
3829037,105.40771484375
3829050,41.259765625
3829076,55.48095703125
3829099,91.61376953125
3829110,40.95458984375
3829157,58.59375
3829174,57.0068359375
3829209,126.77001953125
3829225,43.45703125
3829240,60.24169921875
3829255,46.32568359375
3829277,44.189453125
3829296,46.44775390625
3829333,85.75439453125
3829347,41.9921875
3829394,52.67333984375
3829408,35.2783203125
3829443,43.88427734375
3829474,47.607421875
3829510,35.09521484375
3829578,41.50390625
3829684,49.1943359375
3829729,35.15625
3829835,46.5087890625
3829916,42.05322265625
3830016,35.64453125
3830115,35.7666015625
3830145,39.48974609375
3830176,35.400390625
3830234,38.14697265625
3830253,35.33935546875
3830298,37.65869140625
3830427,42.3583984375
3830448,38.51318359375
3830466,39.9169921875
3830484,50.6591796875
3830549,46.56982421875
3830696,36.62109375
3830822,45.47119140625
3830847,39.1845703125
3830919,38.0859375
3830996,35.7666015625
3831092,35.64453125
3831300,37.04833984375
3831723,41.6259765625
3918519,35.15625
3918588,68.78662109375
3918599,63.96484375
3918625,43.9453125
3918640,146.240234375
3918651,83.1298828125
3918686,107.48291015625
3918697,76.904296875
3918723,51.1474609375
3918737,50.47607421875
3918773,53.8330078125
3918800,54.50439453125
3918820,103.271484375
3918833,57.0068359375
3918860,51.8798828125
3918884,39.36767578125
3918915,43.39599609375
3918927,106.14013671875
3918951,44.3115234375
3918986,38.818359375
3919008,36.43798828125
3919046,44.5556640625
3919084,38.02490234375
3919172,35.70556640625
3919223,36.9873046875
3919241,47.36328125
3919356,45.0439453125
3919403,38.9404296875
3919487,41.19873046875
3919502,43.15185546875
3919542,38.2080078125
3919567,36.31591796875
3919660,41.8701171875
3919671,40.283203125
3919731,44.49462890625
3919823,38.0859375
3919857,37.04833984375
3919953,38.330078125
3919993,38.57421875
3920100,38.9404296875
3920113,36.07177734375
3920148,38.26904296875
3920231,37.353515625
3920251,41.68701171875
3920279,36.1328125
3920302,37.90283203125
3920411,39.85595703125
3920447,43.64013671875
3920575,36.4990234375
3920796,39.97802734375
3920979,42.90771484375
3921035,34.97314453125
3921197,37.90283203125
3921241,44.0673828125
3921649,37.7197265625
4005364,44.61669921875
4005384,42.6025390625
4005415,62.31689453125
4005443,87.34130859375
4005467,44.921875
4005484,55.35888671875
4005514,106.62841796875
4005524,41.9921875
4005541,63.90380859375
4005568,54.99267578125
4005590,60.546875
4005611,120.91064453125
4005629,70.49560546875
4005651,57.0068359375
4005674,49.8046875
4005695,40.58837890625
4005707,49.31640625
4005734,114.07470703125
4005758,35.0341796875
4005783,36.62109375
4005815,53.28369140625
4005855,38.63525390625
4005876,39.4287109375
4005909,45.654296875
4005981,39.61181640625
4006039,37.78076171875
4006063,36.9873046875
4006162,37.9638671875
4006224,36.2548828125
4006235,41.015625
4006254,41.19873046875
4006273,38.57421875
4006298,36.0107421875
4006321,36.9873046875
4006360,38.51318359375
4006419,41.015625
4006449,48.40087890625
4006547,46.81396484375
4006571,43.88427734375
4006598,39.0625
4006629,48.33984375
4006700,36.376953125
4006776,39.36767578125
4006789,37.841796875
4006959,35.33935546875
4006988,39.85595703125
4007135,58.89892578125
4007324,39.0625
4007490,40.22216796875
4007638,41.93115234375
4007809,38.2080078125
4008019,39.61181640625
4008051,38.02490234375
4008344,52.734375
4008444,40.1611328125
4093427,38.14697265625
4093439,79.65087890625
4093471,39.00146484375
4093485,85.14404296875
4093506,72.81494140625
4093519,68.603515625
4093542,81.72607421875
4093565,54.26025390625
4093596,97.22900390625
4093612,58.41064453125
4093629,43.27392578125
4093651,109.375
4093669,58.65478515625
4093683,75.1953125
4093710,40.71044921875
4093745,40.8935546875
4093775,63.1103515625
4093789,43.27392578125
4093830,41.44287109375
4093847,42.41943359375
4093903,45.2880859375
4093941,44.86083984375
4094064,43.9453125
4094103,44.677734375
4094200,40.283203125
4094230,42.78564453125
4094246,41.8701171875
4094347,36.0107421875
4094364,37.29248046875
4094457,39.00146484375
4094468,46.9970703125
4094564,35.64453125
4094581,38.6962890625
4094603,38.2080078125
4094635,36.56005859375
4094693,38.6962890625
4094744,35.0341796875
4094826,40.34423828125
4094879,57.2509765625
4094917,37.65869140625
4094996,34.912109375
4095112,39.55078125
4095185,37.841796875
4095219,41.56494140625
4095258,40.34423828125
4095400,38.63525390625
4095441,41.015625
4095639,49.13330078125
4095687,41.07666015625
4095882,48.52294921875
4096121,44.86083984375
4096150,36.31591796875
4180228,37.109375
4180261,110.29052734375
4180278,84.716796875
4180298,52.3681640625
4180321,65.673828125
4180357,41.44287109375
4180370,60.4248046875
4180401,38.75732421875
4180411,77.2705078125
4180429,45.8984375
4180442,157.04345703125
4180464,75.62255859375
4180480,53.16162109375
4180505,60.72998046875
4180546,46.0205078125
4180562,60.05859375
4180587,44.73876953125
4180627,36.07177734375
4180654,36.2548828125
4180698,42.8466796875
4180709,45.95947265625
4180765,46.630859375
4180837,35.888671875
4180915,38.14697265625
4180971,40.10009765625
4181040,51.33056640625
4181091,37.109375
4181121,35.5224609375
4181157,44.43359375
4181255,46.56982421875
4181305,36.2548828125
4181334,38.75732421875
4181407,36.80419921875
4181489,38.87939453125
4181577,45.83740234375
4181635,35.33935546875
4181669,35.09521484375
4181697,38.14697265625
4181740,36.31591796875
4181816,40.10009765625
4181861,37.353515625
4181909,39.48974609375
4181996,38.57421875
4182056,35.21728515625
4182083,36.56005859375
4182113,47.7294921875
4182181,47.42431640625
4182341,55.17578125
4182413,34.912109375
4182775,42.66357421875
4268409,35.5224609375
4268487,42.66357421875
4268537,38.2080078125
4268554,111.63330078125
4268588,40.1611328125
4268620,101.98974609375
4268633,45.34912109375
4268659,37.78076171875
4268672,50.10986328125
4268686,62.98828125
4268730,76.7822265625
4268742,147.94921875
4268775,41.32080078125
4268786,70.00732421875
4268798,54.931640625
4268829,36.865234375
4268858,37.2314453125
4268868,96.923828125
4268897,44.73876953125
4268932,42.90771484375
4268950,60.6689453125
4268976,46.9970703125
4269000,35.2783203125
4269042,46.630859375
4269073,47.119140625
4269152,44.49462890625
4269195,43.27392578125
4269372,35.7666015625
4269419,56.94580078125
4269511,35.70556640625
4269542,47.119140625
4269591,37.29248046875
4269667,40.34423828125
4269708,49.4384765625
4269733,42.3583984375
4269790,41.8701171875
4269809,35.15625
4269913,38.75732421875
4270003,36.19384765625
4270099,48.828125
4270110,46.5087890625
4270235,37.29248046875
4270346,35.46142578125
4270378,36.31591796875
4270500,43.0908203125
4270565,38.9404296875
4270693,36.92626953125
4270729,36.0107421875
4270871,35.15625
4270976,38.57421875
4338473,141.90673828125
4354364,38.6962890625
4354385,38.330078125
4354424,37.29248046875
4354454,43.8232421875
4354464,68.7255859375
4354474,56.640625
4354497,55.0537109375
4354519,51.94091796875
4354530,92.95654296875
4354554,57.43408203125
4354582,42.54150390625
4354592,69.3359375
4354613,40.71044921875
4354634,46.44775390625
4354651,50.6591796875
4354665,52.42919921875
4354689,53.28369140625
4354729,42.66357421875
4354762,61.34033203125
4354777,51.3916015625
4354797,37.841796875
4354826,44.5556640625
4354878,45.34912109375
4354927,36.07177734375
4354995,42.66357421875
4355104,49.62158203125
4355144,38.63525390625
4355226,37.90283203125
4355330,37.353515625
4355357,39.0625
4355418,35.46142578125
4355464,35.64453125
4355477,35.70556640625
4355520,44.43359375
4355670,39.4287109375
4355700,44.921875
4355790,50.6591796875
4355813,57.0068359375
4355892,38.57421875
4355993,43.02978515625
4356019,36.92626953125
4356086,35.94970703125
4356176,36.56005859375
4356226,38.26904296875
4356353,38.330078125
4356385,37.841796875
4356446,36.19384765625
4356541,43.76220703125
4356577,37.353515625
4356663,35.15625
4356715,43.45703125
4357050,64.5751953125
4440407,35.7666015625
4440445,47.9736328125
4440483,88.19580078125
4440496,39.6728515625
4440514,70.068359375
4440546,56.2744140625
4440562,34.97314453125
4440586,60.36376953125
4440604,82.03125
4440627,74.70703125
4440662,130.67626953125
4440677,37.353515625
4440687,45.71533203125
4440711,58.349609375
4440740,55.2978515625
4440770,43.3349609375
4440794,67.87109375
4440813,34.85107421875
4440877,46.9970703125
4440910,46.7529296875
4440923,52.24609375
4440948,39.794921875
4440988,52.1240234375
4441140,37.29248046875
4441188,39.61181640625
4441215,35.5224609375
4441237,40.283203125
4441365,35.2783203125
4441388,35.33935546875
4441415,75.37841796875
4441425,46.2646484375
4441521,46.38671875
4441563,36.92626953125
4441611,38.4521484375
4441675,40.0390625
4441771,39.0625
4441840,40.71044921875
4441906,35.33935546875
4441942,35.21728515625
4441984,62.8662109375
4442108,47.42431640625
4442239,47.7294921875
4442315,39.00146484375
4442590,44.7998046875
4442722,56.21337890625
4443067,46.5087890625
4443186,42.54150390625
4526641,37.353515625
4526675,35.5224609375
4526714,41.44287109375
4526726,41.68701171875
4526743,46.142578125
4526788,52.67333984375
4526801,88.0126953125
4526823,46.142578125
4526847,76.904296875
4526864,95.5810546875
4526878,39.4287109375
4526896,121.7041015625
4526915,37.90283203125
4526926,91.064453125
4526960,45.10498046875
4526993,58.10546875
4527023,42.48046875
4527040,42.05322265625
4527056,44.3115234375
4527079,38.87939453125
4527091,81.84814453125
4527113,40.34423828125
4527155,35.888671875
4527169,36.62109375
4527218,43.64013671875
4527241,35.09521484375
4527254,52.734375
4527287,49.9267578125
4527311,38.02490234375
4527385,50.72021484375
4527449,36.19384765625
4527513,39.61181640625
4527544,37.7197265625
4527575,45.34912109375
4527644,72.998046875
4527773,35.82763671875
4527801,37.90283203125
4527878,42.66357421875
4527942,41.1376953125
4528025,37.41455078125
4528080,39.55078125
4528113,37.9638671875
4528214,41.32080078125
4528322,49.31640625
4528358,35.82763671875
4528523,37.41455078125
4528572,38.4521484375
4528586,38.6962890625
4528718,35.888671875
4528773,42.41943359375
4528806,37.7197265625
4528832,45.59326171875
4528942,44.98291015625
4529019,39.48974609375
4529273,42.724609375
4610730,35.94970703125
4610779,36.376953125
4610790,38.4521484375
4610818,35.58349609375
4610847,110.53466796875
4610870,82.51953125
4610885,66.5283203125
4610903,67.68798828125
4610924,47.2412109375
4610941,40.10009765625
4610965,84.5947265625
4610992,52.3681640625
4611002,67.9931640625
4611018,117.49267578125
4611035,65.73486328125
4611057,47.54638671875
4611090,69.39697265625
4611108,47.54638671875
4611142,56.33544921875
4611174,67.5048828125
4611220,36.9873046875
4611234,43.39599609375
4611268,37.841796875
4611278,47.8515625
4611308,39.61181640625
4611371,35.0341796875
4611438,43.0908203125
4611500,39.48974609375
4611527,42.6025390625
4611540,35.400390625
4611557,35.0341796875
4611625,42.96875
4611752,42.17529296875
4611864,36.80419921875
4611919,59.2041015625
4612007,37.841796875
4612063,38.87939453125
4612149,54.99267578125
4612164,35.21728515625
4612317,55.2978515625
4612478,37.353515625
4612509,35.0341796875
4612581,35.33935546875
4612624,36.376953125
4612650,53.955078125
4612689,47.79052734375
4612973,40.58837890625
4613250,41.19873046875
4696493,48.9501953125
4696562,36.4990234375
4696576,37.9638671875
4696609,39.55078125
4696622,75.98876953125
4696642,105.224609375
4696664,57.4951171875
4696679,65.91796875
4696701,74.70703125
4696729,36.07177734375
4696742,72.75390625
4696765,50.72021484375
4696787,50.10986328125
4696816,144.47021484375
4696852,40.83251953125
4696876,61.767578125
4696892,39.12353515625
4696910,47.54638671875
4696945,68.2373046875
4696957,37.41455078125
4696967,58.7158203125
4697014,40.83251953125
4697038,35.70556640625
4697053,41.9921875
4697081,64.3310546875
4697168,42.66357421875
4697283,38.9404296875
4697306,53.8330078125
4697444,42.3583984375
4697499,36.19384765625
4697574,45.166015625
4697651,36.2548828125
4697696,46.9970703125
4697833,53.8330078125
4697854,46.32568359375
4697926,37.59765625
4698017,40.8935546875
4698111,43.9453125
4698194,41.9921875
4698397,44.37255859375
4698450,49.13330078125
4698557,35.0341796875
4698609,48.9501953125
4698660,35.400390625
4698781,45.95947265625
4698982,45.5322265625
4699039,42.41943359375
4699318,42.48046875
4788245,35.15625
4788266,38.87939453125
4788293,48.27880859375
4788315,34.912109375
4788362,52.001953125
4788394,101.4404296875
4788414,52.6123046875
4788437,48.15673828125
4788462,71.8994140625
4788490,54.8095703125
4788521,48.88916015625
4788544,101.62353515625
4788558,68.603515625
4788585,107.36083984375
4788595,54.38232421875
4788632,78.79638671875
4788669,67.32177734375
4788685,64.453125
4788709,37.59765625
4788731,43.0908203125
4788772,46.81396484375
4788814,37.7197265625
4788844,56.2744140625
4788937,59.08203125
4788949,45.654296875
4789067,45.8984375
4789108,36.1328125
4789127,38.9404296875
4789172,49.74365234375
4789211,37.4755859375
4789288,51.025390625
4789313,42.90771484375
4789450,50.47607421875
4789642,55.72509765625
4789797,44.73876953125
4789985,55.17578125
4790149,45.83740234375
4790198,44.86083984375
4790211,77.1484375
4790401,35.58349609375
4790445,42.236328125
4790635,40.46630859375
4791003,48.4619140625
