4798401,0
82226,36.2548828125
180079,37.841796875
279504,38.9404296875
357440,36.7431640625
557199,39.306640625
557279,38.02490234375
615585,37.109375
673972,41.6259765625
747362,39.0625
835766,37.04833984375
1048776,36.376953125
1141908,37.04833984375
1217685,36.31591796875
1295843,39.48974609375
1408435,36.92626953125
1408546,37.353515625
1494848,36.43798828125
1494983,36.376953125
1552597,40.1611328125
1724364,36.4990234375
1815718,38.57421875
2298245,36.68212890625
2388818,38.39111328125
2490452,38.818359375
2942417,38.63525390625
2942501,36.2548828125
3035597,36.19384765625
3111461,38.51318359375
3112530,38.2080078125
3206294,39.794921875
3423932,36.56005859375
3476340,36.4990234375
3476554,44.73876953125
3596826,38.4521484375
3597030,37.353515625
3698907,36.19384765625
3773803,39.73388671875
3925282,42.3583984375
4198777,36.43798828125
4265702,36.2548828125
4265922,38.02490234375
4332274,37.4755859375
4332298,39.1845703125
4398516,36.68212890625
4465001,39.97802734375
