4799001,0
8217,26.0009765625
8281,30.8837890625
8466,30.3955078125
9894,40.1611328125
22650,33.203125
27532,26.2451171875
28081,41.56494140625
28324,36.0107421875
28687,34.1796875
28858,28.564453125
28981,29.35791015625
29219,33.87451171875
30505,29.541015625
30521,34.912109375
30627,31.73828125
30741,33.69140625
30928,26.30615234375
30964,30.6396484375
31008,26.4892578125
31088,29.72412109375
31224,26.611328125
51479,26.67236328125
52587,25.634765625
61421,30.94482421875
61515,26.85546875
70329,36.9873046875
70647,39.9169921875
70867,47.2412109375
71029,26.123046875
71197,27.64892578125
71851,27.099609375
71966,41.9921875
72242,32.04345703125
72482,28.6865234375
72538,43.51806640625
72621,26.55029296875
96309,25.634765625
103790,35.888671875
107592,32.71484375
112691,44.61669921875
112945,47.607421875
113136,26.3671875
113707,26.06201171875
113755,28.50341796875
113813,43.02978515625
114018,26.42822265625
114105,38.14697265625
114128,34.11865234375
114241,28.50341796875
114319,33.8134765625
114349,29.35791015625
114371,26.4892578125
114397,33.935546875
136539,28.13720703125
139985,30.6396484375
140072,26.30615234375
142430,25.93994140625
146733,26.0009765625
153619,27.34375
154532,42.41943359375
154921,38.14697265625
155076,30.21240234375
155751,26.18408203125
155890,25.87890625
156095,25.57373046875
156241,27.83203125
156331,27.2216796875
156369,32.89794921875
157208,26.06201171875
157342,28.99169921875
157407,31.67724609375
157702,31.67724609375
158034,34.85107421875
158184,28.62548828125
158302,33.02001953125
158485,27.03857421875
158575,25.81787109375
187070,27.40478515625
188522,33.5693359375
188621,28.3203125
197583,36.0107421875
197841,28.1982421875
198027,26.42822265625
198224,27.2216796875
198614,27.099609375
198908,27.9541015625
199636,28.01513671875
199696,39.85595703125
200409,27.16064453125
200771,33.26416015625
201997,27.64892578125
202555,36.80419921875
202812,26.06201171875
203057,34.97314453125
203601,25.81787109375
219801,34.912109375
220139,26.85546875
230015,27.9541015625
230346,28.74755859375
233559,26.0009765625
235520,36.0107421875
238450,29.052734375
239585,27.16064453125
240135,46.20361328125
240498,44.189453125
259184,28.80859375
259303,29.84619140625
274827,29.60205078125
275604,44.61669921875
275758,26.91650390625
275962,35.5224609375
283535,35.46142578125
283639,26.611328125
285534,33.87451171875
289802,27.83203125
291694,28.99169921875
292787,26.18408203125
294431,30.3955078125
294580,26.79443359375
295186,31.1279296875
295237,29.96826171875
295270,42.90771484375
295442,34.60693359375
295516,28.99169921875
295532,27.099609375
295606,34.5458984375
295704,26.55029296875
295822,29.11376953125
295960,30.029296875
317468,28.9306640625
317895,36.80419921875
328952,26.3671875
336033,27.34375
336090,27.2216796875
336394,34.5458984375
336455,34.11865234375
336467,25.93994140625
336626,34.48486328125
336679,34.36279296875
337108,46.2646484375
337345,40.58837890625
337773,26.55029296875
360092,30.76171875
369835,36.4990234375
369957,27.52685546875
378973,25.57373046875
380181,25.81787109375
380505,48.15673828125
380868,34.24072265625
381101,27.34375
381154,26.7333984375
382590,27.16064453125
394450,26.30615234375
399082,33.203125
399137,26.3671875
399186,26.18408203125
422078,35.21728515625
422193,27.099609375
425976,27.77099609375
431308,28.13720703125
442084,44.43359375
442496,38.51318359375
442745,27.34375
443148,30.82275390625
444219,26.42822265625
454443,27.83203125
456464,30.1513671875
456585,26.2451171875
458999,26.91650390625
463060,38.51318359375
463236,25.81787109375
463276,31.18896484375
463372,41.8701171875
463403,33.69140625
463561,27.64892578125
463576,28.564453125
463618,41.9921875
463657,34.72900390625
463766,37.59765625
463952,37.78076171875
465869,26.18408203125
485625,27.587890625
486891,32.470703125
487013,25.93994140625
504133,32.16552734375
504235,51.513671875
504531,35.2783203125
504722,27.28271484375
504732,26.30615234375
504767,26.123046875
504794,31.43310546875
504889,33.99658203125
505155,28.86962890625
505261,37.353515625
505553,44.0673828125
505754,41.44287109375
505895,30.82275390625
506355,30.029296875
526183,25.57373046875
527758,27.89306640625
528445,28.9306640625
529370,27.40478515625
530980,37.2314453125
531070,26.18408203125
538878,26.7333984375
546841,26.7333984375
547467,39.97802734375
547653,28.86962890625
547856,34.48486328125
548389,38.4521484375
550508,32.8369140625
557464,36.1328125
557595,30.6396484375
563997,31.55517578125
573170,30.21240234375
578872,30.45654296875
580868,38.57421875
581307,28.3203125
582505,29.60205078125
583975,46.44775390625
595352,26.123046875
597799,29.60205078125
598235,42.96875
598365,27.7099609375
598402,31.67724609375
598438,40.1611328125
598714,31.25
598791,26.55029296875
598873,31.6162109375
598903,41.6259765625
599077,44.921875
599229,34.36279296875
599383,29.1748046875
623249,28.076171875
623604,33.14208984375
623700,32.89794921875
628545,28.1982421875
635026,27.2216796875
638259,25.634765625
639969,26.30615234375
640864,27.7099609375
641792,48.33984375
642036,25.87890625
642058,42.78564453125
642160,34.1796875
642194,40.46630859375
642422,29.84619140625
642490,43.27392578125
642606,25.81787109375
642692,34.48486328125
642847,27.4658203125
663592,26.0009765625
664882,26.9775390625
670310,37.53662109375
670415,26.18408203125
681143,29.84619140625
681570,25.93994140625
681950,38.818359375
682323,34.24072265625
682335,25.87890625
682452,26.42822265625
682578,38.51318359375
684629,26.123046875
685615,27.52685546875
691971,26.30615234375
697769,30.2734375
698659,30.6396484375
702050,25.7568359375
712928,26.06201171875
715575,25.7568359375
720701,26.18408203125
722303,26.67236328125
722623,30.1513671875
722693,38.57421875
722785,26.4892578125
724199,40.46630859375
724440,33.02001953125
724735,26.123046875
724841,26.3671875
725277,28.3203125
725397,41.6259765625
725481,28.99169921875
725567,27.16064453125
725599,27.28271484375
725776,34.60693359375
725982,34.85107421875
726128,29.72412109375
726155,27.77099609375
726229,29.4189453125
746336,26.0009765625
747067,26.2451171875
748361,33.935546875
763786,29.296875
765789,28.1982421875
767210,30.82275390625
767838,32.89794921875
767913,27.52685546875
767937,28.564453125
768195,49.8046875
768450,37.90283203125
768576,26.123046875
768677,30.029296875
768804,29.541015625
768830,47.42431640625
769093,28.13720703125
769114,31.982421875
769297,26.2451171875
769538,31.73828125
794306,27.40478515625
795696,29.47998046875
795805,26.7333984375
798518,27.28271484375
802407,27.2216796875
808206,25.69580078125
809067,27.587890625
809269,26.9775390625
810951,42.05322265625
811329,33.935546875
811561,28.4423828125
823273,27.4658203125
827148,33.02001953125
827161,25.5126953125
827248,26.30615234375
828816,28.564453125
831676,25.57373046875
842166,26.3671875
846569,26.79443359375
846589,31.31103515625
848387,27.4658203125
848835,26.42822265625
849468,48.15673828125
849927,43.76220703125
850172,30.76171875
851550,26.611328125
859130,34.3017578125
867618,26.2451171875
884779,29.60205078125
888422,31.494140625
888536,28.62548828125
889379,25.634765625
904943,51.3916015625
905578,42.48046875
905600,26.9775390625
920161,33.203125
920308,34.97314453125
927262,27.7099609375
938202,43.51806640625
938512,39.0625
938820,31.1279296875
950512,27.40478515625
950594,27.4658203125
953463,29.96826171875
953569,26.79443359375
954168,25.7568359375
954288,41.3818359375
954931,29.11376953125
955217,30.82275390625
966783,26.4892578125
972759,28.38134765625
972929,25.5126953125
974667,26.55029296875
974929,48.03466796875
987204,26.3671875
987246,32.958984375
987355,25.57373046875
988597,35.46142578125
991301,30.029296875
993078,30.6396484375
994325,45.2880859375
1016249,36.07177734375
1016363,31.79931640625
1016468,36.07177734375
1020544,28.01513671875
1021577,26.79443359375
1033046,29.78515625
1037056,27.83203125
1038813,26.06201171875
1043594,30.94482421875
1043703,26.42822265625
1051084,26.30615234375
1053294,27.587890625
1057680,25.5126953125
1058918,36.865234375
1059552,34.97314453125
1061800,47.05810546875
1062570,49.49951171875
1068540,29.72412109375
1074308,26.0009765625
1077148,29.60205078125
1080901,34.0576171875
1083793,29.1748046875
1084342,27.28271484375
1086093,27.03857421875
1091000,25.93994140625
1100722,25.5126953125
1107828,25.93994140625
1110520,33.14208984375
1110641,29.541015625
1111607,49.37744140625
1111896,43.5791015625
1112411,26.123046875
1112949,29.35791015625
1113570,25.7568359375
1114013,26.7333984375
1114146,40.46630859375
1114177,30.21240234375
1114332,27.64892578125
1114367,39.4287109375
1114402,31.3720703125
1114497,27.64892578125
1114550,27.83203125
1133443,26.2451171875
1135830,25.81787109375
1136167,40.4052734375
1136285,31.67724609375
1136898,26.06201171875
1139510,29.296875
1151735,25.69580078125
1152852,31.3720703125
1153834,26.06201171875
1154468,44.0673828125
1154502,32.8369140625
1154523,26.91650390625
1154689,41.50390625
1154818,43.45703125
1154986,25.81787109375
1155175,33.38623046875
1155197,29.35791015625
1155353,28.13720703125
1155375,26.42822265625
1155475,28.564453125
1155608,27.9541015625
1179048,27.83203125
1179529,31.06689453125
1179629,27.77099609375
1180382,28.076171875
1182126,44.98291015625
1182272,28.1982421875
1182392,36.43798828125
1182640,28.01513671875
1182693,34.85107421875
1194996,25.93994140625
1196673,30.45654296875
1198183,28.6865234375
1199155,27.2216796875
1200190,39.306640625
1200283,30.21240234375
1200798,37.2314453125
1200894,27.28271484375
1201018,35.94970703125
1201096,53.64990234375
1201167,36.0107421875
1201254,32.77587890625
1201811,26.611328125
1214692,27.77099609375
1222360,37.4755859375
1224124,29.35791015625
1224223,26.123046875
1224875,27.28271484375
1234988,29.78515625
1239634,25.5126953125
1239784,26.123046875
1240148,36.9873046875
1240325,32.3486328125
1240388,26.4892578125
1240476,37.7197265625
1240497,33.69140625
1240535,26.3671875
1240694,26.611328125
1240732,26.3671875
1240815,28.076171875
1240964,32.958984375
1241028,26.55029296875
1241117,33.87451171875
1241150,30.33447265625
1263969,38.330078125
1264484,35.0341796875
1265126,33.935546875
1265239,26.30615234375
1265663,26.06201171875
1265965,28.38134765625
1266649,39.0625
1282527,26.7333984375
1285103,45.22705078125
1285161,31.1279296875
1285402,32.04345703125
1285517,30.09033203125
1285722,40.4052734375
1285989,32.71484375
1286104,25.7568359375
1286578,29.9072265625
1286637,28.6865234375
1286781,26.30615234375
1286857,39.6728515625
1286937,25.93994140625
1287055,39.24560546875
1287122,25.634765625
1287208,29.11376953125
1308062,26.55029296875
1316989,25.7568359375
1317109,28.01513671875
1319397,30.45654296875
1324794,27.099609375
1327054,33.3251953125
1327936,52.18505859375
1328326,46.2646484375
1328411,26.3671875
1328469,26.91650390625
1328575,35.0341796875
1328664,26.4892578125
1329007,37.53662109375
1329146,29.78515625
1329225,25.81787109375
1329256,37.2314453125
1329324,26.123046875
1329455,27.28271484375
1352661,28.6865234375
1354319,36.07177734375
1373953,26.611328125
1374239,27.52685546875
1376410,27.587890625
1376600,46.9970703125
1376687,35.64453125
1376787,48.583984375
1377230,26.7333984375
1377434,27.9541015625
1377549,25.57373046875
1377700,38.330078125
1377924,34.5458984375
1378084,25.69580078125
1399838,29.72412109375
1406464,33.38623046875
1406589,26.3671875
1411488,27.9541015625
1418651,28.1982421875
1419879,43.701171875
1419935,28.6865234375
1420246,38.6962890625
1420490,33.38623046875
1420567,26.611328125
1421037,42.41943359375
1421199,30.21240234375
1421254,29.296875
1421342,30.21240234375
1421479,43.02978515625
1421569,39.6728515625
1421579,28.80859375
1421748,26.2451171875
1421896,29.60205078125
1422386,27.099609375
1445263,29.78515625
1450005,31.92138671875
1450125,33.14208984375
1462313,30.33447265625
1462450,41.56494140625
1462780,42.3583984375
1462851,36.0107421875
1463028,30.029296875
1463593,31.3720703125
1477330,34.7900390625
1477798,28.80859375
1484751,26.67236328125
1484906,27.03857421875
1486596,26.3671875
1496354,26.85546875
1499437,26.123046875
1502723,35.33935546875
1514568,26.9775390625
1520079,27.83203125
1521378,30.57861328125
1524355,40.771484375
1525959,26.0009765625
1535980,34.72900390625
1536105,25.634765625
1539669,27.28271484375
1541305,28.564453125
1542661,46.56982421875
1542755,27.2216796875
1542789,26.4892578125
1542844,32.71484375
1543247,28.74755859375
1543308,27.2216796875
1543623,29.4189453125
1543737,37.65869140625
1543819,26.7333984375
1543868,37.353515625
1543967,26.18408203125
1544032,35.21728515625
1544173,25.7568359375
1566762,30.2734375
1569465,30.82275390625
1569559,27.7099609375
1579701,25.57373046875
1585631,25.87890625
1585918,31.31103515625
1587207,29.96826171875
1587232,57.12890625
1587248,33.75244140625
1587301,35.7666015625
1587401,34.912109375
1587474,38.75732421875
1587540,26.42822265625
1587565,31.43310546875
1587743,36.80419921875
1587827,28.01513671875
1587957,29.11376953125
1588100,25.93994140625
1588221,27.099609375
1609933,28.4423828125
1614155,33.50830078125
1614261,28.3203125
1622866,27.2216796875
1628782,26.2451171875
1629464,30.82275390625
1629751,30.33447265625
1629967,28.50341796875
1630962,37.2314453125
1631231,36.68212890625
1631518,30.09033203125
1641335,25.81787109375
1645841,34.11865234375
1645956,27.587890625
1650471,26.123046875
1660102,28.564453125
1666056,26.611328125
1668221,28.3203125
1673463,29.052734375
1673601,26.7333984375
1678882,26.85546875
1685737,27.52685546875
1686980,27.64892578125
1687944,26.9775390625
1694105,27.16064453125
1700927,28.076171875
1709742,30.45654296875
1710054,33.0810546875
1710189,25.7568359375
1711918,26.2451171875
1727197,26.67236328125
1736695,26.67236328125
1739548,25.93994140625
1745352,34.5458984375
1745472,27.2216796875
1745674,36.9873046875
1760611,25.57373046875
1760917,29.4189453125
1762340,28.4423828125
1765116,41.68701171875
1765636,38.57421875
1765944,31.982421875
1776406,28.80859375
1779737,29.11376953125
1780240,36.0107421875
1780364,26.18408203125
1786575,25.7568359375
1797638,28.80859375
1801424,27.34375
1801938,46.81396484375
1802008,35.94970703125
1802169,32.470703125
1802349,39.1845703125
1802541,26.06201171875
1802591,25.93994140625
1803755,28.3203125
1804727,25.5126953125
1806908,29.1748046875
1807015,25.87890625
1825270,26.2451171875
1842633,40.22216796875
1842747,28.86962890625
1842805,25.634765625
1847012,25.5126953125
1847047,26.67236328125
1847662,26.42822265625
1849027,29.9072265625
1860123,30.517578125
1867597,29.47998046875
1874274,25.7568359375
1880256,38.9404296875
1880379,29.84619140625
1882414,47.8515625
1883888,47.42431640625
1884175,33.26416015625
1884755,28.4423828125
1885571,27.64892578125
1893022,26.55029296875
1894993,27.4658203125
1899894,29.35791015625
1901518,26.4892578125
1912552,25.93994140625
1914319,33.87451171875
1914443,28.50341796875
1918099,30.517578125
1939893,25.87890625
1941252,28.50341796875
1941652,34.66796875
1941769,27.9541015625
1942167,48.583984375
1959874,26.79443359375
1960583,29.541015625
1961000,36.4990234375
1961880,28.6865234375
1961905,40.283203125
1962176,41.6259765625
1962348,32.77587890625
1962380,25.81787109375
1962450,45.59326171875
1962541,34.66796875
1962630,27.83203125
1962651,29.78515625
1962701,25.634765625
1962886,53.52783203125
1962905,27.4658203125
1963151,39.0625
1963162,25.87890625
1963318,45.5322265625
1983181,33.99658203125
1983306,30.82275390625
1985699,26.18408203125
1986168,27.77099609375
1987512,29.96826171875
2003660,27.9541015625
2004510,28.74755859375
2006241,43.212890625
2006276,28.99169921875
2006373,36.376953125
2006678,25.5126953125
2007163,42.3583984375
2007541,38.2080078125
2007873,31.67724609375
2008030,44.3115234375
2008136,36.2548828125
2008240,31.1279296875
2008259,27.52685546875
2008382,33.87451171875
2008495,32.04345703125
2031465,28.3203125
2032269,36.7431640625
2032380,27.7099609375
2048074,26.85546875
2049227,49.1943359375
2049523,25.5126953125
2049588,42.1142578125
2049789,30.2734375
2049848,33.99658203125
2049880,30.3955078125
2049931,31.982421875
2049968,28.01513671875
2050035,33.26416015625
2050163,32.3486328125
2050206,31.18896484375
2050249,26.0009765625
2050349,31.31103515625
2074182,29.1748046875
2076129,28.50341796875
2076675,32.77587890625
2076753,29.47998046875
2076923,25.69580078125
2090248,31.43310546875
2094553,26.30615234375
2095416,27.89306640625
2097732,25.5126953125
2102938,34.1796875
2103050,26.55029296875
2112385,26.79443359375
2114696,46.38671875
2115038,25.7568359375
2115162,25.87890625
2115544,40.58837890625
2115614,25.57373046875
2116219,40.6494140625
2124143,31.31103515625
2133818,26.67236328125
2139046,31.67724609375
2139146,29.35791015625
2143809,25.7568359375
2159097,26.79443359375
2159352,37.109375
2159453,29.72412109375
2159754,26.06201171875
2160234,45.83740234375
2160315,35.33935546875
2160445,25.57373046875
2160481,33.5693359375
2160964,29.296875
2161268,31.8603515625
2162303,47.18017578125
2162568,29.72412109375
2162680,37.7197265625
2162859,26.2451171875
2162993,26.42822265625
2181748,27.587890625
2185208,27.03857421875
2185461,34.1796875
2185572,32.958984375
2198428,30.76171875
2205580,30.09033203125
2206430,27.40478515625
2206989,49.13330078125
2207318,39.97802734375
2207441,27.89306640625
2207551,25.87890625
2207604,41.68701171875
2208180,26.06201171875
2221042,26.18408203125
2226543,31.1279296875
2240976,34.60693359375
2241102,30.45654296875
2242420,26.611328125
2246162,26.42822265625
2262150,29.4189453125
2262800,31.06689453125
2263010,26.0009765625
2263775,43.51806640625
2263975,33.5693359375
2264086,25.69580078125
2267978,29.052734375
2286203,26.67236328125
2297997,28.38134765625
2303432,27.89306640625
2306332,34.60693359375
2310228,26.3671875
2324731,26.4892578125
2327383,26.123046875
2334350,27.77099609375
2335097,28.50341796875
2341436,28.13720703125
2341703,26.0009765625
2342440,37.841796875
2342545,33.14208984375
2356875,26.30615234375
2363460,26.42822265625
2376512,29.60205078125
2377541,28.6865234375
2377796,26.55029296875
2377937,26.85546875
2381935,30.09033203125
2383658,40.58837890625
2383840,28.25927734375
2384886,27.9541015625
2385963,46.630859375
2386184,30.21240234375
2387316,28.13720703125
2398523,26.2451171875
2408468,26.79443359375
2414231,28.80859375
2419541,33.935546875
2419747,28.3203125
2420124,34.36279296875
2422025,43.8232421875
2422853,29.23583984375
2423096,28.13720703125
2423337,44.98291015625
2434959,27.52685546875
2442187,40.58837890625
2442345,27.52685546875
2456867,27.099609375
2457356,27.83203125
2459237,26.30615234375
2470824,25.634765625
2477633,26.0009765625
2479072,37.841796875
2479245,32.65380859375
2481210,27.28271484375
2481334,26.42822265625
2487606,28.25927734375
2492352,26.06201171875
2497640,26.06201171875
2498761,49.25537109375
2501054,29.72412109375
2508898,25.93994140625
2516964,28.25927734375
2518150,26.4892578125
2519968,25.81787109375
2520117,29.47998046875
2520302,26.3671875
2524188,26.9775390625
2527624,26.0009765625
2534561,27.7099609375
2535883,26.06201171875
2536395,28.4423828125
2536834,34.60693359375
2537121,32.65380859375
2537151,51.025390625
2537389,26.85546875
2537530,41.015625
2537590,33.75244140625
2537726,26.67236328125
2538615,28.9306640625
2539051,34.24072265625
2539301,27.40478515625
2540454,26.85546875
2555041,28.01513671875
2568876,26.42822265625
2572208,26.18408203125
2579432,34.423828125
2581277,25.5126953125
2597159,30.6396484375
2597680,28.50341796875
2598072,27.89306640625
2600581,37.65869140625
2600782,34.60693359375
2600879,26.123046875
2601145,40.8935546875
2601583,41.6259765625
2601604,28.564453125
2601899,32.77587890625
2602267,26.30615234375
2609049,28.80859375
2617202,25.7568359375
2618208,28.01513671875
2622069,27.64892578125
2632122,27.28271484375
2637596,30.45654296875
2638724,28.01513671875
2639983,27.28271484375
2641153,26.2451171875
2641789,45.8984375
2653101,25.69580078125
2654704,30.82275390625
2655769,29.9072265625
2657514,32.28759765625
2658693,25.69580078125
2659589,29.11376953125
2676525,33.02001953125
2676655,33.26416015625
2680425,25.81787109375
2688929,26.0009765625
2694798,26.4892578125
2698698,25.69580078125
2698921,30.57861328125
2700051,26.123046875
2700073,52.3681640625
2700342,39.55078125
2700514,27.9541015625
2701244,30.45654296875
2701279,40.283203125
2701417,25.634765625
2701858,25.5126953125
2702216,30.45654296875
2702364,39.61181640625
2702441,28.74755859375
2702460,58.59375
2702485,37.59765625
2702569,25.7568359375
2702608,26.06201171875
2702632,41.6259765625
2702728,26.30615234375
2702844,26.79443359375
2704513,26.06201171875
2720884,25.7568359375
2724477,35.70556640625
2724590,27.52685546875
2724806,27.40478515625
2725700,25.93994140625
2726058,26.18408203125
2727935,29.72412109375
2736938,32.28759765625
2742366,30.517578125
2743930,26.85546875
2744295,25.634765625
2744671,26.611328125
2744784,46.32568359375
2744960,36.07177734375
2744976,27.28271484375
2745091,26.06201171875
2745294,42.41943359375
2745536,39.12353515625
2745724,31.25
2745989,25.7568359375
2746070,28.38134765625
2746176,30.33447265625
2746201,35.70556640625
2746221,29.23583984375
2746303,26.55029296875
2746418,40.10009765625
2746499,25.69580078125
2746574,29.541015625
2746696,31.92138671875
2767666,30.6396484375
2771495,27.4658203125
2771743,29.60205078125
2789054,27.64892578125
2790499,43.02978515625
2790635,31.494140625
2792355,31.005859375
2792790,27.64892578125
2795747,45.47119140625
2801739,27.7099609375
2823511,38.51318359375
2823620,26.85546875
2825862,27.83203125
2827521,29.47998046875
2829164,26.42822265625
2829378,28.9306640625
2829883,27.28271484375
2830593,52.06298828125
2831080,26.0009765625
2838509,25.5126953125
2843603,25.81787109375
2847995,26.4892578125
2848700,27.03857421875
2848833,27.89306640625
2849027,40.58837890625
2849479,43.9453125
2849656,40.46630859375
2849751,34.97314453125
2849770,31.55517578125
2850572,25.87890625
2862396,26.0009765625
2866289,25.634765625
2871686,27.40478515625
2883970,30.45654296875
2888012,36.80419921875
2888133,27.52685546875
2888275,25.93994140625
2889688,27.587890625
2890599,26.18408203125
2891716,26.79443359375
2904073,28.62548828125
2911700,47.05810546875
2921846,28.62548828125
2928328,31.06689453125
2928491,41.8701171875
2928767,28.3203125
2930553,26.55029296875
2931896,26.3671875
2931979,44.61669921875
2932168,31.67724609375
2932236,26.7333984375
2932563,26.2451171875
2932603,39.36767578125
2932681,33.935546875
2932785,30.029296875
2932814,28.3203125
2932881,35.70556640625
2933023,32.3486328125
2933154,27.34375
2933501,25.634765625
2956945,36.0107421875
2957053,28.9306640625
2960971,26.42822265625
2971634,26.30615234375
2975709,26.91650390625
2975930,41.80908203125
2976269,46.08154296875
2976496,31.6162109375
2976622,25.5126953125
2976655,34.36279296875
2976693,28.564453125
2976902,30.57861328125
2976919,45.71533203125
2977053,30.029296875
2977080,34.5458984375
2977194,28.62548828125
2999978,28.076171875
3001736,29.6630859375
3003305,27.89306640625
3003676,28.13720703125
3003790,29.96826171875
3015236,30.70068359375
3019911,25.87890625
3020443,27.2216796875
3023340,25.634765625
3023690,28.86962890625
3024005,40.771484375
3024168,28.25927734375
3024443,37.2314453125
3024961,44.12841796875
3025095,26.3671875
3025177,30.45654296875
3025759,31.79931640625
3025845,25.69580078125
3026165,36.4990234375
3026231,46.93603515625
3026383,27.4658203125
3026414,32.3486328125
3026562,25.7568359375
3026667,32.28759765625
3045908,29.47998046875
3049093,25.57373046875
3050138,27.52685546875
3052007,33.3251953125
3052122,28.564453125
3067527,31.43310546875
3068692,27.83203125
3068764,39.85595703125
3068826,26.67236328125
3069919,54.74853515625
3070146,42.29736328125
3070360,32.53173828125
3070374,33.447265625
3070658,26.611328125
3070745,27.28271484375
3070781,38.330078125
3070934,37.7197265625
3070979,25.57373046875
3071015,25.634765625
3071040,27.16064453125
3071180,33.99658203125
3071291,30.3955078125
3071375,34.7900390625
3071507,26.611328125
3071630,26.67236328125
3071911,27.77099609375
3094702,27.64892578125
3095131,28.86962890625
3104447,32.28759765625
3104568,30.8837890625
3114304,28.076171875
3115708,30.33447265625
3124416,27.2216796875
3136766,30.029296875
3144098,34.1796875
3144221,28.3203125
3147874,25.81787109375
3148070,31.6162109375
3148135,25.5126953125
3148972,30.6396484375
3150267,42.96875
3150475,40.1611328125
3150675,44.7998046875
3150888,32.16552734375
3151461,27.89306640625
3152251,26.18408203125
3153011,26.55029296875
3175580,26.3671875
3180114,31.79931640625
3180223,25.5126953125
3180688,27.52685546875
3186058,25.69580078125
3191153,26.2451171875
3196008,27.89306640625
3196806,35.7666015625
3196925,26.55029296875
3197062,25.57373046875
3197897,50.84228515625
3198197,39.24560546875
3198283,26.123046875
3198451,30.70068359375
3199355,33.3251953125
3199411,25.69580078125
3209329,26.4892578125
3220224,25.634765625
3236058,34.36279296875
3236192,35.64453125
3236328,26.30615234375
3236849,30.1513671875
3239545,28.564453125
3244637,27.16064453125
3259024,36.07177734375
3274915,26.7333984375
3276044,27.83203125
3278415,25.93994140625
3279267,31.982421875
3279421,25.87890625
3279723,31.06689453125
3290070,25.87890625
3293286,27.83203125
3298926,26.06201171875
3303390,29.78515625
3319032,30.33447265625
3327000,28.80859375
3332848,29.4189453125
3341387,27.2216796875
3343156,35.15625
3344631,25.81787109375
3353802,31.92138671875
3355864,25.69580078125
3356916,26.67236328125
3362116,26.7333984375
3363225,25.634765625
3364854,42.724609375
3379236,27.64892578125
3385167,25.87890625
3392199,27.34375
3395111,32.958984375
3395531,26.2451171875
3396725,25.87890625
3405596,29.541015625
3408676,26.0009765625
3412679,25.5126953125
3424299,27.77099609375
3430432,26.3671875
3433030,28.25927734375
3437664,40.1611328125
3438100,25.7568359375
3438425,25.634765625
3457864,30.70068359375
3462485,32.5927734375
3465593,26.30615234375
3465946,25.87890625
3466200,31.92138671875
3466613,48.40087890625
3467078,47.05810546875
3467298,31.31103515625
3477283,32.5927734375
3481821,27.7099609375
3494954,25.93994140625
3499634,26.123046875
3513114,26.18408203125
3513225,26.611328125
3518301,26.18408203125
3523170,26.4892578125
3524439,29.23583984375
3541835,37.353515625
3545259,33.50830078125
3562431,25.69580078125
3562679,25.5126953125
3563145,28.076171875
3564356,26.4892578125
3564774,25.7568359375
3582568,27.099609375
3583733,26.67236328125
3583883,37.2314453125
3583928,29.052734375
3584065,47.2412109375
3584506,38.87939453125
3584691,27.52685546875
3584977,35.94970703125
3585062,27.9541015625
3585147,48.64501953125
3585179,26.79443359375
3585203,27.16064453125
3585332,39.48974609375
3585470,31.06689453125
3587629,27.9541015625
3605358,31.73828125
3605525,29.9072265625
3608324,27.03857421875
3609226,26.611328125
3611579,27.2216796875
3626712,36.80419921875
3626805,28.076171875
3627230,49.072265625
3627499,43.3349609375
3627587,26.123046875
3627635,32.77587890625
3627760,28.25927734375
3627800,49.31640625
3627821,35.94970703125
3627846,31.06689453125
3627949,27.587890625
3627998,27.28271484375
3628077,27.7099609375
3628170,28.62548828125
3630611,32.3486328125
3650938,28.01513671875
3652625,28.01513671875
3653475,26.79443359375
3653849,29.96826171875
3654114,43.0908203125
3654230,28.38134765625
3654341,28.99169921875
3655635,43.45703125
3657659,41.259765625
3669511,28.01513671875
3675580,28.62548828125
3676621,31.3720703125
3676737,28.62548828125
3693356,28.99169921875
3695564,26.55029296875
3696310,27.83203125
3696329,25.87890625
3698922,26.123046875
3699033,27.9541015625
3704318,27.099609375
3709472,26.611328125
3725583,38.330078125
3725724,26.30615234375
3725879,26.30615234375
3729659,32.958984375
3731376,26.611328125
3732514,28.25927734375
3739737,27.83203125
3745203,33.38623046875
3745346,28.6865234375
3746617,28.86962890625
3762541,26.18408203125
3765154,28.13720703125
3768940,50.47607421875
3769211,28.38134765625
3769432,56.70166015625
3769691,45.71533203125
3769749,40.4052734375
3769920,26.67236328125
3770010,26.18408203125
3770055,29.296875
3770960,28.38134765625
3772065,25.69580078125
3772304,29.1748046875
3772691,26.18408203125
3772842,25.69580078125
3772931,39.1845703125
3772950,35.64453125
3773095,32.958984375
3773206,32.16552734375
3773277,28.50341796875
3796303,33.02001953125
3797172,29.11376953125
3797953,26.42822265625
3798624,34.11865234375
3798755,29.78515625
3800967,28.38134765625
3810351,31.18896484375
3815757,40.4052734375
3815969,26.06201171875
3816272,25.634765625
3816331,41.19873046875
3816386,27.64892578125
3816410,35.7666015625
3816467,28.86962890625
3816511,33.5693359375
3816533,30.09033203125
3816650,48.4619140625
3816819,25.5126953125
3816860,36.2548828125
3816960,27.83203125
3816991,44.61669921875
3817048,25.81787109375
3817163,43.212890625
3817289,27.64892578125
3819571,30.94482421875
3843135,31.1279296875
3843242,25.81787109375
3851515,28.38134765625
3861701,28.01513671875
3861718,29.35791015625
3863452,29.1748046875
3863764,43.51806640625
3864212,26.18408203125
3864770,48.64501953125
3864935,35.46142578125
3864945,35.82763671875
3865010,37.59765625
3865166,37.90283203125
3865255,34.66796875
3865372,29.47998046875
3865633,39.1845703125
3865649,25.57373046875
3865810,27.587890625
3865883,30.029296875
3889865,27.099609375
3890734,26.3671875
3904707,35.15625
3909052,46.08154296875
3909721,42.48046875
3909981,35.0341796875
3910190,26.85546875
3910423,26.06201171875
3910448,27.83203125
3910520,54.50439453125
3910624,29.60205078125
3910698,32.16552734375
3911351,25.7568359375
3912703,30.517578125
3935575,29.11376953125
3938182,33.8134765625
3938318,35.5224609375
3952556,27.28271484375
3952691,27.099609375
3955987,26.06201171875
3959413,47.18017578125
3970410,26.91650390625
3973899,25.634765625
3977535,41.748046875
3977687,32.28759765625
3981328,27.40478515625
3983043,25.87890625
3985093,28.1982421875
3994738,26.7333984375
4009720,27.34375
4023214,25.57373046875
4028037,27.16064453125
4029391,30.57861328125
4030158,30.70068359375
4030500,37.9638671875
4030651,30.6396484375
4031252,25.7568359375
4050440,27.9541015625
4059482,27.9541015625
4067427,26.06201171875
4069294,27.099609375
4073610,28.076171875
4077319,27.03857421875
4082676,26.123046875
4083627,26.06201171875
4085392,42.66357421875
4085568,33.63037109375
4085653,28.38134765625
4085708,27.4658203125
4085946,39.4287109375
4090766,27.83203125
4094752,27.83203125
4102764,27.83203125
4104466,25.57373046875
4107858,26.2451171875
4121543,28.076171875
4126336,28.25927734375
4128479,46.5087890625
4128862,39.1845703125
4129017,35.70556640625
4129074,29.78515625
4129515,29.47998046875
4129542,46.9970703125
4129588,28.50341796875
4129653,25.87890625
4129700,41.9921875
4129749,42.3583984375
4129952,56.82373046875
4130105,39.73388671875
4130123,26.611328125
4130179,27.7099609375
4130298,26.06201171875
4132319,28.74755859375
4153937,26.3671875
4155437,28.076171875
4155891,37.2314453125
4156037,37.2314453125
4171128,31.18896484375
4173558,58.53271484375
4173756,28.38134765625
4173840,32.8369140625
4173863,39.48974609375
4173882,25.81787109375
4173937,41.07666015625
4174020,27.03857421875
4174042,31.6162109375
4174078,28.25927734375
4174106,36.68212890625
4174278,27.9541015625
4174343,43.0908203125
4174504,38.4521484375
4174633,32.77587890625
4200083,29.47998046875
4201800,29.1748046875
4202254,35.82763671875
4202368,35.58349609375
4222953,26.123046875
4224135,43.76220703125
4225025,28.1982421875
4245036,28.50341796875
4246273,32.3486328125
4246374,27.64892578125
4246557,35.0341796875
4246680,26.30615234375
4247235,26.4892578125
4247674,47.91259765625
4247942,43.76220703125
4248013,26.85546875
4248100,31.92138671875
4248303,35.15625
4248512,39.6728515625
4248662,27.2216796875
4248773,31.3720703125
4270691,25.7568359375
4272996,25.87890625
4273878,28.076171875
4279512,36.0107421875
4279639,32.1044921875
4285279,29.35791015625
4291143,29.11376953125
4292284,54.3212890625
4292441,26.3671875
4292682,42.8466796875
4292696,38.6962890625
4292877,28.50341796875
4293082,26.2451171875
4293296,27.16064453125
4293310,46.56982421875
4293389,28.01513671875
4293413,45.34912109375
4293590,37.2314453125
4293610,31.005859375
4293637,26.4892578125
4293731,29.78515625
4311640,26.30615234375
4319626,26.55029296875
4320072,29.23583984375
4326865,41.80908203125
4327003,28.564453125
4327135,27.099609375
4331242,25.5126953125
4340165,27.52685546875
4340588,27.89306640625
4341053,30.76171875
4342043,53.5888671875
4342153,26.123046875
4342441,39.9169921875
4342693,46.5087890625
4342713,30.94482421875
4342726,49.74365234375
4342810,34.0576171875
4342965,29.96826171875
4343051,38.75732421875
4343187,26.30615234375
4343229,26.2451171875
4343367,34.36279296875
4343388,26.67236328125
4363303,25.69580078125
4367857,29.4189453125
4375468,33.63037109375
4375621,31.494140625
4386359,25.57373046875
4387367,28.564453125
4387520,35.33935546875
4387962,28.4423828125
4388276,53.03955078125
4388312,28.38134765625
4388527,35.46142578125
4388550,25.93994140625
4388714,29.11376953125
4388863,30.8837890625
4388952,27.89306640625
4388998,26.06201171875
4389078,27.099609375
4389177,25.81787109375
4389261,43.212890625
4389440,26.9775390625
4389458,33.5693359375
4389587,26.611328125
4389727,29.052734375
4391024,25.87890625
4391385,27.16064453125
4412709,28.9306640625
4418564,37.65869140625
4418711,30.029296875
4430571,26.06201171875
4435177,29.23583984375
4436075,25.57373046875
4436451,26.123046875
4437715,26.18408203125
4439215,26.30615234375
4452544,29.11376953125
4463275,28.3203125
4464070,36.9873046875
4464197,27.89306640625
4468612,27.2216796875
4470627,29.052734375
4481673,25.69580078125
4487797,27.40478515625
4488586,25.69580078125
4489288,28.4423828125
4498995,26.7333984375
4501086,29.9072265625
4502250,30.029296875
4503559,41.44287109375
4503963,31.494140625
4510949,29.296875
4512300,28.01513671875
4522886,27.89306640625
4526529,31.18896484375
4526737,27.28271484375
4527671,32.958984375
4534227,25.634765625
4538636,26.42822265625
4551378,32.1044921875
4554172,27.77099609375
4558403,26.4892578125
4564355,32.16552734375
4564798,36.4990234375
4564939,33.87451171875
4565115,27.587890625
4565129,27.16064453125
4579693,25.7568359375
4583853,26.3671875
4588531,26.611328125
4595120,34.912109375
4595329,32.40966796875
4598678,29.296875
4603129,48.828125
4603373,35.15625
4603417,25.87890625
4603505,28.01513671875
4603552,50.4150390625
4603831,42.1142578125
4604721,28.50341796875
4623803,26.0009765625
4633535,26.123046875
4643596,25.7568359375
4643976,25.81787109375
4644541,25.7568359375
4644624,31.73828125
4644873,36.62109375
4645111,30.1513671875
4646069,54.50439453125
4646433,48.52294921875
4646574,30.517578125
4647024,36.865234375
4647063,33.69140625
4647236,36.9873046875
4647397,35.33935546875
4647523,29.96826171875
4666423,33.50830078125
4666567,27.587890625
4669669,29.1748046875
4687387,32.28759765625
4687515,31.43310546875
4687637,27.83203125
4688315,29.1748046875
4689466,50.29296875
4689926,26.18408203125
4690033,42.05322265625
4690176,25.87890625
4690237,25.57373046875
4690356,29.47998046875
4690416,32.16552734375
4690879,39.9169921875
4690909,27.16064453125
4691069,28.1982421875
4691092,37.65869140625
4691104,28.6865234375
4691248,31.43310546875
4691290,32.2265625
4691375,33.02001953125
4715486,26.0009765625
4715975,25.7568359375
4716124,26.85546875
4718277,34.5458984375
4718380,26.611328125
4732997,31.55517578125
4734320,28.25927734375
4734524,45.59326171875
4735185,27.34375
4735519,46.69189453125
4735825,41.259765625
4735863,38.4521484375
4735919,30.6396484375
4736007,33.69140625
4736058,38.14697265625
4736254,32.470703125
4736428,48.27880859375
4736498,28.86962890625
4736618,26.2451171875
4736671,40.52734375
4736823,32.71484375
4736928,26.79443359375
4736969,26.67236328125
4737140,26.30615234375
4738786,27.40478515625
4738978,27.52685546875
4758250,30.70068359375
4758350,27.099609375
4767338,25.87890625
4777361,25.93994140625
4778288,30.3955078125
4778818,25.87890625
4779041,26.85546875
4779154,43.0908203125
4779465,29.296875
4779595,26.2451171875
4779677,33.26416015625
4779775,25.87890625
4779825,36.865234375
4780085,36.43798828125
4781207,26.3671875
4781902,34.0576171875
4781936,27.83203125
4782143,39.6728515625
4782232,26.55029296875
4782373,37.109375
4782538,33.99658203125
