4799201,0
17076,46.9970703125
17395,36.865234375
17458,47.79052734375
17671,40.283203125
17782,45.166015625
17946,40.771484375
17973,46.44775390625
18099,48.828125
18193,39.794921875
18204,44.37255859375
18231,56.7626953125
18256,52.3681640625
18283,55.5419921875
18298,46.7529296875
18329,42.1142578125
18380,36.376953125
18414,36.2548828125
20435,35.82763671875
21270,35.58349609375
81622,53.1005859375
81680,41.1376953125
81691,46.81396484375
82058,41.259765625
82246,44.98291015625
82335,35.82763671875
82404,47.607421875
82427,35.5224609375
82543,43.5791015625
82693,45.22705078125
82839,37.65869140625
83047,43.02978515625
83276,35.400390625
123844,43.15185546875
123898,43.45703125
124320,44.0673828125
124683,44.25048828125
155974,54.13818359375
156419,52.24609375
156492,37.29248046875
156938,58.349609375
187247,35.58349609375
187289,38.9404296875
187702,43.212890625
187769,36.07177734375
187794,36.92626953125
188290,38.6962890625
216042,39.6728515625
216135,36.1328125
216489,35.94970703125
217199,51.08642578125
233066,44.37255859375
233119,37.41455078125
233711,59.08203125
234447,38.818359375
234699,56.640625
280756,44.677734375
281185,52.978515625
281234,36.62109375
281286,36.92626953125
302957,59.63134765625
303046,41.07666015625
303486,40.83251953125
303520,42.96875
303919,44.921875
303951,44.189453125
304023,36.92626953125
335630,37.4755859375
335652,48.76708984375
336107,48.27880859375
336218,42.6025390625
336711,56.45751953125
355179,50.29296875
355209,42.3583984375
355246,40.58837890625
355720,60.24169921875
356130,48.4619140625
356693,53.16162109375
356716,37.78076171875
356810,38.9404296875
356929,36.865234375
358297,48.64501953125
385247,48.64501953125
385816,40.1611328125
385930,37.353515625
386080,37.353515625
386096,40.0390625
387053,38.63525390625
387181,39.00146484375
425034,48.27880859375
425077,46.9970703125
425146,35.888671875
425187,37.4755859375
425304,40.71044921875
425611,35.46142578125
425697,44.0673828125
425995,37.90283203125
426025,49.49951171875
426094,38.02490234375
426547,38.14697265625
456988,67.138671875
457113,56.15234375
457195,39.48974609375
458041,36.1328125
458057,52.55126953125
482195,39.0625
482245,38.330078125
482277,36.68212890625
482581,39.97802734375
482595,53.64990234375
482661,42.90771484375
483388,41.015625
526627,48.52294921875
526660,40.10009765625
527199,42.236328125
527838,41.68701171875
532310,52.001953125
532415,44.49462890625
532456,38.51318359375
532531,41.93115234375
532985,56.21337890625
533006,37.78076171875
533153,38.02490234375
565325,38.330078125
565347,37.109375
565362,37.53662109375
565381,56.5185546875
565465,38.02490234375
565913,38.87939453125
565938,40.46630859375
604266,64.208984375
604669,41.07666015625
604724,37.53662109375
604792,35.400390625
605255,38.14697265625
605393,50.1708984375
644615,46.69189453125
644681,36.2548828125
645041,52.24609375
645169,45.2880859375
646017,37.53662109375
646140,43.76220703125
646243,36.0107421875
647303,39.00146484375
648061,38.818359375
691289,52.42919921875
691351,51.26953125
691423,51.1474609375
692526,38.75732421875
692583,45.83740234375
692703,38.818359375
693105,41.56494140625
693173,44.677734375
750807,41.44287109375
750850,37.29248046875
750878,38.2080078125
751421,35.82763671875
751451,59.6923828125
778311,50.78125
778861,58.16650390625
778886,39.1845703125
778914,40.71044921875
779598,53.22265625
780080,38.02490234375
817904,53.64990234375
817944,41.015625
818009,35.400390625
818058,37.4755859375
818438,41.9921875
818845,46.2646484375
834089,43.27392578125
834158,37.29248046875
834228,52.91748046875
840522,49.37744140625
841145,48.828125
841235,40.0390625
841343,47.30224609375
841421,35.46142578125
841555,39.61181640625
841679,37.2314453125
852578,37.53662109375
852998,45.95947265625
853051,39.85595703125
853065,35.7666015625
854389,38.51318359375
859209,54.26025390625
859667,35.82763671875
859823,55.17578125
860078,50.29296875
860482,49.37744140625
860832,37.65869140625
902073,39.12353515625
902105,49.62158203125
902134,56.82373046875
902154,60.11962890625
902171,59.5703125
902192,38.39111328125
902227,43.701171875
902254,48.4619140625
902264,47.30224609375
902300,38.75732421875
902328,45.654296875
902375,41.9921875
902469,40.4052734375
902583,37.53662109375
904839,35.7666015625
905050,42.90771484375
905247,39.85595703125
905451,35.64453125
905665,36.865234375
905909,36.7431640625
906174,47.7294921875
906481,40.71044921875
907111,43.02978515625
942755,52.79541015625
942810,41.07666015625
942883,39.306640625
942982,37.78076171875
943054,46.44775390625
943079,48.7060546875
943104,53.03955078125
943138,64.3310546875
943160,50.1708984375
943175,46.32568359375
943223,56.15234375
943257,42.48046875
943294,39.85595703125
943458,35.888671875
945047,36.43798828125
945591,41.3818359375
945778,37.78076171875
946451,35.33935546875
947109,40.58837890625
1067574,42.41943359375
1068012,35.64453125
1068064,39.6728515625
1068518,49.37744140625
1068561,40.771484375
1068720,39.24560546875
1068761,39.73388671875
1068776,54.19921875
1068797,39.61181640625
1068812,36.31591796875
1068842,64.208984375
1068859,44.25048828125
1068890,43.76220703125
1068908,50.537109375
1068948,56.2744140625
1069004,35.64453125
1069037,39.9169921875
1069131,42.1142578125
1070641,36.4990234375
1070793,36.68212890625
1070943,40.283203125
1071126,37.109375
1071301,39.794921875
1072272,35.7666015625
1072810,35.94970703125
1073435,36.376953125
1151394,49.98779296875
1151852,36.2548828125
1151875,41.8701171875
1151932,40.6494140625
1151948,38.63525390625
1152317,36.1328125
1152330,41.19873046875
1152356,44.73876953125
1152371,48.9501953125
1152398,59.5703125
1152415,53.1005859375
1152434,42.8466796875
1152452,47.9736328125
1152463,52.490234375
1152489,39.36767578125
1152510,37.65869140625
1152533,47.30224609375
1152571,39.6728515625
1152594,39.4287109375
1154417,36.0107421875
1154573,37.4755859375
1155127,42.96875
1155696,37.29248046875
1155912,35.400390625
1156165,37.7197265625
1189329,46.38671875
1189772,39.794921875
1189800,43.3349609375
1189863,38.4521484375
1189919,40.71044921875
1189948,62.1337890625
1189966,50.9033203125
1189990,39.1845703125
1190002,44.98291015625
1190029,54.19921875
1190042,76.5380859375
1190056,42.05322265625
1190079,41.8701171875
1190112,38.57421875
1190138,38.9404296875
1190164,37.65869140625
1190177,41.50390625
1190324,37.65869140625
1191607,35.33935546875
1192991,39.9169921875
1193884,41.93115234375
1270994,36.0107421875
1271056,37.65869140625
1271516,49.25537109375
1271645,39.73388671875
1271710,35.64453125
1271761,39.1845703125
1271772,42.78564453125
1271786,60.72998046875
1271801,69.51904296875
1271821,35.58349609375
1271851,53.89404296875
1271873,57.80029296875
1271899,36.865234375
1271920,35.400390625
1271934,38.9404296875
1271945,37.2314453125
1271968,36.4990234375
1273206,38.6962890625
1274993,36.376953125
1275729,43.02978515625
1312954,50.72021484375
1313073,43.3349609375
1313399,71.8994140625
1313431,76.11083984375
1313456,53.3447265625
1313471,35.82763671875
1313507,63.41552734375
1313529,43.15185546875
1313560,39.24560546875
1313574,56.57958984375
1313607,39.794921875
1313690,39.1845703125
1313717,43.15185546875
1315804,37.78076171875
1315974,35.58349609375
1316558,41.015625
1317074,42.48046875
1317448,35.70556640625
1409473,52.24609375
1409493,36.2548828125
1409905,62.5
1410002,35.400390625
1410015,40.46630859375
1410227,35.888671875
1410279,44.12841796875
1410322,37.7197265625
1410369,37.4755859375
1410397,79.833984375
1410412,63.96484375
1410434,40.1611328125
1410456,41.3818359375
1410468,39.4287109375
1410492,60.60791015625
1410519,55.2978515625
1410536,46.5087890625
1410551,36.2548828125
1410577,36.07177734375
1410614,41.56494140625
1410813,36.07177734375
1413492,35.888671875
1414463,38.63525390625
1484043,47.42431640625
1484471,50.59814453125
1484545,36.1328125
1484796,54.01611328125
1484835,61.1572265625
1484859,49.8046875
1484887,58.7158203125
1484904,50.35400390625
1484916,40.771484375
1484931,36.19384765625
1484963,51.08642578125
1485061,37.04833984375
1485098,39.0625
1486495,37.2314453125
1488595,37.7197265625
1489069,37.841796875
1548695,36.80419921875
1548736,47.66845703125
1549266,41.748046875
1549319,41.80908203125
1549595,48.2177734375
1549633,50.537109375
1549667,45.654296875
1549689,39.48974609375
1549709,56.640625
1549719,36.0107421875
1549744,40.34423828125
1549755,41.8701171875
1549778,39.61181640625
1549802,35.64453125
1549819,47.05810546875
1549848,51.81884765625
1549860,39.9169921875
1549895,46.20361328125
1549921,35.94970703125
1549932,40.1611328125
1550005,35.70556640625
1550089,35.5224609375
1551960,36.56005859375
1553310,37.353515625
1553678,40.34423828125
1596238,44.12841796875
1596619,67.626953125
1597164,36.865234375
1597240,52.001953125
1597328,35.33935546875
1597379,51.33056640625
1597420,45.47119140625
1597443,39.306640625
1597476,42.29736328125
1597497,48.4619140625
1597522,67.81005859375
1597533,51.33056640625
1597559,51.33056640625
1597579,46.142578125
1597620,40.771484375
1597652,59.26513671875
1597688,38.02490234375
1597715,63.1103515625
1597747,38.818359375
1599586,35.82763671875
1600476,39.61181640625
1601681,37.17041015625
1677469,40.71044921875
1677824,39.9169921875
1678036,45.10498046875
1678063,55.23681640625
1678075,38.63525390625
1678131,42.41943359375
1678164,55.72509765625
1678192,57.92236328125
1678208,46.69189453125
1678248,61.1572265625
1678277,49.6826171875
1678294,53.7109375
1678326,42.17529296875
1678398,46.38671875
1678439,36.62109375
1678482,38.63525390625
1681404,41.07666015625
1681850,36.4990234375
1682141,41.50390625
1682774,37.7197265625
1743036,51.7578125
1743472,37.04833984375
1743520,45.10498046875
1743762,37.109375
1743850,51.7578125
1743959,35.46142578125
1744028,36.1328125
1744048,38.330078125
1744091,45.41015625
1744119,73.73046875
1744169,38.9404296875
1744191,40.4052734375
1744215,46.69189453125
1744237,39.12353515625
1744276,57.9833984375
1744300,37.17041015625
1744351,36.0107421875
1746251,35.5224609375
1747646,37.7197265625
1787705,47.9736328125
1787772,36.0107421875
1788305,37.4755859375
1788338,46.630859375
1788359,38.6962890625
1788565,41.1376953125
1788641,52.734375
1788887,48.76708984375
1789094,37.59765625
1789205,39.6728515625
1789286,38.9404296875
1789501,45.2880859375
1840844,45.83740234375
1840975,39.00146484375
1841317,35.70556640625
1841346,41.56494140625
1841375,49.98779296875
1841827,43.39599609375
1842132,36.4990234375
1882381,58.77685546875
1882467,36.62109375
1882909,51.81884765625
1883531,35.64453125
1883579,48.095703125
1883611,47.54638671875
1909936,37.90283203125
1909990,39.24560546875
1910003,36.7431640625
1910103,39.9169921875
1910545,73.42529296875
1911308,45.0439453125
1938984,40.46630859375
1939050,41.50390625
1939504,63.65966796875
1940234,40.283203125
1940285,39.00146484375
1983327,50.4150390625
1983793,49.560546875
1983863,37.59765625
1985286,41.3818359375
1986056,48.583984375
2021922,47.8515625
2021955,43.0908203125
2022594,36.80419921875
2022677,43.15185546875
2022741,48.64501953125
2029329,36.19384765625
2029760,47.30224609375
2029959,56.640625
2067904,55.11474609375
2068516,53.28369140625
2113296,51.26953125
2113314,39.36767578125
2113387,42.66357421875
2113422,44.12841796875
2113541,38.330078125
2113998,36.19384765625
2114052,55.7861328125
2114904,35.70556640625
2114930,38.57421875
2114965,37.04833984375
2115015,49.25537109375
2115204,37.353515625
2159233,52.8564453125
2159287,37.78076171875
2193253,41.32080078125
2194221,42.48046875
2194322,45.41015625
2194921,40.0390625
2195050,38.02490234375
2195144,35.94970703125
2195646,44.921875
2264120,39.85595703125
2264150,41.6259765625
2264668,48.40087890625
2264727,36.4990234375
2265718,56.15234375
2265760,36.92626953125
2265955,51.6357421875
2266312,40.10009765625
2266344,36.68212890625
2348491,63.232421875
2348534,40.283203125
2348548,36.0107421875
2349214,46.875
2349282,35.33935546875
2349763,36.68212890625
2435781,43.39599609375
2436136,61.6455078125
2436185,45.8984375
2436774,42.78564453125
2436929,40.58837890625
2437281,55.35888671875
2534047,50.84228515625
2534127,35.400390625
2535063,41.259765625
2535083,47.91259765625
2535127,36.4990234375
2535161,40.10009765625
2535200,35.46142578125
2592438,39.1845703125
2593037,47.4853515625
2593253,56.33544921875
2593311,39.9169921875
2593390,42.29736328125
2685447,55.7861328125
2686622,46.630859375
2686639,48.33984375
2686666,36.62109375
2686770,40.0390625
2857322,47.30224609375
2857372,56.21337890625
2857945,55.72509765625
2858023,37.90283203125
2858758,37.59765625
2858923,40.6494140625
2858934,48.03466796875
2858965,53.03955078125
2858981,41.6259765625
2859004,64.8193359375
2859038,66.34521484375
2859050,53.3447265625
2859076,52.79541015625
2859094,40.6494140625
2859107,58.28857421875
2859150,42.48046875
2860320,39.00146484375
2860487,36.376953125
2861160,43.212890625
2861519,36.43798828125
2861702,38.14697265625
2861903,42.48046875
2862129,36.43798828125
2862375,39.12353515625
2862687,36.9873046875
2863189,48.76708984375
2976670,45.34912109375
2976692,44.0673828125
2976721,61.4013671875
2976737,37.17041015625
2976749,59.50927734375
2976763,49.49951171875
2976794,39.6728515625
2976811,43.0908203125
2976842,37.109375
2976873,43.02978515625
2976938,48.76708984375
2978818,37.41455078125
2978971,44.189453125
2979126,38.26904296875
2979304,36.43798828125
2979647,36.376953125
2980006,41.1376953125
2980212,39.24560546875
2980433,36.62109375
2980653,48.88916015625
3074463,66.0400390625
3074556,42.66357421875
3075042,37.353515625
3075082,41.8701171875
3075119,36.2548828125
3075162,37.17041015625
3075393,41.56494140625
3075408,51.1474609375
3075425,53.28369140625
3075451,37.90283203125
3075467,37.4755859375
3075489,36.2548828125
3075510,36.31591796875
3075541,35.888671875
3075561,48.76708984375
3075618,39.36767578125
3075715,45.22705078125
3077194,37.90283203125
3077341,41.50390625
3077497,39.24560546875
3078501,38.26904296875
3078707,39.55078125
3078944,35.33935546875
3079612,39.73388671875
3137253,56.2744140625
3137345,47.119140625
3137478,36.4990234375
3137500,52.734375
3137520,39.48974609375
3137535,44.5556640625
3137558,38.26904296875
3137592,65.36865234375
3137627,37.9638671875
3137639,39.1845703125
3137664,53.7109375
3137723,35.82763671875
3139715,35.94970703125
3140175,36.1328125
3141628,43.15185546875
3142118,37.841796875
3219444,53.3447265625
3219805,61.4013671875
3219835,39.24560546875
3219925,36.9873046875
3220066,55.0537109375
3220083,64.88037109375
3220097,45.41015625
3220114,36.9873046875
3220145,43.64013671875
3220171,36.376953125
3220183,59.02099609375
3220220,54.19921875
3220288,43.02978515625
3221830,35.82763671875
3222402,39.1845703125
3223198,36.376953125
3223898,35.64453125
3224205,38.51318359375
3224659,37.109375
3302264,43.3349609375
3302466,45.8984375
3302602,35.64453125
3302734,37.53662109375
3302745,53.7109375
3302772,39.6728515625
3302793,55.23681640625
3302822,51.20849609375
3302855,48.4619140625
3302878,42.54150390625
3302889,46.5087890625
3302907,44.25048828125
3302957,38.2080078125
3306414,36.43798828125
3306648,37.2314453125
3307702,44.0673828125
3378103,40.95458984375
3378162,37.41455078125
3378279,36.07177734375
3378327,36.31591796875
3378344,47.30224609375
3378374,57.55615234375
3378401,53.7109375
3378416,43.02978515625
3378439,45.71533203125
3378458,35.64453125
3378472,36.07177734375
3378529,44.61669921875
3381978,39.1845703125
3460184,42.66357421875
3460230,48.64501953125
3460251,35.400390625
3460346,41.68701171875
3460366,36.9873046875
3460392,85.02197265625
3460407,42.29736328125
3460450,43.701171875
3460484,70.80078125
3460516,54.13818359375
3460532,39.6728515625
3460566,38.39111328125
3460594,36.865234375
3460737,36.376953125
3460786,37.17041015625
3462785,35.5224609375
3464427,39.6728515625
3464735,38.0859375
3533073,47.4853515625
3533139,50.29296875
3533185,47.607421875
3533206,42.66357421875
3533227,40.22216796875
3533262,62.07275390625
3533272,66.83349609375
3533302,43.5791015625
3533339,39.73388671875
3533366,47.91259765625
3533392,57.31201171875
3533442,44.37255859375
3533482,35.33935546875
3533554,35.46142578125
3537296,36.4990234375
3537684,42.29736328125
3592913,48.52294921875
3592961,54.6875
3593048,40.22216796875
3593058,58.77685546875
3593081,38.75732421875
3593105,68.84765625
3593125,47.18017578125
3593155,66.89453125
3593168,36.376953125
3593205,40.4052734375
3593224,43.51806640625
3593244,41.44287109375
3593258,38.75732421875
3593363,36.1328125
3595169,36.07177734375
3597050,38.57421875
3597407,35.94970703125
3668529,50.10986328125
3668572,38.02490234375
3668622,35.7666015625
3668693,38.87939453125
3668720,70.61767578125
3668741,44.12841796875
3668760,36.43798828125
3668782,48.828125
3668792,47.9736328125
3668819,41.015625
3668831,40.46630859375
3668855,54.5654296875
3668869,45.10498046875
3668915,36.9873046875
3668968,35.46142578125
3668980,36.92626953125
3672982,38.818359375
3738912,44.61669921875
3738958,37.841796875
3738994,44.677734375
3739065,48.4619140625
3739088,37.65869140625
3739109,56.70166015625
3739137,52.06298828125
3739171,36.31591796875
3739183,43.64013671875
3739223,49.072265625
3739244,52.1240234375
3739308,47.54638671875
3739606,36.4990234375
3741030,36.19384765625
3743108,36.1328125
3743477,41.50390625
3808232,45.7763671875
3808263,38.26904296875
3808289,35.400390625
3808319,39.00146484375
3808349,41.259765625
3808414,41.80908203125
3808440,51.45263671875
3808461,65.36865234375
3808476,36.0107421875
3808491,64.5751953125
3808501,48.64501953125
3808522,38.39111328125
3808551,38.02490234375
3808579,37.4755859375
3808594,36.4990234375
3808618,40.22216796875
3808630,35.58349609375
3808677,36.68212890625
3811850,35.70556640625
3812625,37.04833984375
3878357,53.89404296875
3878420,39.9169921875
3878456,35.888671875
3878477,36.376953125
3878499,51.69677734375
3878523,56.15234375
3878548,39.85595703125
3878573,36.80419921875
3878586,45.2880859375
3878606,36.376953125
3878620,58.41064453125
3878633,39.1845703125
3878662,39.24560546875
3878690,59.02099609375
3878759,36.62109375
3878791,36.4990234375
3878879,40.4052734375
3879085,42.29736328125
3881988,35.70556640625
3882806,40.71044921875
3943050,47.54638671875
3943075,42.78564453125
3943182,62.98828125
3943247,40.771484375
3943284,41.6259765625
3943295,40.771484375
3943344,71.71630859375
3943359,36.376953125
3943393,38.330078125
3943424,35.33935546875
3943434,36.43798828125
3943474,37.04833984375
3943506,46.93603515625
3943520,37.4755859375
3943630,40.52734375
3971661,49.31640625
3971720,40.6494140625
3971769,41.015625
3971787,42.29736328125
3971881,38.39111328125
3971913,39.36767578125
3971929,35.888671875
3971961,38.9404296875
3971993,61.279296875
3972010,36.62109375
3972041,39.55078125
3972064,59.99755859375
3972106,35.58349609375
3972128,50.6591796875
3972166,39.55078125
3972220,35.70556640625
3974704,35.46142578125
3975294,36.31591796875
3975959,35.70556640625
4051735,38.330078125
4051818,49.37744140625
4051875,36.0107421875
4051947,36.4990234375
4052026,52.67333984375
4052049,45.34912109375
4052071,61.46240234375
4052084,43.02978515625
4052118,39.85595703125
4052134,37.2314453125
4052162,39.306640625
4052181,38.02490234375
4052205,44.49462890625
4052221,42.724609375
4052240,45.83740234375
4052274,48.03466796875
4056468,40.1611328125
4117473,50.35400390625
4117546,38.75732421875
4117567,42.96875
4117588,36.80419921875
4117681,43.39599609375
4117710,41.3818359375
4117763,39.85595703125
4117775,37.65869140625
4117793,51.45263671875
4117830,41.32080078125
4117845,39.00146484375
4117864,54.8095703125
4117895,64.75830078125
4117908,46.5087890625
4117930,51.3916015625
4117948,42.90771484375
4117996,37.59765625
4119118,35.82763671875
4121955,36.865234375
4143986,42.96875
4144044,40.10009765625
4144112,40.1611328125
4144298,53.3447265625
4144324,37.65869140625
4144356,44.5556640625
4144372,43.5791015625
4144398,65.97900390625
4144413,55.84716796875
4144457,45.41015625
4144478,38.75732421875
4144496,43.8232421875
4144520,45.0439453125
4144548,44.61669921875
4144564,38.02490234375
4144653,40.83251953125
4147707,35.5224609375
4148346,39.00146484375
4180264,47.4853515625
4180321,42.05322265625
4180377,36.7431640625
4180412,50.96435546875
4180436,50.10986328125
4180470,44.12841796875
4180494,36.56005859375
4180537,38.818359375
4180569,48.27880859375
4180593,47.79052734375
4180635,48.2177734375
4180658,38.14697265625
4180703,36.56005859375
4183952,36.2548828125
4184232,42.90771484375
4184611,35.58349609375
4245385,46.44775390625
4245442,48.828125
4245468,37.17041015625
4245538,36.7431640625
4245616,39.12353515625
4245658,35.94970703125
4245725,53.64990234375
4245761,35.5224609375
4245805,54.8095703125
4245832,41.748046875
4245854,41.6259765625
4245884,62.98828125
4245907,36.80419921875
4245951,50.9033203125
4245982,43.88427734375
4249446,38.02490234375
4332179,39.1845703125
4332241,36.07177734375
4332467,43.64013671875
4332501,38.4521484375
4332528,41.1376953125
4332567,55.0537109375
4332593,35.94970703125
4332617,40.8935546875
4332658,38.2080078125
4332677,38.4521484375
4332700,43.8232421875
4332720,61.6455078125
4332735,39.1845703125
4335017,36.1328125
4335876,36.0107421875
4410558,38.0859375
4410684,53.28369140625
4410789,39.306640625
4410874,35.400390625
4410893,43.3349609375
4410930,36.2548828125
4410958,40.8935546875
4410981,46.7529296875
4410994,37.90283203125
4411044,40.34423828125
4411074,64.88037109375
4411120,41.93115234375
4411166,35.94970703125
4411220,48.7060546875
4411258,37.4755859375
4412248,36.07177734375
4413181,37.78076171875
4413975,36.80419921875
4414392,36.865234375
4414624,35.7666015625
4414894,39.36767578125
4451349,41.56494140625
4451404,42.05322265625
4451426,40.1611328125
4451482,39.794921875
4451541,36.62109375
4451592,37.353515625
4451655,38.2080078125
4451667,41.44287109375
4451703,79.1015625
4451733,41.93115234375
4451758,41.32080078125
4451778,64.27001953125
4451812,40.95458984375
4451827,35.7666015625
4451854,43.27392578125
4452231,36.07177734375
4453362,35.94970703125
4454473,35.7666015625
4454887,40.34423828125
4455553,38.51318359375
4488544,39.00146484375
4488554,60.546875
4488596,43.8232421875
4488687,55.419921875
4488703,42.66357421875
4488714,36.19384765625
4488752,43.88427734375
4488780,66.2841796875
4488792,48.64501953125
4488825,68.2373046875
4488856,42.05322265625
4488866,49.62158203125
4488890,36.376953125
4488911,39.73388671875
4488930,53.03955078125
4488955,44.12841796875
4488995,36.376953125
4492236,44.7998046875
4492666,39.73388671875
4575627,50.10986328125
4575667,39.97802734375
4575717,39.85595703125
4575753,44.12841796875
4575763,43.02978515625
4575787,49.13330078125
4575824,57.4951171875
4575849,58.16650390625
4575877,45.83740234375
4575915,51.45263671875
4575925,46.630859375
4575972,39.97802734375
4576011,36.865234375
4576032,41.259765625
4579262,39.85595703125
4587082,49.8046875
4587137,35.46142578125
4587160,59.326171875
4587189,45.8984375
4587222,46.38671875
4587250,36.376953125
4587273,43.5791015625
4587352,80.62744140625
4587409,63.720703125
4587423,46.69189453125
4587452,54.6875
4587475,38.63525390625
4587530,40.52734375
4587570,38.14697265625
4587580,35.64453125
4587819,43.02978515625
4590243,40.1611328125
4633478,41.259765625
4633518,35.7666015625
4633541,42.724609375
4633569,36.9873046875
4633600,51.45263671875
4633629,50.4150390625
4633641,49.49951171875
4633673,46.38671875
4633696,63.4765625
4633706,51.26953125
4633735,40.6494140625
4633747,43.45703125
4633773,51.26953125
4633790,36.4990234375
4633838,40.6494140625
4633849,46.44775390625
4633866,40.52734375
4633895,39.48974609375
4634318,35.33935546875
4637009,36.1328125
4637327,39.36767578125
4743705,47.4853515625
4743809,36.0107421875
4743838,36.9873046875
4743871,43.5791015625
4743907,36.865234375
4744029,38.87939453125
4744073,36.7431640625
4744091,41.3818359375
4744119,38.4521484375
4744218,38.9404296875
4744242,35.400390625
4744264,55.35888671875
4744295,41.32080078125
4744310,48.4619140625
4744328,52.1240234375
4744353,37.65869140625
4744380,42.8466796875
4744403,39.12353515625
4744429,38.63525390625
4744475,36.31591796875
4746585,35.5224609375
4748075,36.62109375
