4799201,0
18189,42.29736328125
18279,39.61181640625
158239,39.306640625
565262,39.61181640625
853156,49.13330078125
902128,50.9033203125
902189,42.1142578125
942882,40.771484375
943101,58.41064453125
943131,42.17529296875
943182,42.05322265625
943338,39.794921875
1068796,43.02978515625
1152384,41.07666015625
1152435,42.6025390625
1152636,42.90771484375
1189808,40.95458984375
1189987,47.607421875
1271796,44.677734375
1271809,49.62158203125
1271867,40.71044921875
1313364,40.34423828125
1313395,39.4287109375
1313497,44.98291015625
1313553,39.55078125
1410439,42.3583984375
1484842,50.78125
1484883,41.3818359375
1484918,41.1376953125
1549657,40.771484375
1549685,39.24560546875
1597462,42.8466796875
1597683,40.71044921875
1678107,44.0673828125
1678187,47.8515625
1678246,39.48974609375
1744100,42.96875
1744119,40.52734375
2068670,41.8701171875
2436195,51.1474609375
3075389,47.36328125
3075420,42.1142578125
3075467,41.015625
3075519,44.5556640625
3137557,47.79052734375
3137585,55.48095703125
3137645,44.37255859375
3220245,39.12353515625
3302786,39.0625
3302855,42.90771484375
3378252,38.9404296875
3460320,39.36767578125
3533242,41.44287109375
3533264,46.875
3533312,40.58837890625
3533401,40.8935546875
3593096,40.46630859375
3593149,44.921875
3593274,53.52783203125
3739148,45.71533203125
3739271,39.6728515625
3808521,39.794921875
3878522,41.93115234375
3943407,41.1376953125
3943465,39.12353515625
3971924,40.771484375
3971941,41.9921875
4052133,41.6259765625
4052264,40.58837890625
4144006,39.12353515625
4144429,48.76708984375
4144463,45.22705078125
4180509,42.724609375
4245591,41.50390625
4245791,39.24560546875
4245828,39.4287109375
4332661,45.166015625
4411094,39.24560546875
4451672,41.68701171875
4575787,40.52734375
4576066,39.55078125
4587329,39.1845703125
4587366,50.84228515625
4633594,39.85595703125
4633619,40.46630859375
4633688,39.00146484375
