4799001,0
6119,58.53271484375
7667,51.20849609375
9207,53.955078125
11239,61.6455078125
15137,50.96435546875
17103,53.77197265625
17914,31.8603515625
18288,31.92138671875
18545,53.40576171875
19011,48.76708984375
19359,33.26416015625
35147,59.63134765625
36187,50.29296875
36896,41.07666015625
37244,52.24609375
37757,35.15625
37998,56.15234375
38492,43.27392578125
38948,42.6025390625
53983,57.43408203125
55887,51.8798828125
57922,50.84228515625
59669,51.45263671875
60990,48.4619140625
61519,50.84228515625
61987,48.2177734375
77252,61.34033203125
78266,48.88916015625
79633,58.4716796875
87925,61.279296875
89188,34.1796875
89368,59.50927734375
89577,31.92138671875
89794,36.0107421875
89931,53.8330078125
90043,33.63037109375
90253,41.19873046875
105783,60.24169921875
106979,51.6357421875
107419,31.31103515625
107834,53.1005859375
108520,59.5703125
109104,44.0673828125
109714,41.19873046875
110198,40.71044921875
110819,35.70556640625
111316,32.3486328125
112059,31.18896484375
125916,58.16650390625
127527,54.13818359375
128894,56.0302734375
129941,52.18505859375
132384,51.69677734375
137311,47.05810546875
140385,57.06787109375
141835,51.025390625
142660,33.8134765625
142693,50.29296875
142891,32.1044921875
143058,35.7666015625
143225,49.37744140625
143789,47.05810546875
144285,42.724609375
159411,52.30712890625
160953,47.119140625
162171,35.15625
162244,57.67822265625
163344,46.142578125
164135,32.5927734375
165523,50.048828125
170594,53.52783203125
172734,45.71533203125
174033,32.04345703125
174171,46.9970703125
174661,32.1044921875
175196,42.41943359375
175611,34.7900390625
192493,58.9599609375
194034,55.7861328125
194927,34.1796875
195001,46.08154296875
195152,32.71484375
195867,46.32568359375
196513,47.9736328125
196943,45.2880859375
212055,66.2841796875
213844,52.978515625
217219,49.98779296875
222764,53.466796875
223430,55.2978515625
223841,44.00634765625
224129,34.912109375
226636,43.5791015625
239482,56.33544921875
240522,60.36376953125
240670,32.5927734375
241104,35.82763671875
241399,54.5654296875
241792,33.0810546875
242091,32.470703125
242888,48.52294921875
243943,43.02978515625
253848,60.302734375
255301,50.9033203125
256344,47.7294921875
256528,31.73828125
257027,56.70166015625
257196,32.28759765625
257491,42.1142578125
257859,40.4052734375
273170,57.6171875
274749,63.65966796875
277082,56.7626953125
278633,54.87060546875
279210,34.0576171875
279567,52.79541015625
279894,39.24560546875
280636,53.28369140625
281107,42.54150390625
281619,48.828125
296835,51.7578125
297783,31.8603515625
298129,50.47607421875
299697,54.5654296875
308523,58.59375
308873,34.60693359375
309377,67.0166015625
309819,53.22265625
310170,58.41064453125
326040,55.11474609375
327066,51.94091796875
327140,31.55517578125
327903,63.41552734375
328630,50.537109375
328951,34.24072265625
329232,49.01123046875
329884,40.10009765625
330536,31.18896484375
341680,54.99267578125
342916,45.95947265625
343875,57.12890625
344650,33.14208984375
344918,51.7578125
345504,45.166015625
346102,37.29248046875
361497,56.70166015625
362335,66.7724609375
363326,60.97412109375
364632,44.86083984375
365773,50.4150390625
373755,52.001953125
375807,65.12451171875
376828,55.2978515625
377678,49.9267578125
378181,42.236328125
393912,58.28857421875
394625,31.18896484375
394769,55.23681640625
394852,31.43310546875
395487,55.5419921875
396123,54.3212890625
396792,46.93603515625
396859,32.2265625
406033,57.18994140625
407663,58.28857421875
409448,56.2744140625
410908,50.59814453125
411232,31.31103515625
412029,58.9599609375
412694,49.62158203125
413216,40.6494140625
428211,59.26513671875
428901,32.958984375
429087,57.6171875
429187,31.3720703125
429655,33.69140625
429805,47.91259765625
430171,36.7431640625
430415,48.76708984375
431183,49.560546875
432080,45.47119140625
438692,56.884765625
442289,55.17578125
443383,50.59814453125
444185,50.47607421875
444846,33.3251953125
445084,45.59326171875
445615,38.57421875
458162,51.3916015625
461385,55.17578125
462584,55.7861328125
463248,42.17529296875
463790,48.40087890625
464111,31.73828125
464365,44.7998046875
464854,48.33984375
465652,31.43310546875
476594,49.25537109375
478190,49.31640625
479469,53.16162109375
480026,45.10498046875
480694,48.7060546875
481631,49.98779296875
482335,41.07666015625
482819,36.80419921875
497247,53.52783203125
497717,37.04833984375
497948,51.81884765625
498417,31.494140625
498595,41.56494140625
499228,48.33984375
499840,45.2880859375
510813,55.11474609375
512142,61.21826171875
512857,32.28759765625
512948,62.8662109375
513327,45.95947265625
513718,42.17529296875
527848,57.43408203125
528455,33.87451171875
528531,35.21728515625
528558,54.50439453125
528965,32.53173828125
529248,42.1142578125
529743,54.443359375
530208,54.50439453125
530708,47.119140625
531462,38.75732421875
542240,56.57958984375
543710,51.8798828125
544456,51.7578125
544938,39.6728515625
545021,48.9501953125
545226,32.470703125
545404,37.41455078125
560025,61.82861328125
561311,55.48095703125
562130,58.4716796875
562158,32.53173828125
562649,54.3212890625
563025,39.55078125
563409,32.470703125
577786,32.5927734375
577980,58.41064453125
578331,31.79931640625
578578,50.78125
579015,47.30224609375
579447,44.7998046875
579940,57.4951171875
580339,36.43798828125
581334,39.97802734375
593319,52.67333984375
594594,47.42431640625
595398,56.94580078125
595973,55.2978515625
596339,35.15625
596349,42.724609375
598235,31.67724609375
611453,60.1806640625
612796,56.09130859375
613674,31.73828125
613706,52.1240234375
614212,49.560546875
614582,42.48046875
629304,49.8046875
630654,49.49951171875
631728,51.57470703125
631881,32.28759765625
632331,44.86083984375
632872,52.1240234375
633213,36.43798828125
647763,55.23681640625
649357,61.8896484375
649974,31.6162109375
650283,34.11865234375
650435,50.23193359375
651215,54.6875
651790,33.447265625
651832,63.8427734375
652242,47.30224609375
666812,55.6640625
667713,52.734375
668486,57.31201171875
669110,45.22705078125
669458,31.18896484375
669622,44.00634765625
670082,45.8984375
670485,33.935546875
684242,53.28369140625
685389,55.6640625
686749,61.82861328125
687491,32.5927734375
687651,54.50439453125
688365,50.78125
703629,56.15234375
704455,58.10546875
705068,34.85107421875
705350,67.32177734375
705603,31.6162109375
706149,47.7294921875
706191,33.14208984375
706773,45.0439453125
707194,42.78564453125
707616,32.53173828125
708124,33.87451171875
709882,33.447265625
719841,53.22265625
721117,47.66845703125
721827,47.91259765625
722779,46.38671875
723565,53.22265625
724075,45.8984375
726564,33.26416015625
739141,56.396484375
740631,50.96435546875
741314,49.98779296875
741693,45.0439453125
742004,33.87451171875
756403,42.96875
757567,61.58447265625
758386,31.43310546875
758492,54.3212890625
759014,32.470703125
759050,50.84228515625
759356,33.75244140625
774517,54.443359375
775755,54.931640625
776747,51.33056640625
777674,49.4384765625
778307,49.6826171875
778671,35.64453125
793514,50.9033203125
794991,54.19921875
795884,32.89794921875
796268,50.84228515625
797009,51.20849609375
797518,36.9873046875
800733,33.75244140625
813179,59.02099609375
814635,53.16162109375
815882,48.33984375
817206,53.77197265625
818163,36.07177734375
818207,36.2548828125
818254,48.52294921875
818396,34.66796875
819125,35.5224609375
819317,48.52294921875
819835,47.36328125
835554,54.8095703125
836726,55.60302734375
837244,31.494140625
837551,54.13818359375
838063,55.60302734375
838399,41.8701171875
840765,36.9873046875
854704,64.8193359375
856604,63.90380859375
858713,58.7158203125
860139,46.44775390625
860427,31.982421875
860886,31.31103515625
860977,33.99658203125
861346,47.79052734375
876890,60.6689453125
877022,32.8369140625
877765,50.4150390625
877886,31.8603515625
878816,34.7900390625
878826,57.4951171875
880811,57.2509765625
888897,55.84716796875
889963,55.84716796875
890039,31.8603515625
890528,37.7197265625
890556,51.33056640625
890787,37.78076171875
906917,66.83349609375
907720,58.04443359375
907883,32.28759765625
908409,53.3447265625
908644,32.28759765625
908696,31.25
909155,63.90380859375
909781,53.28369140625
910101,42.8466796875
910462,37.29248046875
927632,61.58447265625
929284,55.5419921875
931535,32.470703125
931752,54.0771484375
933019,49.62158203125
933698,53.16162109375
934265,47.05810546875
937073,36.7431640625
949920,60.302734375
950897,58.4716796875
950952,35.58349609375
951936,55.2978515625
953149,55.60302734375
961058,62.6220703125
963056,57.7392578125
964190,43.45703125
964281,31.73828125
964590,50.4150390625
981316,58.16650390625
982449,60.9130859375
982635,32.89794921875
983004,34.3017578125
983361,37.2314453125
983413,60.36376953125
984007,54.01611328125
984358,33.26416015625
984481,43.64013671875
984839,48.7060546875
1001347,57.18994140625
1004122,58.65478515625
1008255,32.65380859375
1008453,61.5234375
1008756,35.58349609375
1009832,56.884765625
1010338,52.55126953125
1010634,50.96435546875
1013007,32.65380859375
1026916,62.92724609375
1027808,34.60693359375
1027968,71.4111328125
1029056,46.630859375
1038620,54.8095703125
1041176,63.1103515625
1041998,56.21337890625
1042101,35.94970703125
1042405,58.41064453125
1042779,44.12841796875
1060161,60.1806640625
1061018,59.87548828125
1061102,32.53173828125
1061395,33.38623046875
1061904,31.18896484375
1061929,57.55615234375
1062495,55.7861328125
1063059,48.40087890625
1063527,47.66845703125
1063943,40.22216796875
1065235,35.15625
1066138,42.48046875
1078416,54.26025390625
1080999,62.19482421875
1083389,52.734375
1085425,49.4384765625
1087023,31.25
1087234,55.2978515625
1088097,56.15234375
1088604,47.9736328125
1088907,36.9873046875
1104576,58.2275390625
1105670,51.08642578125
1106123,36.56005859375
1106408,51.513671875
1107266,60.11962890625
1107469,32.65380859375
1108922,47.119140625
1118278,53.7109375
1120350,50.048828125
1121227,55.84716796875
1121654,39.73388671875
1121920,33.447265625
1138616,61.82861328125
1140392,58.04443359375
1141811,64.63623046875
1142468,31.67724609375
1143176,59.63134765625
1143889,51.20849609375
1144648,44.5556640625
1153842,50.6591796875
1155799,57.4951171875
1157035,52.24609375
1157972,51.08642578125
1158731,56.396484375
1158860,35.888671875
1159530,49.1943359375
1160357,43.15185546875
1161214,41.015625
1170291,56.94580078125
1171527,53.64990234375
1172052,39.85595703125
1172261,47.4853515625
1172797,45.41015625
1173336,47.79052734375
1187582,60.11962890625
1188136,31.8603515625
1188463,63.90380859375
1189233,62.80517578125
1190002,55.7861328125
1190860,48.33984375
1201814,60.85205078125
1203365,53.16162109375
1204393,65.24658203125
1204950,47.79052734375
1205456,43.15185546875
1207294,37.9638671875
1219505,54.99267578125
1220167,35.09521484375
1220509,53.955078125
1221225,53.77197265625
1221914,51.26953125
1222803,45.2880859375
1233119,59.326171875
1234809,60.97412109375
1235804,48.88916015625
1236409,40.46630859375
1236844,31.494140625
1236993,45.71533203125
1237423,32.5927734375
1237857,37.7197265625
1238469,44.12841796875
1250851,57.31201171875
1251267,33.26416015625
1251609,55.48095703125
1252063,45.34912109375
1252503,49.01123046875
1253147,44.12841796875
1253654,35.58349609375
1254201,36.2548828125
1265775,58.89892578125
1266967,51.33056640625
1267650,63.04931640625
1268253,55.35888671875
1268745,37.65869140625
1269183,39.97802734375
1269588,32.53173828125
1282686,53.955078125
1283139,37.59765625
1283528,61.4013671875
1284065,34.11865234375
1284595,50.47607421875
1285252,46.0205078125
1286390,46.81396484375
1296817,52.3681640625
1298346,61.03515625
1298881,55.5419921875
1298965,32.40966796875
1299153,31.73828125
1299441,45.166015625
1299916,44.3115234375
1301371,32.5927734375
1315495,62.6220703125
1315768,31.494140625
1315929,31.92138671875
1316130,69.27490234375
1316705,55.84716796875
1317150,45.10498046875
1317637,43.39599609375
1318402,43.64013671875
1329486,64.14794921875
1331141,48.583984375
1331866,61.1572265625
1332029,33.26416015625
1332358,42.3583984375
1332686,44.12841796875
1333069,32.3486328125
1334664,37.04833984375
1347293,50.47607421875
1348273,31.25
1348283,72.81494140625
1348794,54.8095703125
1349208,50.29296875
1349887,40.58837890625
1350394,34.36279296875
1351191,41.68701171875
1363210,57.6171875
1364641,59.326171875
1364678,32.40966796875
1365329,51.81884765625
1365454,33.87451171875
1365680,41.07666015625
1365997,34.7900390625
1367098,42.1142578125
1367696,39.9169921875
1381031,58.28857421875
1382085,51.33056640625
1382536,39.0625
1382632,54.19921875
1383017,44.7998046875
1383407,39.6728515625
1398876,60.36376953125
1399318,35.5224609375
1399611,53.77197265625
1399675,33.3251953125
1400135,48.15673828125
1400452,54.87060546875
1400815,47.54638671875
1401212,39.306640625
1415808,52.1240234375
1416712,33.935546875
1416832,51.26953125
1417334,48.15673828125
1417672,46.08154296875
1418051,40.71044921875
1418393,42.3583984375
1433555,53.77197265625
1434555,50.23193359375
1435086,49.74365234375
1435399,46.81396484375
1435718,39.00146484375
1450782,61.4013671875
1452068,56.21337890625
1453103,48.828125
1453399,33.38623046875
1453409,32.28759765625
1453773,58.2275390625
1454218,50.78125
1454524,34.7900390625
1470697,57.31201171875
1471727,53.40576171875
1472683,50.84228515625
1472761,32.2265625
1473277,50.6591796875
1473636,49.560546875
1475742,34.60693359375
1489431,57.373046875
1490854,52.79541015625
1492314,55.6640625
1493895,60.11962890625
1494812,32.8369140625
1494960,50.35400390625
1495014,31.8603515625
1495530,48.33984375
1497981,38.57421875
1511419,58.9599609375
1512329,54.74853515625
1513100,56.7626953125
1513539,58.837890625
1513828,32.1044921875
1515763,31.25
1530412,63.53759765625
1531881,54.6875
1532076,32.04345703125
1532834,35.09521484375
1533200,50.96435546875
1533687,31.18896484375
1534079,50.47607421875
1534496,51.025390625
1549908,63.41552734375
1551073,55.908203125
1552109,72.08251953125
1552988,51.26953125
1554280,47.30224609375
1555404,46.32568359375
1563764,59.6923828125
1564106,34.36279296875
1565147,57.67822265625
1565609,55.60302734375
1565996,43.02978515625
1583115,54.87060546875
1584273,58.77685546875
1584967,51.45263671875
1585235,36.376953125
1585331,51.7578125
1585629,35.64453125
1601631,57.9833984375
1602736,33.5693359375
1602958,61.6455078125
1603124,35.94970703125
1604047,58.89892578125
1604218,44.921875
1604313,31.6162109375
1604821,50.84228515625
1605247,54.26025390625
1605583,39.73388671875
1621584,57.67822265625
1622970,59.4482421875
1625164,50.29296875
1631326,53.64990234375
1631865,31.31103515625
1632052,33.447265625
1632333,52.490234375
1632828,59.4482421875
1633064,41.56494140625
1649018,32.28759765625
1650060,53.64990234375
1651021,53.955078125
1651763,49.9267578125
1652249,51.81884765625
1652618,41.32080078125
1652886,34.423828125
1669030,60.302734375
1670561,69.4580078125
1673095,58.7158203125
1680901,58.2275390625
1681956,52.490234375
1682293,35.70556640625
1682498,56.640625
1682765,35.82763671875
1699110,60.24169921875
1700152,50.10986328125
1701067,53.5888671875
1701806,70.4345703125
1702430,48.15673828125
1702862,47.79052734375
1703559,32.71484375
1704743,35.5224609375
1718737,61.46240234375
1720016,54.0771484375
1721135,52.42919921875
1722719,31.8603515625
1723002,53.1005859375
1730843,56.82373046875
1732598,51.025390625
1732741,31.494140625
1732787,31.18896484375
1733233,33.5693359375
1733249,59.2041015625
1733650,55.419921875
1750721,50.1708984375
1751521,31.73828125
1751725,49.74365234375
1752774,32.470703125
1752822,55.6640625
1752969,33.3251953125
1753549,53.16162109375
1754236,54.0771484375
1755768,47.4853515625
1765884,57.2509765625
1767562,53.7109375
1768881,51.025390625
1769641,33.02001953125
1769973,51.7578125
1770810,49.25537109375
1771535,48.52294921875
1772160,47.42431640625
1772731,48.33984375
1775111,33.203125
1788547,58.2275390625
1789829,54.443359375
1790675,51.81884765625
1791495,43.9453125
1801647,59.9365234375
1803425,58.4716796875
1804325,31.92138671875
1804530,31.8603515625
1804874,65.7958984375
1805207,52.490234375
1807142,36.7431640625
1820980,60.546875
1821561,31.3720703125
1821646,66.89453125
1822293,48.27880859375
1822458,33.3251953125
1822829,51.81884765625
1823380,42.90771484375
1823555,33.75244140625
1824078,44.73876953125
1836539,49.37744140625
1838042,52.3681640625
1838776,49.01123046875
1839511,52.79541015625
1839573,32.53173828125
1839946,52.42919921875
1840401,42.05322265625
1840813,46.08154296875
1855874,51.08642578125
1856954,33.75244140625
1857035,57.55615234375
1857237,34.11865234375
1857787,50.29296875
1858027,33.8134765625
1858530,49.25537109375
1859053,49.1943359375
1859765,44.921875
1871251,59.9365234375
1872895,71.8994140625
1873980,53.955078125
1874630,54.8095703125
1875267,51.08642578125
1875808,58.41064453125
1876483,43.0908203125
1877026,42.90771484375
1889535,50.59814453125
1889991,37.2314453125
1890222,44.49462890625
1890638,53.16162109375
1890729,34.48486328125
1891521,52.3681640625
1892484,49.1943359375
1902179,61.279296875
1904047,55.17578125
1905060,57.6171875
1905865,58.59375
1906345,46.69189453125
1906735,41.015625
1907119,32.40966796875
1908255,36.4990234375
1921210,56.884765625
1922184,47.42431640625
1922279,32.8369140625
1922411,31.55517578125
1922645,43.88427734375
1923163,46.630859375
1923679,42.41943359375
1924165,37.841796875
1925143,41.3818359375
1936262,66.650390625
1937499,56.57958984375
1938271,33.87451171875
1938406,50.1708984375
1938589,31.6162109375
1939179,58.7158203125
1939336,33.14208984375
1939668,48.4619140625
1955021,64.27001953125
1955927,54.74853515625
1956383,31.73828125
1956577,68.05419921875
1957115,44.12841796875
1957536,45.0439453125
1957948,32.89794921875
1958599,35.888671875
1960676,38.9404296875
1970910,51.26953125
1972256,52.490234375
1973028,59.26513671875
1973545,52.24609375
1973978,43.701171875
1974391,32.40966796875
1975818,34.912109375
1988901,57.9833984375
1989619,56.21337890625
1989841,32.2265625
1990247,60.48583984375
1990358,41.259765625
1990653,47.30224609375
1991049,40.1611328125
1992517,39.85595703125
2004609,56.45751953125
2006226,53.52783203125
2006598,35.94970703125
2006944,53.8330078125
2007350,48.33984375
2007775,39.85595703125
2009755,36.865234375
2023436,57.55615234375
2024356,32.04345703125
2024427,52.42919921875
2024947,35.7666015625
2024990,53.28369140625
2025440,50.35400390625
2025757,31.25
2041707,60.546875
2042082,36.19384765625
2042238,40.71044921875
2042658,68.9697265625
2043005,31.79931640625
2043160,54.8095703125
2043507,52.3681640625
2043885,38.26904296875
2044713,38.14697265625
2045225,42.17529296875
2059355,60.1806640625
2060356,37.04833984375
2060557,60.85205078125
2061119,31.494140625
2061196,52.6123046875
2061454,31.18896484375
2061640,49.31640625
2063589,37.17041015625
2077117,51.45263671875
2078563,57.0068359375
2079567,50.96435546875
2080399,54.8095703125
2080826,51.3916015625
2081167,38.818359375
2097557,57.80029296875
2098522,34.85107421875
2098589,54.26025390625
2098712,32.1044921875
2098756,34.5458984375
2099381,52.18505859375
2099555,32.470703125
2099837,53.40576171875
2100206,44.49462890625
2102248,31.6162109375
2115633,57.12890625
2117263,61.21826171875
2118655,52.91748046875
2118701,38.9404296875
2119467,50.35400390625
2119944,31.18896484375
2119971,48.7060546875
2120283,43.45703125
2136604,64.697265625
2137694,57.18994140625
2139225,52.55126953125
2139603,32.71484375
2140419,54.19921875
2140559,32.04345703125
2140581,32.2265625
2141166,54.01611328125
2141496,47.4853515625
2157773,68.9697265625
2158844,31.982421875
2158938,58.65478515625
2159710,59.02099609375
2160203,59.50927734375
2160502,49.072265625
2163527,43.8232421875
2177123,65.61279296875
2179160,59.326171875
2183957,59.63134765625
2184818,37.78076171875
2185197,58.28857421875
2185419,32.1044921875
2185746,35.94970703125
2185892,57.55615234375
2186231,46.38671875
2202218,61.8896484375
2203362,31.982421875
2203386,54.8095703125
2204198,57.55615234375
2204407,34.3017578125
2204857,62.744140625
2205258,50.84228515625
2205603,34.85107421875
2222617,60.4248046875
2225951,51.20849609375
2228914,56.396484375
2230084,35.15625
2230106,36.1328125
2230281,55.23681640625
2230816,38.818359375
2230843,55.84716796875
2231165,51.025390625
2233170,34.1796875
2246971,61.767578125
2248015,60.85205078125
2248642,37.841796875
2248902,32.8369140625
2248946,57.7392578125
2249339,32.65380859375
2249652,58.65478515625
2250184,47.36328125
2250569,50.6591796875
2250896,41.748046875
2267948,62.1337890625
2269442,62.5
2271021,53.28369140625
2276822,31.67724609375
2278036,56.2744140625
2278129,32.40966796875
2278688,62.1337890625
2279066,58.10546875
2279308,32.89794921875
2281368,32.65380859375
2294926,57.4951171875
2296346,56.70166015625
2297036,41.07666015625
2297094,34.912109375
2297353,31.55517578125
2297613,61.09619140625
2298323,58.7158203125
2299316,59.4482421875
2301129,49.8046875
2309635,53.40576171875
2311697,59.38720703125
2312880,54.74853515625
2313685,64.453125
2313865,36.80419921875
2313911,31.73828125
2314471,53.955078125
2315039,44.49462890625
2332356,56.640625
2333069,33.8134765625
2333615,62.56103515625
2334801,54.38232421875
2344424,67.56591796875
2346153,49.31640625
2346438,32.3486328125
2346472,34.11865234375
2346832,59.02099609375
2347215,56.70166015625
2347507,42.90771484375
2350045,32.40966796875
2363880,54.6875
2365037,56.640625
2365847,37.65869140625
2365895,55.419921875
2366695,66.5283203125
2367143,44.73876953125
2367574,42.41943359375
2367936,38.75732421875
2383948,56.15234375
2385882,51.57470703125
2390813,56.70166015625
2393394,32.71484375
2393413,46.69189453125
2394332,53.22265625
2394777,53.955078125
2395082,39.55078125
2411281,54.931640625
2412153,60.1806640625
2412407,31.3720703125
2413064,56.396484375
2413179,31.6162109375
2413849,31.18896484375
2413917,46.7529296875
2414539,49.98779296875
2424012,56.884765625
2427447,56.33544921875
2428695,46.875
2429278,32.8369140625
2429607,68.9697265625
2429928,32.53173828125
2430166,54.87060546875
2430621,36.80419921875
2430983,36.4990234375
2447845,60.546875
2448883,59.814453125
2448966,37.353515625
2449715,51.26953125
2450371,57.7392578125
2450921,48.15673828125
2451071,37.4755859375
2451633,38.9404296875
2462376,52.67333984375
2464794,53.52783203125
2465885,54.6875
2466272,31.8603515625
2466654,55.6640625
2467029,32.470703125
2467327,57.67822265625
2467867,46.56982421875
2468362,39.97802734375
2468732,31.73828125
2469704,32.5927734375
2483950,56.45751953125
2485353,51.69677734375
2486246,32.1044921875
2486411,52.490234375
2487635,55.72509765625
2489711,53.5888671875
2495481,56.884765625
2497755,49.49951171875
2499280,48.76708984375
2500002,45.8984375
2500474,45.83740234375
2500909,38.9404296875
2501337,36.376953125
2515300,55.5419921875
2516444,63.3544921875
2516646,32.470703125
2516985,50.6591796875
2517196,31.73828125
2517474,46.32568359375
2518011,41.50390625
2518493,39.97802734375
2519504,37.4755859375
2530868,58.41064453125
2532333,53.1005859375
2533143,31.6162109375
2533283,53.52783203125
2533937,50.6591796875
2534356,51.025390625
2549388,60.302734375
2550563,57.12890625
2551205,57.06787109375
2551850,46.81396484375
2552238,46.7529296875
2552707,41.56494140625
2553263,46.9970703125
2553983,38.39111328125
2566785,64.5751953125
2568134,53.64990234375
2568257,31.73828125
2568796,32.958984375
2569070,47.54638671875
2569694,65.3076171875
2570207,55.7861328125
2570639,42.3583984375
2571104,33.14208984375
2571630,32.8369140625
2572439,31.67724609375
2584965,60.24169921875
2585861,58.2275390625
2586503,54.443359375
2586709,32.470703125
2586988,35.400390625
2587034,51.1474609375
2587100,31.6162109375
2587481,45.2880859375
2587884,47.119140625
2588407,42.48046875
2588984,31.18896484375
2595291,48.7060546875
2597058,57.9833984375
2598585,46.38671875
2600228,50.47607421875
2601845,55.5419921875
2603100,46.69189453125
2603605,45.83740234375
2604120,37.9638671875
2605042,33.69140625
2621679,56.82373046875
2622498,40.283203125
2622964,39.1845703125
2623286,59.2041015625
2623821,49.13330078125
2624367,44.677734375
2624892,42.78564453125
2625861,37.109375
2637864,58.53271484375
2639420,57.55615234375
2640466,55.908203125
2640903,32.2265625
2641148,56.15234375
2641649,45.59326171875
2642068,51.20849609375
2642836,39.55078125
2643546,39.55078125
2657074,62.3779296875
2658055,65.24658203125
2658390,36.865234375
2658614,33.02001953125
2658698,50.72021484375
2659322,57.31201171875
2659685,48.27880859375
2660096,36.2548828125
2660546,39.9169921875
2675219,53.8330078125
2676286,65.36865234375
2677177,47.05810546875
2677770,58.2275390625
2678199,47.4853515625
2678579,34.97314453125
2679502,44.921875
2692955,59.08203125
2694268,52.91748046875
2695378,46.08154296875
2696045,33.38623046875
2696233,53.64990234375
2696804,48.828125
2697113,41.07666015625
2713523,52.30712890625
2715203,63.65966796875
2715485,34.36279296875
2716003,49.4384765625
2716560,48.88916015625
2716999,52.490234375
2717423,45.166015625
2717814,37.04833984375
2718574,34.912109375
2732204,58.10546875
2733439,56.7626953125
2734230,57.9833984375
2734391,31.92138671875
2734485,31.8603515625
2734743,52.24609375
2734916,31.25
2735046,41.1376953125
2735098,32.958984375
2751944,58.2275390625
2753056,61.82861328125
2753630,54.01611328125
2754034,57.9833984375
2754356,42.66357421875
2754669,34.60693359375
2755995,37.04833984375
2770495,61.5234375
2771761,61.82861328125
2772709,51.8798828125
2773108,33.02001953125
2773265,32.470703125
2773286,58.4716796875
2773700,46.142578125
2790099,52.490234375
2791541,56.45751953125
2793093,53.3447265625
2794035,54.6875
2794274,31.31103515625
2794384,31.79931640625
2794819,52.734375
2795189,31.25
2795291,48.828125
2795635,46.0205078125
2812146,57.31201171875
2813171,59.99755859375
2814034,32.16552734375
2814487,32.5927734375
2814648,59.02099609375
2815757,47.119140625
2816931,55.0537109375
2827045,54.5654296875
2827802,46.81396484375
2828288,54.931640625
2828576,45.0439453125
2845514,58.77685546875
2846839,65.5517578125
2847370,32.65380859375
2847911,55.60302734375
2847975,33.38623046875
2848499,56.0302734375
2848825,41.50390625
2849176,34.72900390625
2849544,40.22216796875
2851066,34.85107421875
2865050,57.12890625
2866267,52.79541015625
2867011,37.29248046875
2867363,52.79541015625
2867591,38.39111328125
2868073,31.43310546875
2868468,47.30224609375
2869196,48.52294921875
2869594,48.40087890625
2869954,49.6826171875
2885557,67.68798828125
2887113,59.63134765625
2889309,49.49951171875
2895096,58.41064453125
2898263,32.71484375
2898308,31.18896484375
2898461,51.3916015625
2899123,46.32568359375
2899193,31.18896484375
2899415,52.67333984375
2902894,34.60693359375
2916492,60.546875
2917734,61.8896484375
2917861,34.60693359375
2918498,56.57958984375
2919030,49.9267578125
2919424,48.88916015625
2919769,32.16552734375
2935797,61.21826171875
2937701,57.861328125
2943798,64.0869140625
2943900,31.18896484375
2944556,32.1044921875
2944758,52.55126953125
2945266,56.45751953125
2945597,47.66845703125
2962410,60.24169921875
2963621,56.396484375
2964377,55.96923828125
2965273,48.15673828125
2974646,56.33544921875
2976761,59.63134765625
2978023,31.67724609375
2978048,36.80419921875
2978098,58.77685546875
2978573,46.630859375
2978847,49.37744140625
2996691,57.31201171875
2997739,65.7958984375
2998434,31.92138671875
2998603,31.6162109375
2998720,60.72998046875
2999446,64.3310546875
2999933,47.2412109375
3000249,38.2080078125
3002208,38.75732421875
3016456,69.64111328125
3017924,58.9599609375
3021178,57.0068359375
3028071,53.16162109375
3028797,32.28759765625
3028834,63.29345703125
3029268,50.9033203125
3029547,34.85107421875
3031305,42.6025390625
3045626,54.26025390625
3046935,59.6923828125
3047955,54.99267578125
3048581,68.42041015625
3049069,31.8603515625
3049085,46.93603515625
3049573,48.095703125
3050044,46.5087890625
3050503,45.654296875
3050920,36.19384765625
3066448,58.77685546875
3067735,54.19921875
3069021,60.11962890625
3072927,31.25
3078795,59.26513671875
3079655,31.18896484375
3079758,31.79931640625
3079847,59.50927734375
3080250,48.88916015625
3080547,41.1376953125
3097069,61.21826171875
3098450,53.89404296875
3099111,35.7666015625
3099310,56.640625
3099996,38.330078125
3100747,47.4853515625
3101440,42.90771484375
3102597,43.27392578125
3114571,54.5654296875
3115943,58.16650390625
3117204,52.91748046875
3117695,31.79931640625
3117931,56.15234375
3118705,55.5419921875
3119280,49.86572265625
3119662,42.96875
3135600,59.99755859375
3136931,55.5419921875
3145630,58.59375
3146652,32.470703125
3147122,33.935546875
3147478,54.3212890625
3147947,32.8369140625
3148173,52.91748046875
3148535,57.2509765625
3148820,34.24072265625
3150818,35.94970703125
3164648,57.18994140625
3165914,52.06298828125
3166753,58.59375
3167289,49.49951171875
3167747,45.71533203125
3168317,42.66357421875
3169700,40.8935546875
3181696,59.6923828125
3183062,56.33544921875
3183749,34.0576171875
3184106,55.2978515625
3184134,44.0673828125
3184652,32.04345703125
3184686,52.734375
3185192,45.34912109375
3185556,35.7666015625
3185958,39.306640625
3202115,62.43896484375
3203362,59.326171875
3203502,34.3017578125
3204266,55.84716796875
3204837,51.69677734375
3205508,55.84716796875
3205951,53.3447265625
3206413,35.94970703125
3207198,37.59765625
3219323,57.12890625
3220658,54.74853515625
3221596,56.82373046875
3222200,32.8369140625
3222380,55.60302734375
3223155,45.654296875
3223390,35.58349609375
3223613,40.95458984375
3224202,39.306640625
3224685,32.8369140625
3225461,33.8134765625
3237131,54.6875
3238133,58.04443359375
3238782,55.419921875
3239278,47.54638671875
3239770,51.45263671875
3240245,35.94970703125
3240920,48.40087890625
3252578,51.8798828125
3254163,57.4951171875
3254356,31.73828125
3254838,55.5419921875
3255122,35.46142578125
3255430,48.27880859375
3255902,50.6591796875
3256299,41.8701171875
3256821,41.44287109375
3269204,69.580078125
3271178,58.65478515625
3271856,52.734375
3272349,32.3486328125
3272664,49.6826171875
3272922,31.25
3273085,47.79052734375
3273445,40.1611328125
3288972,58.89892578125
3289812,32.71484375
3289884,56.0302734375
3289975,36.7431640625
3290527,56.2744140625
3291036,49.6826171875
3291412,50.23193359375
3291915,35.15625
3292426,41.8701171875
3293522,37.109375
3305293,58.28857421875
3307187,63.65966796875
3307530,33.3251953125
3307633,32.40966796875
3307765,69.76318359375
3308081,33.203125
3308268,50.84228515625
3308663,48.33984375
3311205,39.4287109375
3325051,62.1337890625
3325958,58.9599609375
3326609,48.52294921875
3327185,43.02978515625
3327629,48.4619140625
3327994,38.2080078125
3328940,36.62109375
3342281,48.095703125
3343906,52.490234375
3344753,55.17578125
3344913,33.26416015625
3344939,33.26416015625
3345417,50.35400390625
3345858,54.8095703125
3346242,52.24609375
3347651,33.935546875
3361177,62.1337890625
3362273,57.373046875
3363180,33.26416015625
3363900,39.6728515625
3364357,58.7158203125
3364737,42.48046875
3366781,32.04345703125
3380952,51.8798828125
3382050,55.11474609375
3382889,57.92236328125
3383039,34.85107421875
3383510,47.4853515625
3383887,41.9921875
3384248,44.921875
3384574,34.60693359375
3385030,33.63037109375
3385585,35.82763671875
3399559,58.28857421875
3400404,54.8095703125
3400863,39.9169921875
3400903,32.28759765625
3401144,50.4150390625
3401224,32.3486328125
3401700,49.31640625
3402040,40.6494140625
3402362,31.79931640625
3418056,54.443359375
3419964,55.5419921875
3420373,31.3720703125
3421125,46.9970703125
3421699,49.9267578125
3422094,51.69677734375
3422382,38.87939453125
3423007,31.31103515625
3423541,36.07177734375
3424304,32.77587890625
3438517,56.396484375
3439720,50.35400390625
3440680,49.072265625
3440960,32.958984375
3441084,34.3017578125
3441220,45.41015625
3441597,45.47119140625
3443338,34.423828125
3457437,58.65478515625
3459130,55.23681640625
3461654,54.6875
3463134,53.1005859375
3463920,32.16552734375
3465727,53.16162109375
3471163,56.7626953125
3473017,61.21826171875
3473813,37.78076171875
3473893,53.52783203125
3474173,31.73828125
3474555,47.4853515625
3474918,39.73388671875
3491169,64.75830078125
3492555,76.0498046875
3493174,62.01171875
3493380,34.11865234375
3493778,50.9033203125
3494154,51.08642578125
3510443,66.2841796875
3511549,55.7861328125
3512566,53.16162109375
3512684,33.87451171875
3512805,31.92138671875
3513463,53.28369140625
3513989,51.20849609375
3514323,34.48486328125
3515977,38.39111328125
3530228,59.38720703125
3531668,54.87060546875
3533245,51.94091796875
3533710,31.92138671875
3534402,52.91748046875
3534497,31.8603515625
3535021,47.8515625
3535373,41.8701171875
3550811,59.26513671875
3553285,57.06787109375
3559967,55.6640625
3561002,57.80029296875
3561130,34.1796875
3561462,48.2177734375
3561737,40.22216796875
3564255,35.64453125
3577232,59.326171875
3578986,55.419921875
3580098,53.64990234375
3580864,31.494140625
3580928,52.79541015625
3581156,32.40966796875
3581451,57.0068359375
3581733,38.818359375
3598868,59.14306640625
3600911,63.3544921875
3606904,55.96923828125
3607734,41.1376953125
3607836,31.79931640625
3608098,54.8095703125
3608322,38.14697265625
3610144,31.92138671875
3623718,58.9599609375
3625356,62.56103515625
3626411,56.57958984375
3627475,62.1337890625
3628525,56.0302734375
3637844,59.6923828125
3639960,58.4716796875
3641427,52.978515625
3642303,56.396484375
3642408,37.109375
3642708,31.79931640625
3642800,40.22216796875
3642947,59.08203125
3643505,51.26953125
3643841,36.1328125
3661315,54.87060546875
3663516,56.21337890625
3666467,62.98828125
3670779,56.21337890625
3673487,60.36376953125
3674225,32.40966796875
3674470,31.55517578125
3674573,55.23681640625
3674650,33.3251953125
3675220,52.490234375
3675596,44.189453125
3675980,45.654296875
3692621,54.50439453125
3694002,57.2509765625
3694537,35.400390625
3694804,36.56005859375
3694930,57.06787109375
3695702,49.37744140625
3696255,43.76220703125
3696622,46.7529296875
3696939,36.2548828125
3698150,32.2265625
3713667,55.72509765625
3716075,52.8564453125
3719077,60.4248046875
3721396,53.955078125
3722271,32.16552734375
3722532,32.3486328125
3722850,57.861328125
3723442,63.65966796875
3723772,47.91259765625
3725841,33.69140625
3740426,55.23681640625
3741576,47.8515625
3741925,31.43310546875
3742442,33.75244140625
3742669,55.2978515625
3742688,32.1044921875
3743062,41.015625
3743260,56.45751953125
3743833,54.50439453125
3744575,39.0625
3756219,63.3544921875
3757822,67.87109375
3759234,63.232421875
3759325,32.3486328125
3759705,31.92138671875
3760064,51.8798828125
3760594,45.71533203125
3761088,34.66796875
3761429,37.2314453125
3778915,58.04443359375
3780199,53.5888671875
3788300,57.2509765625
3789130,36.7431640625
3789716,59.63134765625
3790004,33.447265625
3790174,67.81005859375
3790489,55.23681640625
3790782,36.43798828125
3807894,60.1806640625
3809171,50.84228515625
3809372,34.5458984375
3809866,46.69189453125
3809935,31.982421875
3810656,51.81884765625
3811176,47.05810546875
3811768,46.2646484375
3812261,43.0908203125
3812767,36.07177734375
3825250,54.87060546875
3827016,53.03955078125
3827983,57.80029296875
3829408,50.9033203125
3831242,48.52294921875
3837645,59.6923828125
3840323,53.22265625
3841672,50.9033203125
3842087,49.25537109375
3842486,61.95068359375
3859606,63.5986328125
3860550,33.26416015625
3861287,48.7060546875
3861880,57.373046875
3862542,50.10986328125
3863157,50.29296875
3863855,46.81396484375
3875034,66.40625
3877276,58.53271484375
3878611,53.955078125
3879433,32.71484375
3879755,45.10498046875
3880557,49.13330078125
3881129,53.5888671875
3881515,45.71533203125
3897327,56.57958984375
3898276,56.70166015625
3899102,33.38623046875
3899543,51.69677734375
3899730,32.470703125
3901047,45.10498046875
3909716,61.03515625
3911393,54.50439453125
3911508,35.888671875
3912137,53.3447265625
3912611,50.29296875
3912905,40.46630859375
3915020,32.89794921875
3928552,58.28857421875
3929650,79.345703125
3930260,52.79541015625
3930866,54.26025390625
3931448,42.78564453125
3931941,44.921875
3933167,45.0439453125
3946239,53.77197265625
3947171,66.5283203125
3947869,35.82763671875
3947890,56.640625
3948389,42.54150390625
3948797,46.0205078125
3949209,44.7998046875
3965574,55.84716796875
3966261,35.888671875
3966810,61.8896484375
3967350,46.38671875
3967797,50.10986328125
3968191,41.93115234375
3968667,42.78564453125
3981174,57.06787109375
3983156,57.6171875
3984228,50.96435546875
3985039,55.72509765625
3985155,36.43798828125
3985212,31.8603515625
3985606,43.88427734375
3985980,39.73388671875
3988007,32.470703125
4001925,53.5888671875
4003135,48.4619140625
4004064,47.30224609375
4004468,37.78076171875
4004868,31.3720703125
4004878,52.734375
4005499,57.67822265625
4005841,34.0576171875
4006210,32.40966796875
4006665,40.1611328125
4021139,54.5654296875
4022436,61.1572265625
4023628,55.84716796875
4024403,31.982421875
4024826,47.36328125
4027166,45.654296875
4033024,51.025390625
4034562,57.7392578125
4035041,31.73828125
4035221,47.30224609375
4035601,49.560546875
4051947,63.90380859375
4052997,58.349609375
4053097,34.85107421875
4053518,58.16650390625
4053632,34.0576171875
4053918,48.828125
4054281,35.58349609375
4054667,45.83740234375
4055069,35.33935546875
4055851,42.8466796875
4069854,57.373046875
4070881,54.01611328125
4071740,55.6640625
4072166,36.19384765625
4072406,51.7578125
4072880,48.15673828125
4088784,62.98828125
4090147,51.1474609375
4090846,32.2265625
4090937,54.6875
4091633,55.17578125
4092049,45.166015625
4092385,40.46630859375
4108566,58.2275390625
4109517,51.3916015625
4111498,34.912109375
4111565,50.9033203125
4112869,31.982421875
4113582,55.5419921875
4114586,33.26416015625
4115822,55.23681640625
4121246,31.18896484375
4122033,55.0537109375
4122832,40.71044921875
4122918,66.10107421875
4123274,54.3212890625
4123600,36.2548828125
4140341,55.908203125
4141449,51.26953125
4142023,32.2265625
4142138,64.3310546875
4142564,46.69189453125
4142933,45.59326171875
4143291,40.4052734375
4143701,33.38623046875
4144378,39.36767578125
4157640,53.7109375
4159151,60.791015625
4160539,52.06298828125
4161709,51.8798828125
4162330,32.28759765625
4162522,33.87451171875
4162999,53.3447265625
4164029,59.326171875
4164632,51.513671875
4165132,33.63037109375
4180617,61.09619140625
4181347,31.43310546875
4181491,55.908203125
4182200,46.93603515625
4182616,60.791015625
4183019,43.5791015625
4183397,40.46630859375
4183944,35.7666015625
4184746,37.4755859375
4199285,65.7958984375
4200392,56.884765625
4201216,59.08203125
4201411,34.48486328125
4201864,53.89404296875
4201995,38.26904296875
4202182,31.55517578125
4202357,48.095703125
4202671,42.41943359375
4220008,60.1806640625
4221278,64.208984375
4222589,32.77587890625
4222686,61.09619140625
4224350,52.8564453125
4224660,32.958984375
4225818,44.3115234375
4234385,55.35888671875
4235904,65.24658203125
4236246,32.89794921875
4236813,53.77197265625
4237211,34.3017578125
4237559,55.11474609375
4237961,49.4384765625
4255173,58.28857421875
4256563,55.72509765625
4257407,38.39111328125
4257518,34.7900390625
4257528,49.98779296875
4257642,31.73828125
4258160,51.8798828125
4258612,60.302734375
4258932,36.80419921875
4275369,62.3779296875
4277001,55.2978515625
4279106,55.7861328125
4288216,46.5087890625
4288251,32.2265625
4289180,58.77685546875
4289559,52.8564453125
4289817,39.6728515625
4292145,31.982421875
4307458,55.60302734375
4308753,56.5185546875
4309383,31.73828125
4309508,55.11474609375
4309878,49.1943359375
4310135,34.423828125
4310412,33.69140625
4310774,31.25
4311957,43.5791015625
4326026,57.6171875
4327635,58.65478515625
4331369,49.37744140625
4333755,49.6826171875
4334198,40.1611328125
4334352,32.1044921875
4334504,32.04345703125
4334817,54.443359375
4334852,33.203125
4335339,50.84228515625
4335591,43.39599609375
4351934,54.931640625
4353230,58.2275390625
4354444,60.60791015625
4355801,53.28369140625
4366253,57.92236328125
4367785,59.50927734375
4368393,32.2265625
4368571,50.23193359375
4369184,53.64990234375
4369435,42.236328125
4385609,57.7392578125
4387437,57.6171875
4391056,53.52783203125
4392759,36.07177734375
4392891,56.21337890625
4393818,32.3486328125
4394097,54.5654296875
4394151,36.43798828125
4394795,69.39697265625
4395169,44.37255859375
4395445,37.90283203125
4411269,59.02099609375
4412694,57.4951171875
4413584,53.5888671875
4413983,32.28759765625
4414931,34.72900390625
4415136,50.29296875
4423290,60.1806640625
4425678,55.6640625
4426276,33.447265625
4426373,32.40966796875
4426805,55.17578125
4426904,32.2265625
4427177,58.2275390625
4430022,36.4990234375
4444212,60.97412109375
4445864,51.3916015625
4446883,56.640625
4447701,52.8564453125
4447842,32.3486328125
4448341,54.38232421875
4448786,48.7060546875
4449022,31.3720703125
4450938,31.25
4465944,62.68310546875
4467427,46.38671875
4474204,61.95068359375
4475793,33.50830078125
4476281,57.7392578125
4476948,56.5185546875
4477342,55.11474609375
4477615,35.64453125
4480151,33.75244140625
4494156,61.5234375
4495519,65.185546875
4496165,32.65380859375
4496339,56.09130859375
4497228,62.255859375
4497516,31.73828125
4497792,31.8603515625
4498184,48.27880859375
4509364,47.79052734375
4511191,54.38232421875
4512350,31.55517578125
4512471,56.15234375
4512908,34.1796875
4513264,31.3720703125
4513826,44.86083984375
4514168,46.56982421875
4516630,31.3720703125
4531541,60.302734375
4533457,56.15234375
4534361,32.28759765625
4534733,52.67333984375
4536926,55.72509765625
4545259,56.884765625
4546707,33.69140625
4546898,35.15625
4547069,53.5888671875
4547079,33.447265625
4547756,59.50927734375
4548102,57.55615234375
4564852,58.2275390625
4566041,59.14306640625
4567088,53.5888671875
4567640,36.68212890625
4568376,54.19921875
4568655,32.2265625
4569530,59.99755859375
4580421,56.45751953125
4581841,54.443359375
4582794,56.82373046875
4583450,59.9365234375
4583485,34.48486328125
4583880,53.52783203125
4584282,41.80908203125
4599992,63.5986328125
4601714,54.26025390625
4602476,33.14208984375
4602731,59.26513671875
4603613,51.20849609375
4604492,33.0810546875
4604512,50.048828125
4606253,50.4150390625
4616521,52.67333984375
4617759,51.20849609375
4619167,58.28857421875
4621353,51.8798828125
4622296,31.25
4622360,59.5703125
4624342,35.58349609375
4627620,53.1005859375
4631862,52.6123046875
4634778,54.6875
4635506,31.982421875
4635896,53.77197265625
4636428,50.59814453125
4636812,43.3349609375
4637263,46.2646484375
4639763,35.46142578125
4651682,62.98828125
4652451,42.724609375
4652735,54.5654296875
4652806,36.56005859375
4653257,55.2978515625
4653796,43.64013671875
4654412,45.166015625
4667371,59.02099609375
4668450,56.2744140625
4668858,31.43310546875
4668974,53.466796875
4669086,31.25
4669488,52.91748046875
4669788,41.93115234375
4671592,33.38623046875
4685923,59.08203125
4687031,64.697265625
4687619,43.15185546875
4688051,48.33984375
4688591,52.490234375
4689299,46.56982421875
4701490,52.6123046875
4703303,55.35888671875
4704465,32.3486328125
4704591,60.48583984375
4705402,53.1005859375
4705617,35.09521484375
4705836,39.9169921875
4706197,35.400390625
4708582,31.31103515625
4722163,62.6220703125
4723616,55.419921875
4724366,35.33935546875
4724405,68.90869140625
4724812,35.09521484375
4724944,52.30712890625
4725118,44.86083984375
4725364,41.015625
4725803,45.7763671875
4726215,32.65380859375
4727560,37.109375
4740305,56.33544921875
4741807,57.80029296875
4743109,50.6591796875
4744891,55.96923828125
4746194,34.72900390625
4751422,33.50830078125
4751753,58.837890625
4752389,31.8603515625
4752492,54.931640625
4752805,53.03955078125
4768870,57.80029296875
4769400,34.5458984375
4769739,78.369140625
4769936,33.75244140625
4770273,53.89404296875
4770631,57.0068359375
4771049,47.8515625
4771500,41.8701171875
4772394,38.02490234375
4784969,57.4951171875
4786730,62.68310546875
4787669,59.2041015625
4787907,32.40966796875
4788215,33.63037109375
4788248,53.77197265625
4788663,46.0205078125
4788938,33.75244140625
