4799201,0
25226,28.50341796875
35640,30.8837890625
40634,31.31103515625
52883,31.1279296875
55292,32.8369140625
64740,28.1982421875
70868,32.470703125
78889,28.564453125
81653,36.80419921875
81700,31.55517578125
81736,30.2734375
81746,28.25927734375
81774,44.921875
81798,44.677734375
81830,36.43798828125
81848,43.39599609375
81873,46.44775390625
81898,43.45703125
81910,54.26025390625
81931,62.5
81951,70.6787109375
81985,171.630859375
82001,50.10986328125
82015,36.19384765625
82028,81.60400390625
82039,46.2646484375
82064,78.79638671875
82095,63.96484375
82113,60.11962890625
82128,57.31201171875
82157,44.98291015625
82169,40.71044921875
82185,52.490234375
82206,32.53173828125
82219,60.6689453125
82238,32.53173828125
82253,39.36767578125
82273,29.296875
82289,34.85107421875
82301,27.77099609375
82314,47.9736328125
82332,37.2314453125
82357,44.98291015625
82382,27.9541015625
82434,36.62109375
82483,29.60205078125
82522,32.2265625
82532,30.3955078125
82669,29.72412109375
82686,44.73876953125
83021,38.75732421875
134725,30.76171875
144391,36.56005859375
169895,29.052734375
174244,28.86962890625
182018,34.423828125
188634,32.16552734375
195482,32.3486328125
195543,30.3955078125
195579,28.99169921875
195590,35.7666015625
195621,48.88916015625
195638,37.2314453125
195656,35.64453125
195686,49.62158203125
195698,64.3310546875
195736,77.45361328125
195762,69.64111328125
195787,106.75048828125
195800,67.0166015625
195821,176.33056640625
195837,75.86669921875
195853,41.07666015625
195865,69.2138671875
195887,48.9501953125
195906,44.7998046875
195925,42.724609375
195952,45.83740234375
195970,46.38671875
195988,30.2734375
195999,48.7060546875
196028,41.44287109375
196042,41.3818359375
196060,41.93115234375
196074,34.97314453125
196090,42.3583984375
196113,32.53173828125
196142,42.96875
196193,43.88427734375
196226,30.1513671875
196247,30.029296875
196299,27.77099609375
196326,38.818359375
196363,35.400390625
196421,28.99169921875
258603,28.4423828125
260924,28.6865234375
268113,31.06689453125
271050,30.029296875
288798,33.3251953125
288843,30.8837890625
288870,39.9169921875
288891,40.283203125
288922,30.33447265625
288935,91.30859375
288950,40.6494140625
288976,45.59326171875
289001,54.931640625
289025,80.6884765625
289047,64.51416015625
289061,57.06787109375
289076,76.0498046875
289110,61.4013671875
289123,57.67822265625
289152,64.39208984375
289170,54.19921875
289193,50.048828125
289208,29.296875
289235,35.21728515625
289254,46.44775390625
289271,51.7578125
289296,48.583984375
289315,29.72412109375
289340,44.00634765625
289378,40.22216796875
289393,35.2783203125
289404,28.6865234375
289436,31.25
289462,27.77099609375
289485,65.36865234375
289515,36.0107421875
289547,28.50341796875
289568,41.50390625
289592,31.6162109375
289624,32.16552734375
289652,31.8603515625
328148,27.89306640625
337161,30.94482421875
355320,31.79931640625
364578,32.65380859375
383181,29.35791015625
383885,32.40966796875
387993,28.25927734375
388046,28.076171875
388088,30.6396484375
388111,60.4248046875
388141,45.95947265625
388167,48.27880859375
388185,63.8427734375
388203,38.02490234375
388235,50.537109375
388263,74.5849609375
388294,46.32568359375
388309,130.859375
388337,31.982421875
388350,83.8623046875
388381,77.7587890625
388401,51.94091796875
388419,31.494140625
388435,43.8232421875
388457,47.66845703125
388491,36.19384765625
388505,49.25537109375
388526,29.1748046875
388550,49.01123046875
388560,40.10009765625
388588,42.17529296875
388612,33.63037109375
388639,47.30224609375
388656,52.978515625
388679,31.1279296875
388692,35.33935546875
388742,31.25
388794,28.99169921875
388809,36.1328125
388823,37.53662109375
388948,29.541015625
388976,32.8369140625
389103,29.296875
428102,32.71484375
434920,29.84619140625
437959,29.052734375
442514,37.841796875
445451,29.4189453125
454949,32.89794921875
461791,37.2314453125
474474,32.3486328125
475669,28.4423828125
489899,32.65380859375
493994,28.50341796875
497303,30.517578125
510375,28.25927734375
510426,35.5224609375
510458,28.1982421875
510500,36.07177734375
510511,45.83740234375
510535,37.353515625
510560,31.79931640625
510589,79.833984375
510599,63.5986328125
510610,42.05322265625
510623,52.67333984375
510655,48.27880859375
510667,57.80029296875
510677,84.228515625
510703,142.88330078125
510732,73.05908203125
510753,57.18994140625
510786,46.69189453125
510811,31.3720703125
510827,41.93115234375
510837,60.546875
510863,74.52392578125
510874,38.0859375
510893,67.138671875
510903,32.77587890625
510923,50.4150390625
510935,35.0341796875
510952,35.15625
510984,43.701171875
510999,28.80859375
511024,31.1279296875
511037,34.0576171875
511057,47.42431640625
511084,30.517578125
511094,35.58349609375
511110,33.02001953125
511133,33.26416015625
511158,27.83203125
511173,37.17041015625
511183,31.982421875
511358,28.9306640625
511376,27.83203125
511400,47.9736328125
511502,31.494140625
540121,31.43310546875
548917,31.67724609375
552635,28.564453125
558811,27.89306640625
575622,29.47998046875
582350,35.70556640625
583378,31.982421875
591296,29.052734375
594389,30.1513671875
596192,31.73828125
599210,29.47998046875
599265,30.3955078125
599300,31.43310546875
599317,45.41015625
599338,38.87939453125
599371,30.33447265625
599385,41.748046875
599417,44.921875
599430,44.61669921875
599463,34.1796875
599486,42.41943359375
599504,71.10595703125
599536,50.048828125
599547,128.662109375
599587,134.46044921875
599600,98.57177734375
599625,116.2109375
599642,36.56005859375
599662,91.61376953125
599692,52.3681640625
599715,91.552734375
599743,55.7861328125
599758,41.259765625
599769,58.349609375
599784,34.423828125
599798,47.8515625
599821,50.35400390625
599836,36.43798828125
599874,37.7197265625
599892,48.4619140625
599913,36.4990234375
599930,45.59326171875
599978,41.3818359375
600030,30.517578125
600070,41.68701171875
600098,29.23583984375
600117,28.74755859375
600199,28.3203125
600280,34.0576171875
600291,32.71484375
600445,30.6396484375
600467,44.12841796875
638696,35.400390625
652518,31.67724609375
654665,36.68212890625
658780,32.40966796875
663140,33.50830078125
666271,38.57421875
670207,34.85107421875
673341,30.3955078125
678501,30.76171875
681881,36.43798828125
685453,31.73828125
689804,30.8837890625
691775,29.84619140625
710340,31.8603515625
716332,28.4423828125
723946,32.28759765625
724001,38.51318359375
724033,30.8837890625
724049,37.841796875
724063,46.56982421875
724092,38.87939453125
724118,38.9404296875
724150,85.693359375
724171,37.78076171875
724192,38.57421875
724212,104.06494140625
724225,35.400390625
724237,107.84912109375
724272,73.6083984375
724294,88.7451171875
724312,39.73388671875
724346,40.771484375
724363,42.48046875
724374,47.30224609375
724385,32.3486328125
724415,48.4619140625
724438,40.22216796875
724459,43.9453125
724489,49.13330078125
724531,47.30224609375
724562,33.3251953125
724578,41.3818359375
724602,32.71484375
724643,36.31591796875
724660,29.23583984375
724693,34.423828125
724703,31.005859375
724803,35.888671875
724822,31.73828125
725067,36.1328125
725087,31.06689453125
758500,34.0576171875
768051,29.47998046875
768130,33.447265625
768160,33.75244140625
768200,31.06689453125
768213,33.0810546875
768228,34.7900390625
768266,44.37255859375
768295,61.4013671875
768320,49.560546875
768332,89.29443359375
768358,40.34423828125
768378,46.875
768397,97.5341796875
768414,58.65478515625
768434,94.42138671875
768467,114.2578125
768498,83.06884765625
768526,47.91259765625
768541,40.22216796875
768571,53.77197265625
768583,51.26953125
768612,39.24560546875
768628,38.39111328125
768665,43.64013671875
768691,36.43798828125
768707,37.90283203125
768742,29.4189453125
768770,28.38134765625
768794,38.9404296875
768808,42.66357421875
768820,42.17529296875
768831,44.677734375
768863,27.9541015625
768892,37.29248046875
768927,35.58349609375
768966,35.58349609375
768982,31.92138671875
769048,40.771484375
769074,47.30224609375
769113,28.13720703125
769198,33.447265625
769212,31.18896484375
769285,29.541015625
769315,36.62109375
769341,34.72900390625
769407,29.6630859375
769433,28.74755859375
769464,30.21240234375
769485,27.83203125
769507,37.2314453125
808763,29.11376953125
808841,30.517578125
808867,37.353515625
808877,40.4052734375
808914,38.818359375
808933,44.86083984375
808954,56.396484375
808973,45.71533203125
808992,45.0439453125
809017,30.21240234375
809028,90.087890625
809054,61.767578125
809079,73.30322265625
809101,73.6083984375
809125,150.5126953125
809136,45.654296875
809164,56.21337890625
809187,70.49560546875
809201,61.34033203125
809225,58.7158203125
809250,50.29296875
809264,68.9697265625
809274,41.68701171875
809291,57.12890625
809301,45.8984375
809311,32.16552734375
809329,30.3955078125
809351,40.22216796875
809376,38.51318359375
809411,38.87939453125
809430,41.50390625
809454,38.6962890625
809480,34.7900390625
809490,28.80859375
809508,28.62548828125
809542,48.15673828125
809569,30.45654296875
809602,34.912109375
809659,45.0439453125
809690,31.79931640625
809766,30.1513671875
809776,32.958984375
809814,39.1845703125
809863,32.958984375
809916,45.41015625
809956,28.01513671875
809995,31.67724609375
810032,38.87939453125
810060,27.77099609375
810170,37.65869140625
810302,35.33935546875
810327,30.57861328125
859820,28.50341796875
864122,28.80859375
872645,30.029296875
875141,38.0859375
875174,38.57421875
875201,30.2734375
875236,44.0673828125
875248,62.3779296875
875262,60.11962890625
875289,49.62158203125
875302,74.21875
875325,53.3447265625
875339,42.1142578125
875366,93.07861328125
875381,89.53857421875
875405,37.841796875
875440,71.1669921875
875463,68.603515625
875474,50.23193359375
875491,49.1943359375
875518,38.6962890625
875530,46.44775390625
875554,38.26904296875
875570,35.400390625
875597,44.7998046875
875612,42.48046875
875626,46.2646484375
875646,44.921875
875656,31.55517578125
875680,51.3916015625
875700,32.2265625
875734,28.076171875
875744,38.26904296875
875778,37.17041015625
875810,40.4052734375
875839,34.5458984375
875866,41.07666015625
875877,39.4287109375
875945,43.27392578125
876011,38.26904296875
876052,37.53662109375
876131,41.68701171875
876246,32.8369140625
876270,30.8837890625
876288,34.60693359375
876370,34.1796875
876451,30.33447265625
876629,27.77099609375
910126,29.052734375
923002,32.28759765625
931153,34.48486328125
935853,31.18896484375
942540,29.72412109375
950829,35.888671875
956247,30.8837890625
964688,30.8837890625
967498,28.50341796875
982657,29.35791015625
987981,33.63037109375
1000876,27.83203125
1003379,31.25
1011358,28.86962890625
1016240,32.470703125
1022453,30.57861328125
1025576,29.96826171875
1029738,28.4423828125
1047986,31.1279296875
1059367,32.53173828125
1059433,29.4189453125
1059471,32.40966796875
1059499,31.18896484375
1059514,60.97412109375
1059556,41.748046875
1059578,47.36328125
1059602,82.8857421875
1059619,43.0908203125
1059632,38.0859375
1059644,50.47607421875
1059680,60.1806640625
1059704,103.45458984375
1059729,53.955078125
1059742,140.869140625
1059768,79.4677734375
1059785,89.84375
1059805,40.95458984375
1059819,70.98388671875
1059844,48.583984375
1059870,44.677734375
1059896,44.73876953125
1059918,38.02490234375
1059945,70.00732421875
1059973,29.4189453125
1059987,49.01123046875
1060016,58.10546875
1060051,41.1376953125
1060062,29.84619140625
1060086,42.724609375
1060100,38.87939453125
1060135,39.4287109375
1060178,28.3203125
1060189,37.17041015625
1060228,38.02490234375
1060256,31.005859375
1060295,38.9404296875
1060355,27.9541015625
1060388,31.67724609375
1060416,41.015625
1060546,36.4990234375
1060622,35.09521484375
1060764,29.84619140625
1106230,30.2734375
1108877,28.6865234375
1112866,28.01513671875
1116460,36.07177734375
1121574,28.01513671875
1132735,31.494140625
1136040,28.99169921875
1139801,31.55517578125
1144919,29.35791015625
1147249,31.8603515625
1153295,27.89306640625
1157874,31.67724609375
1159740,34.0576171875
1164884,29.11376953125
1168876,29.35791015625
1168925,31.79931640625
1168960,31.06689453125
1168990,48.27880859375
1169018,42.66357421875
1169040,45.7763671875
1169067,55.48095703125
1169084,34.36279296875
1169101,62.43896484375
1169126,67.626953125
1169137,60.05859375
1169162,51.513671875
1169180,108.21533203125
1169190,69.27490234375
1169221,113.34228515625
1169235,61.21826171875
1169257,36.0107421875
1169271,40.4052734375
1169283,31.6162109375
1169300,36.62109375
1169316,52.91748046875
1169344,40.0390625
1169372,43.64013671875
1169384,42.236328125
1169399,31.55517578125
1169417,40.71044921875
1169432,38.87939453125
1169444,36.7431640625
1169461,39.85595703125
1169490,38.26904296875
1169502,36.9873046875
1169537,41.50390625
1169564,45.8984375
1169574,39.61181640625
1169596,30.76171875
1169611,36.1328125
1169630,30.3955078125
1169670,29.052734375
1169695,36.68212890625
1169715,32.2265625
1169775,33.02001953125
1169821,33.5693359375
1169873,39.73388671875
1169923,32.04345703125
1169983,28.99169921875
1170061,27.9541015625
1170233,30.6396484375
1215909,28.076171875
1224516,29.4189453125
1226118,31.1279296875
1229714,33.02001953125
1234662,31.005859375
1240405,30.33447265625
1244813,30.76171875
1249210,29.11376953125
1253773,31.494140625
1258612,30.1513671875
1260253,30.45654296875
1267130,30.70068359375
1273399,34.1796875
1281033,30.82275390625
1286319,30.76171875
1290124,28.076171875
1302565,33.38623046875
1303916,28.1982421875
1303972,41.32080078125
1303998,34.85107421875
1304024,62.56103515625
1304076,38.2080078125
1304089,56.15234375
1304111,47.18017578125
1304123,46.38671875
1304145,43.51806640625
1304172,47.42431640625
1304200,58.53271484375
1304221,52.06298828125
1304239,126.3427734375
1304266,49.01123046875
1304281,57.31201171875
1304297,37.65869140625
1304313,47.4853515625
1304345,60.6689453125
1304365,50.35400390625
1304389,34.7900390625
1304416,48.7060546875
1304427,33.5693359375
1304468,44.73876953125
1304485,35.64453125
1304503,46.5087890625
1304522,37.59765625
1304573,45.95947265625
1304594,31.494140625
1304616,29.541015625
1304664,33.87451171875
1304693,33.14208984375
1304737,48.33984375
1304769,34.24072265625
1304858,33.02001953125
1304935,46.08154296875
1305164,41.80908203125
1305231,28.99169921875
1340817,27.77099609375
1345103,31.1279296875
1355351,29.541015625
1368053,33.38623046875
1371074,30.3955078125
1380515,31.8603515625
1383095,31.25
1388390,30.45654296875
1393146,28.6865234375
1396843,30.6396484375
1398943,35.09521484375
1408508,30.45654296875
1412063,28.80859375
1416437,27.77099609375
1428180,33.38623046875
1429229,29.72412109375
1429280,38.26904296875
1429318,50.59814453125
1429348,54.50439453125
1429376,64.8193359375
1429402,54.0771484375
1429429,91.73583984375
1429453,60.791015625
1429470,55.5419921875
1429493,36.4990234375
1429517,99.365234375
1429539,51.1474609375
1429553,92.34619140625
1429574,69.76318359375
1429619,97.47314453125
1429650,43.76220703125
1429679,47.66845703125
1429693,44.73876953125
1429711,44.3115234375
1429737,46.20361328125
1429747,70.3125
1429761,34.0576171875
1429776,38.2080078125
1429786,29.35791015625
1429805,52.79541015625
1429821,37.78076171875
1429839,42.29736328125
1429873,43.64013671875
1429935,34.97314453125
1429987,28.74755859375
1430021,31.06689453125
1430045,36.62109375
1430056,36.1328125
1430146,35.7666015625
1430218,35.21728515625
1430350,36.68212890625
1430393,29.11376953125
1430486,29.60205078125
1430762,29.6630859375
1462419,28.38134765625
1469090,34.97314453125
1480132,28.4423828125
1495170,28.13720703125
1497684,28.62548828125
1509612,29.84619140625
1512838,29.541015625
1519685,32.16552734375
1532355,28.4423828125
1535209,28.86962890625
1541561,30.6396484375
1552302,31.1279296875
1554892,32.77587890625
1554976,37.29248046875
1554989,52.978515625
1555028,41.015625
1555062,44.43359375
1555084,63.1103515625
1555115,78.79638671875
1555138,123.291015625
1555166,53.28369140625
1555189,59.75341796875
1555209,80.6884765625
1555233,51.81884765625
1555243,60.6689453125
1555282,57.55615234375
1555308,53.16162109375
1555333,65.97900390625
1555343,35.70556640625
1555357,37.2314453125
1555385,52.30712890625
1555409,32.1044921875
1555423,28.50341796875
1555442,48.76708984375
1555470,35.70556640625
1555509,64.39208984375
1555538,27.77099609375
1555551,30.82275390625
1555585,33.50830078125
1555595,37.2314453125
1555681,53.89404296875
1555715,31.92138671875
1555795,31.6162109375
1555833,28.62548828125
1555866,29.6630859375
1555935,29.541015625
1555991,34.97314453125
1556178,38.14697265625
1556209,28.86962890625
1556228,29.541015625
1591653,29.6630859375
1594447,29.4189453125
1602391,27.77099609375
1607273,29.84619140625
1622557,29.23583984375
1630088,33.26416015625
1634971,37.109375
1637349,30.70068359375
1644377,32.71484375
1660740,28.4423828125
1663497,32.5927734375
1678283,33.447265625
1685241,35.888671875
1685325,32.958984375
1685343,35.94970703125
1685388,38.0859375
1685416,60.4248046875
1685440,90.39306640625
1685460,57.43408203125
1685490,111.6943359375
1685505,135.07080078125
1685523,70.37353515625
1685534,64.208984375
1685549,104.8583984375
1685572,62.07275390625
1685589,53.5888671875
1685608,67.138671875
1685622,40.22216796875
1685633,68.603515625
1685650,31.92138671875
1685670,33.99658203125
1685682,53.03955078125
1685706,39.0625
1685732,35.7666015625
1685742,33.38623046875
1685762,32.2265625
1685790,40.10009765625
1685819,65.0634765625
1685833,28.9306640625
1685849,28.9306640625
1685882,27.77099609375
1685895,58.65478515625
1685945,41.259765625
1685964,28.86962890625
1686003,35.21728515625
1686102,46.630859375
1686115,34.97314453125
1686228,39.4287109375
1686433,34.11865234375
1686570,35.33935546875
1713211,29.052734375
1726301,30.029296875
1732984,32.89794921875
1743536,28.9306640625
1775131,27.89306640625
1794397,28.9306640625
1800951,28.076171875
1809630,35.33935546875
1809644,59.14306640625
1809677,58.7158203125
1809693,34.48486328125
1809717,64.27001953125
1809730,80.9326171875
1809755,51.8798828125
1809768,43.51806640625
1809789,67.9931640625
1809803,125
1809822,74.951171875
1809839,124.267578125
1809856,44.73876953125
1809867,28.9306640625
1809882,57.373046875
1809892,36.92626953125
1809918,69.9462890625
1809929,49.31640625
1809952,44.5556640625
1809974,34.1796875
1809985,37.78076171875
1810001,40.6494140625
1810011,40.58837890625
1810039,50.59814453125
1810067,54.443359375
1810083,27.89306640625
1810097,28.4423828125
1810107,44.5556640625
1810129,37.53662109375
1810148,30.029296875
1810174,29.052734375
1810204,45.0439453125
1810226,32.53173828125
1810240,40.58837890625
1810253,34.72900390625
1810284,40.4052734375
1810392,30.517578125
1810426,51.45263671875
1810500,29.84619140625
1810607,40.0390625
1810816,36.43798828125
1810869,34.11865234375
1810943,29.72412109375
1844471,34.423828125
1863668,34.36279296875
1866662,28.3203125
1873405,34.36279296875
1881500,28.564453125
1885473,30.21240234375
1891349,29.4189453125
1904617,27.89306640625
1917339,27.89306640625
1935433,30.8837890625
1935513,53.03955078125
1935549,34.0576171875
1935569,58.4716796875
1935598,39.0625
1935627,39.794921875
1935649,81.84814453125
1935665,88.43994140625
1935690,118.1640625
1935709,127.62451171875
1935733,86.12060546875
1935743,72.93701171875
1935760,82.275390625
1935782,59.08203125
1935801,53.16162109375
1935812,50.29296875
1935823,37.90283203125
1935836,32.40966796875
1935856,55.84716796875
1935866,56.7626953125
1935891,40.34423828125
1935918,66.22314453125
1935943,28.99169921875
1935955,44.189453125
1935970,43.39599609375
1935999,49.8046875
1936028,59.38720703125
1936060,31.982421875
1936097,29.4189453125
1936139,49.1943359375
1936155,35.70556640625
1936180,36.19384765625
1936204,33.8134765625
1936278,28.6865234375
1936380,39.61181640625
1936542,36.7431640625
1936626,30.33447265625
1936640,52.6123046875
1936764,28.62548828125
1936782,29.84619140625
1977181,34.97314453125
1979231,29.052734375
1991456,33.203125
1992897,30.6396484375
1998135,32.2265625
2008013,29.296875
2013816,28.564453125
2057434,33.935546875
2059206,27.9541015625
2064969,33.02001953125
2065020,29.96826171875
2065049,42.90771484375
2065069,27.9541015625
2065087,35.0341796875
2065103,31.92138671875
2065126,84.89990234375
2065140,51.69677734375
2065161,65.73486328125
2065176,37.41455078125
2065202,80.99365234375
2065222,84.716796875
2065234,54.19921875
2065262,101.01318359375
2065276,45.41015625
2065300,57.861328125
2065314,54.13818359375
2065343,58.4716796875
2065364,49.25537109375
2065374,30.1513671875
2065386,51.3916015625
2065414,42.236328125
2065443,46.32568359375
2065467,33.02001953125
2065477,53.03955078125
2065507,48.40087890625
2065538,46.2646484375
2065556,42.724609375
2065568,43.39599609375
2065592,28.076171875
2065607,27.83203125
2065629,32.89794921875
2065652,43.02978515625
2065687,27.89306640625
2065721,30.57861328125
2065766,29.60205078125
2065797,28.1982421875
2065846,32.04345703125
2065904,47.7294921875
2066077,34.5458984375
2066143,33.26416015625
2066474,29.1748046875
2066504,31.005859375
2100257,30.82275390625
2104910,29.47998046875
2108612,29.11376953125
2112192,33.203125
2119368,28.3203125
2120564,29.541015625
2135165,28.13720703125
2146113,31.18896484375
2148987,29.1748046875
2161669,29.60205078125
2165695,28.13720703125
2165861,32.53173828125
2165889,32.5927734375
2165904,48.88916015625
2165921,71.22802734375
2165937,30.21240234375
2165955,55.48095703125
2165978,51.025390625
2165998,71.1669921875
2166025,126.15966796875
2166046,51.20849609375
2166061,113.34228515625
2166080,56.0302734375
2166090,57.18994140625
2166114,51.26953125
2166128,50.78125
2166150,49.560546875
2166176,77.5146484375
2166193,53.03955078125
2166225,37.841796875
2166248,37.65869140625
2166279,60.302734375
2166306,43.8232421875
2166322,29.541015625
2166343,37.841796875
2166365,45.83740234375
2166382,45.59326171875
2166401,36.4990234375
2166443,29.78515625
2166458,49.9267578125
2166481,41.44287109375
2166524,38.330078125
2166552,35.09521484375
2166637,29.1748046875
2166747,37.17041015625
2166883,41.80908203125
2166914,28.6865234375
2166931,29.78515625
2166989,28.38134765625
2167047,39.4287109375
2167237,41.56494140625
2202737,34.5458984375
2209474,28.86962890625
2212781,30.517578125
2216229,28.564453125
2221423,29.4189453125
2224747,31.005859375
2231810,31.6162109375
2233663,31.55517578125
2235052,29.052734375
2236346,31.1279296875
2240259,28.4423828125
2250469,27.83203125
2254281,30.09033203125
2260643,31.73828125
2266884,27.83203125
2267491,33.38623046875
2282055,28.01513671875
2293688,32.2265625
2303204,28.99169921875
2308200,34.7900390625
2308217,58.28857421875
2308242,41.07666015625
2308262,47.66845703125
2308279,46.38671875
2308309,48.03466796875
2308334,67.3828125
2308349,60.24169921875
2308367,40.95458984375
2308385,90.51513671875
2308398,128.173828125
2308430,81.4208984375
2308449,30.3955078125
2308467,59.5703125
2308490,65.36865234375
2308511,49.98779296875
2308531,58.10546875
2308564,48.76708984375
2308578,53.466796875
2308589,45.5322265625
2308601,38.57421875
2308616,52.3681640625
2308632,48.095703125
2308669,42.41943359375
2308697,44.61669921875
2308727,53.52783203125
2308741,40.52734375
2308757,49.6826171875
2308791,39.55078125
2308830,34.3017578125
2308844,30.029296875
2308876,28.4423828125
2308909,31.31103515625
2308927,36.7431640625
2309008,28.86962890625
2309030,35.2783203125
2309043,33.38623046875
2309083,31.494140625
2309153,27.83203125
2309306,43.8232421875
2339586,27.9541015625
2348313,29.4189453125
2365539,33.02001953125
2378386,29.96826171875
2385928,36.1328125
2396868,31.92138671875
2404387,31.6162109375
2414997,27.89306640625
2425723,30.94482421875
2431215,31.25
2431326,35.21728515625
2431355,37.17041015625
2431376,59.26513671875
2431388,58.10546875
2431419,42.17529296875
2431441,41.015625
2431468,51.94091796875
2431478,75.50048828125
2431518,50.72021484375
2431536,73.1201171875
2431565,112.79296875
2431591,97.2900390625
2431620,77.1484375
2431639,86.60888671875
2431662,38.14697265625
2431682,72.32666015625
2431692,46.0205078125
2431707,39.306640625
2431731,73.3642578125
2431751,46.630859375
2431777,31.25
2431794,39.61181640625
2431809,53.03955078125
2431834,47.36328125
2431849,39.97802734375
2431862,54.8095703125
2431891,36.56005859375
2431959,36.2548828125
2431969,30.94482421875
2431994,40.4052734375
2432040,31.18896484375
2432063,39.4287109375
2432078,30.029296875
2432109,32.65380859375
2432244,38.2080078125
2432283,41.32080078125
2432311,31.73828125
2432339,30.09033203125
2432462,33.02001953125
2432496,33.0810546875
2432508,31.25
2432653,28.25927734375
2432695,28.564453125
2432837,42.54150390625
2460172,33.99658203125
2485830,36.4990234375
2492551,28.9306640625
2496918,38.02490234375
2524831,29.6630859375
2533947,31.31103515625
2545633,29.541015625
2549711,29.052734375
2552620,40.34423828125
2552650,58.28857421875
2552660,28.6865234375
2552679,37.2314453125
2552702,59.2041015625
2552724,71.96044921875
2552742,84.89990234375
2552755,72.44873046875
2552782,60.24169921875
2552798,73.8525390625
2552816,45.2880859375
2552827,56.70166015625
2552841,35.64453125
2552854,47.607421875
2552867,99.853515625
2552885,45.10498046875
2552906,49.98779296875
2552932,31.494140625
2552943,47.66845703125
2552962,41.07666015625
2552986,43.27392578125
2553012,36.9873046875
2553033,55.48095703125
2553066,30.70068359375
2553081,30.45654296875
2553094,46.9970703125
2553105,36.68212890625
2553123,33.69140625
2553153,56.70166015625
2553165,36.43798828125
2553187,36.07177734375
2553199,41.9921875
2553218,29.1748046875
2553271,32.53173828125
2553305,34.66796875
2553331,52.18505859375
2553468,34.0576171875
2553558,41.8701171875
2553615,41.259765625
2553701,29.72412109375
2553751,38.0859375
2553781,39.12353515625
2553798,29.6630859375
2553893,34.912109375
2553955,28.62548828125
2554026,34.66796875
2554131,28.4423828125
2554141,34.423828125
2554173,30.517578125
2589310,28.564453125
2597612,32.16552734375
2600663,29.11376953125
2602246,30.1513671875
2604900,31.06689453125
2610436,28.38134765625
2617019,32.5927734375
2621877,28.4423828125
2626228,31.31103515625
2643522,29.296875
2661231,31.6162109375
2674064,30.33447265625
2676567,28.564453125
2686656,28.99169921875
2686687,40.46630859375
2686708,43.76220703125
2686721,41.32080078125
2686743,34.97314453125
2686768,61.21826171875
2686786,99.609375
2686823,49.8046875
2686849,106.75048828125
2686860,156.982421875
2686872,82.03125
2686894,76.35498046875
2686907,69.4580078125
2686931,61.279296875
2686955,82.8857421875
2686976,59.38720703125
2686986,39.73388671875
2687003,42.96875
2687015,43.76220703125
2687042,43.15185546875
2687052,55.419921875
2687077,49.01123046875
2687104,50.59814453125
2687119,37.90283203125
2687132,46.875
2687145,41.68701171875
2687182,50.537109375
2687203,40.46630859375
2687217,37.53662109375
2687241,43.45703125
2687251,46.08154296875
2687286,42.41943359375
2687320,42.8466796875
2687412,30.09033203125
2687432,46.93603515625
2687523,37.04833984375
2687538,33.447265625
2687566,28.01513671875
2687642,38.57421875
2687669,32.53173828125
2687868,52.490234375
2687903,31.8603515625
2687937,31.982421875
2688002,28.01513671875
2688052,33.75244140625
2688089,29.11376953125
2688173,32.28759765625
2688242,31.31103515625
2719943,33.26416015625
2725338,30.33447265625
2729870,27.9541015625
2741334,32.5927734375
2747763,28.1982421875
2750325,29.35791015625
2750394,41.6259765625
2750422,89.17236328125
2750452,35.5224609375
2750483,46.32568359375
2750504,54.443359375
2750516,35.70556640625
2750536,65.00244140625
2750567,107.23876953125
2750581,59.326171875
2750599,64.453125
2750628,56.5185546875
2750644,35.58349609375
2750659,33.3251953125
2750690,70.86181640625
2750715,62.07275390625
2750736,52.3681640625
2750764,59.5703125
2750786,47.607421875
2750813,43.8232421875
2750838,38.75732421875
2750852,56.09130859375
2750866,61.82861328125
2750878,29.35791015625
2750913,30.76171875
2750927,57.55615234375
2750961,42.66357421875
2750995,49.4384765625
2751037,29.84619140625
2751089,34.423828125
2751111,43.02978515625
2751173,29.35791015625
2751195,28.1982421875
2751213,30.6396484375
2751301,28.50341796875
2751332,42.17529296875
2751356,30.2734375
2751560,42.17529296875
2751571,33.5693359375
2751617,29.052734375
2751670,40.8935546875
2751781,43.0908203125
2751799,28.13720703125
2751835,34.3017578125
2751845,48.095703125
2751927,35.15625
2751945,33.26416015625
2752096,36.68212890625
2752119,31.92138671875
2780628,29.84619140625
2784756,32.77587890625
2792911,32.2265625
2801089,28.38134765625
2803438,32.2265625
2810617,27.83203125
2819670,28.6865234375
2823705,37.4755859375
2836874,32.53173828125
2845452,36.4990234375
2865133,31.18896484375
2869115,28.4423828125
2871186,34.72900390625
2879095,28.86962890625
2889310,28.38134765625
2899573,30.1513671875
2900151,27.77099609375
2900182,44.00634765625
2900205,43.701171875
2900228,46.0205078125
2900256,53.5888671875
2900286,65.49072265625
2900313,41.3818359375
2900343,135.3759765625
2900357,100.40283203125
2900374,92.8955078125
2900389,50.35400390625
2900412,49.6826171875
2900432,66.95556640625
2900447,43.0908203125
2900469,50.1708984375
2900492,56.5185546875
2900510,32.1044921875
2900533,52.24609375
2900556,36.4990234375
2900568,54.19921875
2900580,30.3955078125
2900596,38.2080078125
2900622,46.44775390625
2900633,45.83740234375
2900648,43.701171875
2900675,42.3583984375
2900689,47.79052734375
2900707,41.015625
2900731,33.87451171875
2900746,34.36279296875
2900775,30.76171875
2900813,31.43310546875
2900847,47.2412109375
2900859,32.77587890625
2900946,28.4423828125
2900962,32.65380859375
2901051,30.82275390625
2901106,28.4423828125
2901227,48.03466796875
2901376,28.13720703125
2901425,30.45654296875
2901475,33.87451171875
2901637,44.5556640625
2901680,30.09033203125
2901805,36.68212890625
2954266,30.94482421875
2956336,33.99658203125
2963991,27.83203125
2971827,32.2265625
2976751,30.029296875
2986347,29.72412109375
3001978,29.23583984375
3004296,30.57861328125
3021832,36.7431640625
3031512,34.48486328125
3035180,29.6630859375
3035231,33.69140625
3035257,56.7626953125
3035276,32.3486328125
3035306,61.5234375
3035317,53.5888671875
3035341,76.5380859375
3035370,88.134765625
3035392,123.35205078125
3035406,63.4765625
3035433,76.2939453125
3035453,73.974609375
3035470,55.11474609375
3035486,38.51318359375
3035497,48.27880859375
3035518,61.767578125
3035530,57.9833984375
3035568,67.138671875
3035580,44.73876953125
3035598,36.865234375
3035613,44.73876953125
3035647,52.06298828125
3035669,28.6865234375
3035679,29.60205078125
3035697,42.05322265625
3035707,44.49462890625
3035748,33.50830078125
3035758,32.2265625
3035805,28.99169921875
3035827,31.73828125
3035850,52.24609375
3035879,31.31103515625
3035917,41.015625
3035938,30.21240234375
3035969,34.85107421875
3036011,28.80859375
3036076,33.75244140625
3036099,30.94482421875
3036143,33.69140625
3036196,40.34423828125
3036375,32.71484375
3036386,44.0673828125
3036537,28.25927734375
3036557,44.921875
3036617,30.45654296875
3036734,28.62548828125
3068295,31.67724609375
3070485,33.87451171875
3072586,28.62548828125
3072639,37.17041015625
3072671,39.24560546875
3072703,33.8134765625
3072733,41.44287109375
3072760,57.92236328125
3072797,53.03955078125
3072829,52.91748046875
3072853,142.51708984375
3072876,120.17822265625
3072897,81.11572265625
3072910,47.79052734375
3072933,60.05859375
3072950,56.640625
3072983,34.66796875
3072993,32.8369140625
3073005,79.345703125
3073032,52.24609375
3073054,60.24169921875
3073079,43.27392578125
3073090,34.24072265625
3073106,27.83203125
3073133,71.4111328125
3073146,36.80419921875
3073194,32.16552734375
3073224,32.53173828125
3073254,48.27880859375
3073277,30.70068359375
3073305,33.935546875
3073326,31.8603515625
3073361,29.9072265625
3073399,41.07666015625
3073412,31.06689453125
3073438,44.61669921875
3073449,28.99169921875
3073487,42.54150390625
3073535,28.86962890625
3073549,40.10009765625
3073568,30.1513671875
3073615,29.9072265625
3073669,33.02001953125
3073692,28.9306640625
3073756,34.423828125
3073774,37.04833984375
3073800,28.1982421875
3073836,31.005859375
3073863,46.08154296875
3073890,28.01513671875
3073932,38.63525390625
3073966,31.6162109375
3073976,53.28369140625
3074011,29.96826171875
3074043,52.001953125
3074059,28.38134765625
3074092,41.44287109375
3074185,50.78125
3074196,28.564453125
3074243,28.38134765625
3074287,36.07177734375
3074300,31.18896484375
3074386,31.06689453125
3074400,30.029296875
3107152,28.13720703125
3110552,28.076171875
3124748,28.9306640625
3126257,29.35791015625
3130340,34.912109375
3141372,29.11376953125
3145410,33.0810546875
3151497,28.01513671875
3157694,30.09033203125
3164095,29.6630859375
3166964,29.35791015625
3179011,31.8603515625
3186156,28.74755859375
3193258,35.0341796875
3209514,30.8837890625
3212524,32.1044921875
3224743,33.3251953125
3233617,28.99169921875
3233693,29.052734375
3241997,29.296875
3242027,36.2548828125
3242055,41.56494140625
3242079,50.47607421875
3242100,80.56640625
3242125,63.53759765625
3242153,64.5751953125
3242185,105.16357421875
3242201,66.89453125
3242221,82.1533203125
3242234,55.0537109375
3242247,50.23193359375
3242263,58.4716796875
3242282,39.85595703125
3242309,42.3583984375
3242331,43.0908203125
3242347,37.90283203125
3242360,36.80419921875
3242388,35.58349609375
3242413,49.9267578125
3242437,59.5703125
3242462,35.33935546875
3242473,43.88427734375
3242494,30.33447265625
3242531,40.52734375
3242548,28.9306640625
3242575,30.94482421875
3242606,28.13720703125
3242660,32.470703125
3242695,33.935546875
3242708,30.8837890625
3242824,42.8466796875
3242982,44.677734375
3243092,36.19384765625
3243103,48.33984375
3243221,42.6025390625
3243246,31.55517578125
3243391,33.26416015625
3278692,28.99169921875
3283724,29.84619140625
3284939,31.494140625
3301768,28.6865234375
3312585,28.076171875
3318841,33.75244140625
3327384,30.70068359375
3327428,42.1142578125
3327451,51.69677734375
3327481,45.2880859375
3327501,40.46630859375
3327511,45.10498046875
3327535,51.6357421875
3327548,85.99853515625
3327579,78.857421875
3327594,145.20263671875
3327608,54.38232421875
3327637,60.97412109375
3327658,44.7998046875
3327672,53.1005859375
3327700,52.734375
3327718,57.861328125
3327743,49.49951171875
3327767,56.94580078125
3327793,55.11474609375
3327806,31.005859375
3327820,31.982421875
3327838,32.470703125
3327848,28.99169921875
3327876,49.9267578125
3327902,70.1904296875
3327920,40.22216796875
3327952,41.68701171875
3327964,40.58837890625
3327978,44.37255859375
3327995,35.2783203125
3328012,31.73828125
3328032,33.3251953125
3328058,33.14208984375
3328086,40.52734375
3328117,34.0576171875
3328137,34.24072265625
3328153,34.60693359375
3328180,35.400390625
3328191,36.0107421875
3328238,39.48974609375
3328299,29.23583984375
3328321,33.0810546875
3328339,33.3251953125
3328434,30.94482421875
3328503,29.60205078125
3328598,31.18896484375
3328624,44.5556640625
3328691,33.0810546875
3328732,33.8134765625
3328760,47.8515625
3328861,45.95947265625
3328888,39.1845703125
3328922,31.73828125
3329030,34.85107421875
3329061,39.306640625
3329128,36.0107421875
3369609,28.4423828125
3377814,29.60205078125
3379588,28.62548828125
3394561,30.8837890625
3406355,32.53173828125
3411146,33.0810546875
3429345,27.77099609375
3442994,28.80859375
3454198,30.70068359375
3477852,28.4423828125
3477950,33.63037109375
3477969,65.3076171875
3477999,46.69189453125
3478009,56.57958984375
3478024,30.09033203125
3478048,60.1806640625
3478067,56.15234375
3478083,49.74365234375
3478096,57.80029296875
3478122,59.63134765625
3478136,93.68896484375
3478160,76.72119140625
3478182,61.1572265625
3478198,44.49462890625
3478211,56.82373046875
3478232,43.27392578125
3478252,62.744140625
3478264,61.03515625
3478289,68.115234375
3478301,47.8515625
3478314,54.01611328125
3478334,28.86962890625
3478352,49.62158203125
3478378,53.3447265625
3478397,46.9970703125
3478420,43.51806640625
3478433,39.55078125
3478455,29.11376953125
3478470,33.447265625
3478501,40.283203125
3478538,38.6962890625
3478571,33.63037109375
3478624,32.28759765625
3478664,42.1142578125
3478778,29.84619140625
3478816,31.06689453125
3478842,33.14208984375
3478898,33.02001953125
3478987,36.0107421875
3478998,28.80859375
3479110,28.3203125
3479132,50.29296875
3479230,67.0166015625
3479316,37.841796875
3479355,36.1328125
3479451,27.89306640625
3479526,33.5693359375
3479603,33.14208984375
3505415,30.2734375
3519761,30.33447265625
3526518,33.0810546875
3529171,31.982421875
3529215,29.9072265625
3529251,31.06689453125
3529262,61.95068359375
3529297,44.189453125
3529331,51.3916015625
3529359,48.9501953125
3529381,74.951171875
3529396,34.97314453125
3529406,56.82373046875
3529430,90.39306640625
3529440,123.1689453125
3529476,151.4892578125
3529498,68.9697265625
3529514,32.1044921875
3529539,66.83349609375
3529549,47.119140625
3529572,75.3173828125
3529583,43.76220703125
3529601,35.46142578125
3529622,40.83251953125
3529656,60.24169921875
3529684,54.5654296875
3529701,56.640625
3529720,54.38232421875
3529742,34.97314453125
3529757,62.98828125
3529769,38.75732421875
3529782,32.8369140625
3529800,41.748046875
3529820,29.541015625
3529838,30.94482421875
3529855,36.19384765625
3529879,30.45654296875
3529896,54.87060546875
3529948,35.46142578125
3529977,37.17041015625
3529999,29.84619140625
3530019,38.2080078125
3530094,31.6162109375
3530107,31.31103515625
3530230,30.029296875
3530312,37.841796875
3530351,47.8515625
3530380,31.31103515625
3530392,28.076171875
3530428,34.423828125
3530492,34.66796875
3530502,27.89306640625
3530552,31.1279296875
3530582,42.54150390625
3530668,37.78076171875
3530681,32.77587890625
3530764,41.56494140625
3530788,34.60693359375
3530860,33.3251953125
3530929,30.2734375
3530961,40.83251953125
3531016,28.6865234375
3531291,31.18896484375
3584074,29.72412109375
3589592,29.6630859375
3595257,31.06689453125
3598762,28.86962890625
3602655,28.564453125
3613487,30.94482421875
3622423,29.1748046875
3627526,36.4990234375
3630844,30.21240234375
3637198,29.6630859375
3651118,31.18896484375
3656292,29.6630859375
3685466,29.72412109375
3696631,30.1513671875
3696679,43.39599609375
3696697,39.0625
3696718,45.166015625
3696735,51.6357421875
3696767,71.96044921875
3696791,52.24609375
3696815,142.02880859375
3696836,108.70361328125
3696846,44.25048828125
3696862,42.3583984375
3696879,37.53662109375
3696900,91.12548828125
3696921,43.0908203125
3696940,51.025390625
3696956,59.2041015625
3696994,36.19384765625
3697010,30.57861328125
3697022,38.818359375
3697038,32.89794921875
3697072,37.53662109375
3697099,50.4150390625
3697116,30.2734375
3697132,31.79931640625
3697155,41.93115234375
3697175,33.38623046875
3697197,40.6494140625
3697214,34.3017578125
3697224,29.47998046875
3697237,30.1513671875
3697252,30.1513671875
3697295,31.3720703125
3697316,27.83203125
3697335,41.1376953125
3697407,85.693359375
3697427,28.50341796875
3697486,32.71484375
3697534,32.8369140625
3697595,34.72900390625
3697661,36.31591796875
3697812,36.865234375
3697897,33.69140625
3697921,40.283203125
3698049,27.77099609375
3698077,34.24072265625
3698148,28.86962890625
3698380,29.23583984375
3732822,30.33447265625
3735920,30.33447265625
3741194,28.564453125
3746239,30.3955078125
3749115,27.77099609375
3749390,118.95751953125
3751370,117.61474609375
3752156,112.4267578125
3755485,28.13720703125
3756818,28.13720703125
3758272,112.48779296875
3760711,29.541015625
3781563,28.6865234375
3797617,29.541015625
3804344,31.31103515625
3805362,112.85400390625
3812976,116.2109375
3826129,28.62548828125
3826170,33.447265625
3826201,38.02490234375
3826231,53.3447265625
3826264,50.9033203125
3826281,55.84716796875
3826304,61.46240234375
3826323,52.978515625
3826345,69.64111328125
3826376,75.74462890625
3826387,70.86181640625
3826402,75.74462890625
3826421,65.3076171875
3826442,57.2509765625
3826464,53.8330078125
3826490,57.7392578125
3826500,34.423828125
3826514,35.7666015625
3826541,56.21337890625
3826553,29.72412109375
3826590,38.87939453125
3826611,34.60693359375
3826642,37.41455078125
3826658,42.236328125
3826681,40.771484375
3826696,50.47607421875
3826725,77.69775390625
3826777,32.1044921875
3826794,34.5458984375
3826828,35.70556640625
3826874,33.8134765625
3826893,39.97802734375
3826925,28.076171875
3826973,29.78515625
3827004,40.71044921875
3827017,28.3203125
3827070,36.0107421875
3827135,27.89306640625
3827154,36.376953125
3827197,28.564453125
3827213,32.40966796875
3827325,48.40087890625
3827335,33.26416015625
3827361,35.70556640625
3827412,28.80859375
3827500,30.21240234375
3827547,40.83251953125
3827580,30.1513671875
3827670,28.1982421875
3827712,44.37255859375
3827888,33.3251953125
3832625,114.013671875
3844956,121.826171875
3852421,118.896484375
3852592,111.4501953125
3852683,101.25732421875
3853363,105.46875
3859706,30.76171875
3864192,30.94482421875
3866345,112.548828125
3868141,107.177734375
3873300,28.38134765625
3884986,28.4423828125
3888455,29.78515625
3893585,32.470703125
3895237,28.13720703125
3900807,32.71484375
3912719,31.494140625
3920797,29.11376953125
3923805,33.5693359375
3936253,28.80859375
3945359,34.60693359375
3963778,38.87939453125
3963826,31.31103515625
3963848,36.1328125
3963865,53.16162109375
3963876,44.5556640625
3963900,49.9267578125
3963920,64.14794921875
3963943,57.6171875
3963954,69.580078125
3963965,74.0966796875
3963979,89.78271484375
3964009,79.16259765625
3964026,38.39111328125
3964046,58.65478515625
3964074,65.49072265625
3964089,45.2880859375
3964112,53.52783203125
3964133,45.95947265625
3964160,71.10595703125
3964185,37.353515625
3964216,38.4521484375
3964250,34.3017578125
3964271,31.1279296875
3964286,43.76220703125
3964301,33.50830078125
3964313,37.2314453125
3964342,41.3818359375
3964372,52.18505859375
3964442,38.57421875
3964459,28.564453125
3964482,31.43310546875
3964555,28.9306640625
3964582,28.62548828125
3964648,39.1845703125
3964686,49.560546875
3964732,28.80859375
3964760,35.15625
3964790,30.09033203125
3964878,38.26904296875
3965015,30.21240234375
3965042,38.818359375
3965080,28.86962890625
3965143,38.0859375
3965174,47.36328125
3965185,37.4755859375
3965219,42.6025390625
3965262,28.6865234375
3965315,41.3818359375
3965341,33.26416015625
3965484,35.888671875
4009098,29.47998046875
4019077,27.77099609375
4025851,29.11376953125
4028718,30.2734375
4031145,31.43310546875
4043231,33.5693359375
4046243,29.84619140625
4052917,28.50341796875
4056427,30.82275390625
4064650,30.21240234375
4092925,34.97314453125
4092973,33.87451171875
4092997,35.33935546875
4093008,37.04833984375
4093020,43.15185546875
4093049,62.56103515625
4093062,60.36376953125
4093087,54.13818359375
4093108,57.43408203125
4093125,53.1005859375
4093146,90.087890625
4093169,88.92822265625
4093190,61.4013671875
4093214,56.396484375
4093238,54.62646484375
4093259,56.45751953125
4093280,52.6123046875
4093303,74.5849609375
4093324,48.64501953125
4093353,41.19873046875
4093364,45.22705078125
4093403,46.2646484375
4093421,36.43798828125
4093443,29.23583984375
4093486,39.97802734375
4093507,32.2265625
4093521,44.3115234375
4093547,30.45654296875
4093573,32.5927734375
4093583,35.888671875
4093609,46.38671875
4093632,29.11376953125
4093685,39.00146484375
4093715,34.11865234375
4093791,30.2734375
4093818,36.865234375
4093912,31.06689453125
4093947,35.888671875
4093991,27.77099609375
4094052,31.494140625
4094118,32.28759765625
4094245,33.02001953125
4094290,39.0625
4094337,52.001953125
4094377,31.982421875
4094389,40.58837890625
4094548,40.1611328125
4094565,28.25927734375
4094635,35.58349609375
4122660,29.60205078125
4136571,29.78515625
4149881,32.71484375
4151752,30.3955078125
4160586,33.14208984375
4168398,30.70068359375
4173736,27.83203125
4180746,32.2265625
4198875,28.13720703125
4212789,32.04345703125
4236680,29.1748046875
4236719,35.82763671875
4236751,39.36767578125
4236769,46.5087890625
4236800,56.15234375
4236814,41.56494140625
4236830,64.51416015625
4236850,47.54638671875
4236877,70.25146484375
4236903,106.01806640625
4236918,65.97900390625
4236929,55.6640625
4236939,58.04443359375
4236969,48.7060546875
4236987,55.419921875
4237007,76.47705078125
4237030,63.232421875
4237052,61.279296875
4237077,51.08642578125
4237100,38.63525390625
4237125,37.53662109375
4237137,28.076171875
4237150,30.70068359375
4237172,53.5888671875
4237231,40.10009765625
4237246,29.72412109375
4237277,33.8134765625
4237294,33.50830078125
4237327,35.64453125
4237365,43.701171875
4237387,46.142578125
4237409,33.50830078125
4237423,36.31591796875
4237512,40.1611328125
4237522,32.16552734375
4237605,29.47998046875
4237619,39.73388671875
4237637,30.3955078125
4237687,41.68701171875
4237832,50.1708984375
4237859,28.564453125
4237936,38.51318359375
4237955,51.1474609375
4238114,32.77587890625
4238162,33.69140625
4238235,40.6494140625
4238246,37.4755859375
4278834,28.80859375
4281820,30.57861328125
4285620,28.9306640625
4290689,31.6162109375
4295808,28.50341796875
4306963,29.23583984375
4308645,34.24072265625
4311140,29.9072265625
4322138,28.86962890625
4357896,36.1328125
4357942,32.470703125
4357952,29.23583984375
4357977,35.82763671875
4358008,80.26123046875
4358023,44.921875
4358043,66.46728515625
4358077,82.275390625
4358098,78.79638671875
4358121,137.0849609375
4358132,83.740234375
4358156,72.6318359375
4358182,84.5947265625
4358210,54.443359375
4358224,55.419921875
4358243,50.78125
4358256,48.095703125
4358284,48.15673828125
4358304,53.955078125
4358329,33.0810546875
4358354,46.0205078125
4358379,32.04345703125
4358405,28.38134765625
4358416,30.1513671875
4358432,33.99658203125
4358462,61.34033203125
4358489,44.3115234375
4358515,38.51318359375
4358535,31.73828125
4358554,34.3017578125
4358586,30.1513671875
4358604,38.4521484375
4358639,28.9306640625
4358710,35.33935546875
4358821,30.2734375
4358840,28.80859375
4358924,44.49462890625
4358956,30.3955078125
4359113,40.283203125
4359201,40.1611328125
4359244,35.7666015625
4359273,28.6865234375
4359352,39.73388671875
4359384,27.9541015625
4359459,31.06689453125
4359474,32.53173828125
4359484,35.94970703125
4359533,28.6865234375
4359671,32.3486328125
4393357,31.25
4401550,28.50341796875
4415183,28.25927734375
4422091,31.06689453125
4447499,28.38134765625
4466181,28.1982421875
4466223,34.48486328125
4466248,38.63525390625
4466263,48.2177734375
4466283,39.97802734375
4466303,47.42431640625
4466334,68.359375
4466369,89.111328125
4466379,142.578125
4466401,63.65966796875
4466413,91.30859375
4466432,38.02490234375
4466443,47.42431640625
4466469,49.37744140625
4466480,50.35400390625
4466495,47.54638671875
4466516,41.68701171875
4466536,45.5322265625
4466560,49.86572265625
4466585,54.6875
4466596,29.96826171875
4466610,47.607421875
4466635,33.75244140625
4466660,45.71533203125
4466687,50.35400390625
4466715,41.9921875
4466743,47.607421875
4466760,27.89306640625
4466772,36.0107421875
4466789,39.12353515625
4466823,36.56005859375
4466842,30.6396484375
4466865,31.6162109375
4466889,40.771484375
4466899,36.07177734375
4466923,29.4189453125
4466953,29.1748046875
4466997,30.09033203125
4467010,29.96826171875
4467036,40.6494140625
4467053,31.982421875
4467077,28.13720703125
4467143,30.029296875
4467168,37.65869140625
4467222,36.80419921875
4467243,32.89794921875
4467275,36.19384765625
4467300,36.07177734375
4467327,29.84619140625
4467410,28.4423828125
4467444,37.78076171875
4467458,29.84619140625
4467484,28.86962890625
4467568,32.04345703125
4467601,32.8369140625
4467652,50.048828125
4467738,29.60205078125
4467759,28.62548828125
4467786,42.41943359375
4467851,33.75244140625
4498101,28.86962890625
4510245,27.9541015625
4515375,32.470703125
4516582,31.494140625
4521515,31.005859375
4534349,32.04345703125
4535634,39.73388671875
4535665,53.40576171875
4535675,37.9638671875
4535712,42.8466796875
4535726,34.97314453125
4535737,49.37744140625
4535756,40.771484375
4535780,69.64111328125
4535799,85.205078125
4535817,115.1123046875
4535837,67.2607421875
4535850,54.38232421875
4535876,57.18994140625
4535897,69.4580078125
4535908,55.48095703125
4535920,41.259765625
4535940,42.05322265625
4535953,67.32177734375
4535977,47.30224609375
4535988,48.76708984375
4536015,51.45263671875
4536028,55.96923828125
4536040,46.142578125
4536063,29.541015625
4536074,61.1572265625
4536104,42.90771484375
4536133,46.38671875
4536146,28.62548828125
4536167,28.62548828125
4536193,51.6357421875
4536210,30.94482421875
4536241,31.31103515625
4536261,40.58837890625
4536272,35.33935546875
4536317,27.77099609375
4536339,37.4755859375
4536384,32.470703125
4536411,29.11376953125
4536457,40.0390625
4536474,43.5791015625
4536590,29.60205078125
4536603,32.40966796875
4536700,43.45703125
4536742,35.5224609375
4536803,45.166015625
4536818,29.052734375
4536842,29.35791015625
4536942,31.31103515625
4537031,28.74755859375
4537053,41.68701171875
4537092,28.99169921875
4537122,35.7666015625
4537155,40.71044921875
4537167,36.19384765625
4537270,42.66357421875
4537286,29.96826171875
4537297,39.6728515625
4574048,29.11376953125
4576809,28.86962890625
4588127,31.494140625
4640061,37.29248046875
4668040,33.87451171875
4668072,28.9306640625
4668098,58.349609375
4668108,37.353515625
4668134,57.9833984375
4668157,67.0166015625
4668183,73.42529296875
4668196,103.1494140625
4668215,41.3818359375
4668245,40.95458984375
4668266,71.8994140625
4668288,60.97412109375
4668309,50.6591796875
4668326,50.4150390625
4668348,42.17529296875
4668371,30.70068359375
4668383,38.6962890625
4668407,41.80908203125
4668420,58.349609375
4668431,64.88037109375
4668450,50.96435546875
4668480,64.5751953125
4668507,39.1845703125
4668532,48.76708984375
4668563,28.80859375
4668594,47.607421875
4668622,44.12841796875
4668640,34.5458984375
4668656,49.37744140625
4668680,29.35791015625
4668694,36.7431640625
4668715,37.53662109375
4668734,35.21728515625
4668792,29.23583984375
4668819,35.64453125
4668874,29.60205078125
4668903,54.3212890625
4668995,28.9306640625
4669022,42.05322265625
4669037,48.76708984375
4669071,27.89306640625
4669207,39.97802734375
4669330,28.3203125
4669350,42.8466796875
4669384,28.076171875
4669417,32.40966796875
4669485,43.701171875
4669577,38.4521484375
4669594,38.57421875
4669776,32.3486328125
4714605,28.86962890625
4725915,34.7900390625
4756944,28.74755859375
4775256,29.11376953125
