4799201,0
81767,35.64453125
81898,26.91650390625
81954,26.2451171875
81988,24.84130859375
82020,32.958984375
82047,25.69580078125
82076,26.7333984375
195563,35.94970703125
195626,26.55029296875
195657,27.2216796875
195669,30.94482421875
195753,31.18896484375
195796,32.2265625
195924,27.099609375
288839,32.1044921875
288933,27.77099609375
289026,34.423828125
289117,25.81787109375
289176,26.55029296875
388087,32.77587890625
388127,25.87890625
388149,24.71923828125
388230,36.07177734375
388295,25.634765625
388350,38.57421875
388431,26.123046875
389186,26.0009765625
510521,33.99658203125
510603,28.564453125
510688,31.8603515625
510754,26.611328125
599248,36.0107421875
599349,27.77099609375
599455,32.77587890625
599509,28.80859375
599557,32.71484375
599615,25.146484375
599636,30.8837890625
599694,24.84130859375
724060,32.71484375
724135,31.55517578125
724145,31.1279296875
724160,32.40966796875
724235,30.70068359375
724249,29.96826171875
724272,28.076171875
724299,25.57373046875
724326,27.2216796875
724338,24.71923828125
768225,35.58349609375
768320,29.35791015625
768395,40.22216796875
768406,26.42822265625
768484,26.55029296875
768577,26.4892578125
768613,25.0244140625
769571,24.84130859375
808891,37.17041015625
809000,27.03857421875
809090,29.96826171875
809122,28.99169921875
809179,35.46142578125
809199,25.87890625
809272,29.84619140625
810206,25.390625
875156,36.0107421875
875186,26.4892578125
875266,29.6630859375
875398,24.84130859375
875488,32.16552734375
875525,26.123046875
1059516,30.57861328125
1059616,24.84130859375
1059650,27.099609375
1059679,24.7802734375
1059754,27.4658203125
1059766,29.78515625
1059820,29.1748046875
1060605,25.390625
1168991,41.93115234375
1169071,26.91650390625
1169105,26.85546875
1169176,26.85546875
1169193,29.47998046875
1169232,26.611328125
1169291,25.2685546875
1304033,41.8701171875
1304120,28.6865234375
1304182,31.43310546875
1304194,26.85546875
1304222,25.45166015625
1304255,26.123046875
1429321,40.283203125
1429402,26.123046875
1429464,24.71923828125
1429483,29.60205078125
1430618,25.32958984375
1554996,32.53173828125
1555068,28.80859375
1555127,28.80859375
1555183,24.84130859375
1555199,31.25
1555222,27.4658203125
1555256,26.2451171875
1685346,40.52734375
1685374,26.18408203125
1685408,30.517578125
1685418,26.123046875
1685467,28.4423828125
1685493,24.96337890625
1685572,30.33447265625
1685635,26.42822265625
1686837,25.146484375
1809633,33.5693359375
1809689,25.81787109375
1809868,25.390625
1810050,27.34375
1935546,39.0625
1935618,29.4189453125
1935677,27.28271484375
1935705,24.71923828125
1935749,27.28271484375
1935772,25.45166015625
1935844,27.7099609375
2065022,33.38623046875
2065105,26.3671875
2065119,35.58349609375
2065162,34.423828125
2065243,28.3203125
2065271,29.296875
2065291,29.96826171875
2165860,38.9404296875
2165936,28.1982421875
2165996,27.2216796875
2166077,31.005859375
2166092,25.45166015625
2166197,24.90234375
2308178,34.72900390625
2308264,25.0244140625
2308395,28.50341796875
2308506,25.93994140625
2308545,29.35791015625
2308586,28.99169921875
2431339,41.8701171875
2431413,25.390625
2431528,31.494140625
2432539,24.71923828125
2552652,39.73388671875
2552704,27.52685546875
2552766,28.25927734375
2552825,32.5927734375
2686716,35.82763671875
2686759,35.888671875
2686877,28.86962890625
2686933,36.56005859375
2750422,33.50830078125
2750503,27.83203125
2750544,28.6865234375
2750612,25.2685546875
2750641,24.71923828125
2751687,28.4423828125
2751982,26.2451171875
2821444,31.1279296875
2821677,34.423828125
2900203,38.9404296875
2900270,24.90234375
2900365,25.81787109375
2900415,31.18896484375
2901818,27.40478515625
3035260,30.76171875
3035423,34.3017578125
3035468,26.79443359375
3035484,25.57373046875
3035512,25.146484375
3072647,39.48974609375
3072714,26.611328125
3072735,26.30615234375
3072809,24.7802734375
3072820,25.32958984375
3072851,31.06689453125
3072920,25.87890625
3242013,33.3251953125
3242024,24.84130859375
3242082,36.80419921875
3242131,27.77099609375
3242155,29.4189453125
3242205,27.16064453125
3242237,26.06201171875
3242263,26.67236328125
3327396,33.5693359375
3327466,28.4423828125
3327492,25.81787109375
3327522,38.02490234375
3327651,29.1748046875
3477955,41.07666015625
3478020,27.099609375
3478050,26.79443359375
3478112,28.25927734375
3478141,32.5927734375
3478267,27.587890625
3529211,36.2548828125
3529325,28.564453125
3529357,25.0244140625
3529370,25.5126953125
3529388,26.9775390625
3529460,25.634765625
3529496,26.18408203125
3529526,27.16064453125
3529582,26.18408203125
3529705,25.32958984375
3696665,43.9453125
3696730,28.62548828125
3696785,35.15625
3696813,25.5126953125
3696831,25.45166015625
3696857,28.4423828125
3696923,26.79443359375
3796059,31.494140625
3826208,37.9638671875
3826272,34.11865234375
3826306,28.01513671875
3826346,30.57861328125
3826423,26.4892578125
3963838,31.18896484375
3963898,31.494140625
3963959,30.45654296875
3964015,25.08544921875
3964031,30.94482421875
3964054,25.0244140625
3964093,25.81787109375
4092989,33.14208984375
4093114,26.611328125
4093161,30.33447265625
4093216,24.90234375
4093244,28.3203125
4093337,24.71923828125
4236768,33.14208984375
4236825,26.3671875
4236872,25.20751953125
4236912,39.9169921875
4236924,30.70068359375
4236957,38.2080078125
4239300,34.48486328125
4357979,35.46142578125
4358041,24.84130859375
4358086,28.99169921875
4358114,24.84130859375
4358160,26.91650390625
4358188,33.02001953125
4359779,24.90234375
4466239,38.51318359375
4466288,26.2451171875
4466346,26.7333984375
4466371,26.06201171875
4466398,25.0244140625
4466451,25.93994140625
4535649,35.64453125
4535694,25.20751953125
4535715,28.01513671875
4535828,36.865234375
4535883,34.423828125
4535987,26.3671875
4537159,27.7099609375
4668062,37.41455078125
4668158,29.72412109375
4668170,27.4658203125
4668193,26.611328125
4668204,25.08544921875
4668273,26.67236328125
4668305,29.35791015625
4668347,27.28271484375
