4798001,0
13552,38.2080078125
16110,64.94140625
16633,61.5234375
16845,47.2412109375
17047,39.12353515625
17367,47.66845703125
17756,54.26025390625
34718,39.73388671875
37236,37.90283203125
37583,60.85205078125
37886,68.90869140625
38171,54.50439453125
52708,36.68212890625
52724,59.99755859375
53016,60.11962890625
53359,47.42431640625
53750,52.24609375
61882,36.19384765625
67100,39.97802734375
69640,37.841796875
69813,50.96435546875
70149,55.84716796875
71024,60.791015625
81217,41.80908203125
81875,55.23681640625
82149,60.1806640625
82458,53.77197265625
82999,58.10546875
87730,39.55078125
106464,38.818359375
113224,68.2373046875
113586,58.10546875
113825,57.31201171875
114069,48.52294921875
114417,48.095703125
129025,40.46630859375
141544,52.490234375
141827,61.03515625
142092,53.28369140625
142391,56.70166015625
142876,52.18505859375
155276,67.56591796875
155866,56.82373046875
167827,69.3359375
168012,60.24169921875
168228,49.1943359375
168513,54.26025390625
168992,57.9833984375
187640,37.78076171875
196177,69.64111328125
196614,62.01171875
196891,46.44775390625
197170,49.37744140625
197571,51.26953125
210627,38.0859375
211573,36.865234375
212035,56.396484375
212408,58.77685546875
212672,44.12841796875
213005,51.7578125
213330,51.81884765625
214043,54.0771484375
226527,63.4765625
226871,54.8095703125
239086,37.53662109375
239217,56.2744140625
239420,57.7392578125
239660,47.79052734375
239892,38.330078125
240304,53.22265625
252735,61.6455078125
252958,58.10546875
253195,42.3583984375
253547,45.8984375
266899,40.71044921875
267184,63.65966796875
267419,54.99267578125
267655,46.630859375
267870,41.68701171875
268580,52.79541015625
278426,64.94140625
278627,53.03955078125
278905,48.33984375
279268,58.349609375
289708,39.00146484375
290053,64.208984375
291006,58.28857421875
301470,54.01611328125
301680,58.4716796875
301936,56.2744140625
302179,36.1328125
302457,44.37255859375
303068,55.84716796875
315666,37.17041015625
316146,67.19970703125
316399,36.865234375
316450,44.677734375
331547,62.6220703125
331798,61.34033203125
332018,54.5654296875
332372,51.57470703125
332637,50.72021484375
333321,55.6640625
344902,56.884765625
345220,60.6689453125
345644,52.42919921875
346205,54.99267578125
357232,56.57958984375
357725,57.80029296875
358058,53.89404296875
358442,49.560546875
358804,49.01123046875
359366,50.10986328125
371319,57.12890625
371407,36.4990234375
371551,59.814453125
371892,52.18505859375
372355,49.8046875
384743,67.7490234375
385159,49.37744140625
385489,48.15673828125
385744,42.96875
386150,44.98291015625
398292,37.2314453125
398502,54.62646484375
398722,63.29345703125
398978,55.96923828125
399433,49.49951171875
412714,44.73876953125
413705,55.35888671875
413974,56.884765625
414234,53.22265625
414756,49.74365234375
427058,62.01171875
427262,51.69677734375
427478,52.001953125
427687,47.18017578125
427927,39.24560546875
428364,41.80908203125
428878,47.05810546875
444816,56.884765625
445055,48.4619140625
445316,56.0302734375
445602,49.31640625
445971,40.71044921875
459674,62.01171875
459992,61.70654296875
460177,51.81884765625
460548,52.6123046875
461364,51.6357421875
471230,65.4296875
471700,56.7626953125
472522,52.18505859375
482779,58.16650390625
483045,53.64990234375
483288,42.29736328125
483518,42.17529296875
483922,49.4384765625
484265,45.2880859375
495624,58.4716796875
495918,53.5888671875
496143,40.83251953125
496388,41.015625
496730,40.46630859375
508195,41.8701171875
508469,58.04443359375
508828,55.48095703125
509060,44.677734375
509453,52.91748046875
519751,71.35009765625
519999,55.0537109375
520292,56.2744140625
520791,49.9267578125
530715,36.2548828125
530953,61.4013671875
531254,46.93603515625
531282,36.43798828125
531471,43.0908203125
531777,47.42431640625
532165,44.3115234375
543014,60.4248046875
543201,51.69677734375
543247,36.31591796875
543468,45.10498046875
543734,40.771484375
554641,55.35888671875
555023,54.8095703125
555229,54.26025390625
555492,44.49462890625
555810,43.51806640625
556126,38.4521484375
568474,62.255859375
568749,51.26953125
569007,51.513671875
569233,50.47607421875
569756,48.4619140625
579790,39.48974609375
580201,57.9833984375
580402,59.63134765625
580687,57.31201171875
580985,45.41015625
581621,43.701171875
590533,54.26025390625
590771,48.7060546875
591124,57.373046875
591486,45.2880859375
591902,47.05810546875
601546,55.84716796875
610659,50.59814453125
610933,66.71142578125
611142,39.00146484375
611489,50.9033203125
611971,46.142578125
620634,41.3818359375
621017,56.09130859375
621230,55.419921875
621512,50.9033203125
621838,47.42431640625
622070,36.2548828125
622967,49.8046875
633000,65.5517578125
633272,43.27392578125
633484,38.14697265625
633807,56.45751953125
633828,36.376953125
634413,41.50390625
645896,50.10986328125
646122,56.94580078125
646352,51.69677734375
646643,43.76220703125
657612,36.2548828125
658013,62.6220703125
658228,49.01123046875
658484,46.630859375
658699,37.41455078125
658951,40.6494140625
659255,36.43798828125
659905,57.2509765625
671066,36.0107421875
671354,61.8896484375
671582,56.640625
671842,49.62158203125
672160,39.306640625
672686,43.39599609375
688335,64.51416015625
688405,36.2548828125
688529,43.701171875
688723,47.119140625
688996,47.8515625
689259,45.41015625
689607,44.43359375
689969,47.119140625
690335,44.5556640625
691007,37.65869140625
703150,69.27490234375
703355,44.86083984375
703544,41.32080078125
703852,53.22265625
704185,49.74365234375
704867,44.3115234375
715882,67.19970703125
716183,50.537109375
716382,38.818359375
716626,38.4521484375
717146,54.931640625
718323,39.306640625
727670,53.7109375
727927,62.01171875
728178,57.2509765625
728510,41.8701171875
728772,38.57421875
738979,37.2314453125
739793,54.74853515625
740030,58.53271484375
740327,42.05322265625
740618,45.34912109375
740897,40.83251953125
740965,41.748046875
741469,46.44775390625
742255,45.0439453125
752466,49.01123046875
752719,58.28857421875
752964,47.66845703125
753034,40.6494140625
753384,46.32568359375
762477,67.68798828125
762782,53.40576171875
763257,56.70166015625
763681,51.025390625
764384,50.23193359375
765960,41.1376953125
773710,59.5703125
773954,48.2177734375
774346,46.7529296875
774904,56.640625
783643,48.03466796875
783884,50.048828125
784198,44.86083984375
784487,47.119140625
784924,42.05322265625
794235,56.15234375
794486,44.49462890625
794787,43.5791015625
795202,47.36328125
795593,45.166015625
805577,61.70654296875
805817,56.5185546875
806151,46.32568359375
806565,41.50390625
807005,45.2880859375
816299,65.3076171875
816569,54.50439453125
816862,45.0439453125
817290,45.41015625
818026,62.98828125
828047,53.955078125
828246,53.22265625
828431,42.96875
828789,48.583984375
828814,39.73388671875
829411,42.41943359375
837656,38.26904296875
844571,51.20849609375
844808,54.38232421875
845022,47.119140625
845304,48.88916015625
845687,43.9453125
846068,40.83251953125
847063,46.630859375
856373,45.22705078125
866808,53.466796875
867282,57.67822265625
867663,46.38671875
867922,39.306640625
880374,59.6923828125
880640,47.79052734375
880819,42.05322265625
881093,40.46630859375
882117,38.02490234375
882217,43.39599609375
882676,41.50390625
893381,49.9267578125
893692,44.7998046875
894117,53.466796875
905988,58.89892578125
906215,51.1474609375
906451,52.3681640625
906717,41.19873046875
907104,50.47607421875
907432,37.53662109375
917504,54.01611328125
917751,48.583984375
918062,43.27392578125
925094,40.52734375
925712,58.04443359375
925922,57.6171875
926196,48.27880859375
926941,43.51806640625
935070,38.9404296875
935763,52.734375
935968,41.07666015625
936210,43.9453125
937045,48.76708984375
937610,47.79052734375
948424,57.12890625
950105,55.908203125
950809,49.9267578125
951267,45.8984375
951629,44.189453125
951913,42.41943359375
951960,38.0859375
952394,47.18017578125
952766,39.36767578125
953152,39.9169921875
961117,36.1328125
962599,58.349609375
962860,50.10986328125
971161,39.24560546875
972985,52.55126953125
973255,53.28369140625
973499,46.9970703125
973817,41.19873046875
974264,43.64013671875
974903,49.62158203125
982251,36.2548828125
984400,54.87060546875
984636,62.43896484375
984851,45.10498046875
985207,44.00634765625
985535,42.724609375
985890,42.41943359375
996991,50.84228515625
997248,52.79541015625
997625,52.24609375
1006609,60.6689453125
1006839,37.353515625
1007062,47.36328125
1007340,40.8935546875
1007615,44.12841796875
1008433,44.189453125
1019083,36.31591796875
1019110,47.79052734375
1019442,53.89404296875
1020096,46.0205078125
1030542,63.4765625
1030753,43.39599609375
1030996,47.42431640625
1031613,40.34423828125
1031953,35.94970703125
1038647,38.02490234375
1043166,56.45751953125
1043402,51.7578125
1043913,55.5419921875
1053485,55.35888671875
1053697,48.2177734375
1054039,47.7294921875
1054356,36.4990234375
1054677,45.8984375
1055584,41.19873046875
1064622,40.283203125
1065595,51.20849609375
1065884,52.24609375
1066384,47.9736328125
1076002,52.30712890625
1076297,51.45263671875
1076526,44.86083984375
1077010,37.17041015625
1077216,47.119140625
1077857,59.38720703125
1084085,36.68212890625
1088094,38.63525390625
1088945,57.55615234375
1089156,51.3916015625
1089368,51.7578125
1089685,45.5322265625
1089958,36.56005859375
1090255,46.630859375
1090578,42.05322265625
1091214,39.48974609375
1108893,57.373046875
1109116,48.095703125
1109405,41.015625
1109745,44.37255859375
1110085,45.22705078125
1117252,36.62109375
1120310,54.26025390625
1120491,54.19921875
1120743,42.90771484375
1121048,44.61669921875
1121547,44.677734375
1121974,41.80908203125
1131522,46.93603515625
1131748,47.42431640625
1132075,47.91259765625
1132706,45.2880859375
1133276,50.96435546875
1134097,46.56982421875
1142607,45.10498046875
1142986,49.01123046875
1154206,54.5654296875
1154455,55.48095703125
1154684,40.283203125
1154930,39.794921875
1155205,40.58837890625
1155997,45.0439453125
1156073,36.19384765625
1156566,39.00146484375
1166376,65.36865234375
1166656,51.513671875
1166907,36.31591796875
1168152,37.4755859375
1178218,57.7392578125
1178398,45.41015625
1178658,48.03466796875
1179007,47.79052734375
1179338,45.8984375
1179708,46.93603515625
1180180,39.9169921875
1189066,54.3212890625
1189707,44.3115234375
1190256,51.8798828125
1199581,52.24609375
1199863,44.3115234375
1200116,40.71044921875
1200395,37.4755859375
1200662,40.0390625
1201125,44.921875
1201825,41.80908203125
1212904,57.12890625
1213127,49.31640625
1213582,36.07177734375
1213898,49.25537109375
1223877,59.814453125
1224147,49.49951171875
1224518,44.43359375
1233997,57.67822265625
1234225,46.56982421875
1234418,41.80908203125
1234723,46.69189453125
1234987,42.48046875
1235401,46.56982421875
1235936,44.00634765625
1243443,53.52783203125
1243744,43.64013671875
1244132,43.212890625
1253470,54.931640625
1253726,55.35888671875
1253972,40.22216796875
1254418,45.47119140625
1254865,48.9501953125
1264869,47.66845703125
1265172,50.9033203125
1265418,37.29248046875
1265706,44.12841796875
1274872,55.17578125
1275097,46.69189453125
1275361,47.36328125
1275817,42.1142578125
1276504,45.0439453125
1285516,51.45263671875
1285788,36.865234375
1286066,52.79541015625
1286553,47.79052734375
1291461,36.19384765625
1296863,52.24609375
1297173,44.49462890625
1297377,39.1845703125
1297955,45.83740234375
1298250,36.4990234375
1298720,39.61181640625
1299343,45.83740234375
1308098,56.2744140625
1308450,47.36328125
1309215,49.37744140625
1317393,54.0771484375
1317619,49.8046875
1317871,36.865234375
1318228,46.32568359375
1328359,55.11474609375
1328633,53.40576171875
1328898,47.2412109375
1329300,46.630859375
1338519,51.3916015625
1338797,47.18017578125
1339113,36.43798828125
1339388,37.41455078125
1339711,39.73388671875
1340533,45.59326171875
1350129,60.546875
1350329,39.00146484375
1350674,46.44775390625
1351132,56.884765625
1361078,55.11474609375
1361296,47.79052734375
1361513,44.43359375
1362294,40.1611328125
1362604,36.62109375
1363390,42.48046875
1372717,48.40087890625
1373066,52.67333984375
1382626,46.69189453125
1382815,53.03955078125
1383013,37.04833984375
1383386,51.81884765625
1383941,39.61181640625
1384309,39.4287109375
1393535,50.6591796875
1393822,49.1943359375
1394123,39.36767578125
1403840,47.7294921875
1404048,46.2646484375
1404282,43.5791015625
1404533,38.39111328125
1404955,39.48974609375
1405362,38.2080078125
1406156,39.73388671875
1414949,57.7392578125
1415149,41.50390625
1415485,44.49462890625
1415844,40.10009765625
1416444,37.2314453125
1425804,52.55126953125
1426106,44.0673828125
1426547,59.26513671875
1430703,50.537109375
1436795,59.9365234375
1437015,49.25537109375
1437212,41.68701171875
1437587,39.36767578125
1438256,41.9921875
1439120,42.236328125
1448520,55.96923828125
1448817,43.64013671875
1449121,38.330078125
1458229,58.2275390625
1458434,52.79541015625
1458718,42.90771484375
1459209,40.58837890625
1467041,52.06298828125
1467345,50.4150390625
1468232,46.32568359375
1468869,43.64013671875
1484676,36.376953125
1485183,49.4384765625
1485456,49.31640625
1485671,44.0673828125
1485911,37.90283203125
1486273,37.841796875
1486601,36.2548828125
1487109,40.46630859375
1487965,40.771484375
1497671,58.4716796875
1497909,41.9921875
1498307,41.9921875
1499140,42.78564453125
1506573,60.302734375
1506796,40.22216796875
1507138,41.44287109375
1508123,51.69677734375
1508846,40.83251953125
1516889,50.72021484375
1517266,45.10498046875
1517538,38.63525390625
1517843,41.44287109375
1518154,37.17041015625
1518591,37.59765625
1519216,39.85595703125
1529241,40.46630859375
1529669,46.5087890625
1529926,54.87060546875
1530291,37.65869140625
1531007,45.83740234375
1539517,53.7109375
1539796,47.7294921875
1540102,41.44287109375
1541039,36.31591796875
1541646,41.6259765625
1551071,47.9736328125
1551616,57.7392578125
1556440,55.48095703125
1556729,43.88427734375
1557046,43.3349609375
1565155,54.443359375
1565343,45.83740234375
1565853,36.7431640625
1566622,42.54150390625
1567263,43.02978515625
1574625,39.73388671875
1575654,59.6923828125
1575930,43.0908203125
1576164,38.818359375
1576493,52.1240234375
1577556,41.19873046875
1586422,53.16162109375
1586656,45.34912109375
1587039,43.701171875
1594681,57.7392578125
1594957,45.41015625
1595247,42.78564453125
1595787,49.01123046875
1596215,46.69189453125
1603924,54.0771484375
1604223,47.119140625
1604467,45.7763671875
1604854,42.96875
1605208,37.29248046875
1605935,47.4853515625
1615373,47.30224609375
1615677,40.10009765625
1615957,53.64990234375
1616380,36.92626953125
1620959,37.4755859375
1625082,52.978515625
1625341,46.08154296875
1625595,37.7197265625
1626040,40.22216796875
1626461,38.87939453125
1633831,53.16162109375
1634163,47.91259765625
1634425,36.43798828125
1634719,39.1845703125
1635244,43.0908203125
1643359,53.52783203125
1643626,52.490234375
1643996,39.9169921875
1644425,45.71533203125
1645031,46.93603515625
1646474,40.4052734375
1652396,56.2744140625
1652823,49.1943359375
1653156,44.0673828125
1654089,45.654296875
1664401,49.01123046875
1664676,46.630859375
1664990,41.9921875
1665401,36.56005859375
1666116,47.7294921875
1666609,45.8984375
1676368,50.048828125
1676761,46.93603515625
1677330,39.73388671875
1678140,38.4521484375
1687403,46.875
1687672,43.8232421875
1688201,48.03466796875
1688587,36.2548828125
1693048,37.41455078125
1698952,58.04443359375
1699187,46.38671875
1699455,39.85595703125
1699724,36.1328125
1700009,46.630859375
1700398,39.00146484375
1700979,37.353515625
1711297,54.26025390625
1711547,45.5322265625
1711814,43.27392578125
1712235,39.36767578125
1712625,37.65869140625
1721611,56.82373046875
1721876,36.7431640625
1722147,37.109375
1722963,45.41015625
1731291,54.99267578125
1731548,37.841796875
1731774,38.330078125
1732231,39.1845703125
1732947,42.6025390625
1739922,49.49951171875
1740168,43.212890625
1740420,43.3349609375
1741392,42.48046875
1741878,36.1328125
1750129,47.119140625
1750493,47.42431640625
1750934,37.29248046875
1758919,53.8330078125
1759190,59.814453125
1759521,41.07666015625
1759761,38.6962890625
1760187,36.43798828125
1760787,37.841796875
1769458,53.5888671875
1769691,46.0205078125
1769948,43.8232421875
1770242,35.888671875
1770708,38.87939453125
1778964,51.08642578125
1779229,54.3212890625
1779456,39.306640625
1779798,38.75732421875
1780301,43.76220703125
1791740,57.2509765625
1791969,40.4052734375
1792206,37.7197265625
1792476,38.818359375
1792854,38.6962890625
1793333,44.189453125
1804928,53.40576171875
1805159,50.9033203125
1805397,40.46630859375
1805747,38.39111328125
1806163,39.1845703125
1806482,36.56005859375
1807093,35.888671875
1816703,57.12890625
1816931,49.74365234375
1817274,36.68212890625
1817655,39.73388671875
1817677,37.90283203125
1818510,36.4990234375
1818860,41.3818359375
1827192,47.91259765625
1831886,52.8564453125
1832115,42.17529296875
1832485,44.25048828125
1838906,48.583984375
1839103,41.259765625
1839720,35.888671875
1840519,37.59765625
1850384,42.3583984375
1850620,39.4287109375
1850930,43.27392578125
1858723,48.88916015625
1858922,45.166015625
1867647,61.21826171875
1867910,43.0908203125
1868607,36.80419921875
1869067,37.109375
1875387,45.7763671875
1875599,42.05322265625
1875875,44.00634765625
1876870,39.85595703125
1877286,39.48974609375
1886956,46.20361328125
1887236,44.73876953125
1887450,36.43798828125
1887801,38.57421875
1888241,37.9638671875
1896161,52.8564453125
1896383,39.0625
1896819,43.39599609375
1897975,38.51318359375
1901477,47.7294921875
1901707,37.17041015625
1901987,39.00146484375
1902312,37.65869140625
1902761,39.55078125
1903156,36.0107421875
1912908,53.16162109375
1913132,38.39111328125
1913490,53.466796875
1922244,56.09130859375
1922493,39.0625
1922760,44.25048828125
1923395,36.2548828125
1924737,39.9169921875
1936045,47.9736328125
1936269,52.18505859375
1936523,36.31591796875
1937007,40.283203125
1942736,51.94091796875
1942920,43.0908203125
1943510,38.63525390625
1943888,38.14697265625
1952403,54.62646484375
1952768,44.73876953125
1955781,37.04833984375
1955950,46.44775390625
1957203,36.2548828125
1957302,36.19384765625
1957712,37.41455078125
1967190,45.22705078125
1967380,37.17041015625
1967992,36.9873046875
1968457,37.90283203125
1968842,37.65869140625
1974634,50.6591796875
1978537,49.74365234375
1978940,46.630859375
1979413,48.15673828125
1985232,44.49462890625
1985461,43.212890625
1985714,37.29248046875
1986075,44.43359375
1986396,36.9873046875
1997309,40.95458984375
1997595,48.583984375
1997845,35.888671875
1999566,38.51318359375
2008570,52.8564453125
2008797,43.51806640625
2009176,40.6494140625
2014648,43.45703125
2014948,40.4052734375
2015580,38.14697265625
2020383,54.01611328125
2020663,43.88427734375
2021273,38.57421875
2021769,37.9638671875
2030491,52.734375
2030684,41.93115234375
2030927,42.05322265625
2031329,40.71044921875
2032071,38.0859375
2041793,42.66357421875
2041965,36.92626953125
2042271,38.330078125
2043822,42.1142578125
2052517,52.91748046875
2052690,42.05322265625
2052996,36.07177734375
2053417,38.26904296875
2057745,40.8935546875
2058039,47.91259765625
2058392,41.6259765625
2064895,47.7294921875
2065102,46.2646484375
2065367,37.04833984375
2066846,38.14697265625
2075437,51.08642578125
2075712,42.6025390625
2075972,37.841796875
2084114,41.8701171875
2084315,46.69189453125
2084643,40.83251953125
2084993,39.36767578125
2085521,37.353515625
2086507,41.80908203125
2091713,39.1845703125
2091919,38.87939453125
2092230,41.93115234375
2093348,41.8701171875
2099921,50.78125
2100119,37.90283203125
2100379,42.3583984375
2100693,44.37255859375
2108443,45.34912109375
2108805,41.19873046875
2109349,41.9921875
2110288,40.8935546875
2114480,49.8046875
2114746,38.39111328125
2115188,36.19384765625
2115743,41.07666015625
2122336,47.30224609375
2122629,44.7998046875
2122930,39.9169921875
2123340,45.654296875
2123818,38.26904296875
2133245,43.76220703125
2133455,41.1376953125
2133677,36.92626953125
2134381,36.7431640625
2134866,39.36767578125
2141365,46.5087890625
2141635,43.701171875
2142077,47.79052734375
2143235,45.8984375
2150412,53.03955078125
2150637,44.12841796875
2150908,44.12841796875
2151252,43.64013671875
2151651,36.80419921875
2152412,44.25048828125
2158516,45.83740234375
2158735,42.05322265625
2159125,45.8984375
2159466,36.92626953125
2164487,48.2177734375
2164756,37.29248046875
2166190,47.18017578125
2171030,50.29296875
2171269,38.51318359375
2171683,42.8466796875
2172012,37.2314453125
2172759,36.0107421875
2180021,48.583984375
2180289,41.19873046875
2181035,39.306640625
2181367,36.0107421875
2182316,36.4990234375
2183352,39.6728515625
2191632,53.955078125
2191895,43.0908203125
2192196,39.12353515625
2192528,37.41455078125
2192906,36.43798828125
2193479,45.22705078125
2199900,48.4619140625
2200254,45.8984375
2200653,39.794921875
2201230,42.6025390625
2208710,46.81396484375
2208919,39.97802734375
2209561,41.1376953125
2210454,36.07177734375
2211030,39.4287109375
2217863,45.95947265625
2218089,41.6259765625
2218406,36.56005859375
2218923,45.47119140625
2223438,53.8330078125
2224123,36.62109375
2224748,37.53662109375
2225321,37.41455078125
2230152,42.96875
2230402,37.59765625
2230865,36.1328125
2231388,37.109375
2237362,47.54638671875
2237606,45.71533203125
2238027,38.9404296875
2242875,44.37255859375
2243149,39.48974609375
2245093,41.1376953125
2252211,40.771484375
2252444,38.330078125
2252805,39.97802734375
2253652,41.015625
2254779,42.96875
2260926,41.748046875
2261160,42.1142578125
2261604,42.48046875
2262144,55.96923828125
2263209,37.53662109375
2269574,48.03466796875
2269800,39.9169921875
2270108,37.53662109375
2271058,37.4755859375
2276495,45.71533203125
2276778,37.41455078125
2277476,37.41455078125
2281342,46.20361328125
2281983,38.2080078125
2283093,41.56494140625
2288991,56.396484375
2289240,41.07666015625
2289680,36.19384765625
2290035,40.771484375
2290963,43.9453125
2291413,38.818359375
2298446,48.33984375
2298715,44.189453125
2299105,36.4990234375
2307914,45.71533203125
2308220,46.32568359375
2308517,44.12841796875
2309251,36.2548828125
2310083,38.14697265625
2319373,48.33984375
2319605,39.48974609375
2319923,37.2314453125
2320238,38.51318359375
2320929,47.607421875
2321484,39.6728515625
2328515,45.71533203125
2329031,41.8701171875
2329418,40.52734375
2330106,40.22216796875
2337866,50.96435546875
2338411,44.61669921875
2340041,37.17041015625
2349776,49.9267578125
2350034,39.6728515625
2350671,42.724609375
2355822,44.677734375
2356022,50.35400390625
2356743,40.283203125
2364510,41.32080078125
2364797,42.8466796875
2365142,42.1142578125
2365649,44.12841796875
2365977,38.63525390625
2366808,38.57421875
2376522,45.71533203125
2377400,36.07177734375
2378156,43.212890625
2385529,43.5791015625
2390558,47.7294921875
2390846,40.1611328125
2391143,37.65869140625
2391639,36.0107421875
2392301,39.306640625
2396527,36.2548828125
2396784,40.10009765625
2404115,45.95947265625
2404374,39.9169921875
2405649,38.75732421875
2411287,48.095703125
2411574,39.55078125
2420181,50.47607421875
2420425,41.50390625
2421577,38.9404296875
2426894,36.43798828125
2431360,42.96875
2431592,42.48046875
2433786,40.0390625
2434378,35.94970703125
2440887,42.3583984375
2441111,40.34423828125
2441573,41.68701171875
2449866,49.01123046875
2450130,37.109375
2450797,37.90283203125
2452065,39.1845703125
2457178,44.86083984375
2458251,36.07177734375
2458705,38.9404296875
2465438,38.330078125
2466031,39.61181640625
2466915,46.81396484375
2467445,39.0625
2471969,43.0908203125
2472758,41.8701171875
2473156,43.76220703125
2478988,38.818359375
2479643,45.34912109375
2484378,50.59814453125
2484652,39.36767578125
2485173,40.34423828125
2491507,40.22216796875
2492218,38.4521484375
2492747,36.865234375
2493321,36.2548828125
2493738,36.31591796875
2494478,38.75732421875
2499477,43.15185546875
2507201,48.095703125
2507458,45.34912109375
2507799,36.31591796875
2509686,38.87939453125
2513624,49.62158203125
2522302,40.283203125
2523219,39.9169921875
2523720,37.59765625
2532055,45.22705078125
2532250,35.94970703125
2532685,36.43798828125
2541526,38.26904296875
2542049,38.75732421875
2542868,44.49462890625
2548883,45.59326171875
2549108,37.78076171875
2550259,37.59765625
2553827,48.27880859375
2554068,40.95458984375
2554969,38.4521484375
2559828,42.66357421875
2561139,39.00146484375
2561674,39.4287109375
2568428,41.9921875
2568685,42.48046875
2569129,37.353515625
2569683,39.73388671875
2570386,39.36767578125
2576934,48.4619140625
2577178,40.34423828125
2577915,36.1328125
2578318,36.07177734375
2580796,36.1328125
2583511,41.50390625
2584201,42.29736328125
2589695,43.39599609375
2589971,45.47119140625
2590442,40.0390625
2595190,46.20361328125
2595526,36.68212890625
2598426,37.17041015625
2603656,43.5791015625
2604018,37.78076171875
2609684,50.29296875
2610325,38.51318359375
2611281,44.3115234375
2615166,44.921875
2615736,39.794921875
2616225,39.36767578125
2616745,39.1845703125
2623462,42.96875
2623707,39.306640625
2634384,44.189453125
2634655,38.26904296875
2643326,43.76220703125
2644852,36.1328125
2649989,43.45703125
2650902,38.51318359375
2654633,51.26953125
2656090,38.63525390625
2657062,40.8935546875
2659634,44.921875
2660356,42.66357421875
2668341,40.52734375
2669482,37.9638671875
2675437,49.01123046875
2676227,36.4990234375
2678184,41.259765625
2679102,35.888671875
2679923,37.17041015625
2685702,49.4384765625
2690785,44.7998046875
2691073,38.6962890625
2691515,36.07177734375
2699963,36.62109375
2703848,40.52734375
2708510,39.794921875
2714380,44.86083984375
2715438,38.26904296875
2721498,36.9873046875
2721827,40.22216796875
2726875,39.0625
2734779,44.12841796875
2736080,37.17041015625
2742546,46.5087890625
2743156,39.4287109375
2750726,40.83251953125
2751064,41.68701171875
2752954,36.376953125
2757921,48.095703125
2762376,38.51318359375
2765423,47.4853515625
2766812,36.376953125
2774076,41.32080078125
2774406,36.376953125
2774724,36.7431640625
2775243,38.39111328125
2782903,42.66357421875
2783267,38.57421875
2789032,43.02978515625
2799686,45.0439453125
2799974,37.7197265625
2801000,42.05322265625
2806982,40.71044921875
2809189,37.29248046875
2813988,44.189453125
2820387,41.1376953125
2821047,41.44287109375
2821676,38.26904296875
2824954,39.00146484375
2830431,42.1142578125
2839783,37.4755859375
2840436,42.17529296875
2840904,40.1611328125
2849315,39.55078125
2851637,36.19384765625
2852255,38.2080078125
2857606,41.50390625
2869162,39.97802734375
2869909,39.55078125
2876987,45.654296875
2884088,41.3818359375
2892256,36.80419921875
2892522,37.41455078125
2901445,36.43798828125
2909027,39.97802734375
2909369,36.43798828125
2910304,37.4755859375
2911277,38.14697265625
2912428,36.0107421875
2915037,39.12353515625
2920607,40.0390625
2921817,37.41455078125
2926759,38.2080078125
2927101,40.8935546875
2929986,40.52734375
2936635,46.08154296875
2937015,38.87939453125
2944373,50.10986328125
2945170,36.1328125
2948499,35.94970703125
2952112,47.8515625
2953313,40.95458984375
2955136,37.109375
2960756,39.1845703125
2968832,45.95947265625
2987082,39.48974609375
2991799,46.69189453125
2993122,37.29248046875
2994612,36.2548828125
2999886,37.9638671875
3007445,44.00634765625
3016282,36.56005859375
3028045,38.818359375
3028323,38.330078125
3034364,44.25048828125
3043862,41.6259765625
3044208,38.87939453125
3048282,35.888671875
3065952,38.87939453125
3069020,35.94970703125
3074955,41.68701171875
3083555,41.07666015625
3091158,42.54150390625
3099652,35.94970703125
3108281,37.7197265625
3125580,44.00634765625
3125630,37.353515625
3134669,41.93115234375
3139093,37.2314453125
3140138,39.55078125
3148508,40.71044921875
3159473,36.68212890625
3162499,36.43798828125
3163681,39.12353515625
3174113,40.6494140625
3178847,36.43798828125
3198624,40.283203125
3210980,36.62109375
3226029,38.26904296875
3227984,37.9638671875
3243458,36.865234375
3269144,38.0859375
3294401,38.26904296875
3299745,39.55078125
3317807,36.865234375
3324674,37.78076171875
3332324,42.96875
3418772,37.109375
3433261,38.14697265625
3435781,39.0625
3450433,36.19384765625
3497270,35.888671875
3529156,37.2314453125
3537984,37.7197265625
3637412,39.48974609375
3655173,37.29248046875
3673006,40.46630859375
3681908,36.80419921875
3752203,36.9873046875
3756942,41.015625
3786351,36.62109375
3788011,36.19384765625
3788120,39.12353515625
3834703,36.4990234375
3864545,38.02490234375
3874335,36.62109375
3920805,37.78076171875
3988268,37.2314453125
4006502,36.4990234375
4036470,36.19384765625
4066359,37.109375
4196672,41.19873046875
4284288,37.4755859375
4295898,39.97802734375
4372715,38.51318359375
4413282,38.14697265625
4442911,36.92626953125
4532316,43.76220703125
4580307,37.41455078125
4714865,37.2314453125
4716980,36.31591796875
