7797001,0
4780,30.76171875
4880,33.203125
4980,36.2548828125
5035,31.005859375
5155,29.23583984375
5286,29.1748046875
5403,29.9072265625
5707,28.9306640625
5872,37.65869140625
6472,30.029296875
7226,34.11865234375
39398,28.80859375
61264,29.541015625
73434,33.87451171875
102240,29.296875
115128,31.92138671875
115439,32.5927734375
115520,36.2548828125
115589,28.9306640625
115694,30.45654296875
115871,29.84619140625
116352,28.86962890625
162436,30.33447265625
162481,33.14208984375
163448,31.06689453125
163535,29.1748046875
163572,28.80859375
188294,30.6396484375
190832,33.50830078125
190892,42.1142578125
190935,31.43310546875
190962,31.43310546875
191021,31.3720703125
191218,31.6162109375
191481,29.541015625
225778,34.36279296875
225851,30.33447265625
244027,29.296875
249528,30.1513671875
252560,29.11376953125
252591,39.4287109375
252661,35.0341796875
252680,28.74755859375
273145,31.005859375
299586,30.09033203125
299662,29.47998046875
299703,36.9873046875
299779,30.82275390625
300245,30.94482421875
300489,30.70068359375
301343,32.71484375
301892,29.296875
373962,31.1279296875
374658,36.56005859375
375961,28.86962890625
435994,32.71484375
436057,29.78515625
436286,32.71484375
436327,41.9921875
436393,33.02001953125
506636,32.04345703125
506725,34.912109375
506947,35.58349609375
507103,28.99169921875
526049,28.74755859375
526107,29.96826171875
526221,29.23583984375
526260,32.5927734375
583156,31.92138671875
634847,30.1513671875
636061,32.65380859375
636120,30.029296875
636628,30.76171875
697538,30.6396484375
777444,30.09033203125
777502,28.9306640625
777591,29.78515625
841213,29.4189453125
926483,33.69140625
926682,29.11376953125
935952,31.1279296875
940301,29.23583984375
940425,31.8603515625
1002067,31.06689453125
1002949,28.80859375
1076983,29.47998046875
1077119,32.65380859375
1077240,35.94970703125
1096996,34.97314453125
1097022,31.79931640625
1147593,39.0625
1167350,30.33447265625
1223076,30.6396484375
1239044,28.99169921875
1239573,29.052734375
1239806,32.04345703125
1240884,28.80859375
1334732,30.517578125
1337485,35.09521484375
1338370,28.9306640625
1363457,28.9306640625
1363565,32.71484375
1474415,29.296875
1497270,29.84619140625
1497616,30.517578125
1523519,29.11376953125
1523557,31.79931640625
1558940,32.65380859375
1560749,29.96826171875
1560790,28.80859375
1614310,29.23583984375
1614348,37.59765625
1614371,31.1279296875
1614424,37.353515625
1614524,33.99658203125
1614753,30.94482421875
1614838,31.1279296875
1615938,30.82275390625
1751072,32.5927734375
1778561,33.26416015625
1778808,33.14208984375
1817989,31.31103515625
1818465,32.16552734375
1818670,31.43310546875
1819242,31.43310546875
1848875,31.8603515625
1896947,46.9970703125
1963234,29.60205078125
1963348,32.2265625
1963413,33.75244140625
1963453,29.72412109375
1963576,37.41455078125
1963676,28.80859375
1963690,28.86962890625
1963799,28.9306640625
1963895,30.029296875
1963958,28.99169921875
1964366,30.3955078125
1965127,28.9306640625
2020785,30.6396484375
2049931,29.4189453125
2081476,29.72412109375
2089914,31.67724609375
2104877,31.1279296875
2124394,28.9306640625
2151682,37.7197265625
2151743,29.4189453125
2151906,31.06689453125
2151984,33.99658203125
2152189,38.14697265625
2152661,29.4189453125
2199478,32.5927734375
2199617,29.296875
2199780,30.2734375
2230495,30.2734375
2230806,29.23583984375
2256697,32.77587890625
2330000,34.11865234375
2330067,28.9306640625
2330146,32.89794921875
2330234,36.80419921875
2347166,29.23583984375
2376730,31.8603515625
2377139,28.86962890625
2377297,28.74755859375
2443806,32.65380859375
2443949,34.11865234375
2444050,28.74755859375
2444244,29.541015625
2444569,31.494140625
2490695,30.82275390625
2490771,28.9306640625
2513558,31.005859375
2513615,31.005859375
2513666,30.8837890625
2528702,29.78515625
2528896,31.6162109375
2547022,31.982421875
2547088,32.53173828125
2604131,28.74755859375
2604356,33.935546875
2604444,30.70068359375
2605153,29.35791015625
2606550,30.21240234375
2663615,28.80859375
2810145,30.82275390625
2810351,29.84619140625
2824778,29.60205078125
2912489,29.541015625
2912833,35.64453125
2979073,29.78515625
3010765,29.296875
3010880,46.32568359375
3010912,30.57861328125
3010924,30.33447265625
3011767,32.470703125
3012306,33.87451171875
3012616,30.76171875
3130953,38.0859375
3140092,30.029296875
3140312,28.99169921875
3140362,29.35791015625
3141763,32.2265625
3231321,39.36767578125
3231423,31.79931640625
3282719,31.18896484375
3283901,29.052734375
3305996,29.60205078125
3306267,30.82275390625
3320038,28.80859375
3350905,29.78515625
3359984,30.70068359375
3399245,30.21240234375
3399314,28.74755859375
3399398,29.6630859375
3417238,29.84619140625
3453086,31.25
3453112,31.31103515625
3453144,29.23583984375
3453227,30.82275390625
3453372,28.9306640625
3453419,31.3720703125
3453486,28.99169921875
3453750,29.6630859375
3453762,29.96826171875
3453972,31.18896484375
3454002,29.296875
3570828,29.1748046875
3570919,28.86962890625
3571013,33.50830078125
3598421,31.982421875
3598461,30.33447265625
3615550,29.541015625
3633764,31.1279296875
3634441,30.6396484375
3665530,35.0341796875
3665667,32.3486328125
3665843,34.66796875
3665881,28.74755859375
3666146,29.78515625
3722580,35.888671875
3722691,36.0107421875
3761174,31.55517578125
3761350,30.21240234375
3761421,32.04345703125
3779566,34.60693359375
3791493,29.296875
3791532,30.8837890625
3791618,29.4189453125
3791645,29.72412109375
3791675,31.1279296875
3837593,29.47998046875
3848048,29.052734375
3848067,32.5927734375
3848116,29.9072265625
3848195,28.80859375
3848336,30.2734375
3849061,31.73828125
3883436,29.84619140625
3915329,30.09033203125
3953998,30.76171875
4020348,28.74755859375
4020701,29.47998046875
4122315,30.2734375
4197389,29.4189453125
4235252,29.052734375
4235491,35.400390625
4235660,30.517578125
4235786,30.09033203125
4236854,28.9306640625
4370124,30.2734375
4370217,29.47998046875
4471576,30.1513671875
4533570,31.3720703125
4646888,30.1513671875
4647027,35.21728515625
4647130,31.494140625
4711539,29.9072265625
4832646,33.02001953125
4857254,29.6630859375
4904122,30.33447265625
4961402,29.60205078125
4980230,33.99658203125
5132515,29.47998046875
5354538,32.8369140625
5354559,29.4189453125
5354711,30.94482421875
5354936,30.2734375
5365214,29.6630859375
5373344,29.1748046875
5463888,30.57861328125
5498738,29.11376953125
5575547,29.47998046875
5585269,29.6630859375
5803764,32.2265625
5979920,29.296875
5980867,28.80859375
5980987,29.11376953125
5981164,31.8603515625
6621875,31.25
6682478,28.9306640625
6942081,31.494140625
6942111,32.71484375
7128241,30.3955078125
7129564,29.72412109375
7208587,36.4990234375
7216394,28.99169921875
7224244,33.14208984375
7224349,30.21240234375
7248195,31.25
7248238,29.6630859375
7262414,29.1748046875
7271828,29.72412109375
7278779,29.296875
7286219,28.86962890625
7308780,32.5927734375
7308980,32.2265625
7323627,38.51318359375
7323647,29.4189453125
7330565,29.541015625
7336808,36.0107421875
7336950,30.76171875
7344169,30.45654296875
7351303,30.09033203125
7365077,29.11376953125
7373168,32.89794921875
7404761,31.005859375
7412832,31.494140625
7421133,29.1748046875
7455634,30.21240234375
7464150,29.96826171875
7482712,29.4189453125
7491479,33.50830078125
7522050,28.74755859375
7565313,32.1044921875
7575539,29.23583984375
7598254,28.74755859375
7610328,29.6630859375
