4798001,0
18778,34.72900390625
18807,36.2548828125
18850,138.916015625
18867,39.4287109375
18891,132.99560546875
18912,41.259765625
18927,103.69873046875
18940,52.55126953125
18959,121.09375
18991,155.33447265625
19012,75.13427734375
19037,99.4873046875
19048,36.43798828125
19071,70.80078125
19090,67.07763671875
19118,46.44775390625
19136,43.212890625
19165,45.41015625
19185,34.11865234375
19197,35.888671875
19227,33.0810546875
19260,33.3251953125
19352,51.26953125
19371,71.8994140625
19394,33.02001953125
19438,38.330078125
19486,35.46142578125
19507,32.5927734375
19528,48.7060546875
19657,118.10302734375
19834,37.90283203125
19870,40.58837890625
19935,53.5888671875
19981,33.935546875
20014,38.6962890625
20053,44.921875
20084,39.73388671875
20159,34.66796875
20180,33.0810546875
20204,36.7431640625
20218,39.48974609375
20252,34.85107421875
20285,46.56982421875
20298,35.400390625
20322,40.71044921875
20359,37.109375
20386,35.94970703125
20451,41.3818359375
20466,36.7431640625
20505,32.958984375
20534,92.529296875
20577,38.2080078125
20590,36.1328125
20648,48.2177734375
20750,39.0625
34806,41.50390625
38301,33.3251953125
77750,36.68212890625
77760,38.02490234375
77778,147.4609375
77800,101.5625
77812,98.2666015625
77822,53.8330078125
77845,101.07421875
77876,128.662109375
77891,74.3408203125
77907,97.96142578125
77930,74.3408203125
77948,59.5703125
77966,48.9501953125
77978,39.48974609375
78003,65.00244140625
78013,50.9033203125
78037,43.64013671875
78081,50.59814453125
78095,47.9736328125
78117,36.7431640625
78127,52.001953125
78150,39.55078125
78163,54.87060546875
78183,37.353515625
78213,40.52734375
78235,53.1005859375
78255,34.97314453125
78274,37.65869140625
78313,33.8134765625
78358,39.85595703125
78389,96.6796875
78412,36.376953125
78445,34.0576171875
78484,33.203125
78591,35.5224609375
78671,33.5693359375
78731,42.17529296875
78751,35.15625
78803,32.8369140625
78830,34.85107421875
78846,39.00146484375
78915,42.05322265625
78961,45.10498046875
78998,37.2314453125
79013,46.81396484375
79057,45.5322265625
79108,36.07177734375
79124,32.53173828125
79149,35.7666015625
79181,34.60693359375
79227,35.58349609375
79247,36.0107421875
79280,37.59765625
79310,38.0859375
79339,32.65380859375
79358,33.5693359375
79403,36.19384765625
79462,33.203125
79485,102.6611328125
79513,45.83740234375
79537,43.39599609375
79553,32.5927734375
79575,36.1328125
79591,33.935546875
79615,42.8466796875
79645,35.94970703125
79699,34.912109375
138019,33.75244140625
138105,133.23974609375
138143,132.6904296875
138163,65.36865234375
138183,132.75146484375
138207,38.0859375
138225,44.921875
138243,86.97509765625
138256,93.994140625
138281,97.2900390625
138296,62.3779296875
138319,78.61328125
138334,95.947265625
138360,51.8798828125
138371,47.05810546875
138382,52.06298828125
138404,38.87939453125
138415,38.75732421875
138434,38.14697265625
138467,48.03466796875
138480,35.5224609375
138501,81.787109375
138514,33.99658203125
138547,37.29248046875
138586,66.7724609375
138623,33.38623046875
138668,33.87451171875
138678,34.85107421875
138703,34.60693359375
138716,44.677734375
139012,33.0810546875
139048,37.41455078125
139090,36.19384765625
139105,33.69140625
139172,32.958984375
139207,45.7763671875
139270,38.14697265625
139313,36.31591796875
139326,34.423828125
139344,33.447265625
139377,34.0576171875
139408,54.38232421875
139424,32.65380859375
139640,36.80419921875
139663,43.39599609375
139673,38.39111328125
139696,36.19384765625
139742,49.98779296875
139824,34.60693359375
139883,32.77587890625
139920,39.48974609375
140015,36.31591796875
156237,34.36279296875
190182,32.65380859375
190198,34.97314453125
190230,141.54052734375
190245,36.62109375
190256,96.00830078125
190268,116.63818359375
190290,69.2138671875
190300,154.47998046875
190329,75.68359375
190354,104.6142578125
190378,95.76416015625
190389,76.47705078125
190408,62.19482421875
190427,52.734375
190438,56.21337890625
190451,54.87060546875
190474,40.8935546875
190486,32.77587890625
190507,51.94091796875
190517,37.41455078125
190542,35.15625
190563,57.4951171875
190587,38.6962890625
190610,37.04833984375
190627,37.65869140625
190656,33.26416015625
190702,46.38671875
190729,48.52294921875
190975,32.5927734375
191045,113.1591796875
191097,35.33935546875
191188,36.1328125
191355,46.142578125
191391,33.87451171875
191422,40.771484375
191432,43.15185546875
191447,41.3818359375
191483,42.724609375
191524,37.2314453125
191540,55.7861328125
191557,40.58837890625
191609,35.70556640625
191641,38.4521484375
191658,36.68212890625
191681,33.14208984375
191708,48.40087890625
191729,42.66357421875
191768,34.5458984375
191806,32.77587890625
191823,32.89794921875
191861,42.6025390625
191887,34.60693359375
191910,48.33984375
191941,43.9453125
191964,34.66796875
192010,33.14208984375
192121,43.212890625
192391,32.65380859375
219773,32.53173828125
249072,32.53173828125
249108,36.376953125
249169,126.0986328125
249212,32.958984375
249223,115.3564453125
249245,50.537109375
249256,102.5390625
249286,108.33740234375
249303,103.45458984375
249317,90.51513671875
249337,105.89599609375
249352,87.7685546875
249373,117.431640625
249385,55.35888671875
249413,66.162109375
249425,64.3310546875
249442,52.6123046875
249469,63.04931640625
249497,33.935546875
249518,35.94970703125
249542,33.50830078125
249569,51.025390625
249580,37.17041015625
249616,47.2412109375
249647,35.33935546875
249683,50.59814453125
249708,82.82470703125
249794,38.57421875
249839,38.9404296875
250019,43.212890625
250076,35.2783203125
250135,35.15625
250156,33.0810546875
250180,36.2548828125
250205,40.0390625
250230,32.71484375
250242,37.41455078125
250282,39.12353515625
250305,35.5224609375
250406,55.2978515625
250438,38.14697265625
250450,33.69140625
250472,36.68212890625
250502,49.072265625
250613,33.203125
250658,52.1240234375
250710,134.521484375
250735,40.34423828125
250763,37.841796875
250779,43.51806640625
250809,34.5458984375
250838,33.0810546875
250878,57.4951171875
250891,33.14208984375
250925,116.02783203125
250943,38.4521484375
250975,45.10498046875
251002,34.24072265625
251023,37.353515625
251063,45.83740234375
251092,33.26416015625
260409,32.5927734375
314506,35.7666015625
314557,36.376953125
314591,138.48876953125
314601,101.37939453125
314627,96.74072265625
314658,50.10986328125
314677,100.830078125
314690,112.9150390625
314720,120.91064453125
314744,87.21923828125
314760,52.6123046875
314771,34.66796875
314790,53.5888671875
314803,59.63134765625
314817,63.3544921875
314838,57.0068359375
314848,49.1943359375
314869,60.9130859375
314914,49.98779296875
314938,53.22265625
314961,53.03955078125
314993,44.25048828125
315013,34.48486328125
315026,38.9404296875
315051,78.0029296875
315073,34.72900390625
315101,32.958984375
315139,45.47119140625
315382,33.5693359375
315422,35.94970703125
315445,37.109375
315545,44.677734375
315583,52.24609375
315649,36.31591796875
315678,36.0107421875
315695,33.99658203125
315724,35.15625
315777,37.4755859375
315868,35.21728515625
315934,36.56005859375
316114,46.38671875
316289,33.26416015625
316311,40.22216796875
316342,41.32080078125
316354,39.97802734375
362554,41.32080078125
362632,36.7431640625
362686,32.53173828125
362705,148.98681640625
362724,32.958984375
362749,122.802734375
362762,44.7998046875
362786,138.0615234375
362808,143.5546875
362828,49.31640625
362845,99.365234375
362874,60.48583984375
362903,120.42236328125
362917,47.8515625
362936,36.7431640625
362958,46.56982421875
362972,57.373046875
363003,40.1611328125
363015,39.1845703125
363047,32.77587890625
363059,58.16650390625
363096,39.6728515625
363127,42.48046875
363179,88.80615234375
363221,35.46142578125
363292,33.26416015625
363331,34.36279296875
363350,33.203125
363462,42.8466796875
363502,33.02001953125
363587,40.58837890625
363609,37.59765625
363788,36.43798828125
363812,41.68701171875
363867,42.05322265625
363879,36.0107421875
363955,37.9638671875
363978,36.7431640625
363988,38.14697265625
364035,35.21728515625
364111,43.39599609375
364125,44.7998046875
364154,35.58349609375
364167,53.7109375
364195,35.400390625
364254,37.7197265625
364315,39.4287109375
364398,34.11865234375
364459,38.63525390625
364481,35.70556640625
364512,42.724609375
364535,33.14208984375
364615,33.02001953125
364646,32.71484375
364693,32.77587890625
414548,47.30224609375
414584,37.65869140625
414621,34.85107421875
414632,128.5400390625
414648,48.2177734375
414668,110.2294921875
414686,40.8935546875
414702,131.2255859375
414715,100.52490234375
414733,111.4501953125
414761,76.35498046875
414792,62.80517578125
414806,56.640625
414817,76.96533203125
414834,39.61181640625
414856,47.2412109375
414873,36.56005859375
414892,41.6259765625
414917,64.453125
414939,43.212890625
414953,43.3349609375
414974,52.6123046875
415013,33.0810546875
415133,32.53173828125
415143,52.55126953125
415156,36.0107421875
415203,33.5693359375
415233,47.2412109375
415279,33.50830078125
415291,33.8134765625
415311,33.447265625
415337,33.99658203125
415348,35.33935546875
415459,33.75244140625
415497,35.7666015625
415538,46.0205078125
415585,43.9453125
415665,34.60693359375
415698,35.15625
415736,35.58349609375
415752,33.75244140625
415762,37.53662109375
415840,33.8134765625
415862,36.7431640625
415989,39.0625
416026,33.38623046875
416078,32.53173828125
416159,33.14208984375
416203,35.7666015625
416244,46.44775390625
416290,33.3251953125
416341,33.935546875
416394,39.12353515625
416417,37.17041015625
477173,32.5927734375
477201,38.0859375
477221,36.4990234375
477234,43.9453125
477259,99.853515625
477273,63.1103515625
477283,49.560546875
477295,137.39013671875
477308,78.91845703125
477325,120.9716796875
477340,118.1640625
477357,72.44873046875
477373,71.533203125
477388,59.02099609375
477410,75.1953125
477428,50.59814453125
477445,66.34521484375
477465,63.29345703125
477485,43.9453125
477502,59.6923828125
477534,51.1474609375
477553,38.4521484375
477585,73.2421875
477603,38.2080078125
477627,34.72900390625
477725,36.07177734375
477761,46.9970703125
477883,111.99951171875
477966,34.85107421875
478028,45.47119140625
478091,34.11865234375
478121,36.4990234375
478152,41.9921875
478206,54.13818359375
478280,37.78076171875
478374,37.29248046875
478406,40.1611328125
478445,34.72900390625
478502,34.72900390625
478540,36.07177734375
478556,32.65380859375
478592,33.14208984375
478685,34.48486328125
478742,42.3583984375
478774,33.203125
478809,39.4287109375
478867,41.56494140625
478908,42.6025390625
526679,54.13818359375
526702,40.4052734375
526745,111.51123046875
526775,80.4443359375
526804,53.52783203125
526824,40.0390625
526844,66.22314453125
526856,90.27099609375
526872,76.35498046875
526887,67.7490234375
526903,58.4716796875
526924,105.95703125
526936,44.73876953125
526947,45.34912109375
526979,68.90869140625
526989,37.65869140625
527027,38.39111328125
527039,54.99267578125
527063,37.41455078125
527080,43.0908203125
527101,35.15625
527111,37.841796875
527137,41.32080078125
527147,55.60302734375
527172,47.4853515625
527189,36.376953125
527206,36.68212890625
527223,40.83251953125
527238,32.65380859375
527284,42.66357421875
527304,39.61181640625
527334,41.56494140625
527373,37.59765625
527388,37.353515625
527464,40.58837890625
527587,35.7666015625
527637,34.0576171875
527779,39.9169921875
527819,34.423828125
527882,39.48974609375
527900,38.57421875
527928,34.66796875
527938,45.34912109375
527999,32.53173828125
528071,38.26904296875
528085,44.0673828125
528161,34.0576171875
528203,35.7666015625
528267,32.65380859375
528295,37.53662109375
528367,38.02490234375
533515,34.423828125
538399,34.60693359375
573221,36.19384765625
573265,146.240234375
573294,34.423828125
573304,45.47119140625
573314,130.67626953125
573344,78.369140625
573366,101.9287109375
573380,211.42578125
573412,90.63720703125
573440,85.99853515625
573460,56.2744140625
573472,122.4365234375
573503,79.52880859375
573519,64.39208984375
573530,43.88427734375
573547,39.0625
573570,49.8046875
573599,46.875
573624,59.08203125
573663,38.75732421875
573675,38.57421875
573695,35.888671875
573715,36.56005859375
573745,45.5322265625
573774,46.875
573830,38.51318359375
573892,54.3212890625
574044,37.353515625
574095,47.607421875
574137,36.68212890625
574229,35.70556640625
574248,41.56494140625
574284,39.85595703125
574314,37.7197265625
574349,42.96875
574364,42.29736328125
574413,43.51806640625
574478,34.97314453125
574512,35.33935546875
574529,40.52734375
574613,36.31591796875
574626,34.85107421875
574670,33.447265625
574692,39.24560546875
574722,41.3818359375
574756,33.0810546875
574803,40.46630859375
574814,35.33935546875
574889,47.4853515625
574919,38.57421875
574955,34.85107421875
575026,40.8935546875
604043,35.46142578125
604083,38.26904296875
604131,45.2880859375
604180,142.02880859375
604190,46.7529296875
604206,108.33740234375
604220,94.17724609375
604250,118.34716796875
604272,105.40771484375
604288,91.1865234375
604313,51.6357421875
604330,133.48388671875
604358,90.9423828125
604375,72.998046875
604393,85.26611328125
604403,41.015625
604416,38.0859375
604426,48.2177734375
604457,50.23193359375
604489,44.61669921875
604556,40.52734375
604576,56.70166015625
604598,34.48486328125
604626,61.4013671875
604666,49.4384765625
604689,35.33935546875
604804,36.68212890625
604826,34.36279296875
604841,39.4287109375
604959,35.400390625
604977,42.17529296875
605014,37.29248046875
605042,42.90771484375
605104,44.921875
605148,38.02490234375
605241,35.33935546875
605339,32.5927734375
605374,48.40087890625
605403,37.04833984375
605419,32.5927734375
605460,34.97314453125
605470,33.203125
605531,34.60693359375
605546,37.353515625
605580,43.3349609375
605671,34.97314453125
605773,35.70556640625
605786,33.87451171875
605821,33.63037109375
605858,36.56005859375
605967,33.63037109375
612095,35.21728515625
656092,32.71484375
656118,124.3896484375
656150,33.203125
656181,103.82080078125
656194,41.80908203125
656217,74.40185546875
656240,86.85302734375
656253,87.158203125
656280,89.29443359375
656297,75.8056640625
656322,64.02587890625
656346,86.12060546875
656359,51.33056640625
656385,59.38720703125
656400,56.21337890625
656420,49.86572265625
656453,44.49462890625
656482,41.015625
656514,37.90283203125
656532,63.65966796875
656567,46.38671875
656583,36.1328125
656639,93.07861328125
656676,33.26416015625
656720,47.18017578125
656757,38.02490234375
656769,41.68701171875
656822,32.71484375
656888,36.9873046875
657000,36.9873046875
657065,36.92626953125
657089,35.33935546875
657120,36.2548828125
657159,33.5693359375
657230,38.330078125
657249,38.39111328125
657259,35.94970703125
657305,34.85107421875
657343,40.95458984375
657383,33.14208984375
657462,32.89794921875
657562,38.9404296875
657590,43.51806640625
657620,44.7998046875
657658,48.4619140625
657723,33.87451171875
657754,32.89794921875
657810,35.15625
734610,33.87451171875
734659,36.4990234375
734677,133.11767578125
734699,119.7509765625
734712,115.1123046875
734745,61.5234375
734755,32.89794921875
734774,58.7158203125
734785,81.48193359375
734803,66.71142578125
734828,86.12060546875
734838,45.71533203125
734859,59.08203125
734875,74.40185546875
734889,48.33984375
734910,53.955078125
734921,45.22705078125
734938,37.353515625
734950,46.9970703125
734960,55.17578125
734976,35.70556640625
734996,39.4287109375
735007,45.7763671875
735027,37.65869140625
735055,56.94580078125
735079,37.17041015625
735089,41.32080078125
735135,40.46630859375
735178,39.85595703125
735200,33.447265625
735210,37.841796875
735280,32.77587890625
735320,33.935546875
735359,34.72900390625
735438,51.3916015625
735483,44.00634765625
735505,36.0107421875
735523,38.818359375
735546,33.5693359375
735573,47.8515625
735618,54.13818359375
735670,36.0107421875
735765,46.20361328125
735798,44.00634765625
735818,32.89794921875
735852,36.376953125
736042,39.24560546875
736210,38.14697265625
746838,123.84033203125
746852,82.33642578125
746878,74.03564453125
746899,102.9052734375
746910,48.33984375
746941,122.13134765625
746959,58.89892578125
746977,98.81591796875
746999,50.9033203125
747018,122.6806640625
747049,78.4912109375
747068,78.79638671875
747088,99.06005859375
747116,108.5205078125
747140,55.17578125
747158,40.0390625
747168,53.16162109375
747183,38.57421875
747202,86.7919921875
747225,47.05810546875
747251,33.38623046875
747274,36.376953125
747295,38.26904296875
747316,44.12841796875
747328,36.19384765625
747356,53.77197265625
747375,44.37255859375
747385,37.4755859375
747410,70.9228515625
747427,43.9453125
747506,44.43359375
747555,46.9970703125
747591,32.5927734375
747696,33.99658203125
747720,42.66357421875
747751,37.04833984375
747914,37.29248046875
747946,35.21728515625
748008,39.85595703125
748057,36.865234375
748104,42.3583984375
748232,35.94970703125
748261,32.958984375
748287,37.04833984375
748324,36.80419921875
748371,125
748431,48.828125
748457,38.26904296875
748476,38.2080078125
748498,35.64453125
748538,34.72900390625
748555,33.69140625
748590,32.65380859375
748702,34.48486328125
807973,123.47412109375
808012,127.197265625
808041,57.0068359375
808056,147.15576171875
808079,54.19921875
808091,124.51171875
808107,73.974609375
808121,87.46337890625
808141,61.70654296875
808168,105.8349609375
808186,81.1767578125
808201,62.744140625
808214,97.16796875
808237,62.01171875
808260,34.66796875
808270,41.6259765625
808321,62.56103515625
808381,34.5458984375
808402,37.65869140625
808433,38.6962890625
808493,47.119140625
808519,32.77587890625
808532,33.447265625
808630,37.109375
808672,35.2783203125
808765,35.33935546875
808795,49.560546875
809040,38.63525390625
809084,35.58349609375
809118,42.1142578125
809177,46.2646484375
809212,42.236328125
809230,33.38623046875
809277,33.5693359375
809305,41.19873046875
809332,33.63037109375
809344,45.59326171875
809400,36.7431640625
809457,33.0810546875
809518,40.52734375
809556,36.0107421875
809575,39.85595703125
809618,34.66796875
809733,41.93115234375
868129,35.64453125
868274,140.625
868291,37.17041015625
868322,112.60986328125
868351,101.86767578125
868363,114.501953125
868383,51.69677734375
868396,176.3916015625
868417,58.77685546875
868444,85.63232421875
868471,84.1064453125
868490,63.65966796875
868507,61.82861328125
868522,66.58935546875
868535,32.71484375
868546,43.701171875
868566,43.45703125
868585,50.72021484375
868604,44.3115234375
868629,47.2412109375
868649,42.05322265625
868673,64.88037109375
868707,52.06298828125
868733,37.53662109375
868808,33.935546875
868826,41.1376953125
868843,37.04833984375
868873,34.7900390625
868945,34.48486328125
868998,33.447265625
869019,38.818359375
869102,37.78076171875
869269,38.87939453125
869306,39.73388671875
869327,35.5224609375
869378,34.912109375
869414,32.89794921875
869503,44.12841796875
869555,37.109375
869590,33.26416015625
869627,38.26904296875
869653,43.45703125
869684,44.677734375
869728,33.38623046875
869804,40.0390625
869831,39.48974609375
869861,36.376953125
869893,37.59765625
869988,39.48974609375
870172,32.5927734375
926166,33.02001953125
926216,158.447265625
926262,133.23974609375
926274,47.05810546875
926289,78.79638671875
926301,65.91796875
926327,156.18896484375
926358,103.94287109375
926392,82.70263671875
926414,73.30322265625
926439,68.90869140625
926455,76.66015625
926477,63.3544921875
926491,34.0576171875
926504,54.62646484375
926530,37.109375
926554,61.1572265625
926582,48.7060546875
926594,56.15234375
926607,36.2548828125
926631,50.537109375
926658,61.4013671875
926676,35.2783203125
926748,41.93115234375
926816,35.400390625
926841,34.97314453125
926961,39.12353515625
927030,34.72900390625
927080,33.26416015625
927201,34.1796875
927295,39.6728515625
927317,33.50830078125
927353,40.10009765625
927414,34.72900390625
927472,44.25048828125
927510,46.56982421875
927538,42.90771484375
927577,36.4990234375
927598,33.87451171875
927643,39.85595703125
927676,39.12353515625
927725,37.353515625
927801,33.75244140625
927815,33.02001953125
927979,36.1328125
1004932,35.33935546875
1004998,35.70556640625
1005048,59.99755859375
1005071,34.423828125
1005083,118.1640625
1005112,33.935546875
1005125,173.9501953125
1005156,98.81591796875
1005188,130.2490234375
1005216,167.90771484375
1005233,59.02099609375
1005267,75.01220703125
1005278,50.47607421875
1005306,61.09619140625
1005324,62.3779296875
1005345,37.7197265625
1005359,50.47607421875
1005398,34.97314453125
1005417,44.0673828125
1005430,47.7294921875
1005444,34.97314453125
1005472,54.38232421875
1005495,36.80419921875
1005524,36.43798828125
1005557,45.654296875
1005567,41.32080078125
1005590,34.48486328125
1005602,32.53173828125
1005668,32.958984375
1005713,33.38623046875
1005890,34.3017578125
1005959,37.2314453125
1006051,36.80419921875
1006121,42.6025390625
1006148,33.0810546875
1006171,33.447265625
1006199,37.9638671875
1006233,33.50830078125
1006260,35.0341796875
1006281,39.306640625
1006300,35.64453125
1006378,32.53173828125
1006463,49.49951171875
1006645,32.65380859375
1006689,34.5458984375
1006720,43.64013671875
1006786,36.9873046875
1013848,34.423828125
1017647,34.66796875
1017696,36.07177734375
1017708,129.33349609375
1017743,76.72119140625
1017772,115.72265625
1017810,94.78759765625
1017823,109.19189453125
1017847,79.65087890625
1017858,98.14453125
1017885,129.69970703125
1017914,68.66455078125
1017925,109.375
1017952,69.64111328125
1017982,85.8154296875
1017992,75.37841796875
1018020,49.072265625
1018037,61.09619140625
1018073,43.88427734375
1018101,49.560546875
1018133,49.31640625
1018172,65.0634765625
1018188,41.259765625
1018203,41.1376953125
1018232,35.64453125
1018260,44.12841796875
1018298,34.912109375
1018524,35.58349609375
1018594,39.24560546875
1018692,67.3828125
1018757,40.283203125
1018844,33.69140625
1018867,36.19384765625
1018885,32.65380859375
1018942,43.02978515625
1019018,38.6962890625
1019044,39.4287109375
1019073,33.99658203125
1019103,45.2880859375
1019136,35.94970703125
1019161,36.92626953125
1019178,34.423828125
1019218,39.794921875
1019234,37.29248046875
1019290,117.0654296875
1019304,40.22216796875
1019339,43.212890625
1019351,41.015625
1019375,43.8232421875
1019400,115.1123046875
1019418,33.38623046875
1019436,40.283203125
1019470,38.330078125
1019657,32.8369140625
1027516,35.46142578125
1030082,34.423828125
1093356,36.4990234375
1093388,157.89794921875
1093408,45.10498046875
1093428,117.67578125
1093447,93.56689453125
1093475,103.45458984375
1093495,112.24365234375
1093510,49.98779296875
1093540,85.5712890625
1093558,116.63818359375
1093590,87.158203125
1093607,38.57421875
1093629,36.43798828125
1093639,46.81396484375
1093667,41.68701171875
1093697,49.560546875
1093712,33.447265625
1093746,34.3017578125
1093773,60.48583984375
1093838,35.400390625
1093928,34.11865234375
1094144,32.5927734375
1094159,34.5458984375
1094311,41.8701171875
1094383,40.283203125
1094425,36.80419921875
1094530,36.865234375
1094621,34.11865234375
1094649,46.630859375
1094683,40.34423828125
1094751,32.5927734375
1094788,36.4990234375
1094818,37.65869140625
1094845,39.12353515625
1094867,34.60693359375
1094894,32.71484375
1094908,40.283203125
1094926,40.6494140625
1094944,33.87451171875
1094989,33.8134765625
1095009,99.06005859375
1095027,33.87451171875
1095069,38.330078125
1095171,39.0625
1095216,35.21728515625
1101135,33.87451171875
1165501,37.353515625
1165533,135.1318359375
1165569,33.26416015625
1165579,202.392578125
1165608,151.79443359375
1165623,84.53369140625
1165642,120.4833984375
1165671,102.47802734375
1165699,80.2001953125
1165710,73.6083984375
1165726,93.994140625
1165742,43.701171875
1165774,62.3779296875
1165788,39.12353515625
1165812,38.87939453125
1165837,52.91748046875
1165855,37.90283203125
1165867,43.3349609375
1165906,42.78564453125
1165918,49.072265625
1165951,40.83251953125
1165967,42.6025390625
1166000,53.77197265625
1166052,40.46630859375
1166078,32.5927734375
1166310,34.3017578125
1166350,36.865234375
1166433,36.376953125
1166495,38.87939453125
1166566,53.466796875
1166609,45.10498046875
1166641,47.05810546875
1166686,36.43798828125
1166700,37.41455078125
1166730,42.96875
1166757,34.97314453125
1166833,34.24072265625
1166927,36.68212890625
1167108,42.29736328125
1167143,32.71484375
1167156,32.89794921875
1167182,35.82763671875
1167235,32.65380859375
1167317,35.46142578125
1213183,33.75244140625
1213201,165.8935546875
1213215,33.447265625
1213246,124.69482421875
1213256,42.6025390625
1213285,140.5029296875
1213310,90.51513671875
1213324,193.4814453125
1213353,124.267578125
1213364,85.44921875
1213402,94.05517578125
1213414,57.31201171875
1213432,63.29345703125
1213452,73.2421875
1213473,49.49951171875
1213491,61.8896484375
1213504,34.60693359375
1213518,82.45849609375
1213587,50.59814453125
1213614,60.24169921875
1213659,33.26416015625
1213690,69.27490234375
1213726,37.29248046875
1213849,35.82763671875
1213888,40.6494140625
1213946,40.1611328125
1214037,34.0576171875
1214080,38.6962890625
1214105,37.78076171875
1214166,34.48486328125
1214224,32.53173828125
1214283,36.80419921875
1214298,49.13330078125
1214409,41.6259765625
1214420,47.607421875
1214430,36.376953125
1214470,49.8046875
1214505,49.560546875
1214540,33.3251953125
1214562,32.8369140625
1214603,34.5458984375
1214629,38.2080078125
1214655,39.97802734375
1214668,34.912109375
1214698,39.306640625
1214716,55.7861328125
1214742,44.5556640625
1214762,35.2783203125
1214799,37.78076171875
1214835,151.0009765625
1214855,45.654296875
1214911,36.43798828125
1214922,42.8466796875
1214946,42.3583984375
1214972,37.9638671875
1214998,128.2958984375
1274291,37.109375
1274412,38.9404296875
1274438,112.548828125
1274452,54.26025390625
1274475,135.3759765625
1274486,103.02734375
1274506,105.712890625
1274520,67.626953125
1274540,70.12939453125
1274553,90.4541015625
1274578,107.84912109375
1274595,116.2109375
1274607,32.958984375
1274619,71.4111328125
1274643,90.39306640625
1274672,68.42041015625
1274693,40.4052734375
1274717,44.5556640625
1274733,50.23193359375
1274753,40.34423828125
1274780,51.7578125
1274794,42.29736328125
1274817,69.2138671875
1274845,52.1240234375
1274873,45.83740234375
1274899,33.50830078125
1274937,42.41943359375
1274964,34.60693359375
1275006,36.80419921875
1275153,32.77587890625
1275222,40.52734375
1275266,36.4990234375
1275287,37.41455078125
1275349,43.51806640625
1275393,32.77587890625
1275410,38.75732421875
1275500,48.64501953125
1275538,53.3447265625
1275582,37.9638671875
1275620,36.2548828125
1275641,34.97314453125
1275678,34.60693359375
1275730,36.7431640625
1275754,33.02001953125
1275764,39.6728515625
1275797,41.3818359375
1275826,37.53662109375
1275846,33.0810546875
1275859,35.888671875
1275881,38.818359375
1275965,41.56494140625
1275988,42.96875
1276019,44.25048828125
1276060,41.259765625
1276107,34.0576171875
1276120,37.78076171875
1276148,38.2080078125
1276183,36.1328125
1276275,33.447265625
1276375,33.02001953125
1329315,123.47412109375
1329340,94.23828125
1329352,129.7607421875
1329384,34.24072265625
1329398,102.6611328125
1329411,55.48095703125
1329431,84.89990234375
1329445,69.88525390625
1329466,89.41650390625
1329484,100.09765625
1329509,82.70263671875
1329528,92.7734375
1329550,66.95556640625
1329563,35.5224609375
1329580,49.1943359375
1329606,69.88525390625
1329619,49.072265625
1329650,45.59326171875
1329695,42.236328125
1329705,47.05810546875
1329727,41.19873046875
1329755,67.7490234375
1329785,38.0859375
1329809,38.6962890625
1329848,48.095703125
1329899,35.0341796875
1330012,34.5458984375
1330086,46.38671875
1330144,41.93115234375
1330164,38.2080078125
1330176,33.5693359375
1330217,35.82763671875
1330227,37.41455078125
1330403,36.2548828125
1330441,35.58349609375
1330473,38.818359375
1330493,34.1796875
1330506,46.2646484375
1330694,32.5927734375
1330720,46.93603515625
1330795,44.00634765625
1330848,34.912109375
1330884,44.677734375
1330894,32.8369140625
1330938,37.2314453125
1330963,52.55126953125
1330976,104.79736328125
1331011,35.5224609375
1331045,37.90283203125
1331076,36.68212890625
1331153,106.689453125
1331182,33.14208984375
1331230,35.0341796875
1331289,33.69140625
1331433,44.0673828125
1406672,34.423828125
1406735,133.544921875
1406769,59.50927734375
1406790,53.3447265625
1406806,33.75244140625
1406822,81.298828125
1406849,114.8681640625
1406874,123.9013671875
1406908,99.79248046875
1406925,55.60302734375
1406943,113.22021484375
1406955,55.48095703125
1406967,47.42431640625
1406988,61.767578125
1407009,37.65869140625
1407019,41.44287109375
1407039,49.072265625
1407076,40.22216796875
1407095,38.330078125
1407114,54.13818359375
1407140,36.56005859375
1407170,34.7900390625
1407209,32.71484375
1407235,38.9404296875
1407258,42.6025390625
1407350,39.85595703125
1407363,34.11865234375
1407377,36.376953125
1407462,42.724609375
1407582,34.423828125
1407607,33.87451171875
1407638,36.92626953125
1407718,39.36767578125
1407787,34.7900390625
1407812,34.1796875
1407834,37.4755859375
1407853,33.5693359375
1407883,37.353515625
1407949,32.71484375
1407962,36.92626953125
1408048,32.77587890625
1408063,34.423828125
1408093,33.87451171875
1408106,40.83251953125
1408140,36.0107421875
1408158,33.50830078125
1408180,34.24072265625
1408196,116.0888671875
1408253,33.87451171875
1408263,43.0908203125
1408274,46.56982421875
1408298,36.7431640625
1408324,46.630859375
1408347,37.4755859375
1408365,118.10302734375
1408402,33.87451171875
1408415,38.4521484375
1408436,44.86083984375
1408454,38.51318359375
1408485,130.37109375
1408512,37.17041015625
1408540,36.68212890625
1408563,50.35400390625
1408599,34.5458984375
1408641,35.94970703125
1408693,35.400390625
1408746,36.9873046875
1468219,139.16015625
1468230,53.8330078125
1468262,138.97705078125
1468297,133.60595703125
1468319,84.9609375
1468329,126.40380859375
1468359,122.802734375
1468390,80.322265625
1468403,47.91259765625
1468423,130.2490234375
1468435,49.01123046875
1468445,51.20849609375
1468456,60.24169921875
1468470,33.99658203125
1468499,65.4296875
1468519,36.92626953125
1468545,48.2177734375
1468555,47.30224609375
1468593,34.1796875
1468605,33.0810546875
1468644,37.2314453125
1468672,45.71533203125
1468722,37.7197265625
1468739,34.66796875
1468763,45.166015625
1468809,40.71044921875
1468964,33.3251953125
1469086,41.93115234375
1469176,39.6728515625
1469209,33.5693359375
1469250,45.0439453125
1469326,44.921875
1469375,35.70556640625
1469406,40.52734375
1469436,41.9921875
1469471,35.70556640625
1469520,33.203125
1469548,43.64013671875
1469570,38.9404296875
1469633,47.66845703125
1469668,46.08154296875
1469706,33.50830078125
1469746,35.2783203125
1469768,33.63037109375
1469804,34.60693359375
1469836,40.283203125
1469864,46.38671875
1469881,32.77587890625
1469914,45.5322265625
1469935,35.64453125
1469961,131.04248046875
1470002,38.818359375
1470016,41.50390625
1470042,43.39599609375
1470106,33.447265625
1470145,34.5458984375
1470159,39.00146484375
1470304,35.0341796875
1534053,34.0576171875
1534081,36.19384765625
1534108,150.2685546875
1534122,36.56005859375
1534147,32.53173828125
1534164,91.1865234375
1534192,103.08837890625
1534202,68.603515625
1534227,138.73291015625
1534260,105.16357421875
1534287,114.501953125
1534301,72.1435546875
1534318,104.4921875
1534336,81.9091796875
1534354,47.54638671875
1534371,60.4248046875
1534402,39.00146484375
1534428,35.09521484375
1534452,37.353515625
1534482,39.61181640625
1534500,41.44287109375
1534522,89.599609375
1534558,39.85595703125
1534588,38.14697265625
1534672,34.5458984375
1534735,32.71484375
1534864,34.7900390625
1534924,32.65380859375
1535030,33.3251953125
1535125,42.78564453125
1535250,38.4521484375
1535264,44.189453125
1535367,33.02001953125
1535382,32.958984375
1535424,42.1142578125
1535481,37.78076171875
1535512,34.0576171875
1535534,62.19482421875
1535565,64.0869140625
1535594,44.7998046875
1535648,114.501953125
1535676,35.2783203125
1535697,32.89794921875
1535726,38.87939453125
1535750,38.9404296875
1535769,105.77392578125
1535789,39.36767578125
1535812,49.6826171875
1535828,41.50390625
1535852,41.748046875
1535898,34.3017578125
1535909,34.48486328125
1535921,40.6494140625
1535947,33.5693359375
1535972,44.0673828125
1609859,33.75244140625
1609884,48.40087890625
1609920,36.07177734375
1609938,120.91064453125
1609966,89.4775390625
1609984,42.66357421875
1610014,144.10400390625
1610041,66.22314453125
1610052,121.7041015625
1610073,40.58837890625
1610097,73.2421875
1610112,62.19482421875
1610131,63.5986328125
1610141,74.8291015625
1610173,47.36328125
1610201,38.6962890625
1610220,47.7294921875
1610236,37.109375
1610256,69.4580078125
1610274,50.78125
1610298,46.20361328125
1610324,54.99267578125
1610351,37.2314453125
1610393,36.92626953125
1610435,33.26416015625
1610482,39.794921875
1610608,40.95458984375
1610655,32.65380859375
1610716,34.7900390625
1610728,42.96875
1610834,35.888671875
1610876,38.9404296875
1610929,39.12353515625
1610987,34.36279296875
1611020,33.87451171875
1611082,34.85107421875
1611154,35.94970703125
1611168,41.748046875
1611199,33.02001953125
1611267,34.0576171875
1611308,48.2177734375
1611334,42.41943359375
1611363,38.51318359375
1611384,49.74365234375
1611413,34.24072265625
1611424,42.724609375
1611475,34.85107421875
1611499,44.49462890625
1611532,36.56005859375
1611577,34.60693359375
1611589,33.5693359375
1611617,35.7666015625
1611642,47.8515625
1611652,36.92626953125
1611701,43.5791015625
1611728,35.0341796875
1611787,41.56494140625
1611868,39.73388671875
1668451,38.75732421875
1668505,115.72265625
1668517,36.43798828125
1668557,54.13818359375
1668567,49.072265625
1668598,166.32080078125
1668620,92.8955078125
1668632,90.63720703125
1668659,135.19287109375
1668674,111.572265625
1668698,70.86181640625
1668718,70.1904296875
1668742,62.255859375
1668754,37.04833984375
1668776,58.53271484375
1668790,54.50439453125
1668805,51.45263671875
1668830,45.83740234375
1668853,42.236328125
1668873,42.29736328125
1668994,35.21728515625
1669044,46.44775390625
1669218,39.9169921875
1669260,39.306640625
1669274,34.0576171875
1669319,35.09521484375
1669395,44.12841796875
1669422,52.490234375
1669521,35.15625
1669600,34.66796875
1669664,42.29736328125
1669696,34.85107421875
1669744,46.5087890625
1669810,33.87451171875
1669896,32.958984375
1669912,41.68701171875
1669945,36.68212890625
1669976,34.0576171875
1670020,40.10009765625
1670033,49.6826171875
1670080,32.89794921875
1670108,50.96435546875
1670137,33.26416015625
1670149,33.3251953125
1670164,34.11865234375
1670224,37.7197265625
1670292,37.4755859375
1716636,33.69140625
1716661,38.0859375
1716728,34.7900390625
1716750,41.19873046875
1716766,118.71337890625
1716782,81.0546875
1716797,116.02783203125
1716818,82.03125
1716835,97.35107421875
1716856,106.99462890625
1716869,86.5478515625
1716906,123.47412109375
1716916,87.58544921875
1716943,48.7060546875
1716961,53.5888671875
1716972,54.26025390625
1717017,40.4052734375
1717031,54.50439453125
1717055,34.66796875
1717070,36.865234375
1717100,43.3349609375
1717123,45.83740234375
1717152,85.63232421875
1717163,37.2314453125
1717215,33.26416015625
1717233,34.97314453125
1717247,35.5224609375
1717337,36.07177734375
1717371,36.07177734375
1717437,36.4990234375
1717598,36.62109375
1717679,45.0439453125
1717712,33.99658203125
1717787,41.9921875
1717848,33.75244140625
1717916,34.24072265625
1717956,36.19384765625
1717995,35.21728515625
1718058,35.94970703125
1718072,46.32568359375
1718119,36.7431640625
1718156,38.51318359375
1718184,38.9404296875
1718199,90.02685546875
1718215,40.58837890625
1718242,39.85595703125
1718253,39.9169921875
1718319,42.05322265625
1718346,41.44287109375
1718379,46.38671875
1718411,40.10009765625
1718434,36.56005859375
1718458,33.38623046875
1718517,32.5927734375
1725352,32.5927734375
1778674,43.15185546875
1778685,44.189453125
1778697,150.7568359375
1778715,33.14208984375
1778737,36.92626953125
1778757,199.52392578125
1778775,36.80419921875
1778786,106.689453125
1778804,74.462890625
1778823,186.09619140625
1778852,107.421875
1778871,91.24755859375
1778884,78.4912109375
1778897,76.904296875
1778918,73.6083984375
1778939,53.52783203125
1778957,46.2646484375
1778991,38.818359375
1779005,43.76220703125
1779030,59.87548828125
1779049,35.46142578125
1779072,51.7578125
1779085,38.63525390625
1779108,34.7900390625
1779141,36.62109375
1779168,42.54150390625
1779232,37.4755859375
1779292,33.8134765625
1779308,33.447265625
1779489,44.677734375
1779564,35.46142578125
1779644,33.0810546875
1779720,37.65869140625
1779780,33.3251953125
1779848,35.2783203125
1779869,61.5234375
1779888,45.71533203125
1779906,33.50830078125
1779954,43.39599609375
1780027,37.4755859375
1780051,36.4990234375
1780078,36.19384765625
1780101,32.8369140625
1780120,37.353515625
1780153,37.353515625
1780170,32.71484375
1780188,35.0341796875
1780233,35.7666015625
1780258,57.92236328125
1780282,139.2822265625
1780310,47.42431640625
1780411,45.47119140625
1780479,32.53173828125
1780550,32.8369140625
1842730,34.85107421875
1842741,34.0576171875
1842766,124.755859375
1842776,51.513671875
1842788,90.27099609375
1842807,110.4736328125
1842840,106.8115234375
1842863,147.216796875
1842880,106.14013671875
1842911,141.2353515625
1842941,90.63720703125
1842957,77.57568359375
1842972,67.56591796875
1842990,41.1376953125
1843011,66.22314453125
1843033,57.18994140625
1843060,45.47119140625
1843073,48.15673828125
1843094,83.8623046875
1843112,39.0625
1843134,59.87548828125
1843155,37.90283203125
1843168,34.48486328125
1843187,38.63525390625
1843218,34.1796875
1843257,37.78076171875
1843299,33.3251953125
1843370,33.3251953125
1843393,32.65380859375
1843406,33.38623046875
1843500,36.4990234375
1843638,35.400390625
1843655,37.4755859375
1843709,38.26904296875
1843783,56.21337890625
1843834,40.8935546875
1843882,40.71044921875
1843894,40.83251953125
1843978,41.19873046875
1844041,33.935546875
1844066,40.771484375
1844109,38.02490234375
1844142,50.537109375
1844158,102.84423828125
1844212,32.5927734375
1844240,47.91259765625
1844303,60.48583984375
1844353,45.41015625
1844378,41.32080078125
1844391,141.78466796875
1844431,35.70556640625
1844443,41.8701171875
1844512,33.87451171875
1844538,46.32568359375
1844717,35.2783203125
1904019,42.90771484375
1904048,38.6962890625
1904059,139.892578125
1904092,135.3759765625
1904117,72.265625
1904145,112.9150390625
1904173,84.65576171875
1904202,99.2431640625
1904214,83.92333984375
1904229,47.607421875
1904245,59.50927734375
1904265,58.7158203125
1904284,51.3916015625
1904294,67.5048828125
1904320,57.67822265625
1904344,36.1328125
1904357,38.2080078125
1904367,51.1474609375
1904384,36.56005859375
1904409,104.00390625
1904425,38.818359375
1904450,34.72900390625
1904504,35.33935546875
1904580,41.19873046875
1904614,46.142578125
1904753,35.21728515625
1904835,43.3349609375
1904895,42.6025390625
1904918,42.96875
1904933,34.7900390625
1904994,34.912109375
1905014,32.5927734375
1905062,37.65869140625
1905096,34.85107421875
1905115,36.92626953125
1905228,42.90771484375
1905242,54.19921875
1905263,37.9638671875
1905338,33.50830078125
1905358,34.7900390625
1905392,34.5458984375
1905403,39.97802734375
1905428,35.94970703125
1905441,140.07568359375
1905515,35.400390625
1905567,35.09521484375
1905627,40.0390625
1905663,34.60693359375
1905690,32.77587890625
1905746,33.99658203125
1905831,34.72900390625
1905849,33.0810546875
1969073,146.484375
1969099,37.109375
1969115,119.62890625
1969151,127.685546875
1969176,61.58447265625
1969190,103.08837890625
1969204,114.501953125
1969219,101.07421875
1969242,72.44873046875
1969260,119.384765625
1969276,77.7587890625
1969299,67.44384765625
1969339,62.68310546875
1969361,58.16650390625
1969376,41.3818359375
1969397,53.22265625
1969419,41.8701171875
1969434,35.888671875
1969460,46.81396484375
1969483,43.45703125
1969508,52.6123046875
1969522,46.56982421875
1969590,39.55078125
1969617,39.6728515625
1969646,38.63525390625
1969723,37.90283203125
1969805,36.7431640625
1969902,34.3017578125
1969959,33.447265625
1970024,37.59765625
1970054,32.5927734375
1970070,32.958984375
1970140,32.65380859375
1970186,37.90283203125
1970225,34.36279296875
1970236,37.7197265625
1970267,39.85595703125
1970306,36.19384765625
1970365,34.7900390625
1970406,40.0390625
1970420,35.21728515625
1970440,41.3818359375
1970474,37.53662109375
1970510,37.2314453125
1970538,38.14697265625
1970597,42.724609375
1970607,99.4873046875
1970643,35.21728515625
1970699,34.7900390625
1970726,46.38671875
1970754,35.94970703125
1970767,39.9169921875
1970962,38.39111328125
2045783,35.09521484375
2045823,43.3349609375
2045868,131.9580078125
2045882,36.0107421875
2045912,111.328125
2045937,41.56494140625
2045953,128.7841796875
2045971,44.00634765625
2045989,114.31884765625
2045999,86.24267578125
2046026,82.82470703125
2046049,115.3564453125
2046072,77.63671875
2046102,88.5009765625
2046124,46.7529296875
2046136,43.212890625
2046147,62.43896484375
2046164,57.6171875
2046178,33.99658203125
2046199,59.50927734375
2046238,43.9453125
2046286,37.2314453125
2046299,45.41015625
2046348,36.19384765625
2046378,35.21728515625
2046409,32.958984375
2046564,36.0107421875
2046714,51.3916015625
2046724,33.447265625
2046810,33.8134765625
2046922,33.3251953125
2046982,110.9619140625
2046992,41.1376953125
2047043,33.02001953125
2047096,32.71484375
2047141,32.8369140625
2047242,35.5224609375
2047282,43.3349609375
2047302,68.05419921875
2047336,42.6025390625
2047350,115.6005859375
2047383,39.794921875
2047411,56.396484375
2047437,40.58837890625
2047459,36.62109375
2047490,40.52734375
2047521,48.9501953125
2047563,111.87744140625
2047576,36.0107421875
2047595,32.53173828125
2047626,41.8701171875
2047662,37.17041015625
2047680,46.142578125
2047714,53.64990234375
2047769,33.203125
2047925,39.794921875
2085344,35.7666015625
2085382,138.85498046875
2085418,112.12158203125
2085442,55.419921875
2085452,119.7509765625
2085464,79.04052734375
2085488,75.3173828125
2085499,75.1953125
2085522,76.47705078125
2085545,75.25634765625
2085557,66.22314453125
2085573,71.22802734375
2085591,43.0908203125
2085610,54.8095703125
2085639,68.54248046875
2085664,40.34423828125
2085676,39.55078125
2085689,39.73388671875
2085706,41.748046875
2085729,78.0029296875
2085743,35.7666015625
2085771,50.84228515625
2085794,35.888671875
2085814,37.9638671875
2085873,32.65380859375
2085951,47.7294921875
2085977,34.11865234375
2086027,41.19873046875
2086123,36.865234375
2086198,34.72900390625
2086218,33.50830078125
2086276,42.54150390625
2086300,37.841796875
2086370,36.19384765625
2086382,42.66357421875
2086408,35.5224609375
2086442,34.24072265625
2086459,38.51318359375
2086514,41.19873046875
2086528,48.15673828125
2086540,43.64013671875
2086553,133.9111328125
2086594,35.5224609375
2086614,38.818359375
2086646,48.88916015625
2086677,42.66357421875
2086699,106.26220703125
2086710,34.3017578125
2086744,52.001953125
2086767,40.8935546875
2086799,35.46142578125
2086810,58.65478515625
2086844,55.419921875
2086855,34.912109375
2086884,39.306640625
2086907,44.37255859375
2086933,44.921875
2086953,44.189453125
2086965,36.68212890625
2086992,38.0859375
2087016,40.0390625
2087050,45.41015625
2087124,35.09521484375
2087376,34.36279296875
2156693,35.7666015625
2156771,139.2822265625
2156808,111.87744140625
2156832,39.00146484375
2156856,96.0693359375
2156867,125.67138671875
2156885,40.1611328125
2156904,111.328125
2156923,104.79736328125
2156936,118.2861328125
2156960,78.857421875
2156975,72.57080078125
2157005,83.1298828125
2157018,90.14892578125
2157035,74.40185546875
2157084,58.59375
2157095,60.05859375
2157116,32.77587890625
2157144,43.39599609375
2157160,50.78125
2157175,45.7763671875
2157188,46.56982421875
2157247,36.7431640625
2157271,44.37255859375
2157303,33.447265625
2157436,36.43798828125
2157457,41.68701171875
2157478,38.02490234375
2157717,33.50830078125
2157775,34.1796875
2157833,36.07177734375
2157942,33.0810546875
2157953,35.46142578125
2158054,61.5234375
2158116,32.77587890625
2158151,35.0341796875
2158186,42.54150390625
2158217,150.32958984375
2158233,42.48046875
2158277,35.94970703125
2158294,50.4150390625
2158317,40.283203125
2158327,54.26025390625
2158338,36.376953125
2158368,120.849609375
2158384,54.50439453125
2158400,42.6025390625
2158425,34.85107421875
2158465,142.39501953125
2158477,40.83251953125
2158520,90.63720703125
2158533,44.25048828125
2158544,38.75732421875
2158564,45.10498046875
2158589,156.3720703125
2158609,48.27880859375
2158624,33.26416015625
2158636,40.4052734375
2158653,37.7197265625
2158676,49.9267578125
2158691,34.912109375
2158701,45.22705078125
2158738,34.24072265625
2158839,38.330078125
2158879,39.55078125
2159015,38.330078125
2240060,36.0107421875
2240077,35.5224609375
2240095,43.9453125
2240107,196.22802734375
2240136,41.9921875
2240151,71.77734375
2240163,56.94580078125
2240176,168.15185546875
2240208,137.6953125
2240221,67.07763671875
2240236,80.13916015625
2240247,58.16650390625
2240272,108.88671875
2240299,41.8701171875
2240324,46.7529296875
2240337,38.14697265625
2240365,53.64990234375
2240391,51.1474609375
2240407,62.8662109375
2240420,46.9970703125
2240446,46.44775390625
2240472,35.0341796875
2240490,48.03466796875
2240502,42.1142578125
2240520,39.4287109375
2240556,36.2548828125
2240606,37.53662109375
2240799,37.78076171875
2240907,35.2783203125
2241002,45.0439453125
2241116,39.85595703125
2241134,34.85107421875
2241192,32.5927734375
2241205,36.31591796875
2241244,38.57421875
2241257,118.896484375
2241307,33.87451171875
2241333,47.54638671875
2241367,49.31640625
2241437,39.85595703125
2241496,43.45703125
2241511,32.958984375
2241537,122.9248046875
2241553,40.71044921875
2241585,38.330078125
2241609,35.15625
2241622,48.76708984375
2241673,32.71484375
2241691,33.447265625
2241708,51.57470703125
2241727,47.9736328125
2241760,44.86083984375
2241778,46.69189453125
2241798,49.8046875
2241841,38.63525390625
2241854,41.8701171875
2241872,37.9638671875
2241903,37.7197265625
2241986,40.22216796875
2242094,36.9873046875
2299610,36.62109375
2299649,115.6005859375
2299703,147.52197265625
2299728,126.40380859375
2299738,133.056640625
2299765,97.5341796875
2299795,107.421875
2299813,109.06982421875
2299823,89.90478515625
2299849,65.00244140625
2299890,60.48583984375
2299902,59.9365234375
2299921,47.42431640625
2299946,45.2880859375
2299958,78.125
2300000,49.072265625
2300036,33.02001953125
2300055,33.63037109375
2300078,35.888671875
2300114,58.837890625
2300153,36.62109375
2300180,33.26416015625
2300303,45.8984375
2300365,37.90283203125
2300383,37.353515625
2300411,32.65380859375
2300470,38.9404296875
2300518,40.0390625
2300593,32.71484375
2300619,35.33935546875
2300655,43.45703125
2300744,38.9404296875
2300754,36.68212890625
2300794,35.33935546875
2300830,33.5693359375
2300882,32.65380859375
2300895,35.5224609375
2300913,134.94873046875
2300936,48.03466796875
2300966,43.88427734375
2300985,56.15234375
2301012,48.828125
2301029,32.8369140625
2301050,34.0576171875
2301069,53.1005859375
2301087,46.2646484375
2301113,34.423828125
2301143,100.2197265625
2301159,54.87060546875
2301184,44.37255859375
2301216,81.1767578125
2301240,35.94970703125
2301261,49.31640625
2301278,57.373046875
2301326,44.86083984375
2301352,122.13134765625
2301378,63.29345703125
2301405,35.09521484375
2301421,36.2548828125
2301433,38.63525390625
2301464,40.52734375
2301477,38.02490234375
2301505,37.78076171875
2301646,33.203125
2373430,33.3251953125
2373516,134.09423828125
2373537,42.05322265625
2373569,113.95263671875
2373593,39.794921875
2373612,105.89599609375
2373642,130.43212890625
2373663,73.91357421875
2373693,75.8056640625
2373712,98.44970703125
2373729,59.26513671875
2373750,50.048828125
2373766,46.2646484375
2373781,34.24072265625
2373798,98.57177734375
2373818,36.4990234375
2373845,40.1611328125
2373862,48.88916015625
2373889,81.298828125
2373919,37.78076171875
2373931,41.6259765625
2373965,42.96875
2373975,35.0341796875
2374008,36.80419921875
2374155,37.2314453125
2374221,43.51806640625
2374263,41.50390625
2374324,37.29248046875
2374364,33.8134765625
2374450,40.8935546875
2374568,43.02978515625
2374578,35.7666015625
2374614,36.80419921875
2374664,39.36767578125
2374697,32.89794921875
2374722,44.0673828125
2374754,32.71484375
2374810,33.0810546875
2374831,48.52294921875
2374853,36.9873046875
2374875,119.32373046875
2374900,44.0673828125
2374936,41.015625
2374948,47.4853515625
2374968,37.9638671875
2375012,49.072265625
2375028,35.888671875
2375052,43.9453125
2375106,36.0107421875
2375158,35.70556640625
2375180,52.1240234375
2375217,32.71484375
2375275,130.43212890625
2375301,36.0107421875
2375312,32.65380859375
2375354,56.640625
2375371,35.82763671875
2375459,42.3583984375
2375588,35.0341796875
2423092,34.72900390625
2423110,37.65869140625
2423141,131.4697265625
2423157,40.34423828125
2423181,123.71826171875
2423198,140.13671875
2423220,54.26025390625
2423234,52.978515625
2423260,99.4873046875
2423281,83.06884765625
2423298,70.86181640625
2423309,83.55712890625
2423320,56.7626953125
2423342,45.22705078125
2423363,51.3916015625
2423396,36.31591796875
2423417,72.265625
2423455,47.2412109375
2423486,44.49462890625
2423506,35.64453125
2423532,39.48974609375
2423554,34.72900390625
2423613,36.62109375
2423647,32.8369140625
2423688,34.912109375
2423852,33.69140625
2423932,33.447265625
2423949,34.24072265625
2423991,33.99658203125
2424031,36.43798828125
2424066,37.7197265625
2424078,36.62109375
2424153,35.0341796875
2424166,41.44287109375
2424216,44.5556640625
2424269,32.77587890625
2424298,42.96875
2424313,43.76220703125
2424328,73.1201171875
2424361,63.90380859375
2424374,33.26416015625
2424389,36.62109375
2424414,91.61376953125
2424430,41.9921875
2424455,52.8564453125
2424518,46.93603515625
2424545,42.17529296875
2424567,118.2861328125
2424584,41.50390625
2424616,42.66357421875
2424632,33.50830078125
2424661,64.63623046875
2424692,41.3818359375
2424711,39.36767578125
2424729,56.2744140625
2424749,64.14794921875
2424763,45.0439453125
2424777,47.54638671875
2424798,39.12353515625
2424817,41.1376953125
2424834,119.07958984375
2424849,34.912109375
2424864,39.61181640625
2424875,38.6962890625
2424918,55.908203125
2424940,38.0859375
2424974,38.57421875
2424984,108.45947265625
2425036,37.9638671875
2425047,41.19873046875
2425090,35.888671875
2466560,32.5927734375
2466570,32.71484375
2466596,33.5693359375
2466609,54.87060546875
2466637,119.44580078125
2466652,90.087890625
2466671,110.77880859375
2466700,109.19189453125
2466711,109.7412109375
2466738,111.572265625
2466762,69.64111328125
2466789,83.1298828125
2466803,69.88525390625
2466813,44.921875
2466844,50.47607421875
2466854,52.001953125
2466882,43.88427734375
2466893,37.59765625
2466906,45.166015625
2466933,43.64013671875
2466967,38.14697265625
2466983,37.841796875
2467012,50.4150390625
2467029,45.83740234375
2467076,50.47607421875
2467148,41.6259765625
2467188,32.65380859375
2467280,40.10009765625
2467341,39.1845703125
2467366,35.82763671875
2467401,34.0576171875
2467464,36.2548828125
2467519,35.21728515625
2467572,41.32080078125
2467596,37.17041015625
2467691,36.19384765625
2467708,47.91259765625
2467738,36.2548828125
2467760,61.82861328125
2467795,42.236328125
2467834,131.65283203125
2467860,47.9736328125
2467886,36.0107421875
2467912,35.15625
2467933,45.2880859375
2468013,36.865234375
2468034,102.4169921875
2468052,37.4755859375
2468114,51.45263671875
2468131,36.56005859375
2468144,35.58349609375
2468168,45.41015625
2468183,137.14599609375
2468218,75.98876953125
2468228,50.59814453125
2468260,42.724609375
2468273,62.56103515625
2468305,50.35400390625
2468324,41.9921875
2468334,56.7626953125
2468351,51.33056640625
2468401,42.54150390625
2468416,43.27392578125
2468471,40.0390625
2468501,36.7431640625
2469004,33.0810546875
2540754,39.9169921875
2540778,34.1796875
2540794,119.384765625
2540822,84.53369140625
2540835,116.88232421875
2540859,41.9921875
2540874,99.609375
2540886,41.93115234375
2540905,174.560546875
2540933,103.1494140625
2540970,103.21044921875
2540988,74.21875
2541003,72.265625
2541030,68.7255859375
2541051,63.8427734375
2541077,37.53662109375
2541093,47.91259765625
2541110,53.52783203125
2541125,42.17529296875
2541149,38.57421875
2541163,43.64013671875
2541174,36.376953125
2541208,45.47119140625
2541234,35.2783203125
2541311,35.33935546875
2541338,36.68212890625
2541442,33.203125
2541621,36.07177734375
2541749,39.6728515625
2541845,61.03515625
2541924,36.56005859375
2541988,145.69091796875
2542004,34.85107421875
2542029,39.0625
2542069,35.82763671875
2542106,41.19873046875
2542136,32.8369140625
2542154,123.6572265625
2542187,47.119140625
2542215,48.9501953125
2542240,34.72900390625
2542267,56.2744140625
2542278,44.677734375
2542310,38.51318359375
2542323,54.38232421875
2542356,51.025390625
2542376,41.748046875
2542388,37.78076171875
2542423,64.02587890625
2542440,45.71533203125
2542459,37.841796875
2542488,44.00634765625
2542506,39.85595703125
2542522,57.92236328125
2542541,41.32080078125
2542571,41.19873046875
2542592,46.44775390625
2542614,39.794921875
2542633,41.44287109375
2542653,41.50390625
2542682,36.2548828125
2542769,34.85107421875
2542877,33.3251953125
2542938,33.99658203125
2565756,32.65380859375
2617701,33.0810546875
2617714,127.13623046875
2617749,125.732421875
2617764,88.623046875
2617792,121.4599609375
2617805,53.64990234375
2617825,127.50244140625
2617847,102.84423828125
2617860,116.39404296875
2617891,103.8818359375
2617912,64.94140625
2617927,77.57568359375
2617942,60.85205078125
2617959,53.1005859375
2617969,60.24169921875
2617984,59.6923828125
2618012,43.64013671875
2618029,42.236328125
2618043,41.748046875
2618061,33.8134765625
2618090,37.2314453125
2618115,38.51318359375
2618161,32.65380859375
2618197,34.24072265625
2618280,40.46630859375
2618297,43.02978515625
2618405,32.958984375
2618565,34.423828125
2618623,47.8515625
2618642,40.46630859375
2618738,47.8515625
2618768,35.0341796875
2618866,36.31591796875
2618908,43.45703125
2618924,34.97314453125
2618966,39.6728515625
2619024,40.771484375
2619039,37.353515625
2619063,109.7412109375
2619079,45.71533203125
2619103,45.2880859375
2619137,44.7998046875
2619161,34.48486328125
2619186,39.55078125
2619208,36.4990234375
2619248,92.34619140625
2619258,32.77587890625
2619271,46.38671875
2619293,54.0771484375
2619318,39.12353515625
2619346,118.65234375
2619363,39.61181640625
2619406,36.19384765625
2619419,40.0390625
2619449,41.32080078125
2619476,51.08642578125
2619497,162.65869140625
2619508,37.2314453125
2619554,33.935546875
2619595,38.75732421875
2619621,35.2783203125
2619645,38.02490234375
2619660,38.6962890625
2619733,34.97314453125
2619761,33.3251953125
2619832,33.935546875
2687766,36.0107421875
2687798,130.859375
2687830,42.29736328125
2687840,145.751953125
2687852,113.34228515625
2687883,99.4873046875
2687902,75.86669921875
2687918,97.35107421875
2687933,69.091796875
2687951,91.24755859375
2687976,71.4111328125
2687989,84.16748046875
2688000,54.26025390625
2688015,103.69873046875
2688035,50.96435546875
2688049,46.38671875
2688059,86.3037109375
2688088,49.072265625
2688103,39.794921875
2688143,42.724609375
2688164,34.97314453125
2688180,37.4755859375
2688194,34.24072265625
2688207,34.66796875
2688232,44.5556640625
2688282,35.64453125
2688501,33.99658203125
2688522,34.423828125
2688564,35.7666015625
2688788,32.958984375
2688835,43.76220703125
2688942,33.3251953125
2688999,36.43798828125
2689016,56.15234375
2689052,122.37548828125
2689089,40.0390625
2689107,41.68701171875
2689164,40.10009765625
2689187,40.46630859375
2689217,119.93408203125
2689235,40.10009765625
2689251,43.64013671875
2689266,49.49951171875
2689283,47.7294921875
2689317,34.36279296875
2689334,102.1728515625
2689349,48.33984375
2689361,61.03515625
2689384,42.17529296875
2689401,47.30224609375
2689433,35.46142578125
2689448,37.9638671875
2689469,36.62109375
2689484,40.83251953125
2689518,124.20654296875
2689542,38.26904296875
2689576,55.5419921875
2689588,46.0205078125
2689627,43.701171875
2689646,39.61181640625
2689664,37.59765625
2689732,38.51318359375
2690011,36.2548828125
2702152,32.89794921875
2744942,38.4521484375
2744983,35.2783203125
2745013,108.0322265625
2745036,33.14208984375
2745068,119.140625
2745112,57.92236328125
2745141,52.06298828125
2745157,126.03759765625
2745188,142.4560546875
2745207,67.5048828125
2745225,115.478515625
2745246,57.06787109375
2745264,104.91943359375
2745283,61.5234375
2745297,43.8232421875
2745310,85.38818359375
2745327,38.75732421875
2745343,56.396484375
2745359,55.23681640625
2745372,36.31591796875
2745393,53.7109375
2745412,53.7109375
2745432,52.67333984375
2745442,33.26416015625
2745454,34.912109375
2745481,36.31591796875
2745507,37.17041015625
2745597,34.36279296875
2745610,35.21728515625
2745667,34.66796875
2745781,39.00146484375
2745859,37.41455078125
2745915,39.00146484375
2746012,39.0625
2746223,36.31591796875
2746237,40.10009765625
2746252,131.4697265625
2746288,38.2080078125
2746321,39.306640625
2746357,34.423828125
2746371,36.07177734375
2746402,127.50244140625
2746426,41.19873046875
2746442,34.11865234375
2746475,38.26904296875
2746492,65.00244140625
2746509,43.02978515625
2746530,117.98095703125
2746540,39.9169921875
2746574,32.71484375
2746598,47.42431640625
2746636,43.51806640625
2746661,56.82373046875
2746692,41.56494140625
2746724,39.55078125
2746742,42.48046875
2746764,58.28857421875
2746792,130.31005859375
2746813,40.22216796875
2746837,41.8701171875
2746873,34.36279296875
2746885,42.3583984375
2746960,40.4052734375
2747008,39.12353515625
2825370,33.0810546875
2825414,115.3564453125
2825444,33.14208984375
2825459,141.54052734375
2825474,102.4169921875
2825491,170.83740234375
2825505,76.59912109375
2825523,123.4130859375
2825552,132.38525390625
2825563,58.89892578125
2825592,57.0068359375
2825603,34.0576171875
2825613,48.33984375
2825638,69.51904296875
2825660,70.73974609375
2825684,59.14306640625
2825705,47.2412109375
2825733,37.41455078125
2825747,40.46630859375
2825769,35.888671875
2825823,35.2783203125
2825845,37.17041015625
2825856,33.203125
2825888,38.9404296875
2825904,35.94970703125
2825955,53.89404296875
2826101,36.56005859375
2826118,37.841796875
2826174,58.349609375
2826266,34.7900390625
2826306,60.1806640625
2826360,111.6943359375
2826424,33.63037109375
2826521,34.97314453125
2826592,39.55078125
2826652,52.91748046875
2826713,34.60693359375
2826730,41.19873046875
2826760,43.15185546875
2826770,144.775390625
2826781,33.50830078125
2826806,33.75244140625
2826836,51.025390625
2826867,48.27880859375
2826879,45.654296875
2826911,115.8447265625
2826925,34.36279296875
2826936,34.60693359375
2826973,51.81884765625
2826988,59.2041015625
2827000,41.93115234375
2827028,101.1962890625
2827057,61.58447265625
2827071,60.6689453125
2827085,59.08203125
2827101,34.60693359375
2827143,43.3349609375
2827161,46.5087890625
2827180,33.203125
2827210,50.1708984375
2827228,48.4619140625
2827243,46.7529296875
2827274,46.81396484375
2827293,93.8720703125
2827445,34.7900390625
2835492,42.41943359375
2900654,157.53173828125
2900674,96.00830078125
2900687,56.21337890625
2900715,72.998046875
2900728,108.2763671875
2900771,141.66259765625
2900784,105.65185546875
2900805,121.826171875
2900820,92.59033203125
2900839,43.88427734375
2900857,81.60400390625
2900888,47.18017578125
2900904,68.42041015625
2900934,33.935546875
2900959,39.306640625
2900982,68.17626953125
2900998,50.23193359375
2901017,44.86083984375
2901045,49.8046875
2901121,37.65869140625
2901145,39.0625
2901180,39.1845703125
2901264,35.82763671875
2901316,42.66357421875
2901389,42.29736328125
2901436,33.69140625
2901468,41.93115234375
2901489,33.99658203125
2901548,34.5458984375
2901635,36.0107421875
2901695,33.02001953125
2901732,51.57470703125
2901787,38.57421875
2901799,34.11865234375
2901832,52.18505859375
2901857,35.15625
2901873,36.19384765625
2901916,37.29248046875
2901927,39.61181640625
2901956,117.61474609375
2901984,43.8232421875
2902031,42.96875
2902115,103.8818359375
2902141,45.47119140625
2902158,40.0390625
2902198,32.5927734375
2902230,43.51806640625
2902296,46.20361328125
2902341,43.45703125
2902422,44.3115234375
2902493,33.50830078125
2903130,35.7666015625
2908058,36.0107421875
2971014,39.73388671875
2971045,33.75244140625
2971070,117.0654296875
2971103,70.37353515625
2971125,111.328125
2971142,41.68701171875
2971158,93.505859375
2971170,37.7197265625
2971189,53.40576171875
2971203,100.2197265625
2971227,116.2109375
2971260,99.609375
2971270,64.697265625
2971286,114.3798828125
2971306,67.68798828125
2971317,56.70166015625
2971338,68.9697265625
2971353,54.26025390625
2971391,56.15234375
2971404,33.8134765625
2971418,48.03466796875
2971441,48.583984375
2971469,39.61181640625
2971492,46.5087890625
2971514,40.58837890625
2971576,33.99658203125
2971603,36.2548828125
2971751,39.73388671875
2971781,32.53173828125
2971899,36.92626953125
2971954,49.4384765625
2972080,34.24072265625
2972093,32.5927734375
2972106,50.72021484375
2972225,49.74365234375
2972312,35.0341796875
2972325,45.71533203125
2972341,39.306640625
2972378,42.78564453125
2972397,34.1796875
2972419,41.68701171875
2972457,37.9638671875
2972471,45.71533203125
2972504,112.48779296875
2972535,58.65478515625
2972545,55.96923828125
2972569,37.17041015625
2972579,36.92626953125
2972615,100.03662109375
2972653,46.875
2972667,35.5224609375
2972698,47.9736328125
2972714,40.46630859375
2972734,37.2314453125
2972745,35.2783203125
2972762,36.19384765625
2972804,39.0625
2972856,32.77587890625
2972882,45.47119140625
2972897,40.4052734375
2972908,35.15625
2973019,35.46142578125
2973282,39.85595703125
3033428,34.1796875
3033461,126.46484375
3033497,133.544921875
3033519,99.609375
3033539,151.18408203125
3033563,86.42578125
3033583,89.41650390625
3033596,51.1474609375
3033608,147.03369140625
3033643,86.3037109375
3033665,72.08251953125
3033676,61.95068359375
3033692,41.3818359375
3033717,73.486328125
3033730,68.4814453125
3033756,48.76708984375
3033768,57.80029296875
3033790,38.330078125
3033801,32.958984375
3033824,39.73388671875
3033837,38.14697265625
3033852,38.63525390625
3033865,34.36279296875
3033927,35.70556640625
3033963,35.46142578125
3034037,32.71484375
3034068,36.07177734375
3034205,46.56982421875
3034312,34.66796875
3034373,37.65869140625
3034434,38.26904296875
3034514,37.353515625
3034552,34.7900390625
3034624,44.37255859375
3034655,38.2080078125
3034665,38.6962890625
3034688,32.71484375
3034698,33.02001953125
3034720,33.0810546875
3034735,47.42431640625
3034770,127.62451171875
3034783,57.6171875
3034819,48.15673828125
3034833,45.5322265625
3034907,42.1142578125
3034927,104.79736328125
3034948,56.7626953125
3034985,44.5556640625
3035004,37.109375
3035035,104.248046875
3035062,62.68310546875
3035091,59.326171875
3035117,70.49560546875
3035132,44.5556640625
3035155,45.654296875
3035168,46.2646484375
3035188,46.2646484375
3035204,33.8134765625
3035225,55.11474609375
3035246,112.060546875
3035276,42.48046875
3035302,33.5693359375
3035315,33.8134765625
3035388,39.1845703125
3035524,36.43798828125
3035624,34.3017578125
3035638,35.94970703125
3120447,124.3896484375
3120471,32.53173828125
3120489,136.41357421875
3120512,69.64111328125
3120528,87.58544921875
3120551,117.431640625
3120571,73.79150390625
3120593,114.8681640625
3120608,74.27978515625
3120621,66.162109375
3120648,68.78662109375
3120658,83.80126953125
3120671,70.61767578125
3120700,45.0439453125
3120719,39.73388671875
3120733,81.298828125
3120759,55.7861328125
3120788,35.94970703125
3120809,42.48046875
3120850,35.15625
3120863,47.42431640625
3120884,35.400390625
3120897,33.02001953125
3120943,36.0107421875
3120953,38.63525390625
3120991,36.19384765625
3121015,39.4287109375
3121062,33.3251953125
3121087,46.20361328125
3121127,35.2783203125
3121238,36.376953125
3121300,32.89794921875
3121331,35.94970703125
3121417,33.38623046875
3121458,33.99658203125
3121507,33.02001953125
3121528,34.3017578125
3121566,33.02001953125
3121601,37.841796875
3121632,38.63525390625
3121671,44.49462890625
3121708,34.72900390625
3121719,36.80419921875
3121729,33.5693359375
3121759,40.46630859375
3121806,44.25048828125
3121849,40.83251953125
3121875,49.86572265625
3121892,44.7998046875
3121926,116.943359375
3121947,56.33544921875
3121958,39.61181640625
3122001,38.39111328125
3122020,44.25048828125
3122050,55.35888671875
3122081,104.91943359375
3122092,63.96484375
3122119,40.10009765625
3122137,33.203125
3122157,46.7529296875
3122181,54.0771484375
3122204,40.46630859375
3122215,99.79248046875
3122247,46.875
3122280,38.6962890625
3122305,34.66796875
3122315,33.75244140625
3122341,36.92626953125
3122367,34.72900390625
3122392,40.4052734375
3122450,36.07177734375
3122568,34.912109375
3182235,41.56494140625
3182256,148.49853515625
3182310,109.80224609375
3182341,74.5849609375
3182352,130.67626953125
3182374,83.55712890625
3182391,126.52587890625
3182421,88.31787109375
3182457,119.0185546875
3182481,91.49169921875
3182495,68.7255859375
3182511,49.01123046875
3182529,74.3408203125
3182546,67.2607421875
3182574,49.1943359375
3182587,44.5556640625
3182609,40.771484375
3182633,48.9501953125
3182657,52.79541015625
3182677,41.44287109375
3182700,39.6728515625
3182731,34.48486328125
3182790,51.33056640625
3182852,36.4990234375
3182986,32.5927734375
3183000,37.29248046875
3183066,37.59765625
3183146,35.7666015625
3183161,39.55078125
3183188,39.0625
3183251,44.00634765625
3183273,49.37744140625
3183342,35.09521484375
3183412,37.59765625
3183425,41.748046875
3183460,48.52294921875
3183473,34.7900390625
3183495,117.0654296875
3183514,40.283203125
3183549,37.9638671875
3183570,34.423828125
3183593,32.8369140625
3183613,35.94970703125
3183639,41.68701171875
3183672,50.59814453125
3183703,35.888671875
3183724,56.15234375
3183735,44.37255859375
3183749,141.7236328125
3183789,46.69189453125
3183814,41.015625
3183831,58.65478515625
3183852,45.95947265625
3183868,33.50830078125
3183888,141.11328125
3183910,35.94970703125
3183930,35.58349609375
3183951,45.22705078125
3183969,47.42431640625
3183979,36.7431640625
3183999,38.14697265625
3184025,33.3251953125
3184077,37.59765625
3184103,35.888671875
3184220,33.50830078125
3184656,34.5458984375
3184762,34.11865234375
3190092,32.53173828125
3261540,33.50830078125
3261566,36.4990234375
3261582,119.873046875
3261596,34.0576171875
3261626,125.3662109375
3261644,98.93798828125
3261660,137.0849609375
3261701,149.0478515625
3261718,67.87109375
3261731,143.61572265625
3261752,76.23291015625
3261774,88.92822265625
3261792,67.07763671875
3261805,42.8466796875
3261817,54.13818359375
3261832,41.6259765625
3261852,55.48095703125
3261876,47.91259765625
3261907,104.67529296875
3261924,44.3115234375
3261947,46.44775390625
3261983,33.38623046875
3262011,34.97314453125
3262045,35.5224609375
3262077,39.24560546875
3262127,36.9873046875
3262181,45.41015625
3262219,36.19384765625
3262265,36.376953125
3262316,39.1845703125
3262362,37.29248046875
3262418,38.6962890625
3262456,35.33935546875
3262489,32.89794921875
3262515,40.34423828125
3262582,36.4990234375
3262599,44.49462890625
3262630,40.58837890625
3262684,50.6591796875
3262725,44.189453125
3262780,32.8369140625
3262798,33.02001953125
3262845,39.9169921875
3262869,36.4990234375
3262879,125.244140625
3262893,40.34423828125
3262917,46.81396484375
3262940,43.5791015625
3262980,37.59765625
3263011,132.2021484375
3263045,40.52734375
3263068,72.8759765625
3263087,48.88916015625
3263112,117.67578125
3263144,57.861328125
3263173,65.12451171875
3263194,42.96875
3263208,40.46630859375
3263240,138.7939453125
3263267,65.7958984375
3263284,32.65380859375
3263303,39.24560546875
3263325,43.39599609375
3263335,40.95458984375
3263362,33.447265625
3263414,49.072265625
3263433,32.77587890625
3263456,33.87451171875
3263545,38.26904296875
3344520,35.400390625
3344568,44.86083984375
3344593,136.16943359375
3344608,32.89794921875
3344640,100.7080078125
3344663,58.28857421875
3344674,112.548828125
3344712,145.81298828125
3344741,127.9296875
3344758,116.943359375
3344769,88.623046875
3344787,71.35009765625
3344802,72.998046875
3344825,71.35009765625
3344846,96.13037109375
3344876,69.3359375
3344892,40.71044921875
3344913,46.69189453125
3344934,43.51806640625
3344963,41.56494140625
3344979,50.1708984375
3345005,45.0439453125
3345029,32.53173828125
3345069,33.02001953125
3345089,50.048828125
3345105,34.48486328125
3345248,44.73876953125
3345267,37.53662109375
3345355,36.9873046875
3345393,37.53662109375
3345432,37.41455078125
3345469,44.12841796875
3345527,40.46630859375
3345561,36.43798828125
3345575,34.72900390625
3345602,42.78564453125
3345632,121.64306640625
3345712,36.9873046875
3345744,43.3349609375
3345773,42.96875
3345812,41.9921875
3345839,34.72900390625
3345864,34.423828125
3345878,37.41455078125
3345895,45.10498046875
3345911,42.3583984375
3345951,36.68212890625
3345991,37.841796875
3346018,112.24365234375
3346041,43.27392578125
3346052,36.0107421875
3346071,51.20849609375
3346089,40.4052734375
3346117,42.236328125
3346138,65.73486328125
3346151,35.64453125
3346176,38.330078125
3346188,40.22216796875
3346205,44.73876953125
3346223,38.4521484375
3346251,37.41455078125
3346277,55.5419921875
3346292,35.15625
3346309,41.748046875
3346320,45.34912109375
3346356,34.11865234375
3346377,46.9970703125
3346403,48.828125
3346439,33.447265625
3346466,41.56494140625
3346507,48.9501953125
3346654,36.4990234375
3411882,33.75244140625
3411933,33.38623046875
3411974,154.23583984375
3412012,128.2958984375
3412023,39.55078125
3412048,103.3935546875
3412065,62.31689453125
3412079,36.68212890625
3412100,53.22265625
3412116,73.8525390625
3412136,85.0830078125
3412170,98.14453125
3412182,99.54833984375
3412198,71.35009765625
3412228,122.0703125
3412250,51.57470703125
3412265,54.8095703125
3412282,34.0576171875
3412292,38.51318359375
3412324,47.66845703125
3412369,44.921875
3412409,38.26904296875
3412429,41.3818359375
3412498,36.7431640625
3412533,32.77587890625
3412621,35.94970703125
3412636,37.90283203125
3412821,37.2314453125
3412852,39.794921875
3412913,40.58837890625
3412931,36.62109375
3413012,40.46630859375
3413031,35.46142578125
3413058,36.80419921875
3413131,38.51318359375
3413151,46.93603515625
3413167,120.66650390625
3413187,32.53173828125
3413199,51.08642578125
3413227,34.66796875
3413255,34.24072265625
3413265,35.15625
3413292,33.14208984375
3413345,35.33935546875
3413367,111.87744140625
3413399,40.83251953125
3413411,36.56005859375
3413456,53.03955078125
3413481,66.46728515625
3413493,154.72412109375
3413515,47.91259765625
3413545,42.29736328125
3413555,33.26416015625
3413576,41.19873046875
3413592,111.26708984375
3413608,40.71044921875
3413627,40.10009765625
3413651,51.94091796875
3413690,49.86572265625
3413706,42.78564453125
3413730,43.15185546875
3413746,47.18017578125
3413778,42.41943359375
3413798,37.04833984375
3413900,34.3017578125
3414342,34.66796875
3485940,36.62109375
3485959,146.240234375
3485990,39.61181640625
3486005,101.62353515625
3486042,173.40087890625
3486054,92.8955078125
3486072,132.14111328125
3486085,85.693359375
3486108,106.14013671875
3486120,84.65576171875
3486148,69.76318359375
3486158,49.13330078125
3486192,95.27587890625
3486213,101.318359375
3486234,44.00634765625
3486249,55.5419921875
3486265,36.7431640625
3486290,52.42919921875
3486303,59.814453125
3486330,52.3681640625
3486349,34.423828125
3486386,35.400390625
3486401,97.83935546875
3486432,37.17041015625
3486482,36.0107421875
3486594,45.47119140625
3486642,36.1328125
3486657,41.07666015625
3486751,45.7763671875
3486871,35.888671875
3486910,35.2783203125
3486968,42.6025390625
3486988,51.025390625
3487046,34.5458984375
3487069,34.48486328125
3487090,40.95458984375
3487105,39.12353515625
3487119,112.48779296875
3487183,43.701171875
3487216,35.64453125
3487226,33.38623046875
3487272,39.73388671875
3487306,121.2158203125
3487323,50.6591796875
3487351,53.77197265625
3487381,40.4052734375
3487403,35.400390625
3487430,118.65234375
3487458,36.07177734375
3487481,42.3583984375
3487492,52.734375
3487526,45.22705078125
3487541,42.6025390625
3487567,35.5224609375
3487582,105.04150390625
3487597,45.71533203125
3487614,47.18017578125
3487628,56.5185546875
3487643,52.978515625
3487668,34.85107421875
3487682,34.912109375
3487696,35.888671875
3487717,48.2177734375
3487747,44.0673828125
3487760,38.330078125
3487797,46.93603515625
3487906,34.36279296875
3535506,34.423828125
3550065,33.447265625
3550104,32.89794921875
3550138,37.04833984375
3550186,33.87451171875
3550202,150.57373046875
3550245,103.94287109375
3550269,89.78271484375
3550282,135.80322265625
3550293,129.57763671875
3550311,118.71337890625
3550329,90.27099609375
3550346,78.79638671875
3550362,37.04833984375
3550385,142.51708984375
3550398,73.54736328125
3550422,94.90966796875
3550434,52.42919921875
3550464,35.82763671875
3550479,54.38232421875
3550494,44.12841796875
3550506,83.0078125
3550535,60.72998046875
3550563,46.9970703125
3550592,37.4755859375
3550615,33.14208984375
3550651,50.35400390625
3550662,60.05859375
3550736,33.69140625
3550816,43.51806640625
3550932,40.1611328125
3551135,37.29248046875
3551175,45.59326171875
3551237,138.916015625
3551259,43.0908203125
3551351,41.50390625
3551379,49.9267578125
3551389,38.57421875
3551414,33.38623046875
3551426,37.04833984375
3551451,112.3046875
3551464,37.65869140625
3551504,46.69189453125
3551533,58.4716796875
3551546,38.9404296875
3551574,36.376953125
3551597,46.630859375
3551608,51.7578125
3551633,93.32275390625
3551644,41.6259765625
3551667,63.17138671875
3551685,47.607421875
3551699,52.42919921875
3551722,44.0673828125
3551745,38.02490234375
3551776,52.67333984375
3551788,46.630859375
3551822,39.1845703125
3551846,43.5791015625
3551861,36.7431640625
3551894,43.0908203125
3551974,35.58349609375
3552042,41.015625
3552091,36.07177734375
3552237,39.794921875
3615839,36.2548828125
3615944,40.771484375
3615963,147.64404296875
3615989,48.7060546875
3616003,33.0810546875
3616025,130.06591796875
3616041,126.03759765625
3616069,39.00146484375
3616080,91.49169921875
3616100,78.43017578125
3616119,83.8623046875
3616134,42.1142578125
3616155,56.45751953125
3616181,75.0732421875
3616194,34.11865234375
3616207,55.96923828125
3616225,39.36767578125
3616236,41.80908203125
3616262,32.53173828125
3616284,33.8134765625
3616313,41.07666015625
3616339,51.6357421875
3616370,44.86083984375
3616386,35.2783203125
3616423,38.0859375
3616439,112.60986328125
3616481,38.818359375
3616610,42.48046875
3616752,44.98291015625
3616804,33.99658203125
3616879,44.12841796875
3616903,45.22705078125
3616964,40.0390625
3616999,36.4990234375
3617026,38.57421875
3617046,130.9814453125
3617119,33.87451171875
3617144,42.96875
3617154,44.189453125
3617179,54.01611328125
3617214,133.4228515625
3617232,47.4853515625
3617257,41.259765625
3617287,42.8466796875
3617300,39.36767578125
3617347,33.5693359375
3617357,103.21044921875
3617390,45.8984375
3617402,43.212890625
3617426,54.62646484375
3617445,57.4951171875
3617456,49.31640625
3617483,60.302734375
3617507,39.794921875
3617524,48.095703125
3617554,47.66845703125
3617564,37.29248046875
3617584,33.38623046875
3617627,38.57421875
3617693,37.841796875
3617775,32.65380859375
3617812,33.3251953125
3617853,34.1796875
3695845,40.52734375
3695875,51.69677734375
3695915,141.2353515625
3695933,33.50830078125
3695966,125.18310546875
3695984,49.072265625
3696003,174.01123046875
3696018,97.0458984375
3696031,119.9951171875
3696056,65.73486328125
3696086,77.33154296875
3696108,83.740234375
3696127,73.486328125
3696148,81.11572265625
3696166,51.8798828125
3696180,69.15283203125
3696195,39.1845703125
3696216,37.41455078125
3696234,42.724609375
3696252,52.001953125
3696272,35.7666015625
3696285,34.0576171875
3696302,39.12353515625
3696324,43.64013671875
3696341,48.7060546875
3696367,44.921875
3696469,42.05322265625
3696513,34.5458984375
3696650,36.0107421875
3696739,37.04833984375
3696761,46.9970703125
3696804,44.98291015625
3696858,41.32080078125
3696888,41.80908203125
3696926,48.64501953125
3696965,40.10009765625
3696986,123.84033203125
3697020,38.75732421875
3697060,43.9453125
3697109,32.958984375
3697122,45.654296875
3697167,33.3251953125
3697218,45.59326171875
3697237,101.6845703125
3697276,61.82861328125
3697296,49.6826171875
3697310,32.8369140625
3697326,41.015625
3697345,35.15625
3697373,46.630859375
3697398,37.4755859375
3697422,48.7060546875
3697452,57.0068359375
3697462,36.43798828125
3697498,49.25537109375
3697514,44.49462890625
3697534,46.32568359375
3697552,39.00146484375
3697578,54.01611328125
3697594,94.42138671875
3697614,38.14697265625
3697637,40.10009765625
3697656,36.9873046875
3697686,54.443359375
3697711,46.20361328125
3697723,50.1708984375
3697755,50.96435546875
3697778,33.5693359375
3697813,41.19873046875
3697825,34.11865234375
3697870,44.921875
3697935,32.71484375
3752541,36.56005859375
3752605,36.92626953125
3752653,127.74658203125
3752692,50.6591796875
3752725,41.6259765625
3752736,107.84912109375
3752759,125.67138671875
3752771,122.37548828125
3752794,136.1083984375
3752805,62.68310546875
3752825,72.81494140625
3752848,66.5283203125
3752858,53.52783203125
3752879,56.94580078125
3752895,76.96533203125
3752923,51.81884765625
3752935,35.400390625
3752948,68.90869140625
3752981,35.7666015625
3752999,33.3251953125
3753039,41.1376953125
3753118,41.93115234375
3753294,34.60693359375
3753318,33.02001953125
3753404,57.2509765625
3753474,35.46142578125
3753486,41.56494140625
3753522,39.36767578125
3753548,34.97314453125
3753567,36.80419921875
3753620,121.826171875
3753630,35.15625
3753676,39.306640625
3753718,38.2080078125
3753737,36.62109375
3753774,39.97802734375
3753800,34.36279296875
3753847,110.595703125
3753884,49.4384765625
3753910,37.29248046875
3753921,50.29296875
3753942,34.36279296875
3753966,32.89794921875
3753991,99.7314453125
3754005,33.5693359375
3754046,44.43359375
3754078,55.17578125
3754110,130.18798828125
3754120,46.44775390625
3754158,94.23828125
3754184,69.76318359375
3754195,50.1708984375
3754222,47.607421875
3754240,58.77685546875
3754255,32.958984375
3754275,42.236328125
3754286,53.89404296875
3754298,45.2880859375
3754319,60.97412109375
3754335,41.68701171875
3754355,32.77587890625
3754386,38.51318359375
3754439,39.9169921875
3754453,37.41455078125
3754495,35.94970703125
3754585,33.0810546875
3755258,36.7431640625
3792303,33.8134765625
3792381,40.10009765625
3792405,144.34814453125
3792431,49.31640625
3792443,114.56298828125
3792479,112.3046875
3792491,76.96533203125
3792514,113.525390625
3792536,100.52490234375
3792557,119.0185546875
3792575,109.19189453125
3792590,66.40625
3792614,79.28466796875
3792624,71.83837890625
3792640,33.50830078125
3792650,33.02001953125
3792667,47.36328125
3792692,63.78173828125
3792706,49.98779296875
3792727,44.49462890625
3792744,34.11865234375
3792774,33.02001953125
3792806,39.61181640625
3792889,32.5927734375
3793153,37.109375
3793212,35.46142578125
3793315,36.92626953125
3793351,34.3017578125
3793391,38.39111328125
3793453,35.888671875
3793474,38.2080078125
3793519,36.56005859375
3793540,106.689453125
3793558,33.5693359375
3793587,36.43798828125
3793621,111.02294921875
3793633,47.119140625
3793662,45.5322265625
3793683,39.55078125
3793728,41.6259765625
3793744,135.1318359375
3793769,52.91748046875
3793785,42.48046875
3793819,39.24560546875
3793835,58.10546875
3793865,34.11865234375
3793895,128.0517578125
3793915,40.95458984375
3793932,45.83740234375
3793956,33.935546875
3793978,35.5224609375
3793992,32.77587890625
3794019,37.59765625
3794051,58.65478515625
3794105,36.80419921875
3794929,34.97314453125
3883676,44.12841796875
3883728,36.07177734375
3883837,133.544921875
3883862,65.5517578125
3883890,125.18310546875
3883901,54.19921875
3883925,112.36572265625
3883938,85.51025390625
3883961,124.0234375
3883985,112.97607421875
3884002,62.68310546875
3884016,89.78271484375
3884034,57.2509765625
3884056,101.50146484375
3884071,69.9462890625
3884096,35.400390625
3884107,45.83740234375
3884120,43.51806640625
3884142,40.46630859375
3884155,43.0908203125
3884181,42.78564453125
3884208,34.24072265625
3884245,34.66796875
3884285,43.45703125
3884315,33.0810546875
3884330,36.9873046875
3884368,32.89794921875
3884405,32.65380859375
3884617,37.9638671875
3884652,37.9638671875
3884705,38.39111328125
3884744,32.65380859375
3884823,117.3095703125
3884848,33.203125
3884888,34.912109375
3884942,35.21728515625
3884979,52.24609375
3884996,34.912109375
3885016,37.9638671875
3885057,39.24560546875
3885079,36.43798828125
3885112,34.60693359375
3885144,46.2646484375
3885172,36.19384765625
3885196,43.212890625
3885215,39.48974609375
3885257,37.841796875
3885270,36.56005859375
3885310,52.8564453125
3885325,107.97119140625
3885341,49.6826171875
3885355,43.15185546875
3885377,34.36279296875
3885410,76.11083984375
3885439,113.83056640625
3885453,49.8046875
3885487,47.7294921875
3885508,53.89404296875
3885527,51.025390625
3885549,47.05810546875
3885567,96.8017578125
3885581,48.27880859375
3885610,42.41943359375
3885626,38.14697265625
3885640,48.828125
3885666,33.447265625
3885754,37.29248046875
3885827,36.62109375
3885861,33.63037109375
3885944,38.0859375
3964212,34.1796875
3964224,55.72509765625
3964239,127.38037109375
3964278,124.267578125
3964299,78.0029296875
3964313,104.30908203125
3964323,140.9912109375
3964345,104.3701171875
3964364,80.13916015625
3964390,108.7646484375
3964412,63.96484375
3964424,61.09619140625
3964440,63.720703125
3964453,35.09521484375
3964468,46.44775390625
3964482,60.60791015625
3964498,39.9169921875
3964511,73.42529296875
3964552,42.05322265625
3964563,43.39599609375
3964585,44.189453125
3964673,57.55615234375
3964686,36.68212890625
3964727,35.64453125
3964781,34.24072265625
3964818,33.50830078125
3964894,32.53173828125
3965078,34.97314453125
3965097,39.97802734375
3965117,36.4990234375
3965133,37.2314453125
3965177,35.09521484375
3965211,33.3251953125
3965251,131.591796875
3965315,37.65869140625
3965326,37.17041015625
3965361,33.14208984375
3965380,36.31591796875
3965415,37.353515625
3965429,100.830078125
3965448,35.58349609375
3965471,39.306640625
3965504,33.87451171875
3965538,35.82763671875
3965551,41.015625
3965573,55.48095703125
3965591,43.76220703125
3965609,122.9248046875
3965630,36.56005859375
3965657,44.677734375
3965673,37.53662109375
3965693,40.0390625
3965714,130.43212890625
3965732,44.7998046875
3965790,69.580078125
3965817,60.546875
3965833,38.39111328125
3965847,36.4990234375
3965867,98.81591796875
3965888,50.59814453125
3965909,61.6455078125
3965943,33.203125
3965965,62.07275390625
3965976,36.376953125
3966018,40.52734375
3966053,40.58837890625
3966088,40.71044921875
3966105,33.5693359375
3966179,41.68701171875
4052858,32.53173828125
4052870,33.447265625
4052961,131.9580078125
4052983,41.93115234375
4053004,149.84130859375
4053024,100.64697265625
4053038,122.55859375
4053067,84.5947265625
4053092,78.18603515625
4053106,53.1005859375
4053124,99.91455078125
4053155,56.396484375
4053168,91.064453125
4053190,42.3583984375
4053214,64.3310546875
4053230,42.66357421875
4053260,57.31201171875
4053274,41.93115234375
4053311,69.7021484375
4053352,124.45068359375
4053368,51.025390625
4053443,48.7060546875
4053503,35.15625
4053585,40.283203125
4053769,53.5888671875
4053821,33.63037109375
4053889,32.71484375
4053973,119.62890625
4054038,32.5927734375
4054075,46.69189453125
4054150,33.87451171875
4054175,144.34814453125
4054215,34.5458984375
4054246,41.44287109375
4054258,35.58349609375
4054284,93.44482421875
4054309,37.04833984375
4054328,38.51318359375
4054351,37.04833984375
4054379,36.80419921875
4054391,42.6025390625
4054427,46.44775390625
4054445,123.71826171875
4054465,51.7578125
4054487,62.80517578125
4054508,42.54150390625
4054525,35.70556640625
4054541,47.05810546875
4054562,48.03466796875
4054591,55.84716796875
4054608,47.91259765625
4054629,33.14208984375
4054639,44.12841796875
4054671,32.53173828125
4054686,44.00634765625
4054704,33.02001953125
4054755,47.607421875
4054808,36.376953125
4054846,43.9453125
4062170,33.99658203125
4131446,39.794921875
4131467,39.61181640625
4131493,130.859375
4131506,37.78076171875
4131546,119.93408203125
4131573,86.9140625
4131583,92.8955078125
4131601,121.03271484375
4131625,99.30419921875
4131639,117.85888671875
4131649,68.9697265625
4131679,77.2705078125
4131694,54.99267578125
4131705,44.98291015625
4131727,43.3349609375
4131741,61.70654296875
4131752,83.8623046875
4131778,38.63525390625
4131790,49.13330078125
4131803,39.48974609375
4131813,35.888671875
4131837,79.2236328125
4131854,52.18505859375
4131867,48.64501953125
4131878,35.58349609375
4131896,35.5224609375
4131920,41.259765625
4131948,46.0205078125
4131996,39.1845703125
4132030,37.109375
4132087,37.17041015625
4132269,38.2080078125
4132418,34.0576171875
4132456,35.46142578125
4132583,36.376953125
4132601,49.98779296875
4132616,36.4990234375
4132766,39.306640625
4132797,115.66162109375
4132829,37.2314453125
4132866,43.51806640625
4132878,38.818359375
4132899,33.5693359375
4132920,33.69140625
4132936,119.62890625
4132961,42.724609375
4132988,36.80419921875
4133012,108.45947265625
4133023,71.6552734375
4133044,75.1953125
4133065,51.8798828125
4133080,59.50927734375
4133113,48.2177734375
4133126,55.17578125
4133147,34.48486328125
4133170,44.98291015625
4133187,43.9453125
4133200,41.9921875
4133225,117.431640625
4133242,42.724609375
4133253,39.794921875
4133280,58.65478515625
4133315,35.09521484375
4133344,40.771484375
4133361,38.818359375
4218140,33.203125
4218150,43.212890625
4218189,132.8125
4218223,52.30712890625
4218244,38.87939453125
4218260,36.19384765625
4218289,103.6376953125
4218299,99.609375
4218340,128.5400390625
4218369,88.134765625
4218387,61.09619140625
4218402,80.01708984375
4218441,36.19384765625
4218454,81.60400390625
4218465,39.36767578125
4218487,57.6171875
4218499,34.36279296875
4218518,55.0537109375
4218530,53.22265625
4218571,32.8369140625
4218584,39.36767578125
4218605,34.912109375
4218646,33.14208984375
4218702,34.1796875
4218712,38.330078125
4218907,38.4521484375
4218932,38.330078125
4219113,56.640625
4219131,37.4755859375
4219213,45.83740234375
4219227,49.49951171875
4219271,35.7666015625
4219300,34.97314453125
4219320,37.29248046875
4219374,33.63037109375
4219401,41.3818359375
4219415,110.9619140625
4219451,44.61669921875
4219500,34.97314453125
4219528,42.8466796875
4219539,45.34912109375
4219572,116.3330078125
4219585,47.2412109375
4219598,45.654296875
4219622,33.50830078125
4219635,41.3818359375
4219662,54.19921875
4219675,48.76708984375
4219710,42.724609375
4219743,48.76708984375
4219766,48.15673828125
4219797,43.3349609375
4219814,38.87939453125
4219834,35.82763671875
4219868,50.23193359375
4219894,44.86083984375
4219919,34.11865234375
4219962,40.283203125
4219975,40.0390625
4220027,34.66796875
4220071,32.77587890625
4220092,39.61181640625
4220116,36.2548828125
4289062,47.79052734375
4289118,141.357421875
4289141,37.41455078125
4289155,133.23974609375
4289191,136.71875
4289209,38.818359375
4289219,124.45068359375
4289259,96.49658203125
4289274,81.9091796875
4289297,116.63818359375
4289321,75.68359375
4289335,61.95068359375
4289356,50.35400390625
4289372,37.04833984375
4289388,47.2412109375
4289401,48.9501953125
4289424,48.4619140625
4289465,36.19384765625
4289553,43.3349609375
4289602,35.2783203125
4289652,44.37255859375
4289794,38.0859375
4289808,33.3251953125
4289824,32.77587890625
4289975,36.43798828125
4290048,35.33935546875
4290120,33.69140625
4290136,38.02490234375
4290203,32.65380859375
4290231,112.79296875
4290245,33.5693359375
4290272,38.4521484375
4290321,37.65869140625
4290349,37.4755859375
4290364,38.6962890625
4290400,102.6611328125
4290423,33.87451171875
4290448,41.56494140625
4290473,42.96875
4290489,33.935546875
4290511,38.6962890625
4290534,104.8583984375
4290564,37.78076171875
4290588,44.73876953125
4290598,34.3017578125
4290628,51.1474609375
4290645,98.5107421875
4290676,49.74365234375
4290711,55.908203125
4290736,48.52294921875
4290757,61.34033203125
4290783,44.98291015625
4290799,40.8935546875
4290829,121.4599609375
4290863,35.21728515625
4290898,38.6962890625
4290920,33.3251953125
4291007,37.41455078125
4291189,35.888671875
4291731,33.87451171875
4362112,144.71435546875
4362129,53.7109375
4362150,142.4560546875
4362176,124.3896484375
4362191,138.0615234375
4362217,140.7470703125
4362243,99.79248046875
4362258,112.24365234375
4362283,52.30712890625
4362297,47.42431640625
4362308,84.228515625
4362338,47.36328125
4362351,39.1845703125
4362381,33.99658203125
4362404,90.39306640625
4362420,33.935546875
4362436,49.31640625
4362457,48.2177734375
4362478,37.841796875
4362508,37.59765625
4362777,44.12841796875
4362796,39.24560546875
4362840,34.0576171875
4362875,34.0576171875
4362942,36.376953125
4363017,37.4755859375
4363076,36.19384765625
4363166,42.78564453125
4363185,42.54150390625
4363219,34.97314453125
4363271,50.4150390625
4363306,38.14697265625
4363341,36.2548828125
4363356,66.0400390625
4363379,35.46142578125
4363410,40.771484375
4363420,144.04296875
4363442,34.66796875
4363470,39.1845703125
4363489,72.6318359375
4363532,128.662109375
4363555,37.90283203125
4363570,58.65478515625
4363598,34.11865234375
4363609,44.00634765625
4363640,57.373046875
4363667,54.8095703125
4363697,57.7392578125
4363724,46.69189453125
4363734,37.353515625
4363760,43.0908203125
4363786,44.12841796875
4363806,107.60498046875
4363821,51.6357421875
4363850,40.58837890625
4363915,35.33935546875
4363971,33.0810546875
4372387,32.8369140625
4443605,34.60693359375
4443657,123.84033203125
4443685,38.6962890625
4443702,33.447265625
4443733,170.10498046875
4443761,109.7412109375
4443782,121.76513671875
4443797,116.14990234375
4443807,73.91357421875
4443840,45.8984375
4443852,129.0283203125
4443888,73.73046875
4443898,68.603515625
4443917,51.33056640625
4443942,33.75244140625
4443961,38.75732421875
4443976,66.58935546875
4443999,48.9501953125
4444023,35.888671875
4444051,52.55126953125
4444095,34.1796875
4444145,43.9453125
4444178,38.57421875
4444352,39.0625
4444443,35.70556640625
4444458,33.8134765625
4444557,34.423828125
4444682,37.2314453125
4444758,44.12841796875
4444793,38.2080078125
4444819,43.39599609375
4444850,111.38916015625
4444908,37.17041015625
4444933,44.43359375
4444980,40.71044921875
4445006,35.64453125
4445036,43.45703125
4445059,38.63525390625
4445095,122.37548828125
4445117,36.43798828125
4445129,44.189453125
4445150,37.65869140625
4445175,124.69482421875
4445229,45.41015625
4445254,41.93115234375
4445276,57.92236328125
4445299,52.490234375
4445318,44.86083984375
4445330,50.29296875
4445362,57.2509765625
4445376,39.85595703125
4445397,34.85107421875
4445426,32.958984375
4533652,39.55078125
4533713,108.58154296875
4533732,58.10546875
4533762,96.6796875
4533779,127.25830078125
4533792,143.98193359375
4533819,102.4169921875
4533849,115.05126953125
4533859,93.3837890625
4533883,129.39453125
4533893,55.35888671875
4533909,57.12890625
4533930,81.72607421875
4533955,52.734375
4533983,59.02099609375
4534000,105.65185546875
4534025,40.771484375
4534041,34.0576171875
4534083,41.44287109375
4534095,40.4052734375
4534120,33.14208984375
4534155,42.8466796875
4534221,32.5927734375
4534434,44.7998046875
4534531,47.9736328125
4534656,37.841796875
4534710,37.78076171875
4534776,40.283203125
4534788,33.5693359375
4534853,40.52734375
4534894,33.26416015625
4534950,107.177734375
4534963,47.607421875
4535010,46.38671875
4535022,42.48046875
4535049,45.2880859375
4535085,115.3564453125
4535111,44.5556640625
4535123,41.44287109375
4535150,37.59765625
4535167,50.10986328125
4535184,130.615234375
4535198,35.15625
4535228,53.40576171875
4535245,59.326171875
4535275,51.20849609375
4535289,98.0224609375
4535311,37.7197265625
4535326,32.53173828125
4535339,36.68212890625
4535358,34.72900390625
4535384,39.55078125
4535414,48.52294921875
4535437,50.29296875
4535448,39.9169921875
4535492,46.0205078125
4535517,34.1796875
4535559,32.77587890625
4535587,34.60693359375
4535617,33.5693359375
4616182,43.5791015625
4616228,40.46630859375
4616243,112.060546875
4616286,33.38623046875
4616296,54.01611328125
4616325,41.50390625
4616345,116.0888671875
4616362,115.53955078125
4616377,69.64111328125
4616399,97.7783203125
4616415,90.75927734375
4616425,44.73876953125
4616442,95.5810546875
4616470,61.95068359375
4616486,63.41552734375
4616505,40.771484375
4616530,40.83251953125
4616545,45.41015625
4616566,37.109375
4616577,47.7294921875
4616606,43.02978515625
4616616,45.0439453125
4616642,39.97802734375
4616657,42.66357421875
4616746,38.4521484375
4616792,35.5224609375
4616822,36.0107421875
4616868,46.81396484375
4616885,39.4287109375
4617040,35.400390625
4617118,34.85107421875
4617162,35.33935546875
4617200,35.21728515625
4617272,43.51806640625
4617337,36.31591796875
4617377,109.130859375
4617405,45.654296875
4617473,37.53662109375
4617555,33.50830078125
4617570,45.41015625
4617595,40.0390625
4617626,35.21728515625
4617643,36.80419921875
4617699,143.9208984375
4617718,53.8330078125
4617734,45.71533203125
4617744,34.72900390625
4617770,43.8232421875
4617790,48.27880859375
4617802,48.76708984375
4617835,68.84765625
4617856,42.66357421875
4617882,131.9580078125
4617896,40.8935546875
4617909,41.07666015625
4617934,40.283203125
4617970,49.01123046875
4618025,34.0576171875
4618055,42.54150390625
4618112,34.60693359375
4618149,36.4990234375
4618505,34.423828125
4701400,34.66796875
4701425,43.51806640625
4701445,52.06298828125
4701462,140.380859375
4701491,95.5810546875
4701521,170.166015625
4701540,81.97021484375
4701562,122.55859375
4701572,73.42529296875
4701607,67.44384765625
4701620,69.9462890625
4701634,55.48095703125
4701651,34.423828125
4701677,53.40576171875
4701709,48.76708984375
4701724,34.72900390625
4701749,40.83251953125
4701774,35.33935546875
4701828,43.0908203125
4701864,44.5556640625
4702012,34.85107421875
4702063,33.5693359375
4702087,40.0390625
4702138,34.66796875
4702198,45.34912109375
4702215,35.82763671875
4702252,33.75244140625
4702286,33.447265625
4702310,35.21728515625
4702422,34.3017578125
4702454,44.98291015625
4702482,33.8134765625
4702507,35.82763671875
4702532,33.14208984375
4702549,34.97314453125
4702575,42.724609375
4702595,105.04150390625
4702612,50.96435546875
4702657,55.17578125
4702686,35.5224609375
4702713,119.56787109375
4702743,47.30224609375
4702775,50.048828125
4702799,42.05322265625
4702819,42.724609375
4702848,52.55126953125
4702882,60.546875
4702915,44.189453125
4702929,48.76708984375
4702957,45.71533203125
4702977,32.8369140625
4703005,33.447265625
4703027,35.64453125
4703054,45.654296875
4703066,36.56005859375
4703082,36.376953125
4703129,46.630859375
4703144,35.09521484375
4703323,33.87451171875
4765023,34.7900390625
4765047,95.52001953125
4765064,36.80419921875
4765082,40.10009765625
4765108,94.05517578125
4765124,124.45068359375
4765160,94.90966796875
4765177,101.62353515625
4765199,105.712890625
4765215,90.27099609375
4765225,54.13818359375
4765240,63.17138671875
4765256,84.41162109375
4765274,39.794921875
4765289,52.490234375
4765305,35.33935546875
4765331,78.7353515625
4765350,38.26904296875
4765375,37.78076171875
4765399,36.19384765625
4765433,51.69677734375
4765448,33.3251953125
4765485,35.888671875
4765524,38.57421875
4765534,33.69140625
4765567,34.1796875
4765713,41.9921875
4765758,35.400390625
4765942,42.1142578125
4766050,33.5693359375
4766062,35.46142578125
4766122,114.92919921875
4766152,40.22216796875
4766178,36.07177734375
4766237,36.62109375
4766253,106.99462890625
4766278,33.69140625
4766302,34.66796875
4766325,43.27392578125
4766343,39.36767578125
4766359,47.66845703125
4766404,133.544921875
4766419,49.1943359375
4766455,33.38623046875
4766482,58.10546875
4766496,104.00390625
4766520,50.9033203125
4766533,42.6025390625
4766553,47.54638671875
4766579,48.64501953125
4766604,57.55615234375
4766627,47.36328125
4766646,32.71484375
4766657,51.513671875
4766673,44.43359375
4766692,49.01123046875
4766719,55.35888671875
4766734,35.58349609375
4766746,33.75244140625
4766797,37.59765625
4766849,44.0673828125
4766936,38.02490234375
