4799201,0
74025,108.3984375
95187,102.35595703125
104116,80.4443359375
164680,112.85400390625
164725,49.13330078125
164762,60.546875
164780,40.771484375
164800,35.400390625
164826,33.8134765625
164850,53.5888671875
164914,32.470703125
167063,36.2548828125
167322,57.67822265625
246500,102.783203125
246543,50.1708984375
246586,35.33935546875
246606,35.82763671875
246640,62.68310546875
246675,72.57080078125
248077,33.14208984375
248676,32.5927734375
249001,61.03515625
249151,37.78076171875
416330,85.205078125
416372,47.8515625
416410,60.97412109375
416462,45.22705078125
416497,60.11962890625
416559,33.14208984375
418582,55.419921875
418914,56.94580078125
419080,36.80419921875
529966,94.90966796875
591212,109.55810546875
591261,47.05810546875
591341,68.7255859375
591392,37.04833984375
591431,60.1806640625
593730,70.3125
593911,54.13818359375
594069,36.4990234375
717113,114.44091796875
782016,90.14892578125
782053,34.5458984375
782100,75.86669921875
782132,35.7666015625
782154,42.05322265625
782193,58.349609375
783744,34.24072265625
784373,53.955078125
784705,74.0966796875
784837,33.26416015625
861150,110.29052734375
861221,69.82421875
861343,60.97412109375
861355,32.8369140625
861396,39.794921875
861522,34.3017578125
863472,45.83740234375
863726,58.10546875
864205,35.09521484375
1022852,98.93798828125
1022952,84.04541015625
1059826,101.01318359375
1059932,87.58544921875
1060008,52.001953125
1060087,69.3359375
1060098,35.888671875
1060135,46.38671875
1060184,53.77197265625
1062616,56.5185546875
1062832,43.39599609375
1161277,110.83984375
1161331,55.17578125
1161438,48.2177734375
1161452,33.3251953125
1161490,49.31640625
1161548,50.35400390625
1163802,43.76220703125
1163958,48.15673828125
1164115,33.69140625
1275706,105.3466796875
1275749,40.4052734375
1275792,78.67431640625
1275817,38.63525390625
1275840,63.720703125
1275902,57.80029296875
1275966,35.58349609375
1277782,37.109375
1277956,34.7900390625
1278160,45.59326171875
1278508,33.26416015625
1426688,105.712890625
1446790,108.2763671875
1446832,32.89794921875
1446876,68.603515625
1446924,47.66845703125
1446942,37.78076171875
1446972,54.19921875
1447037,41.44287109375
1449014,39.00146484375
1449217,45.166015625
1605266,111.26708984375
1605311,42.48046875
1605346,38.02490234375
1605376,71.10595703125
1605425,53.77197265625
1605465,68.4814453125
1606950,35.2783203125
1607876,69.27490234375
1608042,33.26416015625
1608259,44.921875
1749432,108.2763671875
1749479,51.08642578125
1749520,62.31689453125
1749570,47.8515625
1749592,37.04833984375
1749616,54.01611328125
1751659,42.8466796875
1751823,39.61181640625
1751972,34.97314453125
1752119,33.203125
1894707,82.09228515625
1894751,49.6826171875
1894792,71.83837890625
1894807,35.58349609375
1894844,34.423828125
1894883,59.9365234375
1894944,33.63037109375
1897115,56.7626953125
1897378,32.77587890625
2014255,107.7880859375
2014305,52.55126953125
2014361,71.96044921875
2014418,51.57470703125
2014432,33.14208984375
2014469,47.05810546875
2014514,36.92626953125
2016225,32.470703125
2016453,44.43359375
2016641,42.90771484375
2016849,57.92236328125
2017275,74.462890625
2017483,49.072265625
2179480,105.77392578125
2179546,61.58447265625
2179611,32.958984375
2179635,77.1484375
2179656,34.36279296875
2179696,37.59765625
2179743,51.6357421875
2179875,33.8134765625
2181894,52.6123046875
2182200,70.25146484375
2182312,38.818359375
2253797,107.23876953125
2253843,50.23193359375
2253891,79.40673828125
2253939,38.2080078125
2253984,61.8896484375
2255363,39.00146484375
2255481,35.888671875
2256377,59.6923828125
2256542,40.1611328125
2256846,66.22314453125
2257144,44.37255859375
2436343,75.98876953125
2436516,101.37939453125
2436587,34.5458984375
2436666,77.81982421875
2436727,52.6123046875
2436810,55.7861328125
2438341,34.48486328125
2438913,44.0673828125
2439299,64.453125
2439410,35.2783203125
2559090,66.5283203125
2567954,104.1259765625
2568016,57.7392578125
2568124,66.83349609375
2568178,51.6357421875
2568223,53.28369140625
2570077,34.3017578125
2570368,47.2412109375
2570609,54.87060546875
2570748,35.15625
2570884,35.15625
2721128,98.20556640625
2721172,45.47119140625
2721222,51.6357421875
2721274,53.22265625
2721318,52.67333984375
2723357,46.69189453125
2723670,65.85693359375
2723863,50.96435546875
2836249,98.0224609375
2836318,64.8193359375
2836431,60.6689453125
2836470,42.236328125
2836525,33.935546875
2836539,44.7998046875
2837784,33.75244140625
2837975,35.21728515625
2838840,59.02099609375
2839062,51.1474609375
2999412,112.79296875
2999495,34.66796875
2999549,48.9501953125
2999586,43.701171875
3000999,39.4287109375
3001132,33.3251953125
3001320,35.33935546875
3001786,38.26904296875
3002186,74.15771484375
3002344,34.72900390625
3002502,46.630859375
3154452,109.375
3154497,35.64453125
3154510,58.41064453125
3154585,71.533203125
3154641,49.25537109375
3154682,32.77587890625
3154696,50.78125
3156774,33.75244140625
3157038,53.77197265625
3157208,46.93603515625
3157356,32.65380859375
3350693,72.93701171875
3350730,51.20849609375
3350777,53.28369140625
3350829,36.4990234375
3350866,55.7861328125
3350925,33.14208984375
3353355,76.66015625
3353528,41.1376953125
3353687,39.97802734375
3462600,89.2333984375
3462647,44.25048828125
3462700,38.2080078125
3462745,64.0869140625
3462800,50.537109375
3462844,48.4619140625
3464055,36.92626953125
3464195,35.888671875
3464957,34.5458984375
3465391,62.68310546875
3465705,67.93212890625
3600003,104.8583984375
3600056,67.2607421875
3600097,59.38720703125
3600169,45.22705078125
3600205,33.5693359375
3600284,57.2509765625
3601671,33.75244140625
3602139,32.5927734375
3602346,37.90283203125
3602713,61.1572265625
3602938,54.8095703125
3603132,39.55078125
3603337,39.55078125
3726692,112.060546875
3726818,84.04541015625
3726895,33.99658203125
3726981,70.86181640625
3727044,65.49072265625
3727087,34.60693359375
3727158,54.99267578125
3727227,34.24072265625
3728422,32.5927734375
3729417,64.697265625
3729756,63.17138671875
3729950,37.90283203125
3795326,103.1494140625
3795388,50.1708984375
3795472,52.3681640625
3795511,32.89794921875
3795528,48.9501953125
3795583,34.66796875
3795598,46.0205078125
3797481,43.76220703125
3797757,60.9130859375
3798062,59.50927734375
3798289,45.166015625
3927487,96.8017578125
3927530,38.6962890625
3927551,35.2783203125
3927576,64.51416015625
3927587,34.72900390625
3927626,45.7763671875
3927677,40.71044921875
3929048,34.5458984375
3929874,43.88427734375
3930042,33.75244140625
3930268,50.1708984375
4021777,76.5380859375
4021868,74.3408203125
4045019,83.19091796875
4045068,57.92236328125
4045109,52.55126953125
4045167,54.26025390625
4045188,35.5224609375
4045198,34.24072265625
4045236,45.41015625
4047113,35.400390625
4047502,56.57958984375
4047662,36.43798828125
4047850,43.51806640625
4048210,37.59765625
4117932,91.12548828125
4117976,45.83740234375
4117997,33.26416015625
4118028,73.3642578125
4118081,51.513671875
4118131,50.10986328125
4119272,32.8369140625
4119343,33.75244140625
4119588,37.353515625
4119736,36.4990234375
4120135,49.13330078125
4120612,64.14794921875
4120758,43.3349609375
4121347,39.73388671875
4268988,79.833984375
4269036,49.74365234375
4269084,70.3125
4269137,48.2177734375
4269192,41.80908203125
4269260,33.935546875
4271283,53.40576171875
4271534,63.04931640625
4271854,36.9873046875
4272036,38.63525390625
4432808,101.62353515625
4433084,89.7216796875
4433206,44.3115234375
4433257,36.43798828125
4433319,47.54638671875
4434860,35.09521484375
4435391,33.38623046875
4435887,65.185546875
4436028,32.71484375
4436268,59.2041015625
4606019,104.79736328125
4606080,60.48583984375
4606191,51.57470703125
4606242,47.9736328125
4606298,45.83740234375
4609046,69.580078125
4609351,46.9970703125
4693783,99.12109375
4693829,50.10986328125
4693889,70.00732421875
4693938,37.841796875
4693991,46.9970703125
4694065,36.56005859375
4696251,47.18017578125
4696599,77.94189453125
4696753,32.77587890625
4696900,34.48486328125
