4798001,0
68532,48.2177734375
68593,61.58447265625
68608,37.7197265625
68646,38.26904296875
68676,98.0224609375
68705,88.9892578125
68717,113.09814453125
68746,69.51904296875
68760,116.943359375
68778,98.57177734375
68809,86.181640625
68823,95.3369140625
68837,53.03955078125
68847,38.26904296875
68861,51.7578125
68883,42.05322265625
68897,55.908203125
68911,47.8515625
68921,42.90771484375
68943,42.724609375
68989,44.0673828125
69273,37.90283203125
69314,40.83251953125
69523,54.87060546875
69553,38.818359375
69581,40.83251953125
69602,57.55615234375
69630,41.44287109375
69693,42.17529296875
69715,47.36328125
69733,44.3115234375
69750,49.9267578125
69787,46.44775390625
69807,39.24560546875
69837,49.072265625
69871,49.4384765625
69883,70.3125
69932,38.87939453125
69949,50.048828125
70037,43.88427734375
130931,42.3583984375
130970,44.189453125
130988,39.9169921875
131013,72.32666015625
131030,41.9921875
131059,61.1572265625
131071,60.97412109375
131086,74.52392578125
131114,68.90869140625
131143,54.50439453125
131157,106.4453125
131184,87.46337890625
131199,56.0302734375
131230,96.6796875
131243,77.2705078125
131261,45.8984375
131286,38.02490234375
131298,43.8232421875
131314,48.4619140625
131331,44.12841796875
131351,45.47119140625
131372,37.53662109375
131483,48.33984375
131656,48.7060546875
131680,43.15185546875
131712,39.9169921875
131775,41.3818359375
131824,40.8935546875
131852,41.1376953125
131880,41.8701171875
131904,41.8701171875
131989,40.22216796875
132054,40.6494140625
132088,51.69677734375
132100,49.9267578125
132112,52.6123046875
132167,47.4853515625
132185,47.4853515625
132223,49.49951171875
132252,41.50390625
132285,41.80908203125
132313,40.283203125
132351,55.72509765625
132387,45.59326171875
132418,54.931640625
132477,37.53662109375
213722,57.861328125
213743,41.44287109375
213786,49.49951171875
213801,52.42919921875
213825,44.25048828125
213864,67.44384765625
213877,85.75439453125
213896,110.04638671875
213908,72.6318359375
213922,104.1259765625
213941,97.7783203125
213957,90.51513671875
213971,79.1015625
213984,65.12451171875
214009,75.25634765625
214024,50.47607421875
214040,54.13818359375
214069,50.048828125
214083,47.7294921875
214099,39.1845703125
214126,56.640625
214173,43.212890625
214202,50.72021484375
214238,42.8466796875
214248,52.978515625
214299,38.14697265625
214443,41.748046875
214457,38.87939453125
214629,41.015625
214668,48.27880859375
214714,47.607421875
214753,45.41015625
214787,55.419921875
214799,48.33984375
214843,40.10009765625
214901,55.11474609375
214926,46.9970703125
214949,45.654296875
214986,38.6962890625
215013,51.20849609375
215103,42.8466796875
215115,50.47607421875
215149,38.26904296875
215171,38.9404296875
215183,52.55126953125
224970,46.08154296875
225008,41.3818359375
225052,50.10986328125
225104,40.83251953125
225123,48.7060546875
225145,39.0625
225170,40.83251953125
225199,41.07666015625
225226,61.279296875
225237,79.65087890625
225266,65.49072265625
225278,57.861328125
225304,49.37744140625
225323,121.52099609375
225334,74.64599609375
225353,52.42919921875
225384,85.9375
225407,94.8486328125
225441,59.02099609375
225464,51.8798828125
225477,46.38671875
225500,57.6171875
225523,45.10498046875
225541,42.29736328125
225563,40.1611328125
225945,37.4755859375
225955,40.4052734375
225979,51.08642578125
225995,38.14697265625
226013,58.7158203125
226033,42.90771484375
226049,54.38232421875
226093,40.83251953125
226112,46.93603515625
226154,40.46630859375
226172,53.22265625
226203,42.236328125
226227,45.71533203125
226249,57.6171875
226279,47.8515625
226364,38.330078125
226375,44.189453125
226405,42.66357421875
226428,41.56494140625
226558,38.2080078125
226591,38.6962890625
226690,38.57421875
339935,48.03466796875
339952,38.39111328125
339988,53.03955078125
340023,96.61865234375
340044,122.98583984375
340064,95.27587890625
340084,84.47265625
340105,96.25244140625
340125,62.07275390625
340137,54.99267578125
340156,82.3974609375
340170,66.95556640625
340191,64.88037109375
340204,55.5419921875
340219,48.828125
340234,48.15673828125
340270,40.8935546875
340282,37.841796875
340533,38.9404296875
340748,38.6962890625
340789,40.1611328125
340801,38.2080078125
340834,42.90771484375
340883,41.44287109375
341015,38.6962890625
341037,48.2177734375
341072,41.56494140625
341090,48.76708984375
341119,48.095703125
341183,45.41015625
341209,48.828125
341235,49.98779296875
341253,55.35888671875
341287,39.0625
341345,43.701171875
341362,38.9404296875
341382,40.95458984375
405572,41.1376953125
405631,44.189453125
405646,76.5380859375
405662,52.18505859375
405702,48.15673828125
405716,126.220703125
405732,59.26513671875
405749,72.509765625
405775,101.07421875
405791,116.39404296875
405815,73.6083984375
405840,104.98046875
405881,61.6455078125
405894,81.23779296875
405908,47.9736328125
405926,60.72998046875
406109,41.3818359375
406274,37.90283203125
406290,40.46630859375
406428,47.66845703125
406509,38.14697265625
406602,50.78125
406615,49.4384765625
406641,38.2080078125
406679,38.2080078125
406707,43.76220703125
406745,45.47119140625
406778,39.00146484375
406792,40.1611328125
406817,42.3583984375
406873,37.65869140625
406948,40.283203125
406960,40.52734375
407100,41.32080078125
407149,39.306640625
478174,42.54150390625
478189,51.7578125
478224,39.00146484375
478251,52.490234375
478268,48.828125
478283,54.87060546875
478324,74.3408203125
478337,149.59716796875
478357,54.50439453125
478380,63.1103515625
478402,95.0927734375
478434,101.74560546875
478455,78.857421875
478470,81.6650390625
478480,66.10107421875
478515,53.52783203125
478530,66.5283203125
478551,48.33984375
478565,43.5791015625
478594,44.49462890625
478632,43.27392578125
478659,41.56494140625
478694,39.85595703125
478766,42.05322265625
478990,52.978515625
479041,44.3115234375
479115,49.25537109375
479149,42.17529296875
479191,41.3818359375
479227,39.1845703125
479257,43.9453125
479274,49.01123046875
479290,60.48583984375
479336,46.5087890625
479427,43.701171875
479462,37.90283203125
479479,41.19873046875
479538,43.39599609375
479556,46.44775390625
531947,43.76220703125
531978,49.74365234375
531998,52.24609375
532033,90.576171875
532049,50.537109375
532075,60.85205078125
532089,51.8798828125
532109,80.810546875
532121,91.49169921875
532140,68.115234375
532155,44.61669921875
532169,49.9267578125
532196,59.6923828125
532206,39.48974609375
532216,43.212890625
532229,64.8193359375
532249,70.00732421875
532266,61.5234375
532281,50.78125
532308,47.91259765625
532322,42.236328125
532342,45.10498046875
532357,38.818359375
532394,47.42431640625
532428,38.87939453125
532521,42.48046875
532586,37.841796875
532636,39.48974609375
532650,38.0859375
532704,37.90283203125
532722,52.91748046875
532778,37.841796875
532846,38.26904296875
532879,47.54638671875
532897,51.513671875
532942,39.6728515625
532968,43.212890625
532982,54.26025390625
533012,39.36767578125
533037,50.048828125
533051,44.37255859375
533074,52.6123046875
533091,46.7529296875
533110,48.15673828125
533155,57.7392578125
533199,38.57421875
533212,46.875
533237,41.56494140625
533251,42.3583984375
533310,41.93115234375
533447,43.0908203125
626718,39.0625
626790,57.92236328125
626809,47.7294921875
626849,63.96484375
626863,83.0078125
626888,93.75
626907,63.41552734375
626924,77.880859375
626946,73.974609375
626964,67.7490234375
626976,48.828125
626990,69.39697265625
627003,57.6171875
627033,49.98779296875
627053,54.19921875
627088,45.34912109375
627114,50.29296875
627136,39.24560546875
627158,39.6728515625
627198,40.10009765625
627231,37.78076171875
627293,42.66357421875
627327,40.34423828125
627353,38.4521484375
627636,58.2275390625
627672,39.55078125
627709,49.62158203125
627741,37.4755859375
627849,41.44287109375
627864,42.3583984375
627886,51.20849609375
627914,53.1005859375
627949,61.03515625
627976,50.84228515625
627997,45.166015625
628069,38.4521484375
628079,41.80908203125
638410,38.0859375
638432,37.65869140625
638496,42.236328125
638514,44.25048828125
638527,49.4384765625
638555,44.98291015625
638600,70.98388671875
638620,41.93115234375
638648,67.7490234375
638664,45.22705078125
638681,67.626953125
638706,96.3134765625
638723,82.33642578125
638737,68.78662109375
638758,101.13525390625
638784,58.9599609375
638810,71.8994140625
638827,58.77685546875
638858,73.30322265625
638869,82.8857421875
638891,57.861328125
638910,44.677734375
638939,51.33056640625
638978,57.861328125
639081,37.59765625
639284,39.55078125
639397,54.01611328125
639419,47.18017578125
639460,50.1708984375
639476,37.4755859375
639519,39.1845703125
639552,47.36328125
639563,47.7294921875
639599,47.8515625
639642,41.1376953125
639706,55.5419921875
639772,41.6259765625
639791,42.66357421875
639862,41.56494140625
686610,39.55078125
686651,39.794921875
686671,80.01708984375
686696,62.68310546875
686730,38.6962890625
686758,118.7744140625
686786,76.904296875
686804,58.349609375
686821,53.1005859375
686846,63.720703125
686857,73.2421875
686888,67.07763671875
686904,70.6787109375
686925,55.6640625
686950,74.5849609375
686969,43.39599609375
686992,37.4755859375
687035,53.7109375
687056,48.33984375
687395,40.52734375
687529,37.7197265625
687561,41.6259765625
687580,61.03515625
687608,53.89404296875
687641,41.80908203125
687652,50.78125
687683,47.119140625
687695,50.23193359375
687738,41.07666015625
687760,41.748046875
687793,38.4521484375
687824,44.12841796875
687869,48.095703125
687886,43.701171875
687974,41.44287109375
688118,39.00146484375
756980,42.6025390625
757014,43.64013671875
757035,88.134765625
757060,40.10009765625
757089,43.9453125
757120,74.5849609375
757133,95.52001953125
757148,55.96923828125
757166,42.724609375
757187,46.69189453125
757215,68.9697265625
757227,50.78125
757264,69.76318359375
757278,59.326171875
757288,46.32568359375
757315,50.6591796875
757337,47.8515625
757360,39.73388671875
757379,42.54150390625
757420,38.87939453125
757745,53.8330078125
757764,43.88427734375
757802,39.36767578125
757863,57.67822265625
757886,42.41943359375
757929,37.53662109375
757986,37.59765625
758014,49.86572265625
758042,48.33984375
758075,42.41943359375
758089,41.19873046875
758138,40.10009765625
768669,43.39599609375
768698,53.03955078125
768710,47.8515625
768753,54.74853515625
768784,80.078125
768798,62.01171875
768817,54.3212890625
768829,62.255859375
768866,69.9462890625
768897,114.92919921875
768924,94.90966796875
768948,60.60791015625
768969,46.69189453125
768981,45.166015625
768999,54.74853515625
769013,53.466796875
769034,38.4521484375
769061,60.72998046875
769071,63.3544921875
769086,37.53662109375
769100,38.39111328125
769110,45.47119140625
769231,38.63525390625
769268,40.52734375
769324,42.78564453125
769360,38.14697265625
769382,38.4521484375
769488,50.537109375
769513,40.771484375
769524,42.6025390625
769545,40.0390625
769592,38.26904296875
769619,40.83251953125
769688,43.15185546875
769747,41.68701171875
769770,37.78076171875
769794,40.283203125
769822,40.10009765625
769833,47.607421875
769853,42.724609375
769888,45.654296875
769942,42.6025390625
770005,38.330078125
770061,38.2080078125
819593,48.40087890625
819662,62.98828125
819677,42.6025390625
819718,58.53271484375
819738,103.759765625
819758,81.84814453125
819783,80.078125
819800,76.904296875
819828,76.72119140625
819851,44.25048828125
819871,65.5517578125
819900,54.87060546875
819917,45.8984375
819940,38.330078125
819960,47.9736328125
819979,43.64013671875
819994,58.77685546875
820031,51.33056640625
820159,39.1845703125
820185,37.9638671875
820401,38.6962890625
820425,48.52294921875
820508,37.78076171875
820544,39.73388671875
820563,41.015625
820612,42.8466796875
820663,40.283203125
820689,40.6494140625
820730,39.24560546875
820751,39.0625
820824,47.30224609375
820921,43.88427734375
820943,49.62158203125
820999,42.96875
895099,42.48046875
895118,39.794921875
895148,47.4853515625
895163,95.39794921875
895207,50.72021484375
895226,95.21484375
895244,78.7353515625
895255,85.02197265625
895278,73.66943359375
895295,83.49609375
895314,79.833984375
895333,50.84228515625
895353,72.021484375
895374,84.716796875
895402,68.7255859375
895419,40.10009765625
895437,53.28369140625
895468,54.87060546875
895497,57.373046875
895522,44.7998046875
895597,50.9033203125
895618,38.26904296875
895642,45.2880859375
895728,50.537109375
895749,44.5556640625
895825,39.00146484375
895906,38.14697265625
895936,38.4521484375
895952,59.814453125
896010,42.90771484375
896095,37.4755859375
896149,54.931640625
896174,38.39111328125
896205,42.41943359375
896238,39.55078125
896254,41.56494140625
896317,38.02490234375
896327,41.8701171875
896338,54.38232421875
905948,51.025390625
905984,47.91259765625
905997,37.78076171875
906030,51.69677734375
906054,51.025390625
906079,85.02197265625
906095,54.3212890625
906125,51.69677734375
906147,38.63525390625
906157,55.6640625
906174,67.3828125
906201,69.76318359375
906214,66.58935546875
906237,71.47216796875
906247,56.45751953125
906260,72.20458984375
906278,97.900390625
906293,52.978515625
906307,65.7958984375
906322,45.71533203125
906358,57.6171875
906373,57.6171875
906427,44.43359375
906453,44.98291015625
906484,42.1142578125
906513,38.51318359375
906651,39.1845703125
906666,38.6962890625
906714,44.86083984375
906742,38.14697265625
906755,43.64013671875
906826,47.8515625
906856,40.58837890625
906872,44.5556640625
906916,41.68701171875
906955,47.2412109375
906981,38.39111328125
907004,52.79541015625
907040,49.9267578125
907062,47.30224609375
907087,45.8984375
907100,38.330078125
907130,38.9404296875
907168,44.5556640625
907180,44.43359375
907217,57.43408203125
907253,38.02490234375
907282,39.9169921875
907305,37.90283203125
907320,41.44287109375
907388,41.748046875
917346,63.8427734375
917385,43.64013671875
917498,47.30224609375
917541,62.07275390625
917559,54.6875
917595,62.07275390625
917626,39.9169921875
917639,45.47119140625
917665,54.38232421875
917691,86.9140625
917707,64.697265625
917732,98.876953125
917742,96.37451171875
917765,75.439453125
917794,71.77734375
917811,93.75
917828,70.73974609375
917849,46.142578125
917882,50.47607421875
917907,58.349609375
917920,41.259765625
917947,46.20361328125
917978,45.166015625
918009,41.8701171875
918123,39.306640625
918150,39.1845703125
918265,40.10009765625
918309,45.59326171875
918358,40.52734375
918487,41.80908203125
918548,48.4619140625
918579,60.302734375
918595,42.78564453125
918629,39.1845703125
918641,41.3818359375
918665,41.748046875
918686,46.0205078125
918702,42.724609375
918724,39.794921875
918734,44.7998046875
918805,46.0205078125
918869,43.45703125
991751,49.31640625
991769,63.720703125
991797,45.22705078125
991822,40.6494140625
991834,78.67431640625
991866,70.068359375
991877,106.93359375
991917,62.56103515625
991947,69.7021484375
991959,88.19580078125
991989,51.3916015625
992003,74.951171875
992023,50.4150390625
992062,68.17626953125
992078,37.9638671875
992096,42.6025390625
992124,44.677734375
992300,41.8701171875
992402,37.65869140625
992434,43.5791015625
992493,46.93603515625
992592,42.54150390625
992647,52.978515625
992677,44.5556640625
992687,47.05810546875
992733,41.44287109375
992760,41.07666015625
992786,46.7529296875
992799,56.09130859375
992866,43.5791015625
992895,39.85595703125
992923,48.15673828125
993002,46.38671875
993016,44.43359375
993070,46.56982421875
1018067,40.22216796875
1018114,46.69189453125
1018143,43.76220703125
1018153,49.98779296875
1018171,52.6123046875
1018194,50.6591796875
1018220,49.072265625
1018245,69.88525390625
1018273,64.697265625
1018289,64.0869140625
1018315,76.904296875
1018325,67.93212890625
1018354,59.26513671875
1018372,52.42919921875
1018396,58.04443359375
1018408,48.9501953125
1018437,73.486328125
1018456,47.79052734375
1018468,46.32568359375
1018478,44.86083984375
1018497,63.90380859375
1018510,59.08203125
1018532,56.2744140625
1018543,50.35400390625
1018559,38.9404296875
1018574,44.37255859375
1018609,40.0390625
1018628,41.259765625
1018919,40.83251953125
1018941,48.2177734375
1018968,48.2177734375
1019009,43.701171875
1019029,51.45263671875
1019079,39.24560546875
1019102,47.119140625
1019120,50.10986328125
1019137,51.81884765625
1019168,43.8232421875
1019196,37.7197265625
1019215,44.37255859375
1019251,44.98291015625
1019278,42.3583984375
1019293,40.22216796875
1019351,38.57421875
1019376,39.6728515625
1082874,47.66845703125
1082887,39.61181640625
1082903,62.07275390625
1082923,44.00634765625
1082948,51.513671875
1082973,73.66943359375
1082988,90.8203125
1083016,48.2177734375
1083041,86.181640625
1083055,77.7587890625
1083087,59.63134765625
1083114,83.43505859375
1083127,50.048828125
1083155,53.1005859375
1083168,38.2080078125
1083220,52.79541015625
1083253,44.86083984375
1083544,40.10009765625
1083610,38.818359375
1083675,46.44775390625
1083686,40.22216796875
1083709,38.26904296875
1083744,40.10009765625
1083769,45.41015625
1083802,45.22705078125
1083834,56.21337890625
1083851,52.490234375
1083899,50.59814453125
1083921,61.95068359375
1083950,37.59765625
1083966,40.0390625
1083999,46.9970703125
1084033,41.44287109375
1084045,43.212890625
1084074,37.7197265625
1084114,45.22705078125
1084152,40.46630859375
1084214,46.142578125
1152337,97.22900390625
1152360,54.443359375
1152394,47.2412109375
1152405,79.2236328125
1152435,78.4912109375
1152459,62.92724609375
1152470,72.20458984375
1152496,52.734375
1152511,51.57470703125
1152529,69.7021484375
1152561,71.8994140625
1152608,47.66845703125
1152630,52.30712890625
1152645,37.78076171875
1152668,57.0068359375
1152698,37.53662109375
1152733,43.15185546875
1152782,38.0859375
1152922,39.794921875
1152951,39.48974609375
1153157,37.9638671875
1153190,41.8701171875
1153209,43.51806640625
1153265,55.23681640625
1153280,41.32080078125
1153302,44.3115234375
1153315,39.36767578125
1153334,38.63525390625
1153363,39.24560546875
1153396,39.48974609375
1153418,45.0439453125
1153441,41.1376953125
1153458,39.97802734375
1153480,38.51318359375
1153527,46.9970703125
1153603,44.677734375
1153644,41.19873046875
1185347,74.76806640625
1185359,65.00244140625
1185383,51.7578125
1185405,39.73388671875
1185419,52.734375
1185450,136.23046875
1185477,72.265625
1185492,75.439453125
1185508,89.17236328125
1185536,77.81982421875
1185548,80.9326171875
1185570,71.22802734375
1185596,75.98876953125
1185614,58.10546875
1185644,40.34423828125
1185666,41.8701171875
1185683,38.26904296875
1185703,54.19921875
1185743,38.0859375
1185767,39.306640625
1185819,37.78076171875
1185886,42.78564453125
1185988,50.59814453125
1186019,40.8935546875
1186081,41.07666015625
1186098,45.166015625
1186158,45.95947265625
1186181,40.34423828125
1186230,41.50390625
1186266,44.25048828125
1186335,44.00634765625
1186352,47.4853515625
1186402,37.4755859375
1186432,57.55615234375
1186451,41.6259765625
1186479,41.6259765625
1186490,45.10498046875
1186545,38.330078125
1186594,39.73388671875
1186646,41.1376953125
1222227,52.55126953125
1222243,52.18505859375
1222273,52.734375
1222289,59.5703125
1222302,48.2177734375
1222317,69.4580078125
1222343,88.623046875
1222360,76.47705078125
1222370,78.2470703125
1222381,104.98046875
1222404,78.18603515625
1222433,62.98828125
1222448,95.64208984375
1222466,61.46240234375
1222483,38.14697265625
1222500,39.6728515625
1222519,43.64013671875
1222545,44.73876953125
1222577,43.45703125
1222602,39.12353515625
1222641,43.5791015625
1222664,45.41015625
1222675,43.39599609375
1222788,41.07666015625
1222894,62.01171875
1223016,39.61181640625
1223059,48.095703125
1223095,38.14697265625
1223131,54.0771484375
1223185,45.8984375
1223197,44.00634765625
1223242,46.2646484375
1223276,44.677734375
1223336,42.724609375
1223368,44.86083984375
1223399,50.9033203125
1223489,37.9638671875
1256663,42.48046875
1256698,41.6259765625
1256725,80.38330078125
1256743,42.96875
1256770,41.19873046875
1256793,57.2509765625
1256827,45.654296875
1256840,65.91796875
1256867,73.6083984375
1256886,110.90087890625
1256900,52.67333984375
1256919,63.04931640625
1256950,108.45947265625
1256970,73.05908203125
1256988,64.5751953125
1257016,58.349609375
1257036,61.4013671875
1257069,51.20849609375
1257186,38.39111328125
1257269,53.77197265625
1257321,40.8935546875
1257437,38.63525390625
1257599,45.95947265625
1257673,41.19873046875
1257756,53.22265625
1257849,39.61181640625
1257875,43.02978515625
1257910,44.12841796875
1257959,58.7158203125
1257998,42.1142578125
1343494,37.78076171875
1343518,42.41943359375
1343545,57.0068359375
1343569,51.45263671875
1343601,89.53857421875
1343611,73.8525390625
1343650,98.81591796875
1343661,75.37841796875
1343686,57.373046875
1343709,76.84326171875
1343726,44.43359375
1343738,73.18115234375
1343753,45.7763671875
1343769,48.095703125
1343780,47.18017578125
1343814,40.95458984375
1343830,57.80029296875
1343897,39.00146484375
1344068,40.10009765625
1344290,38.57421875
1344329,44.49462890625
1344385,40.58837890625
1344411,38.2080078125
1344435,44.43359375
1344447,41.19873046875
1344516,50.23193359375
1344542,41.19873046875
1344572,42.54150390625
1344607,41.50390625
1344620,53.7109375
1344635,38.9404296875
1344659,45.71533203125
1344679,40.83251953125
1344755,41.93115234375
1344786,40.0390625
1357503,61.8896484375
1357517,43.39599609375
1357541,62.07275390625
1357594,39.306640625
1357620,52.67333984375
1357630,59.08203125
1357660,58.349609375
1357679,53.77197265625
1357700,48.64501953125
1357732,80.74951171875
1357756,59.99755859375
1357779,67.44384765625
1357803,61.46240234375
1357834,71.22802734375
1357858,78.91845703125
1357868,71.8994140625
1357881,43.5791015625
1357901,53.7109375
1357922,48.52294921875
1357947,51.025390625
1357973,46.81396484375
1357986,40.10009765625
1358013,42.41943359375
1358092,39.85595703125
1358149,39.4287109375
1358332,41.44287109375
1358416,38.87939453125
1358444,46.56982421875
1358460,45.83740234375
1358521,59.38720703125
1358564,41.1376953125
1358596,38.0859375
1358626,57.2509765625
1358637,40.771484375
1358670,49.1943359375
1358760,44.61669921875
1358803,47.36328125
1358843,39.6728515625
1358866,41.748046875
1451777,48.52294921875
1451822,81.787109375
1451840,49.13330078125
1451874,70.556640625
1451891,70.3125
1451912,91.4306640625
1451922,71.59423828125
1451948,62.92724609375
1451966,84.716796875
1451992,74.89013671875
1452017,91.24755859375
1452029,104.736328125
1452040,85.8154296875
1452065,41.80908203125
1452089,38.51318359375
1452099,41.44287109375
1452180,39.0625
1452216,44.12841796875
1452336,38.330078125
1452387,38.39111328125
1452545,48.583984375
1452647,47.54638671875
1452693,40.46630859375
1452801,39.9169921875
1452866,46.69189453125
1452934,44.921875
1452977,45.5322265625
1453018,44.7998046875
1453030,46.7529296875
1453050,40.46630859375
1453108,41.1376953125
1483478,44.0673828125
1483536,57.6171875
1483584,53.52783203125
1483603,82.70263671875
1483617,72.3876953125
1483631,47.4853515625
1483661,76.904296875
1483672,103.8818359375
1483687,75.25634765625
1483709,49.8046875
1483729,71.10595703125
1483743,55.60302734375
1483762,58.28857421875
1483788,68.54248046875
1483808,52.06298828125
1483826,55.5419921875
1483848,45.10498046875
1483865,64.88037109375
1483881,38.6962890625
1483901,41.68701171875
1483940,50.47607421875
1484070,38.14697265625
1484298,38.14697265625
1484358,40.8935546875
1484451,47.18017578125
1484468,48.40087890625
1484489,44.98291015625
1484512,38.02490234375
1484540,50.1708984375
1484563,47.607421875
1484589,41.19873046875
1484600,37.9638671875
1484669,49.01123046875
1484695,43.9453125
1484774,40.46630859375
1484810,38.51318359375
1519473,42.90771484375
1519521,48.64501953125
1519538,56.82373046875
1519560,55.7861328125
1519581,42.05322265625
1519598,60.05859375
1519615,83.06884765625
1519635,80.01708984375
1519658,76.904296875
1519683,106.26220703125
1519693,71.4111328125
1519717,41.8701171875
1519741,75.68359375
1519760,42.3583984375
1519781,47.05810546875
1519814,49.01123046875
1519840,56.396484375
1519856,52.001953125
1519877,58.59375
1519916,44.98291015625
1519960,37.78076171875
1520122,38.26904296875
1520233,46.20361328125
1520302,41.07666015625
1520348,40.46630859375
1520399,44.0673828125
1520459,42.6025390625
1520538,41.259765625
1520559,47.4853515625
1520612,39.73388671875
1520636,61.1572265625
1520657,39.00146484375
1520727,37.78076171875
1520820,40.6494140625
1563470,38.14697265625
1563491,39.12353515625
1563547,42.236328125
1563576,53.3447265625
1563597,48.7060546875
1563621,86.48681640625
1563632,108.642578125
1563673,86.60888671875
1563698,92.4072265625
1563722,84.47265625
1563744,92.46826171875
1563774,65.49072265625
1563789,56.45751953125
1563807,55.5419921875
1563822,56.0302734375
1563832,49.9267578125
1563848,39.97802734375
1563874,55.0537109375
1563886,48.2177734375
1563903,38.818359375
1563936,37.90283203125
1563994,40.52734375
1564097,41.93115234375
1564112,44.00634765625
1564127,43.5791015625
1564227,40.34423828125
1564435,41.8701171875
1564455,37.9638671875
1564495,44.49462890625
1564536,37.53662109375
1564568,40.4052734375
1564593,47.30224609375
1564615,52.8564453125
1564645,48.9501953125
1564716,41.44287109375
1564757,39.4287109375
1564798,40.52734375
1564832,38.14697265625
1592635,38.87939453125
1592711,67.87109375
1592738,44.7998046875
1592779,57.92236328125
1592790,54.26025390625
1592815,93.93310546875
1592839,75.13427734375
1592851,81.6650390625
1592886,63.4765625
1592905,89.78271484375
1592926,80.13916015625
1592939,41.015625
1592958,49.4384765625
1592976,51.57470703125
1592992,80.50537109375
1593003,70.86181640625
1593034,47.54638671875
1593082,48.64501953125
1593094,40.6494140625
1593201,47.2412109375
1593255,42.29736328125
1593288,39.6728515625
1593318,42.66357421875
1593359,38.818359375
1593437,41.19873046875
1593454,39.97802734375
1593490,40.46630859375
1593556,52.55126953125
1593615,38.818359375
1593644,47.42431640625
1593654,51.513671875
1593709,50.23193359375
1593731,39.6728515625
1593761,41.19873046875
1593780,52.42919921875
1593801,54.19921875
1593883,44.921875
1593907,40.58837890625
1594004,45.10498046875
1655349,38.75732421875
1655370,41.6259765625
1655426,108.70361328125
1655438,41.56494140625
1655458,52.001953125
1655471,54.8095703125
1655508,99.853515625
1655538,80.74951171875
1655563,81.48193359375
1655586,86.5478515625
1655604,63.65966796875
1655630,65.3076171875
1655641,51.3916015625
1655651,55.7861328125
1655671,59.63134765625
1655684,43.64013671875
1655708,69.091796875
1655723,43.88427734375
1655746,50.048828125
1655820,50.84228515625
1655872,41.44287109375
1655945,44.98291015625
1655956,39.00146484375
1655995,46.93603515625
1656137,40.58837890625
1656175,44.73876953125
1656195,37.841796875
1656226,51.08642578125
1656279,39.97802734375
1656305,39.36767578125
1656373,43.02978515625
1656434,41.80908203125
1656448,50.47607421875
1656477,37.7197265625
1656585,37.53662109375
1656612,43.76220703125
1656710,42.41943359375
1691426,39.24560546875
1691486,39.24560546875
1691516,69.51904296875
1691543,41.80908203125
1691568,41.259765625
1691583,61.21826171875
1691599,75.25634765625
1691620,84.9609375
1691648,92.34619140625
1691675,68.359375
1691703,102.294921875
1691730,69.64111328125
1691760,78.9794921875
1691784,73.30322265625
1691809,56.21337890625
1691820,43.88427734375
1691831,61.279296875
1691869,50.84228515625
1691902,39.36767578125
1691980,38.4521484375
1692004,39.4287109375
1692095,41.015625
1692181,41.1376953125
1692297,37.59765625
1692333,47.119140625
1692350,38.87939453125
1692401,51.08642578125
1692418,65.97900390625
1692451,49.37744140625
1692467,43.02978515625
1692503,38.6962890625
1692525,44.61669921875
1692537,44.189453125
1692561,39.12353515625
1692608,42.78564453125
1692632,49.1943359375
1692663,41.9921875
1692713,39.85595703125
1692734,39.794921875
1692744,37.4755859375
1692805,57.43408203125
1692886,42.96875
1692944,39.1845703125
1730603,56.7626953125
1730625,64.208984375
1730645,74.3408203125
1730669,40.10009765625
1730702,73.8525390625
1730733,93.68896484375
1730747,65.185546875
1730771,82.70263671875
1730792,66.40625
1730802,77.7587890625
1730817,51.45263671875
1730827,48.64501953125
1730851,88.8671875
1730866,44.7998046875
1730894,70.4345703125
1730919,49.8046875
1730933,53.40576171875
1730956,43.39599609375
1730979,51.26953125
1731012,69.15283203125
1731068,39.73388671875
1731113,44.5556640625
1731304,39.794921875
1731332,49.4384765625
1731410,42.3583984375
1731421,38.87939453125
1731462,44.37255859375
1731488,40.0390625
1731577,40.0390625
1731613,37.65869140625
1731626,59.63134765625
1731659,51.3916015625
1731678,53.16162109375
1731732,43.64013671875
1731765,37.9638671875
1731789,45.10498046875
1731879,41.80908203125
1731904,37.90283203125
1731925,39.6728515625
1821568,38.818359375
1821601,41.07666015625
1821629,40.10009765625
1821655,51.513671875
1821667,63.78173828125
1821691,84.5947265625
1821714,44.5556640625
1821729,75.8056640625
1821752,68.05419921875
1821775,88.31787109375
1821786,49.4384765625
1821817,95.458984375
1821847,78.79638671875
1821862,99.2431640625
1821876,49.4384765625
1821903,103.515625
1821929,57.12890625
1821953,50.72021484375
1822003,38.75732421875
1822017,40.4052734375
1822051,47.4853515625
1822079,42.1142578125
1822154,38.57421875
1822231,39.36767578125
1822307,39.0625
1822452,44.921875
1822468,45.34912109375
1822519,49.1943359375
1822576,40.22216796875
1822605,50.10986328125
1822630,49.86572265625
1822668,41.44287109375
1822696,40.22216796875
1822720,38.6962890625
1822745,44.0673828125
1822780,50.6591796875
1822812,47.8515625
1822832,54.0771484375
1822843,48.40087890625
1822883,43.0908203125
1822901,49.25537109375
1822939,40.34423828125
1822986,39.0625
1836521,42.48046875
1836557,41.07666015625
1836614,42.54150390625
1836654,48.27880859375
1836667,38.26904296875
1836683,61.58447265625
1836725,52.3681640625
1836754,93.81103515625
1836771,66.5283203125
1836790,66.40625
1836814,45.83740234375
1836833,64.27001953125
1836855,67.68798828125
1836876,87.2802734375
1836907,79.7119140625
1836926,65.00244140625
1836938,72.75390625
1836949,59.814453125
1836973,63.8427734375
1836983,49.31640625
1837012,37.78076171875
1837035,41.50390625
1837094,42.41943359375
1837244,45.83740234375
1837494,44.677734375
1837512,45.654296875
1837552,40.34423828125
1837582,39.24560546875
1837604,38.0859375
1837638,42.3583984375
1837675,43.701171875
1837707,40.1611328125
1837732,38.0859375
1837765,50.1708984375
1837796,51.1474609375
1837815,48.40087890625
1837843,45.41015625
1837885,38.39111328125
1837916,52.18505859375
1882807,38.0859375
1882832,66.162109375
1882855,58.59375
1882896,52.3681640625
1882930,88.92822265625
1882962,87.21923828125
1882985,85.63232421875
1883011,114.2578125
1883028,51.20849609375
1883040,77.880859375
1883067,99.365234375
1883081,66.95556640625
1883097,37.53662109375
1883118,48.2177734375
1883130,38.9404296875
1883149,42.41943359375
1883171,44.677734375
1883205,40.95458984375
1883225,37.4755859375
1883294,47.66845703125
1883392,40.22216796875
1883455,37.90283203125
1883512,58.2275390625
1883555,38.75732421875
1883711,37.4755859375
1883722,38.63525390625
1883787,39.6728515625
1883798,47.91259765625
1883870,53.3447265625
1883910,37.78076171875
1884007,39.306640625
1884053,47.607421875
1929193,42.29736328125
1929213,58.89892578125
1929245,50.78125
1929297,58.65478515625
1929319,38.02490234375
1929343,43.3349609375
1929354,63.3544921875
1929381,108.0322265625
1929400,104.30908203125
1929426,73.79150390625
1929450,108.21533203125
1929480,80.810546875
1929510,58.59375
1929531,63.17138671875
1929541,59.9365234375
1929562,46.7529296875
1929586,53.16162109375
1929607,42.29736328125
1929659,41.259765625
1929677,42.236328125
1930260,50.4150390625
1930290,53.64990234375
1930326,41.015625
1930364,45.10498046875
1930388,44.921875
1930409,39.00146484375
1930432,47.79052734375
1930466,38.39111328125
1930494,49.4384765625
1930538,40.95458984375
1930577,55.6640625
1983479,40.95458984375
1983507,40.46630859375
1983557,44.73876953125
1983572,77.69775390625
1983603,53.64990234375
1983619,47.36328125
1983633,45.0439453125
1983657,56.82373046875
1983669,132.50732421875
1983685,92.83447265625
1983699,92.34619140625
1983719,64.5751953125
1983732,79.345703125
1983759,106.93359375
1983770,87.21923828125
1983793,69.64111328125
1983804,51.7578125
1983824,54.87060546875
1983843,53.7109375
1983853,49.8046875
1983872,55.60302734375
1983884,41.1376953125
1983902,58.89892578125
1983930,41.1376953125
1983950,52.30712890625
1983992,58.77685546875
1984182,41.748046875
1984240,45.10498046875
1984284,39.794921875
1984317,37.4755859375
1984350,44.00634765625
1984369,40.8935546875
1984433,38.02490234375
1984472,38.14697265625
1984501,40.1611328125
1984568,38.63525390625
1984648,42.1142578125
1984698,43.76220703125
1984713,42.90771484375
1984774,46.2646484375
1984823,43.88427734375
1984836,45.34912109375
1984934,38.02490234375
2007133,45.47119140625
2007145,42.8466796875
2007167,53.28369140625
2007189,54.8095703125
2007205,39.794921875
2007230,38.14697265625
2007263,38.26904296875
2007300,94.23828125
2007322,94.29931640625
2007350,104.67529296875
2007383,81.35986328125
2007412,62.43896484375
2007424,84.04541015625
2007444,60.302734375
2007457,59.326171875
2007474,59.38720703125
2007495,46.142578125
2007526,44.73876953125
2007551,51.3916015625
2007577,45.22705078125
2007612,45.10498046875
2007667,49.49951171875
2007828,50.78125
2007861,39.00146484375
2007937,38.02490234375
2007974,43.8232421875
2008031,44.921875
2008053,39.4287109375
2008074,50.9033203125
2008119,38.51318359375
2008182,41.9921875
2008194,60.791015625
2008237,38.51318359375
2008262,38.02490234375
2008299,45.2880859375
2008367,46.142578125
2008406,43.3349609375
2008452,39.24560546875
2008499,46.69189453125
2008516,43.88427734375
2035135,50.84228515625
2035176,47.66845703125
2035188,39.73388671875
2035216,54.01611328125
2035246,44.25048828125
2035268,45.47119140625
2035298,38.57421875
2035328,53.03955078125
2035346,74.52392578125
2035371,60.85205078125
2035389,63.78173828125
2035409,89.29443359375
2035420,48.4619140625
2035448,96.0693359375
2035468,89.78271484375
2035481,55.0537109375
2035508,44.61669921875
2035539,56.7626953125
2035567,54.62646484375
2035583,50.96435546875
2035617,49.62158203125
2035627,38.39111328125
2035640,39.85595703125
2035652,39.4287109375
2035838,39.61181640625
2035867,44.49462890625
2035909,37.90283203125
2035992,37.90283203125
2036019,42.3583984375
2036125,38.75732421875
2036146,46.38671875
2036199,41.19873046875
2036239,39.9169921875
2036279,42.05322265625
2036309,53.77197265625
2036335,37.9638671875
2036363,37.53662109375
2036383,40.0390625
2036395,38.818359375
2036476,40.283203125
2036507,37.90283203125
2036517,41.68701171875
2070841,39.24560546875
2070869,37.59765625
2070899,46.875
2070930,53.52783203125
2070964,39.24560546875
2070985,49.9267578125
2071002,63.720703125
2071020,89.90478515625
2071042,60.85205078125
2071065,39.00146484375
2071089,77.94189453125
2071112,86.42578125
2071141,56.640625
2071167,82.70263671875
2071183,45.654296875
2071202,47.8515625
2071212,59.63134765625
2071226,50.59814453125
2071256,50.59814453125
2071277,42.96875
2071297,38.51318359375
2071352,38.87939453125
2071488,42.90771484375
2071554,41.80908203125
2071692,39.4287109375
2071814,38.818359375
2071851,44.49462890625
2071870,42.17529296875
2071901,57.18994140625
2071921,38.4521484375
2071963,37.53662109375
2072006,40.95458984375
2072024,42.90771484375
2072055,40.0390625
2072080,50.59814453125
2072093,54.19921875
2072104,45.41015625
2072120,39.85595703125
2072139,39.61181640625
2072183,41.8701171875
2072233,37.59765625
2138217,38.75732421875
2138237,41.259765625
2138288,76.47705078125
2138314,61.6455078125
2138342,51.025390625
2138370,68.603515625
2138401,101.74560546875
2138416,54.5654296875
2138431,49.86572265625
2138468,60.97412109375
2138484,51.69677734375
2138501,52.8564453125
2138518,74.52392578125
2138529,48.52294921875
2138554,72.08251953125
2138569,39.97802734375
2138604,45.8984375
2138626,45.47119140625
2138641,61.1572265625
2138682,43.27392578125
2138699,45.95947265625
2138725,40.83251953125
2138755,44.49462890625
2138991,41.259765625
2139138,41.32080078125
2139196,40.71044921875
2139226,42.54150390625
2139269,41.015625
2139280,40.34423828125
2139327,37.53662109375
2139382,39.0625
2139432,58.9599609375
2139455,47.8515625
2139466,46.38671875
2139548,44.7998046875
2139587,39.1845703125
2139604,39.97802734375
2139699,38.818359375
2185692,44.25048828125
2185731,40.52734375
2185741,67.81005859375
2185763,49.560546875
2185794,45.83740234375
2185824,54.8095703125
2185847,57.2509765625
2185859,91.9189453125
2185872,60.97412109375
2185901,59.99755859375
2185924,68.2373046875
2185949,99.06005859375
2185959,90.4541015625
2185981,73.6083984375
2185998,60.24169921875
2186010,51.1474609375
2186025,46.2646484375
2186050,59.50927734375
2186065,38.63525390625
2186091,57.4951171875
2186183,39.6728515625
2186245,39.73388671875
2186289,37.9638671875
2186398,42.1142578125
2186453,38.75732421875
2186495,48.583984375
2186505,41.015625
2186617,37.841796875
2186689,40.1611328125
2186749,42.17529296875
2186776,58.04443359375
2186789,37.78076171875
2186829,51.33056640625
2186879,59.26513671875
2186985,41.80908203125
2187018,41.015625
2187029,38.330078125
2187052,44.25048828125
2252392,53.52783203125
2252425,43.701171875
2252446,56.2744140625
2252478,102.60009765625
2252497,80.74951171875
2252523,74.21875
2252545,63.5986328125
2252573,124.08447265625
2252593,58.41064453125
2252603,57.31201171875
2252631,66.83349609375
2252657,71.22802734375
2252679,46.93603515625
2252697,45.166015625
2252716,47.7294921875
2252744,50.4150390625
2252767,41.259765625
2252781,39.9169921875
2252797,40.58837890625
2252825,47.66845703125
2252862,48.828125
2252994,40.0390625
2253052,39.24560546875
2253140,38.6962890625
2253198,37.59765625
2253393,50.78125
2253406,50.84228515625
2253426,54.0771484375
2253459,44.86083984375
2253483,44.5556640625
2253496,50.6591796875
2253526,37.9638671875
2253539,39.12353515625
2253558,41.748046875
2253599,49.8046875
2253654,38.75732421875
2253675,40.283203125
2253696,42.96875
2295408,44.5556640625
2295418,48.15673828125
2295437,50.96435546875
2295454,52.001953125
2295484,61.6455078125
2295498,56.45751953125
2295515,51.69677734375
2295529,81.54296875
2295552,66.40625
2295562,66.2841796875
2295583,57.6171875
2295603,78.9794921875
2295622,61.46240234375
2295637,66.40625
2295652,54.87060546875
2295669,61.21826171875
2295705,54.8095703125
2295721,54.38232421875
2295772,45.166015625
2295792,48.88916015625
2295844,45.83740234375
2295903,39.97802734375
2295933,41.015625
2296027,39.4287109375
2296271,46.93603515625
2296368,39.00146484375
2296424,44.61669921875
2296446,40.34423828125
2296473,55.11474609375
2296494,66.0400390625
2296517,41.80908203125
2296580,45.83740234375
2296683,52.8564453125
2296711,38.14697265625
2296757,41.6259765625
2363584,50.048828125
2363620,44.00634765625
2363633,60.85205078125
2363667,69.9462890625
2363681,53.1005859375
2363691,64.697265625
2363708,115.78369140625
2363724,59.326171875
2363743,100.341796875
2363767,64.02587890625
2363787,94.29931640625
2363807,53.8330078125
2363828,60.546875
2363854,71.59423828125
2363874,72.32666015625
2363887,45.166015625
2363907,74.951171875
2363930,47.54638671875
2363957,46.2646484375
2363989,47.4853515625
2363999,37.9638671875
2364031,40.8935546875
2364202,45.71533203125
2364246,37.7197265625
2364277,42.3583984375
2364335,37.4755859375
2364432,39.1845703125
2364526,38.2080078125
2364592,39.24560546875
2364618,38.26904296875
2364656,39.306640625
2364685,42.54150390625
2364751,44.00634765625
2364812,42.236328125
2364875,38.75732421875
2439403,37.78076171875
2439435,48.40087890625
2439449,73.42529296875
2439475,47.2412109375
2439489,62.68310546875
2439522,57.67822265625
2439545,74.27978515625
2439555,62.19482421875
2439589,58.65478515625
2439602,68.66455078125
2439629,76.66015625
2439655,69.39697265625
2439668,53.89404296875
2439691,47.36328125
2439708,62.68310546875
2439731,51.94091796875
2439755,38.0859375
2439775,51.33056640625
2439787,41.93115234375
2439844,38.26904296875
2439985,43.9453125
2439996,39.9169921875
2440202,42.54150390625
2440263,43.88427734375
2440288,48.64501953125
2440408,42.3583984375
2440492,39.306640625
2440526,48.2177734375
2440599,44.49462890625
2440619,47.119140625
2440687,40.8935546875
2480399,37.65869140625
2480417,37.7197265625
2480457,63.1103515625
2480474,56.70166015625
2480505,109.55810546875
2480530,45.59326171875
2480549,81.72607421875
2480580,94.66552734375
2480590,63.3544921875
2480605,38.14697265625
2480635,62.01171875
2480645,62.07275390625
2480675,79.16259765625
2480686,104.43115234375
2480708,38.6962890625
2480723,58.65478515625
2480736,55.84716796875
2480747,65.0634765625
2480762,37.59765625
2480784,43.02978515625
2480801,38.0859375
2480813,51.08642578125
2480827,45.0439453125
2480864,51.81884765625
2480912,44.677734375
2480959,41.07666015625
2481041,38.57421875
2481125,43.15185546875
2481221,58.16650390625
2481256,44.00634765625
2481414,44.3115234375
2481433,41.93115234375
2481449,51.3916015625
2481471,39.9169921875
2481507,42.724609375
2481555,48.27880859375
2481740,46.69189453125
2481750,42.41943359375
2529117,37.65869140625
2529132,40.58837890625
2529161,62.744140625
2529177,41.1376953125
2529192,52.734375
2529216,53.22265625
2529231,72.509765625
2529257,98.69384765625
2529278,96.5576171875
2529309,91.12548828125
2529335,79.52880859375
2529348,52.734375
2529368,71.96044921875
2529381,75.01220703125
2529408,84.3505859375
2529418,41.8701171875
2529437,37.65869140625
2529451,48.27880859375
2529466,48.9501953125
2529486,38.9404296875
2529499,43.3349609375
2529564,41.80908203125
2529592,53.1005859375
2529768,40.95458984375
2529882,50.048828125
2530030,37.9638671875
2530056,47.8515625
2530143,44.921875
2530173,53.22265625
2530197,41.015625
2530251,56.396484375
2530350,42.724609375
2530363,47.30224609375
2530400,43.0908203125
2530425,45.0439453125
2530436,46.93603515625
2530470,45.59326171875
2582106,38.0859375
2582132,58.53271484375
2582143,37.9638671875
2582178,62.6220703125
2582191,59.5703125
2582215,48.76708984375
2582234,71.533203125
2582248,59.14306640625
2582265,69.03076171875
2582288,85.205078125
2582299,97.59521484375
2582325,77.69775390625
2582338,80.322265625
2582360,64.697265625
2582384,64.63623046875
2582394,61.279296875
2582424,70.37353515625
2582443,51.08642578125
2582464,82.82470703125
2582510,41.44287109375
2582555,41.93115234375
2582576,40.95458984375
2582654,38.14697265625
2582713,41.32080078125
2582778,37.90283203125
2582961,44.98291015625
2583043,47.2412109375
2583086,42.90771484375
2583100,39.55078125
2583129,41.9921875
2583185,47.91259765625
2583208,45.41015625
2583252,38.51318359375
2583262,44.73876953125
2583298,41.015625
2583374,39.61181640625
2583397,37.90283203125
2583451,38.818359375
2583490,40.1611328125
2623499,64.697265625
2623530,73.42529296875
2623545,47.54638671875
2623568,70.6787109375
2623602,69.39697265625
2623617,60.791015625
2623648,61.95068359375
2623672,62.92724609375
2623695,106.26220703125
2623712,75.68359375
2623735,57.861328125
2623755,45.7763671875
2623781,43.5791015625
2623797,40.34423828125
2623807,49.072265625
2623826,45.654296875
2623856,52.42919921875
2623883,40.771484375
2623925,38.4521484375
2623959,42.8466796875
2623996,43.51806640625
2624017,38.330078125
2624046,40.52734375
2624227,41.9921875
2624281,37.7197265625
2624382,38.4521484375
2624406,39.97802734375
2624453,37.53662109375
2624484,42.1142578125
2624518,63.04931640625
2624570,48.828125
2624647,45.8984375
2624738,39.306640625
2624868,41.19873046875
2652716,39.61181640625
2652773,46.5087890625
2652799,38.57421875
2652821,69.51904296875
2652835,49.49951171875
2652870,44.25048828125
2652882,57.18994140625
2652897,43.64013671875
2652929,104.67529296875
2652939,86.85302734375
2652958,63.41552734375
2652981,67.5048828125
2653001,106.01806640625
2653027,45.5322265625
2653040,105.52978515625
2653051,66.2841796875
2653064,44.37255859375
2653082,39.85595703125
2653095,41.68701171875
2653115,40.283203125
2653129,42.66357421875
2653151,55.17578125
2653187,38.6962890625
2653200,41.015625
2653277,42.29736328125
2653308,45.7763671875
2653326,41.259765625
2653409,37.65869140625
2653443,40.1611328125
2653691,51.57470703125
2653742,39.00146484375
2653815,38.818359375
2653829,43.51806640625
2653900,43.02978515625
2653931,37.59765625
2653951,55.35888671875
2653966,44.98291015625
2654045,39.36767578125
2654076,44.7998046875
2654095,39.61181640625
2682513,42.724609375
2682562,58.77685546875
2682586,43.8232421875
2682617,48.15673828125
2682650,55.7861328125
2682660,49.560546875
2682690,57.18994140625
2682704,84.89990234375
2682721,62.3779296875
2682736,56.2744140625
2682750,47.05810546875
2682769,86.97509765625
2682791,71.6552734375
2682819,81.97021484375
2682838,52.3681640625
2682865,74.462890625
2682883,65.12451171875
2682895,44.43359375
2682911,42.8466796875
2682927,39.6728515625
2682991,45.10498046875
2683059,45.2880859375
2683132,38.9404296875
2683281,40.95458984375
2683350,38.26904296875
2683385,37.90283203125
2683429,37.9638671875
2683525,46.7529296875
2683563,37.7197265625
2683593,47.30224609375
2683612,38.9404296875
2683626,51.6357421875
2683653,42.66357421875
2683733,40.8935546875
2683818,39.24560546875
2683829,44.5556640625
2683855,41.3818359375
2729810,39.36767578125
2729840,55.0537109375
2729861,48.15673828125
2729876,38.39111328125
2729899,46.08154296875
2729934,62.8662109375
2729950,62.68310546875
2729960,66.58935546875
2729970,85.44921875
2730007,112.12158203125
2730027,93.81103515625
2730048,89.599609375
2730077,72.265625
2730106,47.18017578125
2730126,45.71533203125
2730138,44.5556640625
2730149,47.42431640625
2730168,75.37841796875
2730195,43.8232421875
2730218,45.10498046875
2730276,38.75732421875
2730289,39.12353515625
2730326,41.68701171875
2730372,40.71044921875
2730440,37.90283203125
2730543,43.0908203125
2730644,47.119140625
2730764,44.189453125
2730802,40.46630859375
2730868,41.80908203125
2730912,43.9453125
2730986,39.0625
2731039,44.677734375
2731053,42.41943359375
2731078,39.24560546875
2731154,49.25537109375
2731174,45.95947265625
2807350,43.5791015625
2807384,40.52734375
2807403,72.8759765625
2807433,37.841796875
2807446,37.9638671875
2807476,56.396484375
2807486,58.16650390625
2807515,110.83984375
2807531,72.75390625
2807544,68.7255859375
2807577,65.7958984375
2807589,66.40625
2807619,54.931640625
2807650,56.45751953125
2807667,70.73974609375
2807679,61.1572265625
2807705,39.24560546875
2807739,40.0390625
2807774,43.5791015625
2807794,39.9169921875
2807917,38.02490234375
2808074,38.26904296875
2808138,41.56494140625
2808184,42.05322265625
2808328,38.87939453125
2808360,49.49951171875
2808380,37.7197265625
2808473,44.25048828125
2808517,46.81396484375
2808546,40.71044921875
2808625,38.4521484375
2808665,39.9169921875
2808701,38.818359375
2808788,39.9169921875
2830577,38.4521484375
2830636,43.27392578125
2830655,67.32177734375
2830683,49.01123046875
2830695,57.55615234375
2830715,46.81396484375
2830745,51.08642578125
2830757,105.65185546875
2830774,67.81005859375
2830792,54.26025390625
2830811,80.9326171875
2830832,56.45751953125
2830850,39.55078125
2830874,75.0732421875
2830901,71.044921875
2830913,39.00146484375
2830927,42.90771484375
2830949,71.77734375
2830960,46.32568359375
2830982,52.8564453125
2830992,49.62158203125
2831080,44.49462890625
2831149,44.73876953125
2831175,38.9404296875
2831217,41.259765625
2831278,42.41943359375
2831373,39.1845703125
2831415,48.40087890625
2831426,38.14697265625
2831453,38.6962890625
2831494,45.10498046875
2831677,40.22216796875
2831700,42.17529296875
2831733,43.64013671875
2831743,50.59814453125
2831810,40.1611328125
2831860,42.96875
2831889,38.0859375
2831992,39.97802734375
2910960,40.0390625
2911021,50.29296875
2911044,69.51904296875
2911060,41.07666015625
2911077,56.15234375
2911107,42.66357421875
2911117,64.02587890625
2911139,63.53759765625
2911162,69.580078125
2911173,40.52734375
2911201,101.07421875
2911221,68.90869140625
2911238,59.6923828125
2911255,55.5419921875
2911280,47.36328125
2911300,42.54150390625
2911337,49.9267578125
2911370,37.53662109375
2911385,52.24609375
2911427,41.68701171875
2911442,41.07666015625
2911664,41.748046875
2911776,37.59765625
2911849,38.39111328125
2911932,43.0908203125
2911981,39.12353515625
2912000,38.63525390625
2912035,38.330078125
2912064,51.20849609375
2912152,38.14697265625
2912210,37.78076171875
2912235,47.18017578125
2912257,46.7529296875
2945068,42.1142578125
2945090,46.142578125
2945146,69.15283203125
2945162,43.51806640625
2945186,41.3818359375
2945196,52.8564453125
2945217,46.2646484375
2945233,41.93115234375
2945256,50.29296875
2945266,71.83837890625
2945289,48.27880859375
2945302,44.0673828125
2945322,66.89453125
2945352,75.13427734375
2945378,67.68798828125
2945389,70.73974609375
2945410,80.810546875
2945433,61.95068359375
2945449,49.1943359375
2945471,40.52734375
2945484,52.30712890625
2945494,43.02978515625
2945522,56.45751953125
2945533,38.51318359375
2945554,38.818359375
2945565,45.654296875
2945680,37.4755859375
2945705,40.4052734375
2945751,39.24560546875
2945768,38.75732421875
2945855,46.69189453125
2946105,45.8984375
2946170,46.08154296875
2946201,40.1611328125
2946334,37.9638671875
2946363,39.794921875
2946433,37.78076171875
2946454,46.9970703125
2946579,39.55078125
3043237,39.12353515625
3043307,66.83349609375
3043321,43.64013671875
3043344,52.67333984375
3043363,63.232421875
3043378,46.9970703125
3043402,75.5615234375
3043422,101.9287109375
3043451,65.673828125
3043470,69.7021484375
3043499,111.02294921875
3043519,104.4921875
3043543,65.73486328125
3043553,37.9638671875
3043582,60.36376953125
3043614,47.7294921875
3043627,46.20361328125
3043648,41.015625
3043718,41.50390625
3043804,37.59765625
3043994,39.55078125
3044065,44.921875
3044193,37.78076171875
3044234,37.53662109375
3044283,37.841796875
3044296,41.6259765625
3044354,41.19873046875
3044372,37.9638671875
3044430,37.9638671875
3044457,45.8984375
3044519,47.18017578125
3044563,42.05322265625
3044617,50.29296875
3044644,46.81396484375
3044673,43.02978515625
3068289,43.15185546875
3068367,60.6689453125
3068392,67.93212890625
3068404,38.14697265625
3068425,62.19482421875
3068448,86.97509765625
3068468,73.79150390625
3068482,41.1376953125
3068499,82.8857421875
3068530,76.904296875
3068555,102.6611328125
3068571,53.40576171875
3068593,72.6318359375
3068620,57.7392578125
3068637,81.60400390625
3068666,50.048828125
3068681,59.2041015625
3068703,46.56982421875
3068732,39.306640625
3068750,50.78125
3068794,41.19873046875
3068862,47.9736328125
3068897,37.59765625
3069014,37.9638671875
3069035,45.22705078125
3069080,38.6962890625
3069282,38.51318359375
3069302,38.87939453125
3069316,50.9033203125
3069374,39.00146484375
3069418,51.3916015625
3069472,44.73876953125
3069508,63.232421875
3069561,37.78076171875
3069600,39.9169921875
3069635,43.64013671875
3069647,39.12353515625
3120542,39.794921875
3120563,41.32080078125
3120617,44.49462890625
3120639,61.21826171875
3120673,58.28857421875
3120683,46.875
3120721,70.4345703125
3120731,93.3837890625
3120758,87.70751953125
3120777,51.81884765625
3120799,49.49951171875
3120823,74.21875
3120853,65.85693359375
3120867,43.51806640625
3120884,43.3349609375
3120904,39.73388671875
3120935,68.9697265625
3120946,38.39111328125
3120990,37.59765625
3121049,41.32080078125
3121241,42.78564453125
3121449,39.61181640625
3121518,44.98291015625
3121619,58.10546875
3121658,38.14697265625
3121712,40.0390625
3121725,55.6640625
3121775,48.828125
3121795,37.9638671875
3121823,39.85595703125
3121888,44.61669921875
3121901,47.05810546875
3167469,38.26904296875
3167505,48.64501953125
3167536,45.166015625
3167553,48.52294921875
3167577,53.3447265625
3167603,69.091796875
3167628,65.00244140625
3167652,86.60888671875
3167669,89.2333984375
3167686,81.11572265625
3167697,65.49072265625
3167729,85.205078125
3167743,65.73486328125
3167768,58.2275390625
3167784,49.4384765625
3167799,39.00146484375
3167841,46.7529296875
3167854,83.8623046875
3167867,43.64013671875
3167885,44.37255859375
3167944,43.212890625
3168046,40.4052734375
3168170,45.10498046875
3168248,37.78076171875
3168333,37.841796875
3168349,48.64501953125
3168394,37.4755859375
3168418,37.9638671875
3168451,37.78076171875
3168461,41.50390625
3168540,39.00146484375
3168557,43.51806640625
3168598,41.8701171875
3168625,42.05322265625
3168643,42.724609375
3168672,45.2880859375
3168684,54.5654296875
3168713,40.52734375
3168778,42.05322265625
3168794,40.34423828125
3168809,43.15185546875
3168824,43.0908203125
3168871,37.59765625
3168895,44.189453125
3168939,46.7529296875
3230753,41.259765625
3230792,40.83251953125
3230832,48.88916015625
3230856,48.2177734375
3230885,93.81103515625
3230896,86.0595703125
3230925,78.4912109375
3230949,103.3935546875
3230966,59.9365234375
3230991,77.33154296875
3231004,78.7353515625
3231023,74.89013671875
3231033,44.86083984375
3231056,55.2978515625
3231076,56.0302734375
3231086,58.41064453125
3231110,40.83251953125
3231124,38.39111328125
3231135,51.08642578125
3231153,37.7197265625
3231166,44.189453125
3231267,38.26904296875
3231309,41.8701171875
3231348,38.0859375
3231478,43.701171875
3231532,37.65869140625
3231568,40.10009765625
3231594,46.69189453125
3231672,38.26904296875
3231692,37.90283203125
3231731,42.6025390625
3231797,39.73388671875
3231815,38.26904296875
3231832,41.50390625
3231876,43.88427734375
3231893,41.748046875
3231920,39.61181640625
3231998,46.08154296875
3232042,40.52734375
3232054,51.69677734375
3232139,45.166015625
3315286,59.38720703125
3315309,37.65869140625
3315330,53.466796875
3315350,58.65478515625
3315381,39.36767578125
3315405,46.142578125
3315428,88.8671875
3315446,53.7109375
3315468,78.79638671875
3315484,66.46728515625
3315516,101.01318359375
3315543,97.5341796875
3315557,78.4912109375
3315575,46.69189453125
3315589,57.7392578125
3315608,50.72021484375
3315625,58.04443359375
3315638,56.640625
3315666,46.0205078125
3315717,38.6962890625
3315737,44.7998046875
3315841,44.00634765625
3315859,38.26904296875
3315949,37.78076171875
3316092,43.5791015625
3316191,39.85595703125
3316264,39.00146484375
3316292,38.02490234375
3316356,44.37255859375
3316402,41.3818359375
3316418,41.80908203125
3316458,37.78076171875
3316507,43.88427734375
3316539,41.1376953125
3316581,50.23193359375
3316660,45.10498046875
3329586,38.2080078125
3329634,76.47705078125
3329646,59.75341796875
3329668,47.36328125
3329691,42.41943359375
3329705,51.26953125
3329715,87.158203125
3329745,62.56103515625
3329768,80.9326171875
3329786,80.810546875
3329800,124.1455078125
3329823,74.21875
3329843,101.98974609375
3329873,56.396484375
3329886,60.11962890625
3329913,43.51806640625
3329930,41.748046875
3329954,43.3349609375
3329982,49.74365234375
3330038,38.0859375
3330056,42.78564453125
3330076,41.259765625
3330097,49.62158203125
3330193,41.6259765625
3330304,39.6728515625
3330402,39.306640625
3330436,38.87939453125
3330506,41.6259765625
3330553,41.50390625
3330621,51.57470703125
3330651,55.35888671875
3330669,48.095703125
3330745,39.97802734375
3330791,37.53662109375
3330819,39.794921875
3330865,39.12353515625
3409071,39.73388671875
3409109,37.53662109375
3409132,40.46630859375
3409157,61.5234375
3409181,39.24560546875
3409198,73.1201171875
3409214,83.6181640625
3409226,75.3173828125
3409246,60.24169921875
3409267,112.85400390625
3409296,79.345703125
3409309,56.94580078125
3409329,42.54150390625
3409355,61.6455078125
3409366,87.82958984375
3409388,37.4755859375
3409404,47.7294921875
3409423,66.58935546875
3409455,45.8984375
3409609,38.818359375
3409669,42.6025390625
3409730,38.2080078125
3409783,46.38671875
3409876,38.330078125
3409919,40.95458984375
3410017,50.10986328125
3410079,39.55078125
3410148,38.4521484375
3410173,48.64501953125
3410199,46.44775390625
3410246,53.955078125
3410267,40.52734375
3410283,42.29736328125
3410324,38.818359375
3410352,39.4287109375
3410437,39.12353515625
3508024,42.6025390625
3508068,39.306640625
3508089,49.98779296875
3508104,42.724609375
3508115,43.76220703125
3508128,58.77685546875
3508148,52.24609375
3508160,70.12939453125
3508179,77.1484375
3508191,52.55126953125
3508203,48.40087890625
3508224,100.03662109375
3508240,77.0263671875
3508269,61.82861328125
3508282,64.94140625
3508299,47.91259765625
3508315,42.236328125
3508346,73.91357421875
3508378,41.07666015625
3508441,47.91259765625
3508492,48.828125
3508581,40.0390625
3508683,43.15185546875
3508806,42.236328125
3508932,43.15185546875
3509014,47.119140625
3509098,41.93115234375
3509125,41.32080078125
3509161,42.8466796875
3509285,37.65869140625
3509352,40.1611328125
3509459,43.212890625
3524229,42.78564453125
3524244,37.90283203125
3524289,47.4853515625
3524302,39.4287109375
3524335,83.1298828125
3524361,45.5322265625
3524404,55.60302734375
3524423,95.8251953125
3524456,60.24169921875
3524467,99.67041015625
3524493,71.6552734375
3524509,91.064453125
3524525,76.23291015625
3524538,63.720703125
3524561,51.8798828125
3524588,98.14453125
3524613,59.2041015625
3524653,47.91259765625
3524673,42.724609375
3524687,45.7763671875
3524707,40.0390625
3524731,49.74365234375
3524748,46.630859375
3524876,37.53662109375
3524942,41.6259765625
3524984,50.048828125
3525026,43.88427734375
3525074,37.7197265625
3525122,37.4755859375
3525250,41.015625
3525304,63.04931640625
3525359,38.2080078125
3525388,45.41015625
3525435,39.9169921875
3525465,55.17578125
3525479,42.6025390625
3525530,39.1845703125
3525546,38.2080078125
3598424,37.841796875
3598482,49.31640625
3598495,41.07666015625
3598508,38.02490234375
3598528,40.6494140625
3598544,39.1845703125
3598558,59.5703125
3598576,41.8701171875
3598588,41.44287109375
3598615,79.65087890625
3598633,77.2705078125
3598663,56.82373046875
3598680,48.03466796875
3598691,67.2607421875
3598703,62.255859375
3598717,52.06298828125
3598727,54.6875
3598742,51.6357421875
3598782,40.10009765625
3598794,39.55078125
3598804,38.63525390625
3598846,44.61669921875
3598896,41.44287109375
3598974,40.95458984375
3599150,37.90283203125
3599254,39.12353515625
3599311,37.59765625
3599412,44.5556640625
3599497,46.20361328125
3599526,51.025390625
3599543,40.34423828125
3599583,44.3115234375
3599603,37.53662109375
3599642,39.306640625
3599672,42.236328125
3599689,41.32080078125
3599710,65.12451171875
3599755,47.18017578125
3599784,40.83251953125
3599841,48.2177734375
3599926,38.51318359375
3648138,38.4521484375
3648233,62.5
3648252,49.4384765625
3648274,72.69287109375
3648303,77.5146484375
3648328,99.9755859375
3648344,94.23828125
3648355,80.9326171875
3648384,86.9140625
3648398,52.67333984375
3648425,78.2470703125
3648447,61.82861328125
3648457,37.65869140625
3648471,54.6875
3648498,44.7998046875
3648533,66.10107421875
3648552,46.2646484375
3648586,52.06298828125
3648626,43.8232421875
3648736,38.0859375
3648812,39.6728515625
3648855,39.48974609375
3648869,40.283203125
3649046,38.51318359375
3649113,38.63525390625
3649144,38.4521484375
3649212,47.66845703125
3649237,40.10009765625
3649294,38.39111328125
3649327,40.10009765625
3649354,39.97802734375
3649385,56.0302734375
3649423,40.283203125
3649440,39.73388671875
3649461,42.3583984375
3649505,37.4755859375
3649558,38.9404296875
3701042,48.4619140625
3701127,44.43359375
3701141,68.7255859375
3701186,45.41015625
3701211,55.96923828125
3701230,67.07763671875
3701257,47.54638671875
3701282,87.2802734375
3701295,106.50634765625
3701320,77.0263671875
3701338,91.85791015625
3701366,44.677734375
3701392,86.5478515625
3701403,46.9970703125
3701415,59.6923828125
3701436,43.3349609375
3701473,42.1142578125
3701497,47.119140625
3701510,38.26904296875
3701556,44.98291015625
3701684,37.4755859375
3701824,38.75732421875
3701838,38.51318359375
3701899,41.80908203125
3701940,37.59765625
3701954,41.8701171875
3701997,39.73388671875
3702031,44.61669921875
3702062,38.6962890625
3702104,40.46630859375
3702163,38.87939453125
3702174,39.61181640625
3702237,37.53662109375
3702288,45.34912109375
3702333,45.7763671875
3702347,43.15185546875
3702389,38.0859375
3702452,38.4521484375
3751055,43.0908203125
3751103,60.24169921875
3751133,52.24609375
3751148,55.48095703125
3751162,63.41552734375
3751173,71.10595703125
3751210,103.21044921875
3751241,100.4638671875
3751271,97.412109375
3751296,95.458984375
3751308,70.556640625
3751321,53.22265625
3751340,57.2509765625
3751359,62.1337890625
3751370,39.9169921875
3751393,47.18017578125
3751411,39.6728515625
3751423,59.75341796875
3751486,38.51318359375
3751527,39.1845703125
3751559,42.1142578125
3751611,38.39111328125
3751705,44.86083984375
3751878,44.98291015625
3752040,46.69189453125
3752054,38.818359375
3752098,38.51318359375
3752163,38.330078125
3752183,38.818359375
3752202,37.9638671875
3752231,38.4521484375
3752263,51.025390625
3752274,45.59326171875
3752437,43.701171875
3752521,44.7998046875
3791983,42.54150390625
3792007,38.75732421875
3792018,64.39208984375
3792029,43.15185546875
3792056,55.0537109375
3792086,47.7294921875
3792103,63.232421875
3792116,74.15771484375
3792139,66.58935546875
3792170,68.17626953125
3792186,55.84716796875
3792212,67.19970703125
3792236,112.3046875
3792250,53.03955078125
3792277,67.9931640625
3792293,83.19091796875
3792307,53.1005859375
3792326,56.640625
3792341,46.0205078125
3792379,47.4853515625
3792422,49.62158203125
3792444,39.36767578125
3792498,38.2080078125
3792514,38.4521484375
3792636,37.59765625
3792741,45.654296875
3792860,41.50390625
3792968,53.52783203125
3792996,37.59765625
3793034,57.2509765625
3793110,41.56494140625
3793162,39.36767578125
3793179,45.5322265625
3793226,40.771484375
3793287,42.724609375
3793327,40.0390625
3840424,39.24560546875
3840481,38.26904296875
3840496,41.8701171875
3840515,42.54150390625
3840535,41.3818359375
3840563,64.63623046875
3840583,61.5234375
3840618,113.83056640625
3840629,50.23193359375
3840653,66.0400390625
3840668,84.8388671875
3840692,152.7099609375
3840710,64.3310546875
3840737,51.57470703125
3840748,66.650390625
3840770,57.43408203125
3840783,47.8515625
3840798,56.94580078125
3840814,62.19482421875
3840825,39.48974609375
3840842,56.7626953125
3840856,45.41015625
3841012,38.0859375
3841039,38.4521484375
3841170,37.4755859375
3841404,41.19873046875
3841452,42.29736328125
3841465,38.75732421875
3841482,45.47119140625
3841500,40.52734375
3841568,46.38671875
3841620,37.90283203125
3841687,38.75732421875
3841735,39.55078125
3841772,39.36767578125
3841821,40.46630859375
3841868,38.57421875
3869833,44.37255859375
3869901,38.63525390625
3869930,53.955078125
3869940,39.48974609375
3869983,53.77197265625
3870011,65.185546875
3870031,68.17626953125
3870048,69.580078125
3870075,80.4443359375
3870089,41.6259765625
3870104,50.048828125
3870122,75.62255859375
3870148,50.1708984375
3870162,82.763671875
3870180,61.70654296875
3870192,61.46240234375
3870210,57.0068359375
3870223,48.7060546875
3870242,48.7060546875
3870252,55.23681640625
3870267,50.9033203125
3870291,43.76220703125
3870498,43.5791015625
3870509,42.54150390625
3870537,37.841796875
3870625,45.22705078125
3870719,54.38232421875
3870791,39.24560546875
3870807,37.7197265625
3870855,45.83740234375
3871014,41.19873046875
3871033,40.71044921875
3871052,40.0390625
3871123,42.17529296875
3871152,44.43359375
3871340,38.0859375
3939468,42.78564453125
3939505,42.3583984375
3939557,61.1572265625
3939582,53.5888671875
3939602,41.19873046875
3939628,62.31689453125
3939657,87.646484375
3939688,78.7353515625
3939703,55.7861328125
3939741,103.3935546875
3939751,80.01708984375
3939774,77.45361328125
3939802,56.396484375
3939819,42.96875
3939855,61.279296875
3939876,39.55078125
3939903,48.27880859375
3939924,38.75732421875
3939980,42.90771484375
3940211,42.6025390625
3940263,41.80908203125
3940294,41.015625
3940380,48.4619140625
3940404,38.57421875
3940421,43.02978515625
3940455,38.51318359375
3940471,42.96875
3940488,40.83251953125
3940515,40.34423828125
3940556,39.12353515625
3940587,39.48974609375
3940622,38.39111328125
3940647,43.5791015625
3940706,38.0859375
3940732,42.54150390625
3940783,45.47119140625
3940799,57.67822265625
3940829,66.71142578125
3940873,39.55078125
3940947,37.78076171875
3986155,42.8466796875
3986236,54.50439453125
3986261,53.03955078125
3986290,64.208984375
3986305,72.998046875
3986335,96.435546875
3986352,88.2568359375
3986371,76.7822265625
3986384,46.81396484375
3986403,83.0078125
3986417,92.529296875
3986432,87.46337890625
3986442,50.9033203125
3986464,78.79638671875
3986492,63.232421875
3986507,53.5888671875
3986536,40.283203125
3986576,40.52734375
3986617,43.27392578125
3986663,38.26904296875
3986684,39.85595703125
3986779,48.33984375
3986927,44.43359375
3986978,39.55078125
3987122,46.69189453125
3987171,39.55078125
3987198,43.8232421875
3987268,49.01123046875
3987303,38.330078125
3987323,38.57421875
3987334,40.58837890625
3987368,40.95458984375
3987424,44.73876953125
3987493,37.53662109375
4036335,45.2880859375
4036361,39.61181640625
4036391,41.50390625
4036413,86.181640625
4036442,43.45703125
4036465,72.998046875
4036485,78.43017578125
4036510,63.96484375
4036528,115.3564453125
4036560,87.158203125
4036578,98.08349609375
4036595,41.80908203125
4036612,54.19921875
4036627,73.974609375
4036639,44.61669921875
4036665,74.462890625
4036678,61.58447265625
4036690,42.17529296875
4036709,59.9365234375
4036725,39.6728515625
4036741,41.748046875
4036751,53.40576171875
4036769,38.87939453125
4036798,40.283203125
4036863,43.15185546875
4036880,39.85595703125
4037274,37.53662109375
4037309,41.93115234375
4037381,40.771484375
4037408,44.49462890625
4037462,45.95947265625
4037499,39.55078125
4037533,37.78076171875
4037559,41.44287109375
4037600,41.56494140625
4037616,38.14697265625
4077135,39.4287109375
4077164,39.61181640625
4077191,41.07666015625
4077216,40.771484375
4077234,53.3447265625
4077253,41.19873046875
4077291,67.07763671875
4077315,67.32177734375
4077329,50.1708984375
4077344,50.72021484375
4077373,119.44580078125
4077383,75.927734375
4077407,82.94677734375
4077422,73.18115234375
4077450,68.29833984375
4077465,62.255859375
4077476,56.33544921875
4077512,42.90771484375
4077528,53.8330078125
4077554,51.7578125
4077572,39.73388671875
4077593,38.2080078125
4077611,44.5556640625
4077629,40.1611328125
4077740,40.71044921875
4077790,39.36767578125
4077849,38.0859375
4077952,38.2080078125
4078069,37.53662109375
4078088,41.07666015625
4078099,38.51318359375
4078197,38.39111328125
4078221,48.76708984375
4078233,40.4052734375
4078314,48.9501953125
4078359,49.6826171875
4078398,60.36376953125
4078436,47.18017578125
4078471,45.0439453125
4078493,53.8330078125
4116933,38.87939453125
4117018,50.9033203125
4117037,43.212890625
4117102,104.4921875
4117115,61.70654296875
4117132,69.64111328125
4117149,44.5556640625
4117165,81.6650390625
4117183,65.673828125
4117194,66.83349609375
4117207,56.15234375
4117234,72.69287109375
4117257,66.7724609375
4117284,65.00244140625
4117301,39.00146484375
4117327,48.40087890625
4117355,38.75732421875
4117367,42.8466796875
4117401,49.8046875
4117416,41.93115234375
4117435,55.48095703125
4117467,37.65869140625
4117499,40.1611328125
4117723,45.83740234375
4117830,45.166015625
4117860,39.794921875
4117970,44.25048828125
4117985,49.31640625
4118028,50.47607421875
4118058,49.37744140625
4118085,47.119140625
4118159,43.15185546875
4118234,43.76220703125
4118266,41.44287109375
4118303,41.9921875
4135993,49.86572265625
4136089,51.08642578125
4136119,69.15283203125
4136149,50.29296875
4136178,44.0673828125
4136211,81.11572265625
4136240,96.19140625
4136268,83.740234375
4136282,166.015625
4136305,92.6513671875
4136326,51.513671875
4136345,98.69384765625
4136366,44.43359375
4136382,57.6171875
4136397,54.13818359375
4136409,49.98779296875
4136444,59.50927734375
4136455,63.65966796875
4136475,41.68701171875
4136498,49.560546875
4136516,51.20849609375
4136533,40.771484375
4136605,37.90283203125
4136655,38.818359375
4136722,40.771484375
4136776,42.236328125
4136895,43.39599609375
4136966,43.76220703125
4136986,38.14697265625
4137130,39.12353515625
4137185,37.9638671875
4137228,38.51318359375
4137238,38.6962890625
4137269,42.05322265625
4137283,46.56982421875
4137342,44.43359375
4137360,40.1611328125
4137371,39.61181640625
4137397,41.07666015625
4137479,45.2880859375
4216754,48.03466796875
4216784,45.166015625
4216800,42.96875
4216828,66.71142578125
4216859,60.97412109375
4216883,57.373046875
4216901,91.796875
4216918,78.369140625
4216937,57.7392578125
4216952,51.26953125
4216973,60.11962890625
4217003,69.580078125
4217013,82.763671875
4217025,47.05810546875
4217042,57.9833984375
4217057,80.56640625
4217067,54.62646484375
4217085,63.232421875
4217100,53.3447265625
4217118,48.76708984375
4217168,38.6962890625
4217218,43.45703125
4217340,41.07666015625
4217356,38.26904296875
4217401,38.818359375
4217444,39.1845703125
4217519,40.22216796875
4217569,41.44287109375
4217613,44.7998046875
4217746,38.14697265625
4217815,38.0859375
4217831,47.119140625
4217862,40.771484375
4217912,40.0390625
4217995,44.5556640625
4218009,42.05322265625
4218187,40.771484375
4253067,39.48974609375
4253096,37.78076171875
4253122,43.0908203125
4253142,43.02978515625
4253160,61.34033203125
4253190,54.74853515625
4253212,76.416015625
4253237,52.79541015625
4253250,132.9345703125
4253272,71.96044921875
4253295,89.66064453125
4253308,81.23779296875
4253327,78.06396484375
4253355,58.4716796875
4253366,54.19921875
4253377,59.6923828125
4253394,50.6591796875
4253407,80.62744140625
4253426,44.49462890625
4253449,52.06298828125
4253476,42.90771484375
4253502,56.2744140625
4253533,45.0439453125
4253731,41.8701171875
4253802,47.91259765625
4253829,39.36767578125
4253864,39.00146484375
4254070,46.7529296875
4254082,39.1845703125
4254123,37.78076171875
4254153,39.9169921875
4254239,46.630859375
4254264,46.2646484375
4254284,43.51806640625
4254345,40.283203125
4254399,42.17529296875
4254445,37.78076171875
4319905,43.9453125
4319939,39.73388671875
4319972,37.7197265625
4319997,51.513671875
4320025,52.6123046875
4320047,49.62158203125
4320077,44.677734375
4320106,71.35009765625
4320134,81.787109375
4320147,97.2900390625
4320170,74.52392578125
4320196,67.9931640625
4320213,45.654296875
4320225,45.8984375
4320243,43.51806640625
4320257,49.49951171875
4320278,58.10546875
4320292,40.8935546875
4320364,41.68701171875
4320382,38.02490234375
4320407,39.12353515625
4320505,52.6123046875
4320761,40.1611328125
4320830,38.4521484375
4320863,39.55078125
4320873,44.677734375
4320982,42.66357421875
4321002,40.58837890625
4321049,40.71044921875
4321107,40.283203125
4321132,42.78564453125
4321168,46.9970703125
4321189,39.6728515625
4321213,48.9501953125
4321230,40.83251953125
4321259,44.37255859375
4321301,49.49951171875
4321333,46.875
4321361,38.39111328125
4357322,38.2080078125
4357337,38.02490234375
4357411,54.87060546875
4357434,42.54150390625
4357462,52.001953125
4357493,97.16796875
4357507,59.14306640625
4357540,92.46826171875
4357563,82.275390625
4357588,99.4873046875
4357612,40.52734375
4357636,89.7216796875
4357648,66.89453125
4357672,46.142578125
4357701,49.31640625
4357716,49.74365234375
4357747,63.04931640625
4357775,49.4384765625
4357806,67.07763671875
4357868,52.001953125
4357888,43.9453125
4357930,44.43359375
4358001,48.15673828125
4358093,38.51318359375
4358135,37.7197265625
4358263,44.7998046875
4358299,43.3349609375
4358356,39.36767578125
4358374,38.87939453125
4358399,52.1240234375
4358417,50.96435546875
4358475,37.53662109375
4358489,43.51806640625
4358523,39.85595703125
4358551,40.6494140625
4358581,48.03466796875
4358626,51.26953125
4358740,41.80908203125
4414264,42.3583984375
4414316,61.09619140625
4414364,44.12841796875
4414376,66.89453125
4414400,51.69677734375
4414413,67.44384765625
4414431,40.10009765625
4414452,120.78857421875
4414468,75.50048828125
4414489,148.4375
4414500,55.96923828125
4414525,92.041015625
4414547,81.72607421875
4414574,89.78271484375
4414586,54.50439453125
4414602,91.85791015625
4414617,46.93603515625
4414644,52.91748046875
4414670,40.46630859375
4414694,70.1904296875
4414725,40.58837890625
4414988,47.4853515625
4415118,37.78076171875
4415131,37.9638671875
4415195,37.90283203125
4415211,38.330078125
4415294,41.32080078125
4415329,40.10009765625
4415340,49.74365234375
4415433,44.73876953125
4415500,47.18017578125
4415512,44.3115234375
4415542,46.44775390625
4415572,39.24560546875
4415594,38.2080078125
4415650,40.46630859375
4415722,39.794921875
4463348,43.39599609375
4463377,38.63525390625
4463414,50.10986328125
4463425,75.37841796875
4463457,56.2744140625
4463476,56.396484375
4463492,44.43359375
4463523,84.47265625
4463549,59.14306640625
4463560,44.73876953125
4463574,52.8564453125
4463597,70.3125
4463608,57.861328125
4463635,50.10986328125
4463648,63.96484375
4463659,57.67822265625
4463674,47.05810546875
4463702,59.38720703125
4463714,48.9501953125
4463729,41.3818359375
4463740,47.54638671875
4463783,39.9169921875
4463836,39.1845703125
4463861,40.6494140625
4463882,42.05322265625
4464019,40.6494140625
4464169,38.51318359375
4464252,39.4287109375
4464280,42.1142578125
4464301,55.60302734375
4464348,39.1845703125
4464379,66.89453125
4464421,41.6259765625
4464442,37.90283203125
4464477,38.87939453125
4464545,45.654296875
4464564,42.78564453125
4464577,47.79052734375
4464604,61.46240234375
4464619,39.12353515625
4516706,38.4521484375
4516823,50.78125
4516838,59.99755859375
4516880,43.45703125
4516895,64.63623046875
4516914,91.97998046875
4516926,92.34619140625
4516950,92.28515625
4516965,73.8525390625
4516981,48.4619140625
4517006,77.1484375
4517031,122.6806640625
4517044,72.93701171875
4517055,48.828125
4517076,78.857421875
4517098,42.8466796875
4517123,42.41943359375
4517157,51.45263671875
4517196,40.71044921875
4517229,40.8935546875
4517306,37.65869140625
4517360,37.9638671875
4517596,38.75732421875
4517632,37.9638671875
4517657,48.4619140625
4517695,45.8984375
4517732,42.29736328125
4517767,52.67333984375
4517796,39.6728515625
4517844,43.0908203125
4517880,68.05419921875
4517924,38.4521484375
4517959,46.08154296875
4517977,37.90283203125
4518017,46.20361328125
4518046,51.20849609375
4518060,39.6728515625
4518104,54.62646484375
4557279,40.10009765625
4557298,38.14697265625
4557309,41.56494140625
4557340,69.4580078125
4557360,52.734375
4557390,52.490234375
4557403,67.32177734375
4557419,88.9892578125
4557448,84.65576171875
4557475,82.6416015625
4557490,86.669921875
4557505,88.56201171875
4557522,56.09130859375
4557553,54.99267578125
4557575,57.43408203125
4557586,63.29345703125
4557598,53.03955078125
4557617,62.19482421875
4557651,38.0859375
4557683,49.9267578125
4557697,43.02978515625
4557719,40.71044921875
4557740,38.26904296875
4557752,37.4755859375
4557780,39.6728515625
4557832,39.6728515625
4557893,39.97802734375
4557934,38.2080078125
4558038,40.34423828125
4558084,44.86083984375
4558121,40.83251953125
4558191,41.259765625
4558218,38.51318359375
4558234,40.6494140625
4558249,49.25537109375
4558260,41.32080078125
4558336,46.08154296875
4558362,59.9365234375
4558403,52.24609375
4558436,40.4052734375
4558469,44.677734375
4558505,37.53662109375
4558565,41.80908203125
4677068,41.80908203125
4677134,42.1142578125
4677149,46.5087890625
4677167,37.7197265625
4677188,56.2744140625
4677202,55.419921875
4677212,89.90478515625
4677235,75.1953125
4677259,75.62255859375
4677286,73.54736328125
4677307,94.23828125
4677333,93.68896484375
4677344,81.0546875
4677365,59.63134765625
4677381,52.001953125
4677405,60.1806640625
4677431,42.96875
4677454,67.7490234375
4677491,57.861328125
4677510,40.10009765625
4677574,48.095703125
4677800,38.9404296875
4677824,38.51318359375
4677904,38.4521484375
4677995,46.5087890625
4678074,37.7197265625
4678170,42.724609375
4678190,40.4052734375
4678227,40.283203125
4678255,42.8466796875
4678272,38.6962890625
4678332,38.4521484375
4678392,41.56494140625
4678423,42.6025390625
4678481,45.2880859375
4678491,37.65869140625
4694867,44.98291015625
4694943,40.1611328125
4694966,62.1337890625
4694994,57.92236328125
4695027,48.88916015625
4695046,52.18505859375
4695080,80.62744140625
4695093,71.83837890625
4695118,78.4912109375
4695142,62.31689453125
4695179,104.67529296875
4695193,63.17138671875
4695208,60.9130859375
4695220,51.513671875
4695236,58.53271484375
4695259,73.6083984375
4695277,43.5791015625
4695305,43.27392578125
4695320,81.6650390625
4695350,53.7109375
4695361,61.34033203125
4695396,49.8046875
4695523,45.59326171875
4695542,42.96875
4695573,42.236328125
4695599,37.53662109375
4695754,43.9453125
4695774,50.10986328125
4695854,37.7197265625
4695866,42.90771484375
4695903,41.1376953125
4695936,51.08642578125
4695966,39.61181640625
4695989,43.9453125
4696018,40.83251953125
4696064,38.6962890625
4696085,41.19873046875
4696096,41.6259765625
4696111,44.189453125
4696142,39.306640625
4696163,40.1611328125
4696219,44.61669921875
4696252,38.6962890625
4730488,41.19873046875
4730546,46.20361328125
4730572,46.875
4730587,44.43359375
4730603,71.22802734375
4730633,38.6962890625
4730654,42.17529296875
4730682,58.7158203125
4730715,65.673828125
4730743,104.4921875
4730753,72.75390625
4730782,87.0361328125
4730801,89.599609375
4730811,57.55615234375
4730835,52.3681640625
4730857,45.2880859375
4730891,40.46630859375
4730908,62.19482421875
4730934,49.560546875
4730951,42.724609375
4730976,38.02490234375
4731066,40.771484375
4731110,39.1845703125
4731299,41.50390625
4731332,38.02490234375
4731395,47.05810546875
4731537,46.38671875
4731560,40.83251953125
4731621,44.7998046875
4731663,43.88427734375
4731717,49.49951171875
4731773,38.51318359375
4731800,50.47607421875
4731822,43.9453125
4731843,38.75732421875
4731875,66.650390625
4789111,38.6962890625
4789166,41.748046875
4789201,55.23681640625
4789214,43.51806640625
4789243,84.47265625
4789280,82.45849609375
4789296,75.25634765625
4789320,74.0966796875
4789352,105.1025390625
4789372,67.19970703125
4789389,113.46435546875
4789407,56.94580078125
4789421,64.3310546875
4789435,63.8427734375
4789448,53.955078125
4789465,51.1474609375
4789485,69.88525390625
4789496,40.58837890625
4789535,39.36767578125
4789567,43.02978515625
4789596,41.68701171875
4789687,37.65869140625
4789734,38.818359375
4789974,52.06298828125
4790050,38.63525390625
4790087,39.85595703125
4790108,49.072265625
4790225,39.36767578125
4790242,40.34423828125
4790296,38.57421875
4790368,40.34423828125
4790437,38.4521484375
4790463,41.56494140625
4790523,39.6728515625
