4798001,0
8159,48.095703125
8355,39.85595703125
8375,62.07275390625
8840,57.9833984375
9445,63.90380859375
9746,51.3916015625
21238,44.00634765625
21325,45.2880859375
21385,72.69287109375
21717,61.70654296875
21928,51.3916015625
22096,63.720703125
22598,64.3310546875
23121,52.30712890625
31466,49.13330078125
31656,74.27978515625
32095,55.48095703125
32716,64.5751953125
33372,47.30224609375
43709,45.654296875
43914,57.31201171875
44333,67.07763671875
45003,58.41064453125
45819,63.04931640625
53692,61.70654296875
55839,57.861328125
66379,43.45703125
66478,39.24560546875
66651,51.513671875
66990,64.8193359375
67060,42.8466796875
67393,54.6875
67825,67.07763671875
68416,51.20849609375
73959,62.92724609375
79023,40.34423828125
79170,45.59326171875
79198,57.7392578125
79247,81.97021484375
79616,60.05859375
79745,40.46630859375
80007,57.67822265625
80192,44.73876953125
80419,51.26953125
80976,57.2509765625
90048,51.7578125
90276,73.6083984375
90327,57.43408203125
90507,40.0390625
90755,53.52783203125
91287,55.5419921875
91636,48.40087890625
101052,43.02978515625
101197,46.20361328125
101257,75.68359375
101350,56.09130859375
101447,42.78564453125
101679,75.98876953125
102519,42.724609375
111348,40.4052734375
111606,63.29345703125
111852,39.4287109375
112128,59.326171875
112765,58.7158203125
123931,43.8232421875
123966,39.4287109375
124024,65.97900390625
124053,40.8935546875
124196,49.13330078125
124458,59.5703125
124876,61.279296875
124908,41.44287109375
125335,56.70166015625
125815,50.23193359375
135843,43.9453125
135949,49.1943359375
136089,63.720703125
136106,40.95458984375
136163,68.66455078125
136185,41.19873046875
136387,44.43359375
136470,39.97802734375
136532,62.19482421875
136584,53.52783203125
136807,38.9404296875
136921,52.91748046875
137054,58.16650390625
137080,39.6728515625
137263,69.3359375
137478,53.64990234375
147411,42.3583984375
147554,56.21337890625
147588,66.5283203125
147706,59.02099609375
147771,45.41015625
147792,57.55615234375
148095,45.71533203125
148182,61.95068359375
148343,43.39599609375
148528,40.771484375
148579,55.48095703125
148661,65.4296875
148756,39.0625
148859,42.48046875
148911,43.45703125
149243,56.70166015625
149365,51.45263671875
149768,53.16162109375
157757,40.0390625
157876,40.6494140625
157994,46.875
158171,46.32568359375
158215,56.640625
158365,40.771484375
158410,43.88427734375
158663,64.75830078125
158710,39.12353515625
159156,59.87548828125
174104,41.015625
174225,47.42431640625
174309,71.10595703125
174340,47.119140625
174409,68.29833984375
174470,42.66357421875
174763,69.9462890625
175036,42.54150390625
175178,63.04931640625
175247,41.1376953125
175599,53.16162109375
176090,54.19921875
185888,40.34423828125
186346,60.60791015625
187381,46.7529296875
187489,45.10498046875
187550,51.94091796875
187683,67.2607421875
187894,65.49072265625
188090,55.11474609375
188120,39.24560546875
188149,43.8232421875
188387,47.9736328125
188505,41.07666015625
188519,52.18505859375
188952,58.349609375
189150,44.3115234375
189721,49.74365234375
199773,62.6220703125
201630,57.31201171875
202785,48.828125
204077,42.78564453125
204229,50.048828125
204360,73.486328125
204390,46.56982421875
204400,45.0439453125
204557,42.96875
204755,62.1337890625
205149,49.25537109375
205297,55.2978515625
205440,49.37744140625
205603,49.072265625
206020,56.15234375
206531,44.86083984375
216607,58.28857421875
217946,48.583984375
226137,40.83251953125
226228,46.142578125
226291,71.22802734375
226361,55.2978515625
226380,70.6787109375
226551,73.486328125
226706,81.84814453125
226880,58.837890625
227055,57.31201171875
227237,43.76220703125
227273,54.74853515625
227403,50.537109375
227890,46.0205078125
228395,46.9970703125
239828,47.9736328125
240306,40.283203125
240522,45.59326171875
240872,59.326171875
240926,66.10107421875
240994,49.1943359375
241180,44.25048828125
241203,55.35888671875
241301,60.6689453125
241370,65.673828125
241544,67.2607421875
241680,43.5791015625
242081,60.302734375
242489,46.44775390625
251410,50.10986328125
252549,65.36865234375
253904,50.10986328125
258923,48.583984375
259260,51.6357421875
259813,43.8232421875
260940,55.23681640625
261049,49.6826171875
261076,71.533203125
261258,45.654296875
261279,59.9365234375
261422,47.30224609375
261440,51.20849609375
261620,39.24560546875
261808,43.212890625
261975,40.1611328125
262152,38.9404296875
262197,48.33984375
262641,51.1474609375
263123,45.7763671875
271494,60.05859375
272728,53.22265625
274164,49.49951171875
274609,50.35400390625
275375,58.2275390625
275626,51.57470703125
275757,39.1845703125
276108,40.46630859375
276582,47.2412109375
277080,50.78125
277353,71.4111328125
277999,43.51806640625
278741,54.99267578125
278874,39.794921875
278902,64.63623046875
278955,42.29736328125
279011,47.8515625
279139,50.9033203125
279186,40.10009765625
279306,54.0771484375
279456,38.87939453125
279690,55.84716796875
279701,41.748046875
280089,48.15673828125
280600,44.0673828125
284173,49.560546875
288716,54.50439453125
289181,56.09130859375
290101,61.09619140625
292373,54.01611328125
298839,55.908203125
299761,53.1005859375
299898,47.30224609375
300072,39.6728515625
300369,50.6591796875
300683,47.607421875
300697,68.29833984375
300858,40.52734375
301087,48.583984375
301118,55.84716796875
301158,65.4296875
301252,47.4853515625
301326,39.00146484375
301484,61.34033203125
301587,39.55078125
301814,57.4951171875
302175,50.1708984375
302630,45.71533203125
305990,58.7158203125
311210,51.1474609375
314217,54.19921875
315074,49.4384765625
316267,46.0205078125
318157,57.861328125
320934,49.9267578125
322559,46.20361328125
326892,67.32177734375
327014,43.3349609375
327191,42.54150390625
328538,41.1376953125
329012,46.38671875
329058,47.7294921875
329071,48.583984375
329095,40.8935546875
329193,40.283203125
329266,42.41943359375
329318,45.47119140625
329347,45.34912109375
329500,73.05908203125
329816,65.0634765625
329836,39.97802734375
333411,41.68701171875
334617,44.98291015625
338388,49.31640625
340580,55.23681640625
342000,40.22216796875
343207,48.40087890625
344338,42.90771484375
345981,53.03955078125
346402,46.5087890625
348483,46.56982421875
348982,45.95947265625
349065,46.38671875
349156,57.7392578125
349235,41.015625
349263,41.80908203125
349285,58.2275390625
349476,42.05322265625
349547,71.59423828125
349892,42.41943359375
349920,57.06787109375
350003,46.0205078125
350062,43.76220703125
350259,41.32080078125
350391,42.54150390625
359101,50.29296875
360689,56.2744140625
361243,46.0205078125
361469,41.259765625
361656,41.80908203125
362135,45.10498046875
362358,41.44287109375
363059,39.24560546875
363215,44.25048828125
364674,41.80908203125
365391,43.51806640625
365484,43.212890625
365777,69.64111328125
367386,45.83740234375
367498,40.10009765625
367648,45.0439453125
367692,40.0390625
367716,39.4287109375
367838,44.0673828125
367904,46.32568359375
367918,49.4384765625
368049,45.654296875
368120,61.767578125
368560,48.40087890625
376637,46.32568359375
377529,50.23193359375
379586,47.54638671875
379597,47.05810546875
381110,46.93603515625
381700,46.0205078125
383339,43.76220703125
384388,44.189453125
384895,41.44287109375
385904,48.03466796875
386064,40.83251953125
386091,39.48974609375
386145,40.771484375
386251,61.279296875
386402,42.78564453125
386444,52.06298828125
386491,64.208984375
386546,39.73388671875
386560,45.654296875
386713,49.86572265625
386797,62.31689453125
387037,40.83251953125
396473,51.08642578125
397111,51.20849609375
397931,52.06298828125
398645,44.73876953125
399283,42.724609375
400399,45.2880859375
402755,40.83251953125
403106,49.31640625
403193,39.4287109375
403231,42.8466796875
403285,49.25537109375
403323,64.8193359375
403357,43.0908203125
403395,44.37255859375
403423,58.89892578125
403500,43.15185546875
403548,39.12353515625
403620,61.767578125
403924,39.61181640625
403962,54.87060546875
404456,47.42431640625
411996,41.3818359375
412624,44.49462890625
413466,45.166015625
415363,45.59326171875
416662,49.4384765625
417960,44.0673828125
418353,46.142578125
418384,64.27001953125
418495,46.2646484375
418549,73.6083984375
418632,57.12890625
418763,51.513671875
418905,62.8662109375
418984,43.15185546875
419199,39.55078125
419238,39.306640625
419273,62.01171875
419437,44.189453125
419673,58.41064453125
428080,57.92236328125
430427,49.4384765625
431484,40.8935546875
431955,44.189453125
432234,51.025390625
432298,47.9736328125
432354,44.3115234375
432409,48.03466796875
432468,40.1611328125
432480,59.4482421875
432832,49.01123046875
433226,56.15234375
441516,47.2412109375
441926,40.0390625
442298,51.81884765625
444434,41.07666015625
445205,40.34423828125
445825,40.22216796875
445886,47.66845703125
445970,39.9169921875
446018,39.1845703125
446084,78.91845703125
446096,43.76220703125
446119,49.86572265625
446187,45.22705078125
446331,50.537109375
446361,42.1142578125
446410,50.84228515625
446710,39.73388671875
454822,50.10986328125
455347,52.3681640625
456212,39.85595703125
457400,40.283203125
460115,45.83740234375
460397,41.6259765625
460434,42.8466796875
460474,42.96875
460493,41.56494140625
460616,66.5283203125
460843,42.6025390625
460951,59.26513671875
461343,48.33984375
468300,44.5556640625
469539,47.30224609375
469817,39.306640625
470322,42.54150390625
473295,39.306640625
474498,48.03466796875
474542,40.0390625
474740,51.3916015625
474752,57.861328125
474771,40.46630859375
474800,42.78564453125
474854,43.88427734375
474966,38.87939453125
475085,59.87548828125
475215,42.3583984375
475357,39.1845703125
475494,53.7109375
483492,44.00634765625
483896,44.189453125
484381,41.9921875
485401,42.724609375
486108,41.19873046875
486840,44.98291015625
488557,46.9970703125
488598,41.68701171875
488713,50.84228515625
488791,39.1845703125
488822,68.66455078125
489062,43.15185546875
489116,61.95068359375
489188,41.259765625
489450,49.9267578125
489472,40.34423828125
489657,44.677734375
492306,43.15185546875
497413,42.29736328125
498404,40.34423828125
500878,45.0439453125
502589,41.8701171875
502599,45.8984375
502640,42.29736328125
502684,58.41064453125
502779,71.8994140625
502936,46.20361328125
503098,39.0625
503117,70.6787109375
503270,56.09130859375
503290,52.001953125
503459,55.6640625
503478,38.87939453125
504032,39.36767578125
512011,46.142578125
512693,48.03466796875
513263,47.30224609375
513951,42.78564453125
514248,38.87939453125
515214,42.236328125
516725,38.9404296875
517281,40.58837890625
517341,44.921875
517397,48.095703125
517469,57.92236328125
517564,56.884765625
517607,43.5791015625
517780,53.466796875
517799,62.98828125
518159,57.373046875
518340,41.44287109375
526800,49.01123046875
527266,39.36767578125
528994,41.015625
530576,39.794921875
530716,45.0439453125
530864,60.05859375
530892,39.73388671875
530913,50.59814453125
530964,40.52734375
531125,39.1845703125
531208,53.28369140625
531463,42.8466796875
531571,54.01611328125
538919,42.1142578125
540421,39.794921875
543183,43.701171875
543473,47.8515625
543580,52.001953125
543641,62.07275390625
543794,53.03955078125
544017,60.48583984375
551763,42.66357421875
552466,44.37255859375
553429,45.654296875
554649,45.34912109375
555446,38.9404296875
555536,49.25537109375
555573,43.88427734375
555623,39.4287109375
555720,59.50927734375
555794,46.93603515625
556009,61.1572265625
556038,40.4052734375
556408,62.80517578125
556676,42.1142578125
556780,40.83251953125
560348,45.654296875
560759,43.15185546875
567408,39.48974609375
567793,57.4951171875
569484,56.82373046875
569547,38.9404296875
569568,44.43359375
569659,55.908203125
569671,45.7763671875
570105,67.44384765625
570289,39.73388671875
578377,46.0205078125
578934,44.5556640625
580137,50.59814453125
582011,44.25048828125
582180,46.08154296875
582236,63.720703125
582278,40.95458984375
582296,41.6259765625
582470,43.701171875
582481,47.66845703125
582572,60.60791015625
590804,50.96435546875
591712,44.3115234375
593320,45.5322265625
594057,41.6259765625
594887,57.9833984375
594923,49.072265625
594990,40.771484375
595084,67.44384765625
595179,41.1376953125
595384,40.771484375
595467,62.5
595895,62.01171875
601501,45.83740234375
604452,39.9169921875
605432,46.9970703125
608329,50.4150390625
608407,40.283203125
608492,41.3818359375
608529,39.36767578125
608563,65.97900390625
608748,47.36328125
608889,81.60400390625
609277,60.1806640625
614903,45.5322265625
619123,62.19482421875
621299,39.55078125
623196,47.66845703125
623270,46.630859375
623387,38.87939453125
623418,79.58984375
623506,41.32080078125
623711,64.208984375
623820,43.701171875
623853,40.34423828125
624063,59.26513671875
631293,42.78564453125
631653,45.654296875
637267,52.55126953125
638384,39.00146484375
641258,49.072265625
641338,39.0625
641423,44.189453125
641443,46.630859375
641764,48.40087890625
641814,62.07275390625
641829,42.1142578125
641993,53.40576171875
642262,56.82373046875
642582,40.4052734375
642619,39.12353515625
651414,41.9921875
656812,49.62158203125
656838,38.87939453125
656892,40.46630859375
656932,51.3916015625
656944,89.66064453125
657229,42.66357421875
657280,75.37841796875
657353,39.85595703125
657603,58.10546875
666799,42.236328125
667965,44.0673828125
669923,46.08154296875
670920,40.283203125
671151,74.52392578125
671300,41.9921875
671463,62.01171875
671677,44.3115234375
671741,43.15185546875
671829,58.65478515625
671927,43.39599609375
671959,44.49462890625
680073,44.12841796875
684997,41.32080078125
686121,47.7294921875
686167,49.072265625
686293,77.45361328125
686607,40.283203125
686618,66.10107421875
686977,69.15283203125
688072,46.5087890625
701925,53.1005859375
702071,40.83251953125
702099,40.58837890625
702155,48.76708984375
702169,79.16259765625
702269,39.85595703125
702447,49.072265625
702490,60.11962890625
702514,40.8935546875
702761,46.0205078125
702942,44.25048828125
711683,44.43359375
714528,43.02978515625
715281,40.71044921875
715600,40.771484375
715653,41.015625
715752,47.8515625
715844,48.27880859375
716170,63.4765625
716356,53.28369140625
716367,40.95458984375
727769,44.43359375
730265,41.015625
731256,64.453125
732064,44.189453125
732237,44.7998046875
732337,60.9130859375
732362,38.9404296875
732374,44.43359375
732769,43.15185546875
732805,39.12353515625
732823,66.0400390625
733026,42.236328125
733480,40.8935546875
733575,56.884765625
740747,44.37255859375
743327,42.48046875
747494,58.7158203125
747604,40.1611328125
747627,43.02978515625
747670,40.10009765625
747691,56.57958984375
747723,40.83251953125
747960,49.31640625
748083,43.27392578125
748123,39.9169921875
762460,55.60302734375
762564,63.4765625
762634,45.2880859375
762718,42.05322265625
762995,60.85205078125
763096,39.794921875
763205,39.36767578125
763887,55.72509765625
767666,40.52734375
775642,49.560546875
775805,42.05322265625
776755,61.4013671875
778167,42.17529296875
778250,39.9169921875
778308,44.921875
778333,63.29345703125
778354,45.47119140625
778542,53.1005859375
778659,45.59326171875
778742,52.30712890625
778921,51.57470703125
790120,45.22705078125
791015,68.05419921875
800849,45.71533203125
800983,48.2177734375
801052,47.2412109375
801113,65.36865234375
801136,53.466796875
801255,39.6728515625
801433,43.8232421875
801459,52.79541015625
801803,71.10595703125
815083,42.29736328125
825571,50.72021484375
825998,52.734375
829331,48.33984375
829448,45.654296875
829468,60.6689453125
829508,39.00146484375
829558,46.2646484375
829613,54.26025390625
829628,64.75830078125
829647,55.908203125
829782,39.00146484375
829977,58.10546875
830440,42.29736328125
830474,42.8466796875
843261,44.5556640625
854380,68.84765625
862665,42.96875
862743,42.29736328125
862815,51.69677734375
862826,48.64501953125
862908,43.9453125
862962,65.91796875
862992,47.9736328125
863012,73.54736328125
863071,55.11474609375
863105,75.927734375
863233,39.97802734375
863311,66.2841796875
863402,41.9921875
863635,38.9404296875
877130,50.29296875
877816,60.302734375
887308,53.7109375
887816,39.00146484375
887856,57.373046875
887869,47.607421875
887917,57.0068359375
888264,42.66357421875
888300,65.4296875
888407,50.9033203125
888667,65.24658203125
900011,54.13818359375
909576,49.072265625
910276,65.5517578125
911252,62.8662109375
913554,51.08642578125
913734,56.2744140625
913872,43.15185546875
913916,42.236328125
913984,69.88525390625
914056,43.64013671875
914302,44.0673828125
925542,60.791015625
934763,60.1806640625
935279,49.6826171875
935964,66.89453125
937909,55.35888671875
937980,44.921875
938054,53.03955078125
938076,46.142578125
938096,75.1953125
938226,43.15185546875
938522,54.38232421875
938767,53.64990234375
948639,55.60302734375
959458,64.3310546875
969859,54.6875
973142,52.91748046875
973417,52.55126953125
973792,49.74365234375
983930,62.744140625
1003230,62.98828125
1025012,63.4765625
1032604,61.4013671875
1053806,55.72509765625
1064849,46.5087890625
1090507,73.54736328125
1090945,70.25146484375
1091085,48.64501953125
1091250,65.185546875
1091361,48.095703125
1091526,63.65966796875
1091810,55.35888671875
1092125,48.7060546875
1092482,47.36328125
1105800,57.9833984375
1107516,54.931640625
1107676,54.38232421875
1108230,61.70654296875
1108556,39.1845703125
1108698,58.41064453125
1109220,55.2978515625
1129058,60.85205078125
1171736,39.1845703125
1182776,68.29833984375
1275889,41.19873046875
1276058,44.189453125
1276106,73.3642578125
1276548,72.44873046875
1276738,54.3212890625
1276919,70.068359375
1276984,41.50390625
1277200,67.626953125
1277486,50.9033203125
1277559,46.32568359375
1277740,47.36328125
1277857,44.0673828125
1278000,48.40087890625
1278310,39.24560546875
1278675,41.6259765625
1279169,60.24169921875
1302257,62.56103515625
1302876,61.5234375
1303087,52.42919921875
1303195,68.4814453125
1303335,57.373046875
1303482,73.2421875
1303766,42.54150390625
1303926,46.630859375
1304058,46.142578125
1304384,58.77685546875
1304517,48.03466796875
1304763,42.8466796875
1314191,74.40185546875
1339057,39.48974609375
1377008,39.97802734375
1377467,67.5048828125
1377613,42.3583984375
1377719,56.7626953125
1377790,46.81396484375
1378071,85.02197265625
1378196,65.97900390625
1378347,65.7958984375
1378385,65.0634765625
1378401,42.48046875
1378465,52.30712890625
1378504,40.1611328125
1378619,69.76318359375
1378665,81.23779296875
1378765,40.46630859375
1378806,41.3818359375
1378938,59.87548828125
1379206,54.8095703125
1379548,47.54638671875
1379914,52.3681640625
1380302,45.47119140625
1418651,59.63134765625
1443815,47.66845703125
1444151,67.3828125
1444669,57.55615234375
1444737,49.37744140625
1445016,45.2880859375
1445054,67.626953125
1445304,42.6025390625
1445338,59.26513671875
1445628,58.2275390625
1445968,56.45751953125
1446344,49.560546875
1446745,52.734375
1475307,55.84716796875
1475968,39.1845703125
1509938,77.0263671875
1511592,76.84326171875
1511686,42.48046875
1512015,45.71533203125
1512329,41.6259765625
1512373,59.99755859375
1512690,57.7392578125
1512997,53.1005859375
1513187,43.02978515625
1513362,52.3681640625
1513902,58.10546875
1529775,63.8427734375
1530615,59.38720703125
1530944,47.54638671875
1530966,83.31298828125
1531082,61.5234375
1531144,75.68359375
1531484,63.29345703125
1531834,46.56982421875
1532254,57.06787109375
1532681,54.0771484375
1550045,58.7158203125
1551156,52.978515625
1552180,50.78125
1552353,60.11962890625
1562211,58.7158203125
1564721,66.34521484375
1566093,57.2509765625
1573084,70.86181640625
1574209,64.63623046875
1584044,39.6728515625
1584431,63.53759765625
1585054,64.14794921875
1585485,38.9404296875
1585647,52.55126953125
1586019,50.84228515625
1586157,56.5185546875
1586537,41.9921875
1586611,51.7578125
1587009,53.7109375
1587551,49.4384765625
1602659,69.9462890625
1619797,63.720703125
1633299,66.10107421875
1633530,39.9169921875
1633792,39.00146484375
1633962,76.84326171875
1633972,55.35888671875
1634041,44.5556640625
1634140,62.744140625
1634233,41.8701171875
1634251,46.93603515625
1634416,74.52392578125
1634461,65.7958984375
1634578,57.373046875
1634630,54.01611328125
1634644,42.05322265625
1634668,38.87939453125
1634715,58.4716796875
1634852,58.2275390625
1634998,41.1376953125
1635171,41.50390625
1635241,44.0673828125
1635269,62.5
1635604,44.12841796875
1658653,63.1103515625
1668951,52.24609375
1678052,63.96484375
1678631,39.794921875
1679051,67.81005859375
1680074,71.533203125
1706142,63.1103515625
1707376,62.19482421875
1718466,65.91796875
1719163,62.92724609375
1719560,44.5556640625
1719666,58.41064453125
1719907,52.55126953125
1720198,51.94091796875
1720305,42.17529296875
1720326,38.87939453125
1720565,61.58447265625
1720725,41.93115234375
1720743,39.0625
1720955,57.31201171875
1721405,44.0673828125
1721878,62.6220703125
1744021,58.4716796875
1751305,68.7255859375
1772008,66.34521484375
1779722,65.4296875
1787760,52.6123046875
1788600,58.16650390625
1789050,55.48095703125
1790656,45.95947265625
1790821,64.75830078125
1791361,46.44775390625
1791373,66.89453125
1791797,49.37744140625
1791820,63.65966796875
1792287,52.490234375
1792730,57.55615234375
1793336,63.720703125
1794066,51.025390625
1802955,59.2041015625
1818304,71.2890625
1828450,45.7763671875
1828698,72.57080078125
1828832,48.76708984375
1828943,46.44775390625
1829317,63.53759765625
1829340,39.85595703125
1829612,49.13330078125
1829645,48.7060546875
1829746,58.349609375
1830202,61.09619140625
1830667,60.97412109375
1831415,55.908203125
1845469,68.17626953125
1846604,59.6923828125
1887942,69.88525390625
1888743,67.56591796875
1889206,67.44384765625
1889722,60.302734375
1890538,51.08642578125
1902187,65.3076171875
1917568,72.57080078125
1918031,62.07275390625
1918533,61.5234375
1918683,60.97412109375
1918965,49.86572265625
1919197,57.92236328125
1919310,62.1337890625
1919556,44.0673828125
1919653,52.06298828125
1919980,50.96435546875
1920343,48.27880859375
1920549,39.6728515625
1920793,48.7060546875
1943798,58.53271484375
1944739,56.70166015625
1944823,63.53759765625
1945035,42.41943359375
1945052,40.58837890625
1945275,65.49072265625
1945835,53.64990234375
1946406,65.7958984375
1970885,58.2275390625
1990962,70.98388671875
1991635,60.4248046875
1992305,46.81396484375
1992407,54.87060546875
1992948,51.69677734375
1993522,59.87548828125
2013262,64.39208984375
2014211,63.04931640625
2052889,43.9453125
2053252,75.5615234375
2053554,78.7353515625
2053595,42.96875
2053669,64.453125
2054006,44.12841796875
2054070,46.7529296875
2054208,59.14306640625
2055747,64.51416015625
2124068,43.8232421875
2124290,55.5419921875
2124396,68.7255859375
2125398,62.92724609375
2155082,56.640625
2155130,68.4814453125
2155165,46.44775390625
2155437,59.814453125
2155663,42.1142578125
2155712,65.673828125
2155743,40.58837890625
2155841,54.87060546875
2155966,41.015625
2156005,52.79541015625
2156271,61.6455078125
2156285,39.0625
2156606,46.32568359375
2156647,55.60302734375
2156777,65.73486328125
2156814,83.984375
2157054,41.32080078125
2157209,44.73876953125
2157354,64.02587890625
2157380,51.45263671875
2157519,55.6640625
2157645,50.1708984375
2157743,39.00146484375
2157802,60.4248046875
2157898,43.02978515625
2158023,58.53271484375
2175332,55.84716796875
2194551,60.4248046875
2246037,66.650390625
2248543,54.6875
2269343,55.35888671875
2270333,62.19482421875
2273125,58.7158203125
2274411,56.2744140625
2279301,51.33056640625
2279836,49.6826171875
2280203,59.08203125
2280307,45.7763671875
2280512,41.6259765625
2281145,45.95947265625
2282158,39.73388671875
2282466,41.8701171875
2283355,47.54638671875
2284608,39.12353515625
2303088,52.978515625
2303311,39.0625
2303833,58.53271484375
2303847,40.4052734375
2303953,70.556640625
2304253,41.68701171875
2304285,42.3583984375
2304401,40.0390625
2304437,39.24560546875
2304499,55.17578125
2304563,66.162109375
2304707,47.607421875
2304718,39.24560546875
2304836,49.072265625
2304986,60.85205078125
2305001,39.00146484375
2305317,57.2509765625
2305977,39.48974609375
2355973,48.095703125
2356190,59.50927734375
2357000,65.185546875
2357538,47.30224609375
2358051,61.8896484375
2358856,68.359375
2359096,47.8515625
2359407,70.12939453125
2359719,47.4853515625
2359874,56.57958984375
2360274,42.29736328125
2360492,58.04443359375
2368664,61.03515625
2368821,54.26025390625
2369655,54.8095703125
2373621,49.86572265625
2396837,39.306640625
2401659,47.91259765625
2402168,41.93115234375
2402535,61.82861328125
2416897,41.8701171875
2417396,69.7021484375
2417960,62.56103515625
2418068,63.29345703125
2418274,67.5048828125
2419030,59.63134765625
2419218,62.255859375
2419382,47.4853515625
2419719,62.255859375
2419775,46.7529296875
2420062,52.1240234375
2420427,57.80029296875
2420564,42.724609375
2420869,50.78125
2420952,41.50390625
2471735,48.583984375
2471850,40.4052734375
2471877,46.0205078125
2472090,66.95556640625
2472172,65.7958984375
2472188,43.45703125
2472316,57.92236328125
2472657,62.3779296875
2472759,39.1845703125
2473011,48.33984375
2473322,58.16650390625
2473999,53.16162109375
2514884,39.24560546875
2515345,77.20947265625
2519391,68.359375
2536507,57.6171875
2570568,56.640625
2570680,40.52734375
2571153,70.556640625
2571456,57.55615234375
2571644,52.79541015625
2571762,42.66357421875
2571992,48.2177734375
2572041,79.77294921875
2572064,83.1298828125
2572129,40.95458984375
2572409,65.36865234375
2572469,56.0302734375
2572729,49.31640625
2572769,45.83740234375
2573079,62.19482421875
2573131,39.4287109375
2573468,51.26953125
2573988,57.4951171875
2610177,76.35498046875
2611078,56.21337890625
2611395,39.4287109375
2611860,48.03466796875
2612122,57.2509765625
2612510,48.095703125
2690493,40.8935546875
2707727,58.2275390625
2722419,76.2939453125
2723191,72.69287109375
2723587,50.23193359375
2723746,65.00244140625
2723988,48.64501953125
2724198,67.07763671875
2724638,44.49462890625
2724792,46.142578125
2725096,65.7958984375
2725201,41.19873046875
2725564,51.57470703125
2725814,40.34423828125
2725974,44.921875
2775700,70.73974609375
2776808,42.41943359375
2777769,46.08154296875
2778736,44.189453125
2869763,65.24658203125
2899571,66.5283203125
2921704,39.97802734375
2921844,72.265625
2922477,66.7724609375
2922532,48.40087890625
2922864,44.7998046875
2922909,64.0869140625
2923146,39.85595703125
2923301,63.04931640625
2923443,46.142578125
2923617,57.861328125
2923734,45.2880859375
2923966,52.79541015625
2924165,48.76708984375
3003834,59.326171875
3016123,40.6494140625
3016348,40.95458984375
3016400,72.08251953125
3016843,63.29345703125
3016971,43.45703125
3016997,40.1611328125
3017059,47.42431640625
3017113,86.3037109375
3017129,43.5791015625
3017166,43.212890625
3017199,69.39697265625
3017262,58.77685546875
3017298,72.69287109375
3017324,65.3076171875
3017435,62.3779296875
3017450,41.6259765625
3017489,55.11474609375
3017586,41.1376953125
3017605,73.2421875
3017639,66.5283203125
3017656,49.62158203125
3017763,39.61181640625
3017799,57.43408203125
3017885,67.626953125
3017926,46.56982421875
3017990,40.71044921875
3018156,49.13330078125
3018205,58.9599609375
3018271,40.58837890625
3018305,50.10986328125
3018356,39.0625
3018443,44.7998046875
3018472,54.0771484375
3018483,49.9267578125
3018790,56.82373046875
3018810,43.45703125
3018986,39.61181640625
3019106,56.09130859375
3019156,55.908203125
3019409,43.02978515625
3019562,42.90771484375
3019706,41.1376953125
3019883,45.41015625
3024013,44.00634765625
3035992,55.2978515625
3036544,57.373046875
3037705,45.47119140625
3037944,47.4853515625
3051292,61.8896484375
3067669,69.82421875
3067764,45.41015625
3068203,42.05322265625
3068370,66.95556640625
3068977,44.25048828125
3136333,85.693359375
3136849,67.138671875
3136974,51.8798828125
3137239,55.48095703125
3137260,48.88916015625
3137565,42.29736328125
3137592,74.15771484375
3137871,57.4951171875
3137946,52.55126953125
3138276,55.84716796875
3138772,49.62158203125
3197111,69.51904296875
3197713,73.486328125
3197835,42.3583984375
3198198,54.19921875
3198244,77.81982421875
3198651,68.9697265625
3199048,58.04443359375
3199624,53.03955078125
3266810,72.021484375
3269091,49.74365234375
3269854,71.59423828125
3385450,61.5234375
3410575,64.63623046875
3466493,68.78662109375
3466839,49.01123046875
3508932,39.73388671875
3555540,62.19482421875
3555792,41.68701171875
3556297,54.38232421875
3556351,81.4208984375
3556936,41.50390625
3587601,67.9931640625
3726912,75.62255859375
3727442,52.06298828125
3727803,74.03564453125
3727913,47.18017578125
3728256,47.9736328125
3728355,64.63623046875
3864506,66.162109375
3877383,50.78125
3877486,52.24609375
3877529,41.748046875
3877611,40.8935546875
3877646,69.03076171875
3877699,39.4287109375
3877803,40.0390625
3877855,57.12890625
3878227,45.22705078125
3878352,58.349609375
3878472,55.7861328125
3878652,45.41015625
3878803,62.01171875
3878845,41.015625
3879017,40.771484375
3879219,66.650390625
3879489,58.4716796875
3879584,44.677734375
3880008,41.50390625
3880090,78.125
3894582,58.28857421875
3929897,67.87109375
3930075,71.1669921875
3953497,70.068359375
3980728,60.791015625
3982845,66.83349609375
4013610,39.794921875
4209602,48.9501953125
4209985,66.7724609375
4210075,48.095703125
4210404,42.48046875
4210538,78.91845703125
4210713,46.81396484375
4211179,39.97802734375
4211526,64.3310546875
4211813,66.95556640625
4211901,47.30224609375
4212174,61.34033203125
4228759,72.44873046875
4228884,42.96875
4229615,43.45703125
4229891,61.4013671875
4230270,48.40087890625
4241506,39.306640625
4257622,66.95556640625
4258264,69.03076171875
4258357,57.92236328125
4258410,40.71044921875
4258470,42.3583984375
4258591,39.55078125
4258631,72.32666015625
4258669,46.56982421875
4258875,40.10009765625
4258940,97.412109375
4259266,60.97412109375
4259552,59.326171875
4259905,51.3916015625
4270128,72.08251953125
4283456,41.68701171875
4289800,63.29345703125
4305514,62.68310546875
4306103,68.66455078125
4306189,46.44775390625
4306419,50.9033203125
4306475,65.7958984375
4306606,39.36767578125
4306633,41.6259765625
4306808,69.76318359375
4306992,50.84228515625
4307141,61.1572265625
4338581,67.93212890625
4338713,42.29736328125
4412693,60.48583984375
4413278,48.7060546875
4413443,69.9462890625
4413613,49.25537109375
4413893,54.26025390625
4414253,81.11572265625
4414532,50.35400390625
4414563,65.97900390625
4414902,54.62646484375
4415346,50.35400390625
4441835,67.87109375
4442827,40.83251953125
4442924,65.5517578125
4443679,56.09130859375
4454402,39.36767578125
4454412,81.298828125
4454504,44.00634765625
4454653,52.67333984375
4454670,45.34912109375
4454727,55.72509765625
4454764,53.64990234375
4454795,76.416015625
4454854,81.6650390625
4454889,59.50927734375
4454940,45.71533203125
4454973,48.88916015625
4455066,41.1376953125
4455087,67.2607421875
4455097,57.373046875
4455162,39.36767578125
4455218,61.4013671875
4455330,53.52783203125
4455356,47.36328125
4455578,54.13818359375
4455859,52.001953125
4468496,66.7724609375
4469550,42.3583984375
4470119,41.44287109375
4470150,66.58935546875
4470373,46.93603515625
4477874,61.82861328125
4478132,66.46728515625
4478655,53.52783203125
4492161,51.33056640625
4506869,66.5283203125
4512515,70.37353515625
4561612,41.015625
4565845,69.9462890625
4565880,60.97412109375
4565955,47.7294921875
4566028,50.96435546875
4566068,47.119140625
4566106,41.56494140625
4566126,83.06884765625
4566179,78.06396484375
4566305,55.60302734375
4566322,64.8193359375
4566353,59.4482421875
4566396,52.79541015625
4566439,66.58935546875
4566517,48.4619140625
4566614,43.212890625
4566694,47.18017578125
4566903,43.39599609375
4566971,63.17138671875
4567297,54.87060546875
4590305,68.84765625
4592224,57.0068359375
4592409,45.34912109375
4617678,49.62158203125
4618095,50.72021484375
4620029,73.3642578125
4639425,66.40625
4640008,74.951171875
4640126,75.439453125
4640210,41.259765625
4640263,40.283203125
4640281,40.95458984375
4640320,41.9921875
4640380,47.54638671875
4640401,65.91796875
4640453,56.33544921875
4640487,57.18994140625
4640502,46.9970703125
4640636,39.00146484375
4640670,62.92724609375
4640742,65.97900390625
4640927,69.64111328125
4640991,44.0673828125
4641004,39.61181640625
4641181,41.07666015625
4641505,52.42919921875
4673945,66.46728515625
4674095,76.66015625
4674163,53.7109375
4674212,39.306640625
4674271,62.07275390625
4674300,39.97802734375
4674341,75.74462890625
4674363,51.57470703125
4674480,47.4853515625
4674497,56.884765625
4674603,62.3779296875
4674624,47.54638671875
4674671,56.09130859375
4674761,66.5283203125
4674862,50.9033203125
4675255,50.23193359375
4685981,55.419921875
4694508,62.01171875
4700115,54.13818359375
4702378,39.48974609375
4702471,62.01171875
4702547,63.232421875
4702602,58.2275390625
4702752,45.47119140625
4702881,43.76220703125
4702915,66.22314453125
4703013,51.1474609375
4703219,60.36376953125
4703603,55.60302734375
4713073,60.1806640625
4713765,48.33984375
4718295,53.52783203125
4718495,59.08203125
4718754,59.75341796875
4720519,51.69677734375
4721835,73.2421875
4721935,64.3310546875
4722013,39.24560546875
4722041,41.6259765625
4722086,51.69677734375
4722104,49.01123046875
4722164,42.66357421875
4722206,56.7626953125
4722326,40.58837890625
4722483,71.4111328125
4722905,60.546875
4732912,53.16162109375
4733135,47.36328125
4734650,59.75341796875
4740768,39.306640625
4741330,63.1103515625
4741419,56.21337890625
4741442,80.6884765625
4741579,47.8515625
4741649,48.9501953125
4741730,60.48583984375
4741968,50.35400390625
4742000,46.7529296875
4742302,49.8046875
4742314,47.30224609375
4753815,63.41552734375
4754486,57.9833984375
4755079,61.279296875
4755602,40.83251953125
4763704,61.09619140625
4764308,67.32177734375
4771084,53.1005859375
4772756,72.32666015625
4779187,70.9228515625
4779212,45.10498046875
4779262,65.85693359375
4779288,58.349609375
4779302,40.46630859375
4779393,55.11474609375
4779552,63.90380859375
4779585,44.61669921875
4779638,58.837890625
4779792,49.4384765625
4779824,45.166015625
4779952,45.22705078125
4780015,58.53271484375
4790841,72.509765625
4790933,48.2177734375
4790967,89.05029296875
4791247,46.44775390625
4791416,50.78125
