4798001,0
8067,135.6201171875
8405,139.404296875
8914,116.39404296875
9379,164.306640625
18413,140.0146484375
22839,135.8642578125
27567,163.0859375
51014,164.73388671875
61747,170.10498046875
67237,150.390625
70871,121.9482421875
71005,147.0947265625
82039,152.40478515625
82111,122.6806640625
91763,118.22509765625
92537,161.2548828125
110577,122.0703125
144245,146.6064453125
144269,158.935546875
144350,121.27685546875
144521,112.548828125
144577,113.22021484375
144611,150.20751953125
144931,146.8505859375
149965,124.20654296875
150137,134.09423828125
173002,122.9248046875
184624,158.14208984375
184860,113.34228515625
186649,148.193359375
209257,112.3046875
210350,157.470703125
220579,116.14990234375
228050,184.38720703125
234216,154.052734375
259745,115.53955078125
264674,164.73388671875
294345,115.05126953125
303369,139.58740234375
322424,116.14990234375
361105,117.3095703125
369415,112.1826171875
403091,162.2314453125
403129,139.16015625
438918,122.9248046875
441962,162.9638671875
446741,129.45556640625
474579,115.72265625
474722,121.58203125
474931,122.1923828125
475284,155.76171875
500121,112.9150390625
552907,116.14990234375
552970,118.408203125
553068,150.93994140625
553096,221.49658203125
553111,144.4091796875
553175,295.59326171875
553203,119.9951171875
553235,128.35693359375
553254,191.46728515625
553289,352.6611328125
553351,124.8779296875
553409,275.87890625
553421,130.67626953125
553478,153.50341796875
553535,119.140625
553553,162.2314453125
553563,174.072265625
553607,142.15087890625
553631,130.06591796875
553673,200.25634765625
553688,175.35400390625
553706,128.84521484375
553732,254.5166015625
553759,149.658203125
553774,119.384765625
553835,113.70849609375
553867,153.6865234375
553896,220.947265625
553937,166.19873046875
554010,150.20751953125
554032,163.87939453125
554044,122.1923828125
554064,152.2216796875
554076,115.1123046875
554086,152.9541015625
554172,132.568359375
554194,356.689453125
554205,271.78955078125
554231,143.6767578125
554260,121.2158203125
554286,147.76611328125
554313,135.19287109375
554329,139.95361328125
554430,162.841796875
554453,124.81689453125
554464,115.72265625
554498,246.15478515625
554510,188.8427734375
554533,203.61328125
554588,185.546875
554637,118.46923828125
554679,153.13720703125
554705,406.6162109375
554716,224.365234375
554786,134.70458984375
554908,164.24560546875
554940,118.2861328125
554975,117.49267578125
555027,119.44580078125
555099,134.21630859375
555143,124.93896484375
555153,115.1123046875
567479,145.1416015625
576288,158.3251953125
583732,147.0947265625
594078,165.71044921875
622096,115.234375
666668,122.86376953125
666833,123.59619140625
671945,116.5771484375
675342,114.3798828125
683786,115.234375
684833,170.2880859375
710118,113.70849609375
710287,154.4189453125
710329,114.92919921875
710351,175.35400390625
710402,114.68505859375
710447,288.39111328125
710526,151.85546875
710547,383.544921875
710590,146.66748046875
710601,155.3955078125
710660,117.73681640625
710699,118.1640625
710821,152.89306640625
710837,143.5546875
711175,137.51220703125
711260,119.32373046875
711284,115.41748046875
711679,112.060546875
712048,116.14990234375
719184,138.18359375
746930,268.06640625
747115,145.93505859375
750719,126.40380859375
784762,239.19677734375
784782,152.03857421875
785403,117.1875
815205,112.48779296875
848646,125.54931640625
848700,121.09375
848874,131.7138671875
848946,128.84521484375
849129,173.828125
851061,155.2734375
879051,135.07080078125
884584,115.3564453125
884609,117.98095703125
884653,116.8212890625
884739,115.05126953125
884764,306.2744140625
884775,112.9150390625
884815,193.603515625
884837,209.228515625
884859,239.31884765625
884877,311.279296875
884918,144.83642578125
884937,120.42236328125
884986,112.60986328125
885015,223.20556640625
885089,117.1875
885135,343.07861328125
885154,125.18310546875
885223,145.751953125
885239,112.3046875
885252,114.1357421875
885289,209.8388671875
885341,157.40966796875
885395,128.60107421875
885428,126.46484375
885457,138.00048828125
885519,322.1435546875
885546,244.56787109375
885576,164.9169921875
885595,122.25341796875
885618,113.037109375
885642,122.1923828125
885660,120.05615234375
885690,145.81298828125
885716,168.64013671875
885737,124.45068359375
885760,127.685546875
885770,129.33349609375
885816,124.08447265625
885851,172.9736328125
885882,157.89794921875
885913,142.2119140625
885935,129.69970703125
885992,159.3017578125
886012,189.94140625
886025,364.013671875
886081,145.99609375
886101,134.8876953125
886143,147.216796875
886160,132.4462890625
886190,148.92578125
886203,135.009765625
886276,200.98876953125
886291,115.8447265625
886338,167.54150390625
886372,168.9453125
886514,126.77001953125
886560,227.6611328125
886606,209.77783203125
905135,137.8173828125
909307,123.47412109375
921904,118.71337890625
922272,169.43359375
922328,146.91162109375
922591,121.76513671875
957414,128.11279296875
957692,141.357421875
957901,178.28369140625
957921,113.525390625
958018,120.1171875
958064,146.3623046875
990865,116.0888671875
991169,142.27294921875
991189,117.5537109375
1013932,119.56787109375
1018539,121.4599609375
1021417,112.1826171875
1029942,112.48779296875
1030130,122.6806640625
1030283,128.2958984375
1030378,126.3427734375
1030598,157.1044921875
1049207,112.73193359375
1052142,112.060546875
1072926,133.23974609375
1073196,126.220703125
1073393,115.6005859375
1087458,115.3564453125
1096533,118.59130859375
1096565,121.88720703125
1105931,113.09814453125
1106175,134.765625
1106186,133.48388671875
1106245,197.1435546875
1106295,115.78369140625
1106343,178.77197265625
1106376,226.50146484375
1106406,224.18212890625
1106419,236.38916015625
1106445,123.9013671875
1106459,362.9150390625
1106496,155.82275390625
1106519,381.7138671875
1106550,177.734375
1106563,135.25390625
1106582,326.23291015625
1106615,425.6591796875
1106631,127.197265625
1106660,163.9404296875
1106670,183.59375
1106694,196.533203125
1106719,136.65771484375
1106750,305.0537109375
1106770,167.96875
1106796,367.5537109375
1106808,147.94921875
1106819,134.94873046875
1106863,212.34130859375
1106889,235.65673828125
1106914,381.28662109375
1106935,131.77490234375
1106950,250.67138671875
1106984,177.67333984375
1106998,114.56298828125
1107020,145.99609375
1107048,158.87451171875
1107060,192.19970703125
1107088,189.0869140625
1107122,210.44921875
1107144,197.20458984375
1107170,129.94384765625
1107183,126.89208984375
1107220,198.91357421875
1107249,153.6865234375
1107288,154.541015625
1107315,178.1005859375
1107351,164.12353515625
1107368,138.671875
1107405,140.13671875
1107424,175.537109375
1107460,121.52099609375
1107488,118.65234375
1107500,127.62451171875
1107516,191.162109375
1107549,160.70556640625
1107573,120.7275390625
1107587,214.7216796875
1107630,167.8466796875
1107695,120.91064453125
1107777,140.7470703125
1107794,117.431640625
1107890,129.45556640625
1107907,135.7421875
1107930,113.95263671875
1108037,131.9580078125
1119964,113.28125
1121966,130.4931640625
1125619,171.38671875
1128505,147.5830078125
1133063,143.5546875
1137672,143.1884765625
1141452,160.0341796875
1146804,147.27783203125
1160773,128.35693359375
1161657,122.0703125
1191873,145.5078125
1191967,145.5078125
1192166,171.38671875
1192185,180.0537109375
1192234,291.80908203125
1192258,423.52294921875
1192279,125.732421875
1192314,221.3134765625
1192331,234.68017578125
1192354,448.6083984375
1192374,159.85107421875
1192418,240.478515625
1192443,390.31982421875
1192461,118.10302734375
1192476,390.380859375
1192513,185.24169921875
1192531,154.11376953125
1192564,264.892578125
1192594,193.4814453125
1192611,259.6435546875
1192624,418.0908203125
1192656,142.9443359375
1192684,192.7490234375
1192711,190.7958984375
1192723,118.65234375
1192736,253.173828125
1192760,114.31884765625
1192773,209.04541015625
1192799,130.18798828125
1192833,175.72021484375
1192851,147.15576171875
1192873,120.30029296875
1192905,257.8125
1192916,146.3623046875
1192948,196.96044921875
1192985,287.841796875
1192995,272.4609375
1193030,125.244140625
1193050,217.10205078125
1193070,165.6494140625
1193097,137.3291015625
1193130,271.66748046875
1193161,139.892578125
1193186,137.8173828125
1193221,280.2734375
1193240,154.1748046875
1193262,112.73193359375
1193284,266.66259765625
1193309,121.4599609375
1193324,157.77587890625
1193338,162.04833984375
1193355,117.00439453125
1193402,121.826171875
1193419,141.9677734375
1193451,145.3857421875
1193520,150.57373046875
1193566,117.98095703125
1193632,113.70849609375
1193711,180.35888671875
1193730,117.24853515625
1193958,125.6103515625
1193982,119.384765625
1194085,114.013671875
1210570,151.7333984375
1214486,114.44091796875
1215183,150.81787109375
1218534,136.8408203125
1221283,123.53515625
1227457,157.2265625
1242179,119.44580078125
1245945,113.4033203125
1257511,116.51611328125
1257658,114.013671875
1258060,114.6240234375
1258245,112.3046875
1260498,138.427734375
1260757,179.62646484375
1260832,112.97607421875
1260903,135.07080078125
1260955,123.35205078125
1260978,206.84814453125
1261007,163.02490234375
1261039,136.04736328125
1261066,286.80419921875
1261076,136.1083984375
1261101,124.6337890625
1261131,150.08544921875
1261151,336.24267578125
1261172,135.80322265625
1261187,135.986328125
1261209,122.98583984375
1261232,306.5185546875
1261258,266.845703125
1261279,124.57275390625
1261320,141.4794921875
1261339,125.30517578125
1261351,165.283203125
1261387,155.029296875
1261404,395.3857421875
1261415,218.1396484375
1261456,120.78857421875
1261491,144.83642578125
1261519,156.1279296875
1261539,279.35791015625
1261551,124.51171875
1261571,118.22509765625
1261583,309.87548828125
1261613,226.98974609375
1261634,208.19091796875
1261655,183.77685546875
1261666,121.15478515625
1261696,150.0244140625
1261729,247.6806640625
1261743,147.27783203125
1261756,209.65576171875
1261776,149.84130859375
1261806,118.5302734375
1261838,185.4248046875
1261868,173.76708984375
1261903,132.2021484375
1261914,233.45947265625
1261941,185.24169921875
1261959,169.189453125
1261990,157.40966796875
1262002,155.3955078125
1262021,127.5634765625
1262055,137.14599609375
1262066,244.68994140625
1262089,119.32373046875
1262109,251.15966796875
1262138,198.54736328125
1262159,114.6240234375
1262182,168.02978515625
1262215,156.79931640625
1262240,140.68603515625
1262264,182.18994140625
1262359,167.96875
1262372,117.00439453125
1262426,161.19384765625
1262456,167.96875
1262479,151.611328125
1262610,176.81884765625
1279990,147.52197265625
1284295,135.92529296875
1342142,149.23095703125
1372476,117.0654296875
1377122,186.58447265625
1377329,114.74609375
1377391,340.8203125
1377442,144.59228515625
1377474,135.009765625
1377517,112.4267578125
1377714,176.6357421875
1377892,117.85888671875
1377935,343.44482421875
1378005,143.00537109375
1378047,138.00048828125
1378153,126.953125
1378217,142.88330078125
1378356,112.97607421875
1378437,138.48876953125
1378632,112.12158203125
1379030,131.28662109375
1379093,140.68603515625
1385954,127.8076171875
1391562,114.68505859375
1406624,132.14111328125
1426819,124.81689453125
1430258,117.919921875
1430879,154.96826171875
1430890,120.4833984375
1430938,122.49755859375
1430954,137.0849609375
1431076,117.67578125
1431108,140.7470703125
1431135,179.74853515625
1431168,277.64892578125
1431197,255.859375
1431238,124.0234375
1431287,133.544921875
1431299,357.36083984375
1431335,266.66259765625
1431357,122.4365234375
1431387,175.29296875
1431413,187.07275390625
1431439,146.17919921875
1431469,168.8232421875
1431485,372.802734375
1431503,147.27783203125
1431519,130.37109375
1431534,175.10986328125
1431558,175.35400390625
1431605,115.29541015625
1431635,160.70556640625
1431693,304.87060546875
1431759,154.541015625
1431785,205.38330078125
1431812,165.58837890625
1431851,130.55419921875
1431870,203.91845703125
1431894,145.5078125
1431944,112.1826171875
1432004,159.60693359375
1432019,112.60986328125
1432086,115.78369140625
1432168,132.26318359375
1432215,118.34716796875
1432295,121.826171875
1432407,128.23486328125
1432689,144.6533203125
1485276,123.35205078125
1485319,127.38037109375
1485370,145.20263671875
1485384,114.2578125
1485450,127.99072265625
1485467,115.78369140625
1485488,120.7275390625
1485507,149.35302734375
1485542,168.0908203125
1485563,326.66015625
1485586,353.69873046875
1485609,161.1328125
1485645,194.2138671875
1485679,206.4208984375
1485718,128.5400390625
1485747,392.9443359375
1485758,227.96630859375
1485795,261.53564453125
1485814,165.95458984375
1485850,152.83203125
1485881,403.6865234375
1485891,133.1787109375
1485934,241.39404296875
1485965,350.2197265625
1486001,338.8671875
1486033,267.51708984375
1486053,296.630859375
1486075,128.41796875
1486116,145.3857421875
1486135,228.21044921875
1486151,348.44970703125
1486183,158.203125
1486233,311.1572265625
1486250,134.33837890625
1486266,137.87841796875
1486315,114.80712890625
1486333,183.837890625
1486358,162.78076171875
1486394,301.7578125
1486447,168.45703125
1486463,200.50048828125
1486473,178.8330078125
1486516,146.54541015625
1486572,281.8603515625
1486591,399.23095703125
1486611,136.04736328125
1486649,165.58837890625
1486669,175.78125
1486832,122.55859375
1486874,242.5537109375
1486900,179.0771484375
1487006,136.41357421875
1487097,135.7421875
1487674,116.455078125
1492597,115.29541015625
1498783,120.05615234375
1498855,141.78466796875
1502659,113.22021484375
1514516,115.478515625
1525701,120.42236328125
1539102,140.625
1539151,119.0185546875
1539162,144.34814453125
1539206,120.60546875
1539224,124.267578125
1539267,146.66748046875
1539317,130.43212890625
1539366,330.2001953125
1539388,320.00732421875
1539402,183.77685546875
1539427,129.7607421875
1539448,344.05517578125
1539470,279.96826171875
1539480,263.97705078125
1539512,159.912109375
1539543,179.01611328125
1539562,450.98876953125
1539577,244.0185546875
1539616,187.07275390625
1539632,122.6806640625
1539652,255.7373046875
1539681,193.359375
1539697,318.42041015625
1539718,126.708984375
1539749,210.14404296875
1539772,180.48095703125
1539812,166.6259765625
1539843,160.400390625
1539859,468.8720703125
1539882,136.77978515625
1539911,196.47216796875
1539927,133.544921875
1539949,217.46826171875
1539961,257.2021484375
1539983,148.98681640625
1540039,124.267578125
1540066,315.12451171875
1540082,132.4462890625
1540106,162.53662109375
1540155,117.12646484375
1540183,193.66455078125
1540199,121.7041015625
1540274,192.44384765625
1540286,158.99658203125
1540296,151.55029296875
1540334,138.85498046875
1540345,151.9775390625
1540431,123.96240234375
1540497,135.1318359375
1540540,137.20703125
1540588,187.80517578125
1540632,132.99560546875
1540657,227.23388671875
1540673,141.90673828125
1540752,147.5830078125
1540851,134.521484375
1577704,112.79296875
1598505,116.5771484375
1622171,124.45068359375
1622217,137.51220703125
1622299,150.57373046875
1622367,129.0283203125
1622465,155.09033203125
1622499,138.3056640625
1622533,217.59033203125
1622547,444.091796875
1622578,178.03955078125
1622660,266.41845703125
1622689,167.66357421875
1622722,313.96484375
1622744,121.826171875
1622766,137.20703125
1622785,123.22998046875
1622824,130.43212890625
1622863,137.75634765625
1622891,226.4404296875
1622905,159.48486328125
1622924,241.63818359375
1622949,126.28173828125
1623045,129.82177734375
1623071,182.373046875
1623099,208.0078125
1623114,190.00244140625
1623204,129.69970703125
1623229,145.263671875
1623240,221.86279296875
1623276,222.83935546875
1623304,112.12158203125
1623363,156.005859375
1623465,117.49267578125
1623569,157.3486328125
1623657,126.0986328125
1623758,113.22021484375
1623937,115.66162109375
1623984,143.73779296875
1624212,114.74609375
1629169,112.97607421875
1676684,115.234375
1709905,112.73193359375
1722182,114.2578125
1742916,174.8046875
1743202,123.779296875
1770582,116.27197265625
1777726,114.68505859375
1786751,116.0888671875
1787184,112.1826171875
1787264,113.70849609375
1787276,140.19775390625
1827231,120.66650390625
1846325,118.1640625
1873223,112.4267578125
1881279,124.08447265625
1904874,114.80712890625
1912326,112.36572265625
1916630,120.66650390625
1917061,146.30126953125
1917139,115.29541015625
1917324,122.802734375
1917393,170.0439453125
1917437,114.07470703125
1917467,122.49755859375
1917902,113.525390625
1930504,118.7744140625
1971370,122.9248046875
1975686,130.06591796875
1978872,132.6904296875
1979158,122.802734375
1980543,141.2353515625
1980796,114.8681640625
1981910,112.3046875
1984322,121.337890625
1987153,122.86376953125
2008161,147.0947265625
2008426,180.60302734375
2017757,115.234375
2020517,115.05126953125
2039702,117.37060546875
2048759,117.5537109375
2061279,128.72314453125
2062112,124.81689453125
2079396,122.6806640625
2113448,113.8916015625
2123129,115.234375
2145795,118.5302734375
2146017,177.79541015625
2177738,121.76513671875
2177899,115.17333984375
2177933,153.38134765625
2177978,129.5166015625
2178018,113.83056640625
2178043,250.1220703125
2178081,231.3232421875
2178096,119.0185546875
2178136,126.708984375
2178156,196.83837890625
2178196,115.53955078125
2178219,260.43701171875
2178235,130.4931640625
2178261,194.7021484375
2178304,273.25439453125
2178329,348.14453125
2178345,138.85498046875
2178385,114.31884765625
2178446,150.81787109375
2178576,164.0625
2178617,112.4267578125
2178653,155.45654296875
2178675,200.86669921875
2178797,119.140625
2178825,112.4267578125
2179014,169.7998046875
2179090,148.92578125
2179116,155.82275390625
2179196,144.8974609375
2179289,117.61474609375
2179346,151.42822265625
2179368,136.1083984375
2179436,130.31005859375
2179446,128.60107421875
2179478,132.4462890625
2179534,302.06298828125
2179544,128.5400390625
2179591,119.20166015625
2179622,119.7509765625
2179686,209.8388671875
2179742,127.62451171875
2179769,112.73193359375
2179806,126.40380859375
2179824,164.61181640625
2179922,134.033203125
2179955,133.11767578125
2180043,190.61279296875
2180435,117.24853515625
2220282,123.96240234375
2220757,158.14208984375
2220788,121.7041015625
2221042,170.71533203125
2252946,112.60986328125
2257826,123.53515625
2258325,115.17333984375
2258475,152.77099609375
2258616,119.140625
2284483,125.79345703125
2293395,125.67138671875
2293503,118.5302734375
2293636,131.4697265625
2293689,128.84521484375
2293719,152.099609375
2293837,118.1640625
2294037,152.9541015625
2315389,115.8447265625
2319733,117.12646484375
2330386,120.30029296875
2335288,144.22607421875
2335617,145.751953125
2335667,126.03759765625
2335683,141.90673828125
2335716,164.61181640625
2335742,129.94384765625
2335784,123.22998046875
2335799,171.08154296875
2335858,360.29052734375
2335956,177.24609375
2335973,121.826171875
2336021,133.056640625
2336041,170.34912109375
2336170,126.46484375
2336199,318.7255859375
2336231,116.63818359375
2336289,119.873046875
2336340,114.68505859375
2336364,130.55419921875
2336380,139.34326171875
2336459,123.9013671875
2336512,142.51708984375
2336542,132.9345703125
2336639,143.310546875
2336927,128.60107421875
2336968,117.431640625
2337080,134.33837890625
2337687,153.80859375
2374406,120.54443359375
2374493,130.67626953125
2374597,121.27685546875
2374744,132.50732421875
2374792,140.44189453125
2374806,128.11279296875
2374828,161.07177734375
2374843,259.6435546875
2374871,164.55078125
2374887,402.34375
2374904,124.3896484375
2374919,203.2470703125
2374941,157.71484375
2374960,119.07958984375
2374990,239.56298828125
2375001,176.513671875
2375027,321.22802734375
2375055,114.013671875
2375072,162.17041015625
2375089,154.47998046875
2375105,148.5595703125
2375123,152.099609375
2375152,168.51806640625
2375183,275.57373046875
2375197,143.49365234375
2375215,140.19775390625
2375244,244.873046875
2375273,188.04931640625
2375309,293.701171875
2375326,158.5693359375
2375344,184.99755859375
2375374,145.44677734375
2375385,238.4033203125
2375411,120.05615234375
2375437,171.81396484375
2375452,166.8701171875
2375479,163.6962890625
2375493,275.45166015625
2375505,205.13916015625
2375545,188.29345703125
2375569,121.4599609375
2375640,131.89697265625
2375661,372.25341796875
2375688,120.4833984375
2375726,121.4599609375
2375754,192.68798828125
2375781,140.13671875
2375797,181.0302734375
2375816,114.68505859375
2375849,119.2626953125
2375884,174.8046875
2375925,117.67578125
2375952,112.36572265625
2375981,130.55419921875
2376003,220.39794921875
2376029,152.099609375
2376061,131.591796875
2376080,122.9248046875
2376097,161.1328125
2376125,128.5400390625
2376163,153.01513671875
2376208,117.00439453125
2376277,132.2021484375
2376347,169.98291015625
2376363,202.63671875
2376431,115.41748046875
2376635,140.80810546875
2376761,139.83154296875
2377009,129.08935546875
2457083,121.58203125
2457702,145.99609375
2457727,120.54443359375
2457762,148.74267578125
2457859,113.4033203125
2457922,122.74169921875
2457937,208.0078125
2457960,174.13330078125
2458046,248.4130859375
2458056,310.24169921875
2458084,128.7841796875
2458099,131.591796875
2458112,123.291015625
2458144,211.0595703125
2458176,136.3525390625
2458203,307.9833984375
2458233,151.7333984375
2458258,158.63037109375
2458271,135.31494140625
2458282,170.83740234375
2458305,298.828125
2458337,132.01904296875
2458358,121.4599609375
2458369,151.67236328125
2458390,357.97119140625
2458426,194.3359375
2458445,189.697265625
2458474,275.2685546875
2458509,133.11767578125
2458529,122.49755859375
2458540,116.3330078125
2458572,194.15283203125
2458616,192.56591796875
2458643,150.87890625
2458674,135.55908203125
2458700,130.859375
2458790,113.58642578125
2458874,118.2861328125
2458894,112.48779296875
2458916,119.32373046875
2458945,135.80322265625
2458986,293.9453125
2459068,269.22607421875
2459081,186.09619140625
2459104,132.87353515625
2459139,130.43212890625
2459190,122.0703125
2459241,114.8681640625
2459263,119.07958984375
2459300,128.11279296875
2459348,126.77001953125
2459385,119.140625
2459647,156.494140625
2459689,118.408203125
2460273,119.140625
2537319,123.046875
2537477,116.943359375
2537545,175.9033203125
2537566,123.10791015625
2537594,158.26416015625
2537636,193.90869140625
2537648,388.00048828125
2537676,155.6396484375
2537687,268.798828125
2537736,129.94384765625
2537786,115.78369140625
2537816,165.283203125
2537892,145.3857421875
2537912,117.61474609375
2537938,460.26611328125
2537957,251.77001953125
2538036,125.67138671875
2538051,119.0185546875
2538083,132.01904296875
2538117,120.9716796875
2538148,179.87060546875
2538193,112.6708984375
2538208,413.02490234375
2538280,176.08642578125
2538317,114.44091796875
2538376,190.73486328125
2538396,161.7431640625
2538478,154.1748046875
2538546,179.74853515625
2538580,121.39892578125
2538661,164.12353515625
2538681,152.4658203125
2539032,151.4892578125
2539170,114.013671875
2539651,117.61474609375
2548088,114.6240234375
2574617,118.95751953125
2590435,131.34765625
2590569,137.39013671875
2590809,161.19384765625
2590833,164.85595703125
2591160,133.6669921875
2591171,137.39013671875
2604542,113.58642578125
2632153,125.732421875
2632279,114.8681640625
2681456,161.56005859375
2728150,117.12646484375
2729477,142.39501953125
2729668,165.52734375
2729747,122.4365234375
2729826,150.32958984375
2729853,183.9599609375
2729867,116.14990234375
2729917,119.62890625
2729932,135.92529296875
2730086,127.86865234375
2730156,135.009765625
2730216,119.7509765625
2730237,127.99072265625
2730253,250.9765625
2730291,156.1279296875
2730326,144.22607421875
2730346,119.07958984375
2730390,142.2119140625
2730418,201.904296875
2730432,122.1923828125
2730444,125.732421875
2730514,330.38330078125
2730588,117.24853515625
2730687,124.267578125
2730817,140.80810546875
2730872,168.8232421875
2731222,113.46435546875
2731381,118.1640625
2731611,133.9111328125
2750112,114.8681640625
2797334,135.6201171875
2797404,116.02783203125
2797505,124.1455078125
2797586,116.455078125
2797608,126.3427734375
2797670,162.2314453125
2797685,151.9775390625
2797710,169.12841796875
2797727,158.0810546875
2797747,232.97119140625
2797777,366.2109375
2797795,143.9208984375
2797820,188.53759765625
2797844,327.7587890625
2797863,225.89111328125
2797890,623.53515625
2797903,423.828125
2797930,170.34912109375
2797953,172.91259765625
2797993,277.099609375
2798006,137.51220703125
2798025,304.26025390625
2798036,134.8876953125
2798048,350.09765625
2798075,225.64697265625
2798101,202.94189453125
2798128,306.640625
2798154,163.14697265625
2798181,164.794921875
2798211,234.55810546875
2798239,553.03955078125
2798249,351.6845703125
2798276,195.3125
2798287,114.19677734375
2798305,123.35205078125
2798323,210.0830078125
2798345,165.1611328125
2798375,355.28564453125
2798404,261.5966796875
2798435,122.37548828125
2798452,299.072265625
2798468,150.32958984375
2798489,128.662109375
2798513,187.255859375
2798547,170.41015625
2798560,136.962890625
2798589,143.5546875
2798618,144.83642578125
2798630,171.20361328125
2798657,229.00390625
2798679,237.24365234375
2798709,168.45703125
2798722,123.35205078125
2798738,261.71875
2798749,235.41259765625
2798777,164.36767578125
2798800,306.5185546875
2798834,310.72998046875
2798849,119.68994140625
2798869,161.9873046875
2798898,143.4326171875
2798916,190.85693359375
2798938,126.46484375
2798977,185.36376953125
2798991,144.59228515625
2799003,114.92919921875
2799014,121.27685546875
2799038,117.00439453125
2799049,205.74951171875
2799076,156.1279296875
2799105,131.4697265625
2799129,187.80517578125
2799156,117.919921875
2799177,175.47607421875
2799228,168.88427734375
2799242,209.28955078125
2799285,177.8564453125
2799295,121.76513671875
2799327,150.7568359375
2799375,119.9951171875
2799417,120.361328125
2799443,219.17724609375
2799509,117.3095703125
2799601,118.95751953125
2817989,151.67236328125
2819597,137.39013671875
2820693,137.26806640625
2824052,141.357421875
2826108,114.2578125
2827108,145.08056640625
2830235,131.53076171875
2834516,119.384765625
2837358,135.19287109375
2844052,134.46044921875
2847668,120.78857421875
2848231,134.8876953125
2853537,140.869140625
2855735,122.0703125
2861179,120.1171875
2861201,181.82373046875
2861233,285.58349609375
2861261,133.36181640625
2861273,145.08056640625
2861302,217.7734375
2861313,152.77099609375
2861338,124.57275390625
2861357,207.03125
2861384,219.78759765625
2861414,363.037109375
2861431,400.7568359375
2861456,184.6923828125
2861483,314.0869140625
2861507,603.1494140625
2861521,179.3212890625
2861544,117.73681640625
2861568,369.32373046875
2861599,431.2744140625
2861621,145.20263671875
2861637,259.70458984375
2861654,133.97216796875
2861673,212.82958984375
2861686,241.2109375
2861713,309.9365234375
2861732,303.466796875
2861759,209.04541015625
2861771,222.900390625
2861788,483.33740234375
2861827,179.50439453125
2861848,217.7734375
2861863,243.10302734375
2861892,211.48681640625
2861913,143.310546875
2861924,219.3603515625
2861943,328.61328125
2861968,201.2939453125
2862009,273.25439453125
2862028,296.20361328125
2862049,238.70849609375
2862077,162.04833984375
2862091,158.203125
2862131,137.87841796875
2862142,239.3798828125
2862174,161.43798828125
2862194,173.15673828125
2862211,126.8310546875
2862242,170.5322265625
2862262,169.00634765625
2862277,213.9892578125
2862315,155.517578125
2862331,192.19970703125
2862357,116.943359375
2862377,153.564453125
2862414,197.265625
2862449,145.1416015625
2862465,141.357421875
2862503,189.697265625
2862545,145.08056640625
2862571,234.130859375
2862589,221.98486328125
2862600,152.28271484375
2862631,143.5546875
2862651,193.7255859375
2862674,239.1357421875
2862716,174.25537109375
2862765,137.51220703125
2862782,167.1142578125
2862803,171.20361328125
2862841,143.798828125
2862860,162.90283203125
2862887,151.123046875
2862937,193.2373046875
2862959,172.2412109375
2862976,113.76953125
2862999,123.47412109375
2863053,214.111328125
2863083,123.96240234375
2863094,116.0888671875
2863144,140.56396484375
2863155,140.19775390625
2863204,119.5068359375
2863225,142.08984375
2863256,123.96240234375
2863281,139.34326171875
2863314,116.51611328125
2863342,190.49072265625
2863357,161.19384765625
2863450,116.02783203125
2863491,130.615234375
2863602,124.0234375
2863676,127.197265625
2874283,113.70849609375
2880227,137.6953125
2885379,134.46044921875
2888498,128.173828125
2890333,114.92919921875
2893616,133.97216796875
2895712,115.72265625
2896218,131.28662109375
2900381,120.05615234375
2902081,133.60595703125
2907629,129.5166015625
2916040,119.5068359375
2925644,160.09521484375
2929985,143.798828125
2930893,114.44091796875
2934439,139.892578125
2939141,158.69140625
2979733,124.08447265625
2983000,114.80712890625
2989253,115.05126953125
3002352,116.02783203125
3007892,119.7509765625
3009138,113.4033203125
3013292,171.69189453125
3016692,114.501953125
3031625,112.060546875
3047299,122.74169921875
3047341,116.455078125
3047390,119.873046875
3047422,114.68505859375
3047432,273.13232421875
3047459,133.6669921875
3047487,301.1474609375
3047501,194.091796875
3047531,251.8310546875
3047557,289.9169921875
3047575,170.7763671875
3047591,189.8193359375
3047604,220.03173828125
3047622,319.9462890625
3047652,251.40380859375
3047669,218.505859375
3047679,168.9453125
3047693,401.4892578125
3047721,394.47021484375
3047731,429.13818359375
3047755,372.74169921875
3047777,220.21484375
3047803,175.29296875
3047820,188.720703125
3047851,308.04443359375
3047865,357.666015625
3047902,353.759765625
3047913,300.23193359375
3047939,180.72509765625
3047958,363.58642578125
3047992,296.142578125
3048004,233.642578125
3048031,266.17431640625
3048054,204.7119140625
3048076,407.3486328125
3048095,241.2109375
3048123,125.67138671875
3048137,337.82958984375
3048160,295.34912109375
3048175,202.33154296875
3048203,231.4453125
3048221,123.59619140625
3048240,273.62060546875
3048260,302.6123046875
3048275,197.32666015625
3048296,171.93603515625
3048307,147.4609375
3048337,167.8466796875
3048356,130.7373046875
3048369,119.9951171875
3048410,138.00048828125
3048433,176.025390625
3048444,254.0283203125
3048502,180.96923828125
3048528,175.47607421875
3048550,175.1708984375
3048563,117.73681640625
3048589,202.1484375
3048604,125.30517578125
3048626,115.6005859375
3048658,187.8662109375
3048672,142.15087890625
3048686,180.11474609375
3048702,130.06591796875
3048714,171.2646484375
3048759,125.91552734375
3048794,230.712890625
3048804,161.68212890625
3048827,124.8779296875
3048863,116.0888671875
3048876,112.9150390625
3048899,173.15673828125
3048928,147.03369140625
3048954,160.2783203125
3048993,125.3662109375
3049029,228.8818359375
3049064,200.3173828125
3049086,153.74755859375
3049139,154.78515625
3049178,116.3330078125
3049188,148.62060546875
3049213,119.0185546875
3049227,161.92626953125
3049242,151.611328125
3049277,138.3056640625
3049299,118.896484375
3049406,119.140625
3049417,119.20166015625
3049458,116.39404296875
3049549,114.07470703125
3049563,126.28173828125
3049605,157.958984375
3049618,127.3193359375
3049681,125.48828125
3049934,116.455078125
3050079,128.11279296875
3067336,147.52197265625
3069543,147.03369140625
3070019,116.88232421875
3072484,123.779296875
3074769,138.85498046875
3076558,126.77001953125
3079354,116.455078125
3081905,132.26318359375
3084198,116.2109375
3086035,113.1591796875
3087123,113.58642578125
3089354,131.89697265625
3091475,127.197265625
3095012,126.0986328125
3098417,114.74609375
3103561,133.85009765625
3106540,120.54443359375
3110578,132.8125
3114030,112.6708984375
3114083,128.90625
3114205,187.5
3114234,275.146484375
3114245,222.5341796875
3114275,185.36376953125
3114310,216.4306640625
3114332,301.3916015625
3114370,326.2939453125
3114386,170.47119140625
3114419,427.91748046875
3114442,172.18017578125
3114462,250.3662109375
3114486,399.35302734375
3114508,269.1650390625
3114522,194.76318359375
3114541,159.423828125
3114567,249.3896484375
3114593,315.73486328125
3114608,329.9560546875
3114623,203.857421875
3114649,230.52978515625
3114672,230.65185546875
3114682,390.31982421875
3114712,178.03955078125
3114733,182.6171875
3114761,299.86572265625
3114782,202.94189453125
3114798,239.501953125
3114815,116.2109375
3114838,322.69287109375
3114853,309.26513671875
3114865,162.53662109375
3114881,127.25830078125
3114901,211.5478515625
3114926,161.7431640625
3114941,181.82373046875
3114971,196.533203125
3114988,174.9267578125
3115014,241.943359375
3115042,168.45703125
3115069,269.4091796875
3115096,168.64013671875
3115127,275.87890625
3115147,136.41357421875
3115159,145.1416015625
3115201,136.41357421875
3115216,115.1123046875
3115236,200.98876953125
3115254,143.798828125
3115286,144.53125
3115322,161.7431640625
3115342,142.333984375
3115372,131.53076171875
3115385,195.37353515625
3115407,171.630859375
3115423,188.29345703125
3115444,151.67236328125
3115477,151.30615234375
3115494,205.322265625
3115530,168.88427734375
3115550,227.1728515625
3115566,169.12841796875
3115592,203.7353515625
3115620,229.43115234375
3115646,127.13623046875
3115683,165.22216796875
3115695,266.90673828125
3115717,173.76708984375
3115737,115.29541015625
3115761,140.93017578125
3115773,112.73193359375
3115783,140.56396484375
3115798,230.65185546875
3115855,144.287109375
3115868,153.3203125
3115889,146.97265625
3115909,132.75146484375
3115933,151.2451171875
3115979,134.09423828125
3116011,118.10302734375
3116028,161.62109375
3116072,156.3720703125
3116104,161.92626953125
3116126,120.1171875
3116259,137.39013671875
3116289,117.61474609375
3125501,118.896484375
3131586,115.66162109375
3134425,119.0185546875
3137669,127.74658203125
3139499,112.9150390625
3141822,119.56787109375
3144089,114.013671875
3146127,113.76953125
3147877,114.07470703125
3149664,115.478515625
3154412,114.68505859375
3156739,120.30029296875
3162327,113.09814453125
3163349,117.73681640625
3166763,120.78857421875
3169337,112.73193359375
3172369,121.27685546875
3174521,117.73681640625
3179181,128.60107421875
3182302,124.57275390625
3183314,113.76953125
3185409,134.8876953125
3190549,136.29150390625
3194255,132.4462890625
3197314,143.00537109375
3200490,126.5869140625
3204895,120.17822265625
3205642,112.4267578125
3208393,120.30029296875
3211381,129.57763671875
3215158,114.013671875
3217217,114.68505859375
3218499,112.36572265625
3224454,135.7421875
3227454,126.52587890625
3231929,136.71875
3232665,112.9150390625
3236615,141.845703125
3240634,130.55419921875
3245215,132.080078125
3284249,113.95263671875
3285859,117.98095703125
3285928,191.162109375
3285942,120.30029296875
3286023,147.52197265625
3286049,172.7294921875
3286059,329.9560546875
3286094,255.859375
3286121,174.6826171875
3286138,202.08740234375
3286164,246.39892578125
3286180,326.5380859375
3286205,357.23876953125
3286225,313.17138671875
3286236,266.357421875
3286260,235.83984375
3286274,164.73388671875
3286300,196.59423828125
3286324,374.8779296875
3286350,230.46875
3286363,448.3642578125
3286395,285.64453125
3286425,265.56396484375
3286441,207.8857421875
3286456,234.9853515625
3286471,224.42626953125
3286501,181.396484375
3286526,383.544921875
3286536,213.19580078125
3286556,225.52490234375
3286575,145.56884765625
3286601,218.017578125
3286615,158.02001953125
3286630,411.80419921875
3286650,277.4658203125
3286663,125
3286691,268.73779296875
3286709,310.24169921875
3286719,339.4775390625
3286749,333.49609375
3286776,302.978515625
3286807,243.59130859375
3286827,181.7626953125
3286840,264.70947265625
3286865,268.6767578125
3286900,155.8837890625
3286919,161.4990234375
3286933,125.18310546875
3286960,157.53173828125
3286983,187.98828125
3287003,161.2548828125
3287027,188.8427734375
3287039,131.2255859375
3287059,158.0810546875
3287070,266.9677734375
3287098,120.9716796875
3287108,155.2734375
3287140,167.54150390625
3287150,124.57275390625
3287174,112.85400390625
3287193,203.55224609375
3287215,220.8251953125
3287226,281.67724609375
3287247,191.5283203125
3287266,166.32080078125
3287295,136.65771484375
3287308,114.56298828125
3287328,148.74267578125
3287339,143.6767578125
3287385,175.23193359375
3287413,220.0927734375
3287441,194.580078125
3287463,148.74267578125
3287476,159.24072265625
3287496,255.67626953125
3287528,182.373046875
3287542,128.662109375
3287567,146.91162109375
3287592,153.6865234375
3287622,229.6142578125
3287692,118.1640625
3287711,121.2158203125
3287729,119.384765625
3287753,251.40380859375
3287789,179.26025390625
3287821,132.9345703125
3287911,163.75732421875
3287946,131.7138671875
3288029,122.13134765625
3288048,145.8740234375
3288079,123.96240234375
3288105,122.6806640625
3288115,113.4033203125
3304003,134.94873046875
3305803,116.51611328125
3307199,119.384765625
3308327,132.14111328125
3311882,131.40869140625
3313657,119.56787109375
3320296,115.234375
3322449,138.3056640625
3324619,126.8310546875
3328027,113.58642578125
3331312,122.98583984375
3334765,119.93408203125
3337693,133.72802734375
3340468,116.0888671875
3340545,114.501953125
3343772,126.28173828125
3348934,125.54931640625
3354237,149.47509765625
3362260,131.34765625
3388275,147.3388671875
3395735,144.8974609375
3414714,125.91552734375
3419530,123.291015625
3423377,126.15966796875
3423433,130.31005859375
3423471,140.93017578125
3423541,151.18408203125
3423707,130.92041015625
3423755,127.74658203125
3423921,120.1171875
3424007,309.4482421875
3424028,166.50390625
3424051,116.63818359375
3424132,167.236328125
3424142,234.9853515625
3424188,149.84130859375
3424215,130.31005859375
3424243,277.9541015625
3424253,264.892578125
3424287,411.56005859375
3424333,145.01953125
3424353,247.802734375
3424369,201.66015625
3424400,296.875
3424441,442.3828125
3424465,301.26953125
3424498,243.83544921875
3424524,201.35498046875
3424534,336.42578125
3424555,286.31591796875
3424566,122.74169921875
3424580,221.19140625
3424607,231.0791015625
3424631,316.95556640625
3424652,195.37353515625
3424664,204.16259765625
3424682,251.46484375
3424694,144.22607421875
3424704,133.60595703125
3424722,282.04345703125
3424752,236.02294921875
3424769,407.89794921875
3424794,279.9072265625
3424822,179.38232421875
3424851,288.87939453125
3424862,162.78076171875
3424904,170.71533203125
3424931,333.80126953125
3424952,298.7060546875
3424977,278.80859375
3424994,270.20263671875
3425018,160.15625
3425035,239.1357421875
3425053,242.0654296875
3425091,335.693359375
3425110,193.54248046875
3425126,242.85888671875
3425169,195.49560546875
3425192,172.91259765625
3425215,157.89794921875
3425227,179.8095703125
3425243,197.998046875
3425267,145.263671875
3425305,150.69580078125
3425323,184.99755859375
3425346,227.60009765625
3425363,146.97265625
3425387,146.66748046875
3425401,125.9765625
3425413,155.94482421875
3425423,151.0009765625
3425457,278.01513671875
3425469,133.23974609375
3425491,230.28564453125
3425511,138.916015625
3425536,126.0986328125
3425573,192.56591796875
3425589,123.1689453125
3425614,125.6103515625
3425645,161.1328125
3425669,230.28564453125
3425724,116.69921875
3425745,141.7236328125
3425777,134.21630859375
3425802,134.46044921875
3425829,124.267578125
3425868,145.08056640625
3426000,144.1650390625
3426166,114.6240234375
3426204,131.28662109375
3438908,132.14111328125
3443231,139.6484375
3445183,134.33837890625
3447486,120.7275390625
3449947,123.046875
3453288,121.2158203125
3455064,126.708984375
3456868,114.2578125
3459456,118.0419921875
3463102,130.9814453125
3469218,143.98193359375
3472163,129.0283203125
3475047,141.78466796875
3480893,138.3056640625
3480958,113.46435546875
3489418,149.35302734375
3492329,143.9208984375
3496532,149.90234375
3504784,149.59716796875
3514720,123.4130859375
3521022,138.61083984375
3531667,131.2255859375
3552078,164.0625
3556680,119.68994140625
3557131,137.02392578125
3565826,132.75146484375
3570853,134.27734375
3589337,127.9296875
3596443,113.28125
3656881,113.1591796875
3657052,139.2822265625
3657187,122.86376953125
3657227,128.2958984375
3657261,144.775390625
3657324,126.03759765625
3657384,112.97607421875
3657870,163.2080078125
3787600,151.0009765625
3787822,283.8134765625
3787902,156.6162109375
3909486,128.23486328125
3909525,129.45556640625
3909559,132.2021484375
3909581,195.12939453125
3909591,184.75341796875
3909624,114.56298828125
3909662,145.56884765625
3909678,175.29296875
3909690,137.5732421875
3909715,319.091796875
3909749,123.1689453125
3909771,131.4697265625
3909793,407.28759765625
3909834,169.189453125
3909846,302.30712890625
3909872,178.466796875
3909894,247.98583984375
3909921,203.0029296875
3909941,173.76708984375
3909967,252.13623046875
3909996,172.36328125
3910025,222.0458984375
3910039,178.52783203125
3910064,303.64990234375
3910093,197.44873046875
3910108,212.890625
3910137,299.74365234375
3910167,281.1279296875
3910185,228.82080078125
3910198,182.2509765625
3910216,214.35546875
3910235,157.28759765625
3910262,236.75537109375
3910284,184.02099609375
3910313,232.177734375
3910339,169.7998046875
3910372,169.37255859375
3910384,115.3564453125
3910409,214.17236328125
3910444,231.62841796875
3910456,367.00439453125
3910475,125.1220703125
3910497,170.166015625
3910511,235.90087890625
3910528,169.98291015625
3910555,203.43017578125
3910577,250.48828125
3910600,176.513671875
3910612,330.56640625
3910633,134.033203125
3910648,253.173828125
3910665,114.6240234375
3910696,160.7666015625
3910721,193.84765625
3910742,197.44873046875
3910763,162.2314453125
3910785,291.1376953125
3910820,147.64404296875
3910850,158.3251953125
3910885,193.78662109375
3910904,170.95947265625
3910921,262.51220703125
3910943,154.60205078125
3910983,153.62548828125
3911005,184.4482421875
3911040,133.9111328125
3911057,175.9033203125
3911092,130.43212890625
3911161,248.47412109375
3911191,142.08984375
3911248,159.3017578125
3911260,277.099609375
3911300,209.16748046875
3911332,119.56787109375
3911381,125.79345703125
3911426,120.1171875
3911471,118.71337890625
3911495,117.1875
3911517,127.197265625
3911555,124.51171875
3911598,148.4375
3911634,114.501953125
3911737,113.22021484375
3911856,141.66259765625
3930728,135.009765625
3933758,135.07080078125
3939130,114.56298828125
3939320,136.77978515625
3942794,131.89697265625
3946255,146.54541015625
3983310,117.24853515625
3983372,121.09375
3983385,180.11474609375
3983397,147.03369140625
3983427,116.27197265625
3983449,150.2685546875
3983473,378.2958984375
3983483,191.89453125
3983524,351.806640625
3983545,123.046875
3983557,366.88232421875
3983594,198.6083984375
3983622,270.81298828125
3983635,309.326171875
3983657,138.61083984375
3983685,435.302734375
3983705,288.818359375
3983729,347.0458984375
3983763,367.49267578125
3983776,257.50732421875
3983811,245.54443359375
3983824,164.306640625
3983842,162.2314453125
3983869,175.59814453125
3983888,135.68115234375
3983908,189.27001953125
3983932,139.6484375
3983957,173.33984375
3983983,156.31103515625
3984002,349.9755859375
3984022,249.93896484375
3984046,217.7734375
3984064,224.79248046875
3984098,293.51806640625
3984111,158.935546875
3984150,272.5830078125
3984165,220.947265625
3984187,190.0634765625
3984204,207.51953125
3984229,246.09375
3984253,251.5869140625
3984285,275.45166015625
3984298,217.10205078125
3984321,115.478515625
3984342,132.32421875
3984360,194.82421875
3984390,214.35546875
3984405,225.52490234375
3984434,204.4677734375
3984446,175.59814453125
3984459,175.78125
3984478,178.52783203125
3984517,127.99072265625
3984535,157.5927734375
3984573,150.390625
3984591,195.00732421875
3984610,159.1796875
3984626,235.90087890625
3984643,112.60986328125
3984661,159.97314453125
3984673,207.03125
3984685,147.94921875
3984715,168.45703125
3984725,221.61865234375
3984743,127.8076171875
3984772,181.7626953125
3984797,138.48876953125
3984822,143.49365234375
3984846,149.169921875
3984867,240.29541015625
3984885,202.1484375
3984913,160.21728515625
3984927,258.30078125
3984958,166.50390625
3984999,123.96240234375
3985019,194.9462890625
3985066,125.79345703125
3985109,132.62939453125
3985159,130.2490234375
3985170,157.5927734375
3985191,177.1240234375
3985221,121.09375
3985244,129.94384765625
3985255,130.67626953125
3985357,133.36181640625
3985393,114.56298828125
3985565,125
4001397,130.7373046875
4003196,117.67578125
4007654,153.50341796875
4013042,136.77978515625
4016100,112.85400390625
4016146,148.86474609375
4034906,146.05712890625
4104289,112.85400390625
4120972,155.70068359375
4125286,112.12158203125
4125417,112.24365234375
4126206,118.10302734375
4126965,114.56298828125
4139877,116.02783203125
4224387,135.7421875
4225310,140.93017578125
4334471,174.62158203125
4397776,112.60986328125
4425855,144.775390625
4425865,147.27783203125
4537391,154.23583984375
4537425,247.37548828125
4537521,134.1552734375
4537591,145.8740234375
4537630,143.06640625
4537641,176.3916015625
4537671,263.12255859375
4537711,118.2861328125
4537732,119.68994140625
4537747,150.57373046875
4537786,269.47021484375
4537807,119.93408203125
4537828,155.3955078125
4537846,124.08447265625
4537891,123.10791015625
4537916,134.70458984375
4537951,120.4833984375
4537975,242.98095703125
4537989,277.83203125
4538016,154.9072265625
4538053,140.93017578125
4538253,172.9736328125
4631089,117.7978515625
4631140,120.66650390625
4631203,254.45556640625
4631218,180.84716796875
4631272,156.92138671875
4631285,117.49267578125
4631305,337.46337890625
4631319,129.150390625
4631335,252.74658203125
4631394,169.5556640625
4631421,154.4189453125
4631433,157.3486328125
4631454,117.3095703125
4631473,242.24853515625
4631492,233.70361328125
4631519,177.79541015625
4631538,139.6484375
4631559,140.31982421875
4631576,283.935546875
4631596,204.52880859375
4631610,176.81884765625
4631645,129.33349609375
4631656,176.81884765625
4631670,160.2783203125
4631699,187.8662109375
4631719,121.337890625
4631743,360.53466796875
4631771,337.21923828125
4631803,297.79052734375
4631814,203.91845703125
4631843,205.6884765625
4631854,255.55419921875
4631883,249.45068359375
4631896,289.36767578125
4631926,361.2060546875
4631937,117.85888671875
4631954,146.66748046875
4631970,353.57666015625
4631997,156.1279296875
4632017,437.3779296875
4632032,276.18408203125
4632066,293.51806640625
4632090,234.06982421875
4632103,154.96826171875
4632130,153.99169921875
4632150,155.94482421875
4632165,216.12548828125
4632198,248.47412109375
4632214,212.46337890625
4632231,172.607421875
4632267,265.68603515625
4632285,208.92333984375
4632298,154.60205078125
4632319,151.06201171875
4632342,252.99072265625
4632355,140.19775390625
4632366,171.38671875
4632385,261.962890625
4632405,120.91064453125
4632422,254.0283203125
4632451,141.17431640625
4632482,238.95263671875
4632495,220.03173828125
4632514,205.322265625
4632540,149.47509765625
4632550,130.43212890625
4632562,141.17431640625
4632594,190.91796875
4632621,291.9921875
4632653,170.654296875
4632678,143.4326171875
4632704,159.3017578125
4632734,173.88916015625
4632754,148.74267578125
4632768,119.873046875
4632782,219.54345703125
4632803,187.80517578125
4632838,118.5302734375
4632901,149.96337890625
4632932,118.46923828125
4632960,117.0654296875
4632989,147.88818359375
4633124,121.337890625
4633196,129.08935546875
4633370,129.21142578125
4633451,124.93896484375
4633711,113.1591796875
4663313,170.34912109375
4685119,117.98095703125
4743104,137.0849609375
