4798001,0
20170,42.48046875
20264,42.29736328125
20332,112.24365234375
20364,40.58837890625
20478,35.888671875
20502,119.140625
20512,41.8701171875
20564,35.94970703125
20575,39.61181640625
20605,38.57421875
20678,88.7451171875
20688,36.4990234375
20757,34.66796875
20810,39.1845703125
20829,51.69677734375
20875,136.8408203125
20887,40.46630859375
20918,46.630859375
20958,54.13818359375
20992,34.423828125
21042,70.556640625
21091,36.19384765625
21119,36.376953125
21160,126.8310546875
21257,43.5791015625
21293,35.15625
21323,46.81396484375
21460,121.826171875
21473,39.00146484375
21881,71.22802734375
136306,37.59765625
136417,35.94970703125
136483,45.41015625
136498,124.3896484375
136541,68.4814453125
136551,38.2080078125
136674,122.4365234375
136684,69.64111328125
136739,69.76318359375
136753,41.8701171875
136785,60.48583984375
136819,36.80419921875
136851,123.4130859375
136876,42.05322265625
136908,44.43359375
136991,44.37255859375
137020,36.62109375
137050,112.97607421875
137213,37.65869140625
137250,43.0908203125
137290,123.84033203125
137303,42.6025390625
137556,34.912109375
137589,116.69921875
137600,47.54638671875
137687,38.02490234375
137962,144.1650390625
137972,62.31689453125
138440,40.71044921875
314639,35.888671875
314780,129.5166015625
314791,49.49951171875
314825,40.8935546875
314858,41.1376953125
314890,36.865234375
314925,35.58349609375
314975,52.24609375
314989,175.048828125
315014,64.27001953125
315064,52.734375
315106,35.21728515625
315160,42.41943359375
315172,78.7353515625
315216,51.81884765625
315252,35.15625
315316,58.837890625
315330,46.32568359375
315382,53.89404296875
315515,39.306640625
315526,55.48095703125
315629,55.908203125
315656,36.43798828125
315670,39.9169921875
315728,113.70849609375
315789,36.92626953125
315956,95.0927734375
315967,48.33984375
316077,34.912109375
316393,35.70556640625
316445,117.98095703125
316743,40.771484375
448459,42.8466796875
502684,40.52734375
502843,136.23046875
502853,43.3349609375
502905,64.3310546875
502934,43.15185546875
502956,56.0302734375
502987,42.236328125
503013,48.15673828125
503025,101.806640625
503076,37.9638671875
503111,35.82763671875
503134,34.72900390625
503173,43.88427734375
503194,120.9716796875
503216,53.8330078125
503265,43.5791015625
503366,51.33056640625
503378,63.232421875
503427,39.9169921875
503450,35.09521484375
503587,62.3779296875
503607,41.748046875
503746,46.56982421875
503843,101.74560546875
503884,41.50390625
503903,35.70556640625
504037,39.6728515625
504161,105.40771484375
504198,35.5224609375
504594,75.01220703125
504605,36.92626953125
650954,52.978515625
651198,130.37109375
651219,36.1328125
651265,54.13818359375
651317,50.537109375
651330,50.78125
651399,97.83935546875
651412,56.2744140625
651452,49.62158203125
651534,48.828125
651548,39.6728515625
651570,133.30078125
651605,51.025390625
651730,39.794921875
651762,116.27197265625
651773,39.61181640625
651828,41.80908203125
651838,52.30712890625
651864,41.748046875
651913,53.3447265625
651997,36.7431640625
652124,45.7763671875
652157,105.5908203125
652466,109.92431640625
652819,73.79150390625
652830,34.7900390625
804373,35.33935546875
858577,43.5791015625
858662,136.65771484375
858672,45.654296875
858825,58.10546875
858861,49.01123046875
858882,190.12451171875
858905,60.24169921875
858961,38.818359375
858974,44.677734375
858996,47.66845703125
859041,39.306640625
859071,51.81884765625
859117,79.1015625
859133,70.9228515625
859232,38.02490234375
859274,58.16650390625
859344,35.64453125
859374,40.6494140625
859399,34.912109375
859461,85.8154296875
859487,68.2373046875
859538,35.0341796875
859607,44.25048828125
859621,39.12353515625
859753,42.78564453125
859809,35.21728515625
859819,53.52783203125
859924,40.1611328125
859945,51.7578125
860036,40.95458984375
860090,51.513671875
860100,39.794921875
860131,38.02490234375
860410,115.234375
860498,40.46630859375
946643,36.68212890625
946712,89.599609375
947031,39.55078125
947092,34.48486328125
947119,106.5673828125
947139,34.85107421875
947288,42.17529296875
947353,34.5458984375
947380,40.6494140625
947414,91.796875
947434,38.4521484375
947472,36.68212890625
947494,40.71044921875
947638,51.20849609375
947673,36.7431640625
947692,75.62255859375
947704,38.6962890625
947731,44.00634765625
947893,82.70263671875
948008,65.36865234375
948199,128.35693359375
948219,39.73388671875
948353,35.21728515625
948394,34.66796875
948664,130.18798828125
1178621,36.56005859375
1178657,41.259765625
1178780,34.48486328125
1178795,112.1826171875
1178845,42.96875
1178867,43.8232421875
1178896,43.15185546875
1178931,44.5556640625
1178986,115.66162109375
1178997,52.734375
1179022,51.81884765625
1179113,35.33935546875
1179149,60.72998046875
1179169,38.0859375
1179185,44.86083984375
1179237,37.17041015625
1179290,40.0390625
1179325,35.94970703125
1179337,65.91796875
1179426,45.71533203125
1179442,34.72900390625
1179507,53.77197265625
1179520,50.6591796875
1179607,35.64453125
1179678,45.0439453125
1179713,51.57470703125
1179745,42.90771484375
1179968,87.95166015625
1179982,53.03955078125
1180058,43.88427734375
1180310,102.47802734375
1180601,44.3115234375
1180612,41.56494140625
1180854,37.53662109375
1180963,79.65087890625
1180973,47.66845703125
1181009,39.24560546875
1181189,46.32568359375
1181321,37.2314453125
1181547,39.85595703125
1181874,87.21923828125
1181905,40.6494140625
1182002,36.376953125
1182381,48.88916015625
1182392,37.78076171875
1345223,39.306640625
1345491,101.318359375
1345502,35.888671875
1345551,43.51806640625
1345630,36.80419921875
1345674,38.9404296875
1345724,173.03466796875
1345737,68.84765625
1345774,43.64013671875
1345871,35.5224609375
1345896,65.7958984375
1345921,43.8232421875
1345944,46.0205078125
1346004,35.82763671875
1346043,50.84228515625
1346099,106.26220703125
1346120,39.36767578125
1346140,37.4755859375
1346200,35.5224609375
1346250,45.34912109375
1346281,69.7021484375
1346291,38.02490234375
1346315,53.77197265625
1346415,36.56005859375
1346477,40.283203125
1346528,110.4736328125
1346543,36.0107421875
1346660,45.95947265625
1346828,127.3193359375
1346839,40.10009765625
1347282,69.64111328125
1347292,40.71044921875
1504775,35.888671875
1505161,35.46142578125
1505211,40.83251953125
1505230,132.01904296875
1505241,50.72021484375
1505283,42.41943359375
1505372,37.65869140625
1505429,54.01611328125
1505462,35.46142578125
1505483,182.861328125
1505494,47.91259765625
1505615,37.17041015625
1505641,38.63525390625
1505666,49.072265625
1505682,141.66259765625
1505693,34.48486328125
1505753,45.7763671875
1505798,40.10009765625
1505835,66.2841796875
1505848,75.98876953125
1505908,39.24560546875
1505959,38.63525390625
1506027,34.912109375
1506054,37.353515625
1506067,133.6669921875
1506078,40.52734375
1506346,109.9853515625
1506449,51.513671875
1506734,127.5634765625
1600196,34.60693359375
1628702,119.0185546875
1628712,55.7861328125
1628748,36.31591796875
1628865,41.9921875
1628973,175.4150390625
1628995,52.490234375
1629025,37.841796875
1629219,57.92236328125
1629235,34.912109375
1629266,83.6181640625
1629276,46.2646484375
1629344,36.865234375
1629408,36.43798828125
1629433,35.64453125
1629482,35.64453125
1629494,34.72900390625
1629577,89.90478515625
1629587,50.59814453125
1629656,36.2548828125
1629751,45.654296875
1629887,136.16943359375
1629900,52.18505859375
1819110,45.8984375
1819330,35.400390625
1819416,178.89404296875
1819445,47.05810546875
1819542,48.52294921875
1819570,39.48974609375
1819590,34.85107421875
1819685,171.630859375
1819695,39.6728515625
1819741,38.57421875
1819817,35.21728515625
1819842,52.3681640625
1819860,38.2080078125
1819917,51.69677734375
1819938,160.58349609375
1819954,50.35400390625
1819973,35.15625
1820061,42.41943359375
1820143,151.0009765625
1820153,45.8984375
1820175,36.07177734375
1820208,36.68212890625
1820247,44.49462890625
1820427,60.05859375
1820438,52.3681640625
1820595,36.7431640625
1820660,43.0908203125
1820738,123.10791015625
1820799,36.31591796875
1821188,40.771484375
2126803,37.78076171875
2126942,34.72900390625
2127056,117.5537109375
2127067,38.6962890625
2127116,36.92626953125
2127194,37.353515625
2127224,99.67041015625
2127248,62.19482421875
2127263,60.97412109375
2127296,46.56982421875
2127315,35.58349609375
2127374,82.45849609375
2127388,123.6572265625
2127442,43.39599609375
2127488,41.93115234375
2127509,39.794921875
2127537,112.97607421875
2127651,43.15185546875
2127667,77.0263671875
2127781,39.85595703125
2127862,34.48486328125
2127914,47.79052734375
2127924,37.78076171875
2128712,39.24560546875
2129010,35.94970703125
2129495,93.26171875
2335854,39.85595703125
2336304,191.22314453125
2336476,34.5458984375
2336658,41.9921875
2336736,34.60693359375
2336764,171.08154296875
2336806,49.1943359375
2336872,39.0625
2336964,38.818359375
2337051,39.9169921875
2337068,62.1337890625
2337157,55.2978515625
2337223,52.42919921875
2337292,41.015625
2337328,147.64404296875
2337339,34.85107421875
2337374,39.0625
2337431,35.82763671875
2337576,50.96435546875
2337863,138.671875
2337873,50.59814453125
2338032,36.68212890625
2338336,35.33935546875
2630920,50.72021484375
2631286,131.591796875
2631340,38.57421875
2631395,43.5791015625
2631457,39.12353515625
2631551,43.212890625
2631566,42.05322265625
2631591,184.4482421875
2631613,45.654296875
2631636,41.50390625
2631707,34.7900390625
2631732,36.80419921875
2631755,40.6494140625
2631792,84.53369140625
2631808,53.1005859375
2631885,39.12353515625
2631909,39.306640625
2631970,58.16650390625
2631982,47.4853515625
2632073,39.794921875
2632147,41.9921875
2632175,42.05322265625
2632200,129.8828125
2632403,36.62109375
2632418,35.64453125
2632496,46.20361328125
2632536,121.03271484375
2632546,47.30224609375
2632738,45.7763671875
2632984,141.29638671875
2671856,35.46142578125
2781823,44.00634765625
2781861,105.712890625
2782157,53.5888671875
2782191,34.7900390625
2782245,115.966796875
2782257,35.09521484375
2782344,49.4384765625
2782417,41.68701171875
2782494,35.46142578125
2782573,42.29736328125
2782621,40.4052734375
2782650,179.8095703125
2782662,51.513671875
2782791,42.1142578125
2782865,42.8466796875
2782916,38.14697265625
2782958,47.36328125
2782988,44.0673828125
2783154,37.53662109375
2783391,36.7431640625
2784551,39.9169921875
2784595,35.0341796875
2784637,40.83251953125
2784700,187.92724609375
2784710,52.490234375
2784750,40.58837890625
2784797,41.9921875
2784821,94.05517578125
2784867,52.978515625
2784888,35.70556640625
2785031,34.912109375
2785077,126.3427734375
2785156,35.09521484375
2785751,154.541015625
2786399,35.400390625
3320645,116.3330078125
3343953,48.64501953125
3344171,114.3798828125
3344445,39.85595703125
3344680,39.61181640625
3344691,177.06298828125
3344703,39.97802734375
3344769,36.0107421875
3344792,36.1328125
3344949,41.6259765625
3345006,61.8896484375
3345016,91.12548828125
3345119,35.21728515625
3345148,40.83251953125
3345175,46.44775390625
3345251,68.29833984375
3345261,51.20849609375
3345293,36.2548828125
3345341,48.76708984375
3345354,43.64013671875
3345579,43.3349609375
3345626,48.76708984375
3345646,36.56005859375
3345817,59.08203125
3346014,42.17529296875
3346035,38.63525390625
3346278,34.66796875
3346350,79.28466796875
3346361,35.2783203125
3346898,112.060546875
3347134,35.70556640625
3416108,109.80224609375
3453160,100.9521484375
3453170,36.80419921875
3457965,83.3740234375
3457990,38.26904296875
3458571,38.75732421875
3464226,152.2216796875
3465795,43.51806640625
3466068,99.12109375
3466936,38.330078125
3467059,167.8466796875
3467073,38.02490234375
3479160,85.44921875
3479176,44.3115234375
3488523,147.27783203125
3498373,162.53662109375
3501369,35.09521484375
3505109,156.8603515625
3505134,36.376953125
3515315,96.49658203125
3515325,46.32568359375
3519852,90.087890625
3519863,49.072265625
3523623,84.53369140625
3523634,49.37744140625
3530080,81.97021484375
3530103,43.701171875
3536513,89.84375
3536535,43.9453125
3537599,39.1845703125
3539028,91.36962890625
3539039,38.63525390625
3542371,164.6728515625
3542382,45.95947265625
3547303,154.296875
3547321,36.43798828125
3554064,96.61865234375
3557007,142.08984375
3563806,158.38623046875
3569794,87.70751953125
3569817,39.00146484375
3572830,34.48486328125
3573715,139.5263671875
3582805,77.81982421875
3582816,45.10498046875
3590100,89.29443359375
3590110,41.9921875
3594194,160.33935546875
3594205,47.119140625
3596701,89.29443359375
3596818,44.86083984375
3601420,41.8701171875
3601540,90.14892578125
3601552,45.47119140625
3602392,39.00146484375
3603291,35.5224609375
3607557,144.71435546875
3614208,85.9375
3614219,47.8515625
3618105,79.4677734375
3618126,42.8466796875
3620921,81.11572265625
3620931,36.2548828125
3626428,82.3974609375
3626452,47.4853515625
3631334,88.80615234375
3632788,39.24560546875
3636411,81.6650390625
3636433,39.73388671875
3641253,78.67431640625
3641276,48.52294921875
3647227,153.564453125
3649950,82.6416015625
3649971,36.56005859375
3652143,81.787109375
3652155,41.8701171875
3654446,77.392578125
3654456,46.7529296875
3658073,74.462890625
3661378,83.49609375
3663695,81.23779296875
3663706,43.701171875
3667297,82.763671875
3667307,36.376953125
3672552,143.6767578125
3674010,136.71875
3676516,138.73291015625
3679903,145.6298828125
3679915,37.109375
3682719,148.13232421875
3682747,40.52734375
3685612,36.62109375
3686339,34.912109375
3686385,143.49365234375
3686396,43.212890625
3688948,82.51953125
3688959,39.6728515625
3691893,148.5595703125
3691905,46.44775390625
3695591,71.59423828125
3695602,44.5556640625
3695773,38.9404296875
3702433,80.62744140625
3705781,149.0478515625
3707657,144.04296875
3709926,130.126953125
3711746,38.57421875
3713540,76.416015625
3713553,46.875
3715487,70.1904296875
3715514,35.58349609375
3719504,56.57958984375
3719525,34.72900390625
3722030,73.8525390625
3722060,43.39599609375
3723419,63.65966796875
3723431,42.29736328125
3724971,71.47216796875
3724981,44.86083984375
3729673,71.83837890625
3729683,38.39111328125
3731342,77.08740234375
3731352,38.14697265625
3733956,74.40185546875
3733986,38.51318359375
3736513,64.453125
3738433,129.45556640625
3738445,45.0439453125
3740754,68.4814453125
3740764,44.0673828125
3741454,37.29248046875
3742978,135.19287109375
3745368,70.73974609375
3745379,44.7998046875
3746924,39.73388671875
3749454,76.171875
3749464,45.22705078125
3752419,71.4111328125
3752429,50.29296875
3754088,70.86181640625
3754098,47.79052734375
3755731,70.1904296875
3755743,39.97802734375
3757514,66.2841796875
3758878,68.603515625
3758891,42.236328125
3761981,71.35009765625
3762009,35.21728515625
3763914,54.38232421875
3763924,38.0859375
3765479,35.33935546875
3766210,69.03076171875
3766222,38.26904296875
3768607,73.486328125
3768631,36.865234375
3770403,135.31494140625
3770415,37.2314453125
3772449,130.2490234375
3772460,38.14697265625
3773640,59.814453125
3773654,37.90283203125
3775295,36.376953125
3776178,38.6962890625
3776335,63.41552734375
3776345,48.40087890625
3779243,126.708984375
3779253,37.9638671875
3780513,62.92724609375
3780523,43.701171875
3782132,74.15771484375
3782144,46.9970703125
3783201,36.31591796875
3783878,71.83837890625
3783888,40.58837890625
3784903,41.56494140625
3785846,66.5283203125
3785859,46.20361328125
3787864,62.8662109375
3790527,71.83837890625
3790537,44.73876953125
3791697,65.61279296875
3791710,46.08154296875
3793155,73.18115234375
3794495,61.5234375
3794505,49.1943359375
3795114,40.0390625
3796150,67.93212890625
3796162,41.44287109375
3797798,60.4248046875
3797809,42.17529296875
3798921,41.50390625
3798950,57.373046875
3798961,38.6962890625
3800379,58.04443359375
3802753,54.3212890625
3802766,37.109375
3804190,65.73486328125
3804203,40.52734375
3806395,50.29296875
3806405,57.31201171875
3806677,43.45703125
3807470,36.1328125
3808560,62.01171875
3808573,42.8466796875
3809500,37.29248046875
3809886,123.4130859375
3809907,38.9404296875
3810444,35.400390625
3812033,45.71533203125
3812048,41.80908203125
3813580,114.19677734375
3814984,57.31201171875
3816105,50.35400390625
3816118,53.52783203125
3816646,37.9638671875
3817505,37.109375
3818404,52.42919921875
3820065,62.6220703125
3820077,44.189453125
3821254,43.76220703125
3822034,67.07763671875
3823130,50.59814453125
3824588,37.353515625
3824716,57.373046875
3826292,34.5458984375
3826667,61.279296875
3826677,48.828125
3828320,68.4814453125
3829633,116.455078125
3829644,45.10498046875
3830918,108.88671875
3831035,37.78076171875
3832213,104.67529296875
3833750,46.2646484375
3833761,42.41943359375
3835258,54.19921875
3836606,98.08349609375
3836620,37.353515625
3837566,68.115234375
3837578,39.73388671875
3838571,52.91748046875
3838581,38.330078125
3840152,47.2412109375
3840165,45.166015625
3841388,50.537109375
3841870,34.912109375
3843026,109.19189453125
3844453,48.095703125
3845065,40.6494140625
3845634,50.84228515625
3845646,45.83740234375
3846480,34.60693359375
3846816,98.0224609375
3847398,36.376953125
3847950,42.78564453125
3847963,41.93115234375
3849225,41.44287109375
3849237,35.0341796875
3851416,104.98046875
3852890,55.2978515625
3852907,35.09521484375
3854021,49.49951171875
3854033,35.33935546875
3855046,117.00439453125
3856647,57.373046875
3857321,36.7431640625
3858279,47.18017578125
3859180,114.44091796875
3859993,40.0390625
3860232,102.35595703125
3860242,39.9169921875
3861924,51.26953125
3863382,47.42431640625
3863392,39.61181640625
3865888,52.24609375
3865904,39.1845703125
3867291,51.26953125
3867302,39.73388671875
3868294,111.4501953125
3869332,43.212890625
3870412,37.90283203125
3870422,46.44775390625
3871330,50.96435546875
3871342,39.00146484375
3871832,35.33935546875
3872609,37.65869140625
3874066,47.4853515625
3874081,36.62109375
3875273,49.86572265625
3876930,42.78564453125
3876940,40.8935546875
3878530,86.5478515625
3878540,35.0341796875
3878604,35.58349609375
3879262,36.0107421875
3879678,52.30712890625
3880728,36.62109375
3880740,34.60693359375
3881827,43.15185546875
3881837,37.9638671875
3883389,78.91845703125
3883915,35.64453125
3885404,38.4521484375
3885419,40.95458984375
3886731,41.1376953125
3886763,39.85595703125
3887517,38.02490234375
3887857,47.2412109375
3888279,38.75732421875
3889025,37.59765625
3890559,38.14697265625
3891248,46.630859375
3891260,42.78564453125
3892007,36.92626953125
3892176,107.23876953125
3892710,37.90283203125
3893201,47.66845703125
3894322,58.53271484375
3895121,35.33935546875
3895627,84.47265625
3896729,84.9609375
3897687,36.19384765625
3898210,81.35986328125
3898367,35.7666015625
3899150,36.19384765625
3899933,38.51318359375
3900280,74.951171875
3901368,36.2548828125
3901544,36.62109375
3902513,36.80419921875
3902523,43.76220703125
3903911,82.763671875
3905437,34.7900390625
3906455,37.65869140625
3906468,35.2783203125
3908972,35.0341796875
3909661,81.11572265625
3910561,97.65625
3911558,90.9423828125
3912690,90.6982421875
3913505,44.25048828125
3913515,41.748046875
3914452,38.0859375
3914463,35.15625
3915149,35.70556640625
3916817,37.04833984375
3916828,40.4052734375
3917385,37.29248046875
3917602,35.400390625
3917613,39.36767578125
3918480,39.306640625
3918491,36.19384765625
3919476,41.8701171875
3920448,70.9228515625
3922150,83.49609375
3923325,85.26611328125
3924257,83.251953125
3924267,35.09521484375
3925158,90.75927734375
3925169,36.62109375
3926124,89.111328125
3926136,39.73388671875
3926965,37.29248046875
3926978,37.04833984375
3927646,38.6962890625
3927658,35.94970703125
3927765,36.2548828125
3928141,69.82421875
3928152,35.70556640625
3928190,43.8232421875
3928243,38.330078125
3928255,43.701171875
3928272,36.31591796875
3928328,42.96875
3928384,44.7998046875
3928407,40.4052734375
3928501,47.05810546875
3928547,46.7529296875
3928608,38.87939453125
3928685,35.15625
3928734,37.17041015625
3928778,47.2412109375
3928955,37.4755859375
3929074,37.9638671875
3929459,35.0341796875
3930492,37.9638671875
3930789,38.14697265625
3931116,36.2548828125
3937144,35.2783203125
3940498,73.79150390625
3944067,78.30810546875
3945218,71.8994140625
3946296,35.5224609375
3947000,34.85107421875
3947745,34.66796875
3949567,56.57958984375
3951384,34.48486328125
3952834,57.0068359375
3953707,65.49072265625
3954426,80.26123046875
3955331,60.85205078125
3957399,75.1953125
3958916,36.865234375
3959003,67.7490234375
3959850,58.41064453125
3960796,67.626953125
3961570,74.89013671875
3962267,73.3642578125
3962536,34.66796875
3963039,61.6455078125
3963999,59.14306640625
3964009,38.4521484375
3964567,40.10009765625
3965076,59.14306640625
3966944,58.7158203125
3967869,62.43896484375
3968920,52.30712890625
3970273,54.50439453125
3971149,68.66455078125
3972292,40.71044921875
3972820,37.2314453125
3973151,52.79541015625
3973966,76.11083984375
3974789,59.5703125
3975626,59.6923828125
3975636,41.6259765625
3976430,67.93212890625
3976902,34.48486328125
3978112,37.7197265625
3978373,61.46240234375
3978383,36.62109375
3979298,56.396484375
3979376,35.64453125
3980029,35.33935546875
3980221,48.88916015625
3980685,38.14697265625
3981112,49.62158203125
3982230,45.654296875
3982477,35.2783203125
3983070,63.4765625
3983904,69.39697265625
3985891,56.5185546875
3985907,43.15185546875
3986645,67.07763671875
3988083,52.978515625
3988975,58.16650390625
3989784,56.94580078125
3990519,60.36376953125
3991267,46.93603515625
3991944,64.208984375
3992874,41.93115234375
3995571,46.7529296875
3996353,61.46240234375
3997074,65.185546875
3997784,60.05859375
3998869,47.91259765625
4000394,49.86572265625
4001287,51.3916015625
4002209,47.66845703125
4003043,55.7861328125
4004163,38.2080078125
4004847,35.15625
4005131,40.6494140625
4005141,36.62109375
4005909,54.443359375
4007640,36.9873046875
4008436,49.8046875
4010067,52.8564453125
4010767,59.5703125
4010789,34.72900390625
4011394,36.68212890625
4013060,36.9873046875
4014207,35.21728515625
4014525,34.97314453125
4014966,40.83251953125
4015823,34.423828125
4018249,38.26904296875
4018312,40.46630859375
4022126,34.7900390625
4022784,56.94580078125
4023588,42.29736328125
4024336,37.4755859375
4025783,58.837890625
4026558,38.39111328125
4026599,40.95458984375
4028951,36.0107421875
4036053,45.22705078125
4036876,39.12353515625
4038339,42.41943359375
4038862,36.2548828125
4041139,37.4755859375
4042726,36.56005859375
4045379,45.166015625
4046145,41.9921875
4050429,36.1328125
4050482,39.0625
4051102,35.46142578125
4051926,36.7431640625
4052316,36.07177734375
4053485,38.2080078125
4055407,46.2646484375
4056161,35.94970703125
4061703,34.5458984375
4064730,35.2783203125
4067852,44.921875
4068606,34.5458984375
4070234,40.283203125
4071545,40.4052734375
4078068,43.39599609375
4079253,34.423828125
4080432,37.78076171875
4082769,40.71044921875
4089903,36.2548828125
4092221,38.0859375
4095987,34.85107421875
4102665,36.80419921875
4111547,34.97314453125
4112118,38.818359375
4114521,36.865234375
4115700,36.92626953125
4118086,34.912109375
4125093,36.1328125
4145216,35.46142578125
4146914,37.04833984375
4153749,34.5458984375
4154298,36.1328125
4156223,34.97314453125
4157388,35.400390625
4160920,34.7900390625
4168463,34.5458984375
4172532,35.64453125
4179869,38.51318359375
4184501,35.64453125
4193552,37.53662109375
4197573,37.841796875
4199338,35.0341796875
4202302,34.66796875
4205284,35.09521484375
4206452,36.4990234375
4218989,35.400390625
4225659,34.66796875
4227558,35.58349609375
4232806,38.330078125
4234637,35.400390625
4243909,38.14697265625
4256988,38.330078125
4261217,34.48486328125
4267873,34.912109375
4274620,34.423828125
4277728,38.4521484375
4288104,42.17529296875
4288728,36.2548828125
4292425,39.61181640625
4294335,34.66796875
4304924,36.43798828125
4307420,41.19873046875
4328525,34.48486328125
4329869,35.15625
4332317,35.15625
4334926,38.0859375
4335163,41.50390625
4335258,38.818359375
4335336,35.82763671875
4335525,45.83740234375
4335546,41.3818359375
4335782,34.66796875
4335863,36.9873046875
4352937,34.5458984375
4356014,37.78076171875
4376743,35.70556640625
4422177,37.7197265625
4426092,39.61181640625
4438707,39.36767578125
4440776,36.19384765625
4455471,35.400390625
4463343,35.94970703125
4481062,37.2314453125
4487008,34.7900390625
4492302,35.46142578125
4496120,35.5224609375
4506141,39.55078125
4515021,36.56005859375
4526853,35.2783203125
4532928,38.57421875
4545148,37.59765625
4584145,35.64453125
4588656,35.09521484375
4639409,40.0390625
4649474,36.07177734375
4684607,35.400390625
4686421,39.306640625
4702800,34.66796875
4705569,35.15625
4722714,35.2783203125
4728353,37.41455078125
4761147,37.29248046875
4775374,35.09521484375
4783331,36.865234375
4786855,35.09521484375
4797452,36.7431640625
4797568,39.24560546875
4797808,45.22705078125
4797918,41.015625
