4798401,0
126,42.48046875
152,42.54150390625
187,36.7431640625
213,46.69189453125
224,34.7900390625
245,36.07177734375
266,48.03466796875
311,33.50830078125
325,34.11865234375
18917,33.447265625
19077,62.01171875
19107,43.02978515625
19160,57.43408203125
19186,48.03466796875
19202,52.55126953125
19254,36.56005859375
19314,33.26416015625
19359,32.65380859375
39180,33.935546875
39195,40.52734375
39248,39.36767578125
39259,63.53759765625
39305,34.5458984375
39334,33.5693359375
59104,46.32568359375
59197,34.912109375
59269,53.40576171875
59310,36.56005859375
77639,35.64453125
77678,51.08642578125
77696,66.650390625
77709,51.20849609375
77719,33.5693359375
77745,36.2548828125
77803,37.9638671875
77855,33.50830078125
77895,39.55078125
78135,39.4287109375
96278,37.353515625
96308,41.19873046875
96335,50.10986328125
96354,53.5888671875
96432,33.5693359375
96478,37.65869140625
96511,43.8232421875
114003,34.48486328125
114015,35.70556640625
114062,41.44287109375
114081,39.48974609375
114108,32.8369140625
114153,38.14697265625
114171,37.109375
114193,35.82763671875
131200,34.97314453125
131224,32.2265625
131267,40.8935546875
131289,57.55615234375
131304,32.2265625
131362,48.40087890625
131375,36.9873046875
131400,34.97314453125
131450,45.7763671875
131552,35.5224609375
131881,36.19384765625
140196,33.3251953125
140302,36.80419921875
140340,59.26513671875
140391,32.3486328125
140408,39.61181640625
140429,46.2646484375
140461,39.36767578125
140506,33.38623046875
140616,35.5224609375
140722,33.38623046875
148120,39.306640625
149008,42.78564453125
157241,41.80908203125
157265,56.82373046875
157282,42.29736328125
157418,63.65966796875
157430,52.001953125
157515,34.97314453125
157592,33.26416015625
164840,35.15625
165066,33.69140625
165143,47.2412109375
165153,32.2265625
165233,34.48486328125
165270,34.60693359375
165312,33.63037109375
165332,37.41455078125
165547,32.71484375
165570,34.423828125
172180,38.75732421875
172202,37.53662109375
172212,37.17041015625
172263,37.9638671875
172301,36.31591796875
172385,37.9638671875
179530,36.68212890625
179559,41.68701171875
179600,36.2548828125
179612,40.22216796875
179644,32.5927734375
179695,34.48486328125
179716,38.02490234375
179740,35.82763671875
179805,40.283203125
179864,35.15625
186954,52.978515625
186978,37.65869140625
187006,34.5458984375
187027,35.7666015625
187049,36.56005859375
187072,34.7900390625
187100,45.95947265625
187131,41.015625
187234,33.26416015625
194422,33.935546875
194445,41.44287109375
194483,52.67333984375
194496,37.59765625
194559,48.095703125
194603,37.841796875
194657,35.15625
200988,40.22216796875
201035,45.95947265625
201066,38.0859375
201129,38.39111328125
201182,39.24560546875
201211,37.04833984375
201292,33.203125
201404,34.3017578125
201496,33.26416015625
201899,37.7197265625
208427,38.0859375
208480,44.73876953125
208503,39.794921875
208527,45.166015625
208617,33.26416015625
208658,45.5322265625
208729,35.46142578125
215160,32.470703125
215211,50.59814453125
215240,36.31591796875
215279,51.513671875
215381,35.2783203125
215430,38.4521484375
222047,38.9404296875
222078,37.04833984375
222128,35.888671875
222193,43.02978515625
222225,42.66357421875
222250,43.39599609375
222283,39.61181640625
222334,35.33935546875
228549,35.5224609375
228596,33.8134765625
228646,38.02490234375
228681,54.87060546875
228720,38.39111328125
228792,32.28759765625
228804,55.96923828125
235573,33.75244140625
235599,43.701171875
235647,33.26416015625
235660,47.9736328125
235701,48.40087890625
235718,36.31591796875
235748,43.8232421875
235801,54.62646484375
235829,39.48974609375
235903,36.4990234375
242333,34.11865234375
242376,32.5927734375
242450,43.88427734375
242472,50.537109375
242529,35.70556640625
248995,42.3583984375
249021,34.66796875
249071,55.11474609375
249127,40.95458984375
255558,34.7900390625
255673,33.69140625
255691,55.72509765625
255727,33.99658203125
255739,54.5654296875
255789,55.60302734375
255882,46.630859375
262586,40.8935546875
262656,51.26953125
262699,45.10498046875
262726,38.0859375
262758,32.2265625
262796,33.99658203125
262817,55.5419921875
263064,40.58837890625
268943,37.41455078125
269050,32.40966796875
269083,33.75244140625
269157,37.841796875
269173,38.75732421875
269281,34.3017578125
269309,45.10498046875
269328,35.94970703125
275973,36.865234375
275985,37.59765625
276026,45.95947265625
276103,37.59765625
276119,40.6494140625
276140,34.60693359375
276184,37.4755859375
276232,32.40966796875
276253,36.68212890625
282639,33.5693359375
282690,51.025390625
282753,44.0673828125
282789,40.0390625
282875,35.888671875
282923,34.60693359375
289380,35.7666015625
289421,38.0859375
289471,40.52734375
289555,34.72900390625
289584,33.935546875
289613,33.50830078125
295804,40.95458984375
295979,34.97314453125
296007,41.8701171875
296039,39.55078125
296081,46.0205078125
296119,39.9169921875
296162,35.33935546875
302466,35.5224609375
302620,37.109375
302648,36.9873046875
302671,48.4619140625
302806,40.46630859375
302840,34.72900390625
302901,38.87939453125
302917,38.2080078125
309277,32.89794921875
309294,40.83251953125
309334,37.41455078125
309393,39.00146484375
309430,42.41943359375
309480,39.794921875
309575,35.09521484375
316003,36.43798828125
316026,47.119140625
316042,39.00146484375
316100,42.96875
316120,45.7763671875
316172,35.70556640625
316239,42.17529296875
316260,36.1328125
322825,45.2880859375
322842,52.91748046875
322909,33.14208984375
322942,57.12890625
322974,39.794921875
323089,35.2783203125
329471,34.1796875
329708,36.376953125
329764,37.353515625
329879,48.7060546875
329909,55.48095703125
336431,33.63037109375
336468,35.82763671875
336508,47.18017578125
336561,39.36767578125
336650,43.15185546875
336684,33.203125
336753,34.72900390625
336774,33.69140625
343361,38.0859375
343384,34.36279296875
343542,36.07177734375
350270,34.72900390625
350325,32.8369140625
350376,34.85107421875
350433,37.41455078125
350448,33.87451171875
350480,38.14697265625
350544,51.1474609375
350562,33.99658203125
350643,32.53173828125
350733,33.447265625
350757,44.677734375
357267,33.26416015625
357345,41.9921875
357368,38.818359375
357386,32.8369140625
357450,40.6494140625
357521,35.33935546875
357576,44.12841796875
364138,32.958984375
364221,34.3017578125
364305,38.0859375
364317,34.36279296875
364351,32.3486328125
364438,41.1376953125
371501,42.78564453125
371553,62.255859375
371668,36.1328125
371796,33.26416015625
378870,36.0107421875
378882,51.26953125
378935,33.02001953125
378968,34.24072265625
379051,47.36328125
379085,49.01123046875
386064,32.65380859375
386137,32.65380859375
386277,35.888671875
386359,51.6357421875
386401,34.85107421875
386439,35.400390625
386466,32.3486328125
386526,39.48974609375
386551,33.99658203125
393668,35.94970703125
393692,36.56005859375
393766,55.2978515625
393825,44.61669921875
393878,36.62109375
393919,33.75244140625
393951,40.58837890625
393971,32.28759765625
394062,32.28759765625
401099,35.94970703125
401305,35.888671875
401315,34.85107421875
401337,48.4619140625
401415,45.47119140625
401435,51.1474609375
401535,45.2880859375
401553,33.02001953125
408833,40.6494140625
408875,34.60693359375
408988,39.00146484375
409028,42.236328125
409089,55.0537109375
409206,33.99658203125
416402,32.65380859375
416702,34.36279296875
416752,33.99658203125
416766,68.4814453125
416825,33.26416015625
416846,40.71044921875
416922,43.5791015625
424809,32.65380859375
424871,57.31201171875
424906,55.419921875
424920,33.87451171875
424966,34.60693359375
424988,36.1328125
425073,33.69140625
425098,35.33935546875
432945,39.794921875
432969,69.64111328125
433021,53.22265625
433074,34.912109375
433138,33.203125
433197,38.26904296875
441250,40.283203125
441299,35.46142578125
441380,32.2265625
441459,37.353515625
449512,48.2177734375
449533,35.7666015625
449606,35.94970703125
449619,32.77587890625
449638,37.41455078125
449704,51.6357421875
449734,33.935546875
457678,40.283203125
457722,41.9921875
457736,42.90771484375
457772,33.50830078125
457835,37.9638671875
457899,54.3212890625
457925,36.7431640625
458343,34.24072265625
466224,32.28759765625
466281,47.54638671875
466297,57.6171875
466376,49.01123046875
466402,35.21728515625
466464,51.1474609375
466501,35.82763671875
466562,33.87451171875
474598,32.8369140625
474828,42.54150390625
474857,32.958984375
474918,37.59765625
474962,36.19384765625
475001,49.6826171875
484041,32.470703125
484060,33.0810546875
484132,33.0810546875
484163,41.748046875
484275,34.85107421875
484324,53.22265625
484379,44.921875
493520,34.7900390625
493540,39.12353515625
493557,57.0068359375
493616,49.8046875
493653,32.3486328125
493722,36.56005859375
493786,32.470703125
502920,37.04833984375
503076,33.99658203125
503131,49.13330078125
503159,49.98779296875
503195,32.28759765625
503256,35.0341796875
503313,44.61669921875
503388,34.85107421875
503529,34.66796875
512329,33.50830078125
512511,32.40966796875
512521,79.345703125
512586,38.6962890625
512669,48.4619140625
512720,34.423828125
522435,32.2265625
522657,37.65869140625
522674,38.2080078125
522734,42.78564453125
522794,34.97314453125
522822,37.353515625
522924,38.39111328125
532455,40.771484375
532487,55.5419921875
532502,48.7060546875
532547,35.94970703125
532593,33.935546875
532611,37.353515625
532653,35.15625
542658,32.3486328125
542679,36.4990234375
542792,35.21728515625
542806,63.5986328125
542822,50.10986328125
542850,45.0439453125
542923,35.5224609375
542947,39.97802734375
542971,39.24560546875
543074,33.02001953125
553285,36.43798828125
553299,34.85107421875
553380,37.04833984375
553413,34.1796875
553432,40.58837890625
553462,44.5556640625
553574,37.9638671875
553743,35.888671875
564526,34.97314453125
564591,38.02490234375
564622,51.3916015625
564678,40.4052734375
564756,41.50390625
564787,34.5458984375
564837,37.841796875
574735,36.43798828125
574793,32.8369140625
574837,54.0771484375
574862,43.39599609375
574928,50.35400390625
574976,38.4521484375
574992,42.48046875
575123,35.64453125
584881,37.17041015625
585013,32.5927734375
585192,43.5791015625
585202,33.3251953125
585230,47.2412109375
585329,36.92626953125
585342,43.39599609375
585511,32.77587890625
596981,34.5458984375
597007,34.60693359375
597057,44.921875
597112,57.9833984375
597130,43.88427734375
597171,32.40966796875
597185,45.10498046875
597209,33.203125
597247,40.22216796875
607697,33.14208984375
607783,41.44287109375
607828,37.53662109375
607857,45.59326171875
607870,36.62109375
607883,40.4052734375
607977,33.38623046875
607998,33.447265625
608103,34.97314453125
620126,42.1142578125
620176,39.24560546875
620219,40.95458984375
620231,38.2080078125
620276,39.48974609375
620295,36.7431640625
620336,40.283203125
620381,34.97314453125
620404,32.8369140625
620418,38.330078125
620454,42.78564453125
620475,34.7900390625
621064,32.8369140625
632837,43.701171875
632996,34.1796875
633015,32.65380859375
633120,35.46142578125
633146,52.3681640625
633170,38.26904296875
633275,32.2265625
633302,32.3486328125
633429,36.865234375
645462,35.888671875
645517,37.59765625
645559,66.46728515625
645580,36.0107421875
645613,43.45703125
645705,47.607421875
645725,39.6728515625
659171,36.2548828125
659234,40.1611328125
659256,47.7294921875
659280,45.71533203125
659337,34.36279296875
659371,32.77587890625
659381,39.0625
659393,34.85107421875
659423,34.7900390625
671449,32.470703125
671584,64.02587890625
671620,38.51318359375
671640,42.236328125
671696,34.48486328125
671719,50.29296875
671748,32.958984375
671850,36.1328125
671871,32.53173828125
672081,34.85107421875
684913,34.912109375
684976,32.89794921875
685042,78.06396484375
685061,36.31591796875
685112,39.6728515625
685170,39.12353515625
696345,40.1611328125
696391,33.50830078125
696427,33.63037109375
696487,53.03955078125
696498,41.07666015625
696531,43.701171875
696608,34.0576171875
696634,42.41943359375
696702,39.85595703125
710203,32.28759765625
710245,33.69140625
710270,32.89794921875
710296,33.02001953125
710315,33.935546875
710339,42.05322265625
710349,33.8134765625
710362,59.6923828125
710469,45.47119140625
710617,34.60693359375
710905,32.65380859375
725833,32.65380859375
725853,37.29248046875
725865,45.95947265625
725925,47.2412109375
725962,68.66455078125
726074,39.00146484375
740184,40.34423828125
740253,32.8369140625
740297,33.87451171875
740316,53.64990234375
740349,36.43798828125
740403,37.90283203125
740441,53.40576171875
740624,35.09521484375
753013,37.78076171875
753063,36.1328125
753136,45.47119140625
753185,39.85595703125
753274,33.38623046875
766646,32.2265625
766662,32.28759765625
766732,32.89794921875
766765,48.2177734375
766786,48.88916015625
766880,42.8466796875
766906,37.9638671875
767077,32.89794921875
784470,43.02978515625
784502,32.5927734375
784625,32.40966796875
784654,48.52294921875
784683,47.42431640625
784776,37.109375
784847,35.21728515625
784858,38.26904296875
799388,35.82763671875
799457,32.65380859375
799511,44.00634765625
799554,34.912109375
799601,39.4287109375
799661,32.28759765625
799678,36.92626953125
800021,32.3486328125
818958,33.63037109375
819005,66.650390625
819052,46.875
819075,32.958984375
819100,37.41455078125
819146,44.5556640625
819194,34.0576171875
819208,33.935546875
839699,41.93115234375
839753,64.697265625
839808,45.654296875
839888,68.359375
840014,32.8369140625
840065,38.14697265625
867357,34.36279296875
867429,41.44287109375
867467,44.61669921875
867481,36.0107421875
867575,39.55078125
867646,53.8330078125
867683,35.888671875
917885,33.38623046875
918094,41.6259765625
918153,85.205078125
918185,38.26904296875
918217,36.865234375
918236,49.25537109375
918263,34.36279296875
918287,32.89794921875
918386,39.0625
989365,35.64453125
989413,35.33935546875
989434,39.48974609375
989504,33.3251953125
989543,39.9169921875
989585,48.583984375
989649,35.888671875
989986,32.470703125
1260493,33.5693359375
1335758,32.3486328125
1337029,35.58349609375
1411384,32.2265625
1434023,33.99658203125
1491929,35.5224609375
1495155,33.63037109375
1501345,40.771484375
1543514,34.912109375
1560176,36.07177734375
1606460,40.8935546875
1610458,32.40966796875
1618330,32.65380859375
1663791,33.26416015625
1706574,32.3486328125
1709139,33.02001953125
1711121,33.0810546875
1719253,34.36279296875
1764705,41.44287109375
1764773,53.1005859375
1765058,32.5927734375
1768469,34.423828125
1768614,32.40966796875
1768827,35.09521484375
1795515,37.17041015625
1795631,32.2265625
1798854,33.14208984375
1798893,39.306640625
1801965,40.83251953125
1802125,48.52294921875
1805465,35.46142578125
1805537,49.62158203125
1805648,39.6728515625
1808676,32.77587890625
1835243,33.26416015625
1835268,32.53173828125
1835381,51.6357421875
1835399,49.37744140625
1835504,42.29736328125
1835532,36.0107421875
1839924,33.8134765625
1840051,35.94970703125
1840087,41.32080078125
1840109,45.8984375
1840177,32.71484375
1840217,47.79052734375
1856893,33.3251953125
1856952,32.53173828125
1856977,42.90771484375
1856999,60.1806640625
1857009,32.89794921875
1857191,37.29248046875
1863430,35.0341796875
1863451,33.63037109375
1863497,40.22216796875
1863507,47.54638671875
1863529,32.28759765625
1863630,38.02490234375
1863681,52.490234375
1863798,37.4755859375
1871504,38.818359375
1871535,43.27392578125
1871554,45.34912109375
1871566,73.3642578125
1871705,33.75244140625
1871740,36.43798828125
1871798,40.22216796875
1871885,32.28759765625
1871980,34.48486328125
1878854,36.56005859375
1878902,48.27880859375
1878926,33.0810546875
1878940,40.71044921875
1879020,37.353515625
1879160,37.41455078125
1879272,32.71484375
1886201,37.90283203125
1886231,37.9638671875
1886241,34.11865234375
1886297,36.92626953125
1886388,45.7763671875
1886442,44.86083984375
1886515,33.69140625
1893267,47.119140625
1893343,37.7197265625
1893365,34.60693359375
1893466,37.17041015625
1893488,36.80419921875
1893581,41.68701171875
1899976,33.87451171875
1900086,37.353515625
1900100,55.11474609375
1900125,48.27880859375
1900175,35.400390625
1900285,33.8134765625
1907066,39.61181640625
1907177,34.66796875
1907252,37.109375
1907459,35.46142578125
1907763,40.95458984375
1913707,34.1796875
1913751,41.93115234375
1913795,46.9970703125
1913826,34.423828125
1914074,37.2314453125
1920581,47.79052734375
1920603,64.697265625
1920633,35.70556640625
1920716,32.16552734375
1927421,32.40966796875
1927454,33.38623046875
1927465,56.33544921875
1927589,32.77587890625
1927642,32.2265625
1927725,39.85595703125
1927778,32.40966796875
1934639,35.64453125
1934740,33.0810546875
1934753,43.64013671875
1934773,47.79052734375
1934797,35.64453125
1934922,41.07666015625
1935039,35.15625
1935054,33.75244140625
1942080,41.44287109375
1942093,35.400390625
1942130,33.99658203125
1942150,35.58349609375
1942276,33.38623046875
1942298,42.66357421875
1942415,35.70556640625
1949078,38.51318359375
1949098,40.22216796875
1949141,32.40966796875
1949261,35.888671875
1949291,46.56982421875
1956047,40.1611328125
1956094,41.80908203125
1956122,37.841796875
1956172,33.02001953125
1956186,37.65869140625
1956225,33.63037109375
1956252,51.69677734375
1963211,33.50830078125
1963279,35.2783203125
1963332,52.8564453125
1963411,44.37255859375
1963449,32.28759765625
1963496,33.0810546875
1970665,38.57421875
1970675,34.0576171875
1970741,47.18017578125
1970777,40.0390625
1970868,34.11865234375
1970887,39.0625
1970940,36.2548828125
1971142,32.2265625
1977844,36.31591796875
1977919,38.6962890625
1977934,45.95947265625
1977971,33.14208984375
1978096,36.2548828125
1985198,50.23193359375
1985259,55.96923828125
1985271,37.7197265625
1985304,35.94970703125
1985330,47.8515625
1985441,46.630859375
1985471,34.3017578125
1993162,38.0859375
1993184,32.470703125
1993245,37.78076171875
1993270,36.31591796875
1993340,34.97314453125
1993351,37.2314453125
1993381,37.04833984375
2000582,32.89794921875
2000622,34.5458984375
2000673,39.85595703125
2000741,43.8232421875
2000766,42.54150390625
2000847,38.75732421875
2008253,49.1943359375
2008266,39.61181640625
2008284,37.17041015625
2008399,63.29345703125
2008428,34.48486328125
2008445,42.66357421875
2008543,32.53173828125
2015948,38.6962890625
2015960,32.8369140625
2015997,48.88916015625
2016029,37.353515625
2016078,41.3818359375
2016101,34.1796875
2016129,40.10009765625
2016141,32.8369140625
2023643,36.07177734375
2023672,53.3447265625
2023688,41.748046875
2023712,37.17041015625
2023780,53.7109375
2023937,32.77587890625
2031646,32.958984375
2031669,43.27392578125
2031730,34.11865234375
2031741,39.55078125
2031765,34.60693359375
2031790,35.15625
2031901,36.62109375
2039595,34.7900390625
2039616,34.97314453125
2039644,37.90283203125
2039655,58.65478515625
2039741,37.29248046875
2039787,39.61181640625
2039816,39.00146484375
2047771,34.912109375
2047846,67.5048828125
2047888,49.13330078125
2047907,37.04833984375
2047927,38.51318359375
2047990,33.5693359375
2048005,32.5927734375
2048015,41.015625
2056047,35.0341796875
2056073,48.52294921875
2056088,32.2265625
2056165,44.98291015625
2056236,43.212890625
2064584,35.888671875
2064627,32.16552734375
2064669,36.865234375
2064687,36.865234375
2064770,35.888671875
2064780,47.54638671875
2064876,36.865234375
2073434,32.28759765625
2073463,32.8369140625
2073493,38.0859375
2073534,41.015625
2073556,46.44775390625
2073649,50.35400390625
2073684,39.00146484375
2073700,34.3017578125
2073730,33.203125
2073813,37.29248046875
2073840,33.8134765625
2082731,35.46142578125
2082754,34.11865234375
2082852,38.51318359375
2082867,60.546875
2082963,33.02001953125
2083022,36.4990234375
2091933,43.0908203125
2091970,33.38623046875
2091994,34.60693359375
2092047,71.1669921875
2092078,54.443359375
2092110,42.54150390625
2092153,34.3017578125
2092182,38.39111328125
2092467,34.1796875
2101672,32.53173828125
2101688,48.52294921875
2101707,47.42431640625
2101742,33.26416015625
2101752,41.748046875
2101765,43.76220703125
2101801,34.24072265625
2101813,32.40966796875
2101853,42.66357421875
2101896,36.2548828125
2101941,32.470703125
2101979,32.958984375
2111544,35.888671875
2111586,33.87451171875
2111661,32.958984375
2111689,38.26904296875
2111717,46.32568359375
2111768,58.7158203125
2111780,47.66845703125
2111910,42.90771484375
2121860,32.65380859375
2121892,41.6259765625
2121919,33.02001953125
2121954,57.7392578125
2121997,35.5224609375
2122011,35.58349609375
2122064,40.1611328125
2122444,33.935546875
2132029,35.64453125
2132070,32.89794921875
2132098,33.447265625
2132140,37.4755859375
2132154,56.640625
2132175,48.15673828125
2132236,34.72900390625
2132249,40.95458984375
2132271,48.40087890625
2132326,39.73388671875
2132432,33.38623046875
2132477,33.5693359375
2142895,33.5693359375
2142914,34.7900390625
2142997,44.49462890625
2143015,51.8798828125
2143028,53.28369140625
2143084,41.50390625
2143095,35.58349609375
2143139,35.21728515625
2143169,45.7763671875
2143192,39.36767578125
2143231,33.50830078125
2143346,36.2548828125
2153867,39.00146484375
2153893,32.470703125
2153915,37.41455078125
2153955,38.6962890625
2153978,39.12353515625
2153993,44.98291015625
2154029,33.0810546875
2154054,45.10498046875
2154093,35.21728515625
2154134,43.45703125
2154233,38.63525390625
2165494,34.48486328125
2165515,34.5458984375
2165592,38.39111328125
2165608,37.90283203125
2165624,51.45263671875
2165678,32.89794921875
2165723,38.14697265625
2165744,45.47119140625
2165814,38.9404296875
2165855,34.24072265625
2177694,37.04833984375
2177715,35.64453125
2177734,38.57421875
2177757,34.5458984375
2177771,38.2080078125
2177825,34.85107421875
2177915,35.70556640625
2189466,33.0810546875
2189590,32.470703125
2189657,32.28759765625
2189706,36.2548828125
2189733,81.6650390625
2189764,33.26416015625
2189788,41.8701171875
2189847,36.865234375
2189872,41.015625
2190507,34.24072265625
2202178,38.26904296875
2202282,35.7666015625
2202312,35.70556640625
2202327,51.57470703125
2202355,32.3486328125
2202402,41.44287109375
2202457,35.70556640625
2202516,32.958984375
2215511,33.87451171875
2215588,35.5224609375
2215688,33.203125
2215707,37.353515625
2215731,53.89404296875
2215763,35.33935546875
2215783,44.61669921875
2215886,33.75244140625
2215912,33.5693359375
2229338,32.65380859375
2229421,34.0576171875
2229439,36.43798828125
2229472,64.3310546875
2229483,35.400390625
2229508,32.3486328125
2229532,52.55126953125
2229557,40.22216796875
2229586,52.91748046875
2229646,33.26416015625
2229676,34.7900390625
2229702,34.3017578125
2229741,32.2265625
2230011,34.24072265625
2230233,35.2783203125
2243597,36.62109375
2243666,42.78564453125
2243694,44.7998046875
2243727,35.21728515625
2243749,52.79541015625
2243788,36.62109375
2243815,58.4716796875
2244266,33.935546875
2257623,34.85107421875
2257683,37.9638671875
2257728,35.21728515625
2257760,41.6259765625
2257776,109.19189453125
2257802,33.14208984375
2257831,37.65869140625
2257849,38.0859375
2257894,56.7626953125
2257932,43.212890625
2257955,33.69140625
2257988,32.2265625
2258383,35.33935546875
2258554,35.33935546875
2272365,38.63525390625
2272452,33.0810546875
2272497,38.9404296875
2272516,36.2548828125
2272550,48.52294921875
2272569,33.50830078125
2272594,40.0390625
2272607,35.82763671875
2272647,44.921875
2272670,35.70556640625
2272710,33.203125
2272747,36.9873046875
2272784,36.68212890625
2272853,36.2548828125
2273004,32.5927734375
2273294,32.8369140625
2286890,33.935546875
2287108,35.15625
2287120,49.74365234375
2287169,52.18505859375
2287205,32.8369140625
2287246,37.59765625
2287450,42.29736328125
2302210,36.376953125
2302263,35.15625
2302273,34.66796875
2302396,42.236328125
2302420,59.50927734375
2302440,34.912109375
2302481,59.63134765625
2302510,36.2548828125
2302520,36.80419921875
2302549,39.306640625
2302567,36.7431640625
2302650,37.90283203125
2302733,35.0341796875
2302999,33.69140625
2316989,32.53173828125
2317018,45.22705078125
2317037,38.57421875
2317108,47.8515625
2317131,41.8701171875
2317150,33.935546875
2317249,34.423828125
2317361,43.3349609375
2331971,33.14208984375
2332017,59.63134765625
2332031,58.837890625
2332070,33.935546875
2332115,33.63037109375
2332128,43.212890625
2332155,35.70556640625
2332198,34.0576171875
2332217,39.61181640625
2346825,36.0107421875
2347116,33.87451171875
2347160,36.0107421875
2347180,41.80908203125
2347192,39.61181640625
2347221,36.4990234375
2347234,35.888671875
2347289,51.26953125
2347311,34.912109375
2347341,34.5458984375
2347371,32.53173828125
2347491,32.40966796875
2361798,32.77587890625
2362012,35.15625
2362037,52.8564453125
2362073,48.27880859375
2362113,48.64501953125
2362148,36.376953125
2377728,41.32080078125
2377741,44.86083984375
2377766,44.5556640625
2377827,32.5927734375
2377857,40.52734375
2377873,40.4052734375
2377890,38.63525390625
2377937,32.3486328125
2377978,45.71533203125
2379128,37.59765625
2391904,33.75244140625
2392051,37.41455078125
2392062,56.09130859375
2392116,49.49951171875
2392131,39.4287109375
2392207,33.38623046875
2392219,33.63037109375
2392250,42.17529296875
2392329,34.5458984375
2392341,37.41455078125
2407141,33.3251953125
2407231,37.4755859375
2407280,51.3916015625
2407313,47.79052734375
2407367,36.68212890625
2407382,36.0107421875
2407394,45.7763671875
2407408,34.5458984375
2407478,32.89794921875
2407522,36.92626953125
2408094,33.0810546875
2423327,32.71484375
2423342,34.3017578125
2423411,35.888671875
2423433,37.59765625
2423452,32.2265625
2423476,36.1328125
2423526,38.51318359375
2423548,36.62109375
2423562,32.89794921875
2424189,38.87939453125
2424419,33.3251953125
2440133,35.46142578125
2440145,35.5224609375
2440182,33.99658203125
2440204,34.36279296875
2440248,45.34912109375
2440279,38.02490234375
2440314,32.16552734375
2440370,34.72900390625
2440448,34.24072265625
2460601,32.16552734375
2460725,36.43798828125
2460763,39.0625
2460789,41.68701171875
2460812,52.55126953125
2460834,44.7998046875
2460887,35.0341796875
2460912,36.9873046875
2460931,42.90771484375
2460988,41.015625
2461073,36.56005859375
2461136,36.62109375
2461308,33.5693359375
2480342,33.75244140625
2480417,38.87939453125
2480442,48.828125
2480467,39.61181640625
2480503,35.33935546875
2480524,33.02001953125
2480534,33.3251953125
2480544,37.841796875
2480566,38.57421875
2480605,36.62109375
2480617,42.29736328125
2480808,38.2080078125
2480855,34.48486328125
2480866,43.51806640625
2499282,32.65380859375
2499311,47.119140625
2499331,70.3125
2499365,43.02978515625
2499421,41.50390625
2499459,40.83251953125
2499499,34.11865234375
2499531,36.56005859375
2499604,38.14697265625
2499628,34.85107421875
2517172,32.77587890625
2517205,32.5927734375
2517250,32.71484375
2517303,34.72900390625
2517376,32.65380859375
2517540,34.85107421875
2539653,36.7431640625
2539757,34.912109375
2539841,35.82763671875
2539872,32.53173828125
2539897,74.70703125
2539917,36.376953125
2539980,33.75244140625
2539997,48.64501953125
2540018,32.53173828125
2540043,34.1796875
2540172,32.77587890625
2540671,33.8134765625
2560571,34.7900390625
2560608,33.50830078125
2560625,33.447265625
2560651,47.66845703125
2560666,96.25244140625
2560724,42.6025390625
2560765,37.353515625
2560801,56.70166015625
2585531,33.50830078125
2585657,34.60693359375
2585677,69.4580078125
2585707,34.7900390625
2585725,40.6494140625
2585786,39.306640625
2585813,32.71484375
2585837,38.02490234375
2602580,35.888671875
2602627,37.109375
2602666,38.87939453125
2602697,68.17626953125
2602726,37.7197265625
2602738,32.65380859375
2602788,33.14208984375
2602804,38.39111328125
2602817,55.908203125
2602878,32.71484375
2602926,37.17041015625
2602990,39.9169921875
2603062,37.109375
2623592,33.87451171875
2623738,33.447265625
2623768,38.63525390625
2623828,40.58837890625
2623852,71.22802734375
2623910,47.91259765625
2623937,40.52734375
2623985,33.447265625
2624072,36.1328125
2624129,33.8134765625
2624151,35.94970703125
2655991,33.5693359375
2656154,35.82763671875
2656226,37.109375
2656246,55.23681640625
2656267,48.095703125
2656293,34.97314453125
2656354,36.4990234375
2656444,32.16552734375
2656460,32.53173828125
2656518,32.958984375
2656555,43.39599609375
2656592,32.8369140625
2656711,39.1845703125
2656804,37.7197265625
2657039,33.99658203125
2682955,41.259765625
2682978,38.4521484375
2682989,54.5654296875
2683015,40.0390625
2683101,37.78076171875
2683111,33.0810546875
2683196,40.0390625
2683243,32.71484375
2683278,36.7431640625
2683585,32.53173828125
2722348,32.53173828125
2722466,32.958984375
2722489,39.48974609375
2722536,42.3583984375
2722551,41.93115234375
2722575,37.2314453125
2722626,37.9638671875
2722656,32.470703125
2722701,39.306640625
2722800,35.21728515625
2723014,35.94970703125
2788281,34.97314453125
2788493,45.47119140625
2788534,34.423828125
2788551,39.73388671875
2788622,38.87939453125
2788668,33.69140625
2788736,32.958984375
2788753,32.77587890625
2788840,35.64453125
2788866,47.79052734375
2789231,35.21728515625
2795083,38.14697265625
2795132,33.5693359375
2795309,48.33984375
2795324,41.015625
2864539,34.66796875
2864617,33.69140625
2864848,47.05810546875
2867823,34.11865234375
2872768,47.42431640625
2950652,33.63037109375
2956495,32.3486328125
2963207,34.11865234375
3047457,32.8369140625
3057540,32.3486328125
3115033,35.58349609375
3118969,33.203125
3153658,48.2177734375
3202641,32.28759765625
3247724,36.2548828125
3256102,32.77587890625
3257802,32.65380859375
3261448,34.11865234375
3261942,41.6259765625
3312999,38.9404296875
3313053,33.99658203125
3317667,38.57421875
3362130,33.3251953125
3362174,43.39599609375
3362291,49.49951171875
3373878,33.99658203125
3376832,34.5458984375
3416430,36.56005859375
3416543,32.3486328125
3416555,34.11865234375
3416589,42.236328125
3421194,36.07177734375
3421447,33.203125
3470667,34.36279296875
3470734,43.02978515625
3470750,39.85595703125
3470807,51.1474609375
3470834,50.537109375
3473959,32.3486328125
3474336,32.71484375
3486923,36.1328125
3533100,41.6259765625
3533137,36.1328125
3533186,53.1005859375
3533199,32.71484375
3533312,38.57421875
3537449,40.0390625
3537606,49.8046875
3541735,39.9169921875
3541760,46.7529296875
3541796,40.771484375
3541822,33.63037109375
3542038,39.9169921875
3576265,36.865234375
3576313,37.109375
3576345,45.41015625
3576409,33.99658203125
3576517,34.1796875
3576587,35.33935546875
3580737,37.353515625
3583841,32.958984375
3583943,33.447265625
3626006,56.57958984375
3626051,50.1708984375
3626061,32.2265625
3632704,35.64453125
3632863,35.5224609375
3636819,33.203125
3674074,38.330078125
3674098,32.65380859375
3674131,50.35400390625
3674201,36.31591796875
3674213,59.38720703125
3679380,37.65869140625
3682800,32.2265625
3682968,36.43798828125
3682979,36.07177734375
3683155,36.9873046875
3683168,49.01123046875
3707828,95.947265625
3707873,32.8369140625
3707916,35.94970703125
3715975,32.8369140625
3716431,47.36328125
3716549,49.1943359375
3716577,35.82763671875
3737391,44.73876953125
3737418,52.79541015625
3737439,33.63037109375
3737478,38.6962890625
3737556,40.83251953125
3737587,45.95947265625
3737627,42.1142578125
3742586,33.8134765625
3742650,38.0859375
3742675,37.841796875
3742930,34.36279296875
3768683,38.26904296875
3768699,36.2548828125
3768724,67.2607421875
3768765,53.1005859375
3768776,34.5458984375
3768850,48.64501953125
3768869,43.39599609375
3768886,36.56005859375
3768973,33.02001953125
3773966,35.0341796875
3774061,48.15673828125
3774141,41.015625
3774153,39.55078125
3795878,32.53173828125
3795910,62.6220703125
3795948,63.90380859375
3795977,48.828125
3796019,47.42431640625
3796051,38.6962890625
3796064,45.5322265625
3796105,47.36328125
3796130,37.841796875
3801357,37.17041015625
3801401,38.39111328125
3801484,37.53662109375
3801494,47.66845703125
3801654,51.6357421875
3823635,48.40087890625
3823649,32.3486328125
3823668,65.36865234375
3823688,34.0576171875
3823727,34.3017578125
3823743,36.43798828125
3823793,33.203125
3823810,36.2548828125
3829439,47.8515625
3829504,55.23681640625
3829589,46.81396484375
3829636,44.86083984375
3829723,33.14208984375
3829822,38.330078125
3850584,58.53271484375
3850606,59.814453125
3850620,35.21728515625
3850631,46.7529296875
3850692,32.958984375
3850709,32.3486328125
3850730,57.0068359375
3850874,33.14208984375
3856659,48.03466796875
3856675,37.4755859375
3856782,39.0625
3856850,32.71484375
3880131,43.76220703125
3880160,52.001953125
3880230,34.72900390625
3880326,36.7431640625
3886759,50.23193359375
3886806,38.51318359375
3886862,55.11474609375
3886892,32.3486328125
3886911,36.62109375
3905118,32.28759765625
3905242,76.96533203125
3905276,41.015625
3905303,48.76708984375
3905346,32.65380859375
3905365,40.22216796875
3905407,39.73388671875
3927417,40.8935546875
3927445,44.921875
3927468,41.6259765625
3927507,45.22705078125
3927517,32.2265625
3927562,44.189453125
3927578,74.03564453125
3927623,33.69140625
3927746,40.1611328125
3950665,36.68212890625
3950694,51.1474609375
3950788,38.6962890625
3950822,34.60693359375
3951160,37.109375
3971512,35.888671875
3971540,53.955078125
3971561,66.10107421875
3971655,40.10009765625
3971694,39.55078125
3971716,35.400390625
3971912,40.83251953125
3992233,32.28759765625
3992309,34.7900390625
3992369,49.31640625
3992387,36.376953125
3992416,53.16162109375
3992462,49.1943359375
3992487,40.46630859375
3992498,35.888671875
3992540,40.283203125
4013892,48.095703125
4013916,45.41015625
4013959,36.07177734375
4014019,47.9736328125
4014033,36.56005859375
4014060,57.4951171875
4014070,34.60693359375
4014122,41.6259765625
4034026,32.40966796875
4034105,74.951171875
4034130,50.10986328125
4034165,33.63037109375
4034205,36.56005859375
4034230,51.8798828125
4034519,33.02001953125
4056253,34.7900390625
4056371,51.6357421875
4056388,42.1142578125
4056518,45.10498046875
4056565,64.39208984375
4078009,36.62109375
4078060,53.7109375
4078072,33.50830078125
4078097,47.66845703125
4078152,32.53173828125
4078221,36.31591796875
4078245,36.0107421875
4078563,35.09521484375
4099921,35.70556640625
4099956,65.673828125
4099986,40.8935546875
4100097,35.70556640625
4100108,40.771484375
4100169,41.748046875
4120884,38.330078125
4120913,42.724609375
4120948,32.40966796875
4121039,46.9970703125
4121110,33.447265625
4143794,39.4287109375
4143812,37.78076171875
4143839,66.34521484375
4143969,46.44775390625
4143979,35.70556640625
4168028,32.8369140625
4168049,35.21728515625
4168072,64.27001953125
4168108,40.6494140625
4168135,37.90283203125
4168246,34.36279296875
4168281,39.36767578125
4168368,42.66357421875
4191795,38.02490234375
4191812,44.37255859375
4191835,39.24560546875
4191887,51.33056640625
4191972,43.701171875
4192095,32.40966796875
4198673,32.77587890625
4215115,48.9501953125
4215172,50.537109375
4215182,48.7060546875
4215291,39.61181640625
4237143,36.68212890625
4237170,37.9638671875
4237556,38.14697265625
4260548,47.36328125
4260635,32.16552734375
4260649,37.65869140625
4260710,53.22265625
4260775,42.05322265625
4282788,41.32080078125
4282920,41.3818359375
4282938,51.8798828125
4304701,39.9169921875
4304714,33.935546875
4304788,38.57421875
4304828,56.640625
4326464,34.7900390625
4326538,52.6123046875
4326675,37.4755859375
4326830,34.912109375
4350687,59.5703125
4372772,34.7900390625
4372812,37.109375
4372890,44.5556640625
4373027,44.37255859375
4373106,42.29736328125
4394630,37.65869140625
4394787,41.50390625
4394807,50.96435546875
4394862,36.7431640625
4394873,34.11865234375
4418120,43.88427734375
4418341,35.58349609375
4418362,50.47607421875
4418445,36.19384765625
4418494,36.1328125
4441263,41.50390625
4441393,32.28759765625
4441438,32.28759765625
4441454,55.5419921875
4441469,49.9267578125
4441541,32.53173828125
4462597,36.1328125
4462704,35.15625
4462858,34.423828125
4462920,42.66357421875
4485542,44.49462890625
4485553,49.9267578125
4485614,62.92724609375
4485629,35.33935546875
4485668,52.79541015625
4485680,32.16552734375
4485747,43.02978515625
4493693,32.77587890625
4493718,46.142578125
4493779,32.5927734375
4493790,37.841796875
4493825,46.69189453125
4493863,34.0576171875
4493889,41.015625
4493902,35.0341796875
4493938,49.25537109375
4493964,34.66796875
4493998,60.60791015625
4494041,36.2548828125
4494089,42.48046875
4494122,37.65869140625
4494590,33.99658203125
4498062,36.56005859375
4498229,36.80419921875
4498269,46.2646484375
4498285,32.8369140625
4498322,34.97314453125
4498389,36.9873046875
4498416,36.92626953125
4498561,32.8369140625
4498677,34.7900390625
4498905,32.65380859375
4499320,34.24072265625
4502854,37.04833984375
4511893,36.68212890625
4516219,33.26416015625
4516256,40.6494140625
4516290,41.9921875
4516346,33.0810546875
4520913,36.62109375
4521024,37.59765625
4521076,40.95458984375
4525250,32.958984375
4525319,32.5927734375
4525338,46.08154296875
4525355,53.40576171875
4525398,32.53173828125
4525440,35.46142578125
4525456,39.24560546875
4525494,34.66796875
4525564,35.15625
4529990,34.97314453125
4530172,36.865234375
4530207,44.49462890625
4530226,34.97314453125
4530301,35.70556640625
4530311,36.62109375
4530365,46.32568359375
4535474,35.21728515625
4535653,33.87451171875
4535759,51.33056640625
4535794,35.15625
4535863,39.1845703125
4535886,44.61669921875
4536050,32.2265625
4541460,47.66845703125
4541491,44.677734375
4541537,32.2265625
4541557,32.89794921875
4541575,49.6826171875
4541625,36.4990234375
4541721,33.203125
4541739,33.99658203125
4542881,37.9638671875
4546997,32.28759765625
4547192,44.00634765625
4547220,33.75244140625
4547247,39.48974609375
4547294,32.2265625
4547342,34.0576171875
4553086,37.29248046875
4553117,65.97900390625
4553161,43.8232421875
4558693,37.41455078125
4558767,47.9736328125
4558809,42.41943359375
4558846,35.70556640625
4558884,34.1796875
4558944,37.65869140625
4559009,39.794921875
4564457,34.85107421875
4564672,35.64453125
4564682,69.51904296875
4564766,34.7900390625
4564776,33.447265625
4564872,34.72900390625
4564910,32.3486328125
4565000,32.958984375
4570527,33.38623046875
4570615,32.8369140625
4570684,43.9453125
4570712,32.470703125
4570725,47.05810546875
4570789,33.5693359375
4570847,32.40966796875
4570908,33.447265625
4576932,33.935546875
4576968,43.9453125
4577009,50.96435546875
4577095,36.68212890625
4577134,39.36767578125
4577149,37.7197265625
4577264,35.94970703125
4583192,32.40966796875
4583233,36.7431640625
4583334,38.2080078125
4583363,47.607421875
4583378,48.15673828125
4583435,44.5556640625
4583513,33.447265625
4583605,33.5693359375
4583620,33.26416015625
4589915,32.8369140625
4589925,55.35888671875
4589958,41.8701171875
4590033,38.63525390625
4590107,46.69189453125
4596525,36.62109375
4596592,33.26416015625
4596618,40.83251953125
4596631,53.466796875
4596650,36.07177734375
4596690,34.11865234375
4596717,39.24560546875
4596768,34.3017578125
4603454,53.77197265625
4603466,48.7060546875
4603515,39.9169921875
4603534,38.57421875
4603559,46.32568359375
4603666,37.53662109375
4610284,32.8369140625
4610391,38.75732421875
4610441,41.9921875
4610473,39.0625
4610524,42.66357421875
4610553,32.3486328125
4610580,49.4384765625
4610644,34.0576171875
4610747,34.912109375
4617723,34.3017578125
4617811,38.330078125
4617908,41.1376953125
4618002,44.677734375
4618025,32.2265625
4618080,32.8369140625
4618106,34.0576171875
4625565,37.90283203125
4625588,34.7900390625
4625616,64.39208984375
4625667,40.4052734375
4625679,36.56005859375
4625725,34.0576171875
4625745,33.0810546875
4633582,36.92626953125
4633609,36.7431640625
4633627,51.08642578125
4633711,47.66845703125
4633756,32.470703125
4641888,39.6728515625
4641899,59.5703125
4641968,41.80908203125
4642009,34.11865234375
4642066,35.09521484375
4650461,35.400390625
4650621,35.94970703125
4650636,55.908203125
4650689,32.77587890625
4650707,41.50390625
4650717,34.0576171875
4650798,35.888671875
4659789,42.1142578125
4659813,40.283203125
4659835,40.58837890625
4659951,42.54150390625
4660055,34.24072265625
4661097,33.0810546875
4669263,37.04833984375
4669298,32.65380859375
4669321,64.3310546875
4669376,32.40966796875
4669387,35.58349609375
4669415,32.2265625
4669454,39.48974609375
4679293,53.89404296875
4679320,34.5458984375
4679374,33.02001953125
4679384,41.3818359375
4679420,37.353515625
4679443,32.5927734375
4679473,37.65869140625
4690515,33.8134765625
4690540,70.1904296875
4690553,41.748046875
4690578,38.0859375
4690610,34.36279296875
4690668,35.400390625
4690714,37.41455078125
4702887,40.0390625
4703003,32.958984375
4703037,37.353515625
4703056,45.8984375
4703107,33.26416015625
4703145,37.59765625
4703169,53.40576171875
4703187,35.09521484375
4703260,33.8134765625
4703310,34.48486328125
4703859,34.60693359375
4716532,41.68701171875
4716601,58.7158203125
4716628,45.71533203125
4716655,43.76220703125
4716696,33.26416015625
4716716,46.56982421875
4716766,35.400390625
4731135,32.3486328125
4731233,48.88916015625
4731269,33.02001953125
4731290,39.00146484375
4731311,36.9873046875
4731348,33.447265625
4731458,34.24072265625
4731525,37.17041015625
4747089,33.69140625
4747143,32.89794921875
4747203,33.5693359375
4747235,96.74072265625
4747259,43.51806640625
4747288,52.490234375
4747328,34.912109375
4747349,37.41455078125
4747417,37.59765625
4747550,32.470703125
4764541,39.794921875
4764684,33.69140625
4764704,53.466796875
4764716,51.025390625
4764768,32.5927734375
4764808,32.3486328125
4764878,35.5224609375
4764920,33.8134765625
4765766,36.07177734375
4784839,32.3486328125
4784909,33.203125
4784973,40.771484375
4784998,73.6083984375
4785042,45.0439453125
4785132,33.26416015625
4785182,43.88427734375
4785204,33.14208984375
4785262,34.3017578125
4785348,32.470703125
