4798001,0
31251,49.13330078125
31305,25.93994140625
31338,36.31591796875
31402,27.34375
164063,46.0205078125
164133,36.07177734375
164163,25.69580078125
164190,24.4140625
183863,51.025390625
183961,45.59326171875
184046,28.076171875
239455,45.0439453125
239539,41.50390625
239601,24.71923828125
303570,47.4853515625
303649,37.65869140625
349419,25.2685546875
349512,46.44775390625
349582,34.912109375
349644,25.57373046875
434519,49.1943359375
434549,24.7802734375
434587,42.29736328125
434634,29.11376953125
500064,28.99169921875
500076,54.62646484375
500148,36.07177734375
500206,29.541015625
583186,48.4619140625
583269,37.9638671875
583310,27.64892578125
630159,50.9033203125
630257,38.02490234375
630324,31.25
724414,45.2880859375
724472,24.4140625
724500,38.63525390625
770130,45.59326171875
770243,49.1943359375
770307,32.40966796875
770354,29.78515625
851754,42.3583984375
851804,25.0244140625
851848,43.45703125
887645,26.18408203125
887662,49.1943359375
887767,35.2783203125
887837,26.06201171875
887929,25.32958984375
987282,48.9501953125
987294,27.4658203125
987368,30.2734375
987395,25.87890625
987430,31.67724609375
1063273,46.08154296875
1063351,53.3447265625
1063386,28.01513671875
1134162,39.306640625
1134181,28.9306640625
1134220,26.91650390625
1134254,38.57421875
1256990,47.7294921875
1257065,39.9169921875
1349973,49.4384765625
1350053,35.0341796875
1350113,28.4423828125
1475929,25.2685546875
1475971,58.89892578125
1476040,47.2412109375
1486767,45.71533203125
1487129,42.05322265625
1487160,25.0244140625
1487194,24.2919921875
1642324,51.26953125
1642390,38.87939453125
1642438,28.86962890625
1654103,43.39599609375
1654225,38.2080078125
1744499,50.78125
1744553,26.611328125
1744590,48.88916015625
1744655,28.1982421875
1832070,53.89404296875
1832163,44.0673828125
1832237,26.123046875
1898650,41.44287109375
1898812,53.03955078125
1898876,28.1982421875
1970210,46.44775390625
1970323,53.1005859375
1970426,25.390625
2050451,51.6357421875
2050594,24.7802734375
2050640,41.1376953125
2050650,25.08544921875
2050701,27.34375
2050785,24.35302734375
2121109,43.27392578125
2121246,59.14306640625
2121310,27.64892578125
2121374,25.69580078125
2195781,28.01513671875
2195810,48.76708984375
2195894,43.5791015625
2195935,24.47509765625
2196001,26.4892578125
2262219,43.45703125
2262387,39.61181640625
2262451,37.65869140625
2307563,46.56982421875
2307615,27.587890625
2307664,46.9970703125
2307734,31.1279296875
2368497,46.9970703125
2368657,47.9736328125
2368731,35.2783203125
2475802,48.583984375
2475848,24.47509765625
2475886,25.146484375
2475913,25.45166015625
2475945,42.41943359375
2489366,46.44775390625
2489398,27.2216796875
2489434,40.283203125
2572896,49.62158203125
2572950,28.38134765625
2573004,26.611328125
2573031,39.0625
2573101,33.26416015625
2641194,42.96875
2641221,25.57373046875
2641298,39.794921875
2641367,33.935546875
2641549,25.45166015625
2713743,47.54638671875
2713891,54.6875
2713965,33.14208984375
2714012,30.3955078125
2777320,47.05810546875
2777405,50.47607421875
2777475,33.63037109375
2851453,57.06787109375
2851557,40.283203125
2851607,29.9072265625
2851646,25.32958984375
2919034,41.44287109375
2919205,24.4140625
2919245,39.97802734375
2919309,25.0244140625
2986449,52.79541015625
2986540,37.17041015625
2986600,27.099609375
3040513,41.68701171875
3040574,25.634765625
3040605,47.7294921875
3150579,40.71044921875
3150665,36.7431640625
3150679,26.30615234375
3219183,43.15185546875
3219253,25.45166015625
3219366,36.56005859375
3219431,30.8837890625
3219502,24.4140625
3300315,52.30712890625
3300371,25.57373046875
3300429,44.49462890625
3300495,29.6630859375
3373557,24.658203125
3373610,40.6494140625
3373700,27.9541015625
3373788,25.32958984375
3450808,43.39599609375
3450936,33.8134765625
3451005,29.296875
3451133,25.20751953125
3580419,24.35302734375
3580445,46.9970703125
3580526,45.166015625
3580594,25.08544921875
3669766,48.27880859375
3669948,45.41015625
3670015,24.90234375
3750800,44.49462890625
3751016,25.390625
3751049,25.45166015625
3751108,55.23681640625
3751178,33.26416015625
4091496,45.41015625
4091571,42.724609375
4091657,25.634765625
4227374,27.4658203125
4227389,45.41015625
4227465,47.91259765625
4227516,25.2685546875
4342579,43.02978515625
4342672,34.48486328125
4590131,48.03466796875
4590205,45.5322265625
4705667,26.2451171875
4790243,57.18994140625
4790289,24.59716796875
4790317,39.1845703125
