4799001,0
768843,29.052734375
1178747,28.86962890625
1292908,34.1796875
1788801,28.62548828125
1855686,28.80859375
2065532,29.23583984375
2111188,32.40966796875
2156825,28.62548828125
2256074,28.62548828125
2286757,32.28759765625
2364049,28.62548828125
2456803,29.47998046875
2464335,29.052734375
2597576,29.11376953125
2723604,30.029296875
2810733,31.1279296875
2810873,30.76171875
2818763,29.1748046875
2826741,28.86962890625
2898316,29.1748046875
2954099,32.1044921875
3002061,35.58349609375
3042290,30.94482421875
3058350,35.400390625
3171355,28.6865234375
3187336,28.62548828125
3195473,33.87451171875
3333291,28.80859375
3349678,29.296875
3357678,29.60205078125
3431593,36.43798828125
3455975,29.35791015625
3472420,34.97314453125
3488717,33.26416015625
3563035,28.9306640625
3803811,29.60205078125
3829043,28.86962890625
3845863,32.2265625
3854064,36.2548828125
3929398,29.11376953125
4013775,30.70068359375
4055822,32.470703125
4072681,32.16552734375
4098155,30.6396484375
4106526,31.982421875
4182865,38.330078125
4242325,36.07177734375
4379395,37.109375
4439716,32.3486328125
4448198,31.92138671875
4482802,36.9873046875
4499898,32.04345703125
4499909,28.62548828125
4525986,30.1513671875
4534521,34.72900390625
4568838,28.9306640625
4569057,30.029296875
4612383,33.69140625
4647077,28.62548828125
4655594,28.80859375
4664383,29.6630859375
4664394,30.45654296875
4672862,32.16552734375
4716486,32.28759765625
4759894,32.958984375
