4799201,0
63971,21.05712890625
64644,30.8837890625
64859,20.69091796875
194601,27.587890625
195224,29.35791015625
195407,27.89306640625
249996,26.123046875
258820,27.7099609375
259301,20.44677734375
259485,24.4140625
259631,21.42333984375
303874,30.1513671875
304656,23.62060546875
304980,24.2919921875
305176,20.44677734375
344066,23.193359375
345031,22.76611328125
345401,24.4140625
345653,22.88818359375
386868,22.52197265625
390072,22.705078125
392785,21.8505859375
393423,21.66748046875
393653,22.3388671875
463337,22.94921875
464330,26.0009765625
464564,28.564453125
751318,31.92138671875
776861,27.52685546875
782281,33.63037109375
783802,26.2451171875
784212,20.20263671875
784496,25.2685546875
784680,26.0009765625
821124,31.92138671875
822564,30.21240234375
823044,23.98681640625
823512,24.10888671875
859571,30.33447265625
860665,26.18408203125
911902,26.18408203125
912631,23.62060546875
912946,22.88818359375
913151,21.97265625
951504,20.93505859375
952254,24.47509765625
952518,20.6298828125
993726,25.634765625
1046637,20.5078125
1068152,22.5830078125
1093199,20.44677734375
1119161,20.69091796875
1119785,21.8505859375
1146419,22.4609375
1170302,21.484375
1170875,24.658203125
1202270,21.3623046875
1202662,21.8505859375
1230291,25.93994140625
1286881,21.42333984375
1287208,21.1181640625
1343208,21.1181640625
1362975,20.263671875
1388059,21.54541015625
1464085,20.6298828125
1874596,20.5078125
1915835,20.3857421875
1965876,20.1416015625
1986457,22.4609375
1987201,23.25439453125
2010967,22.5830078125
2032304,21.3623046875
2054521,23.3154296875
2077822,20.751953125
2099757,20.32470703125
2121588,21.3623046875
2145784,21.728515625
2166594,20.8740234375
2234722,23.25439453125
2255406,20.44677734375
2291174,21.54541015625
2307129,20.81298828125
2307542,21.6064453125
2323034,22.5830078125
2338610,20.99609375
2438585,22.94921875
2450814,21.240234375
2463978,21.42333984375
2532533,20.32470703125
2674686,21.3623046875
2680609,20.81298828125
2681706,21.91162109375
2708200,20.20263671875
2742307,21.728515625
2772521,20.20263671875
2827018,25.20751953125
2848579,20.69091796875
2849232,20.56884765625
2868755,22.15576171875
2888530,20.8740234375
2924902,20.69091796875
3004605,22.03369140625
3159598,20.32470703125
3193780,24.23095703125
3212657,20.44677734375
3213516,23.193359375
3234826,20.20263671875
3255791,22.0947265625
3282836,20.32470703125
3312012,23.25439453125
3339762,24.59716796875
3346674,21.54541015625
3347119,20.5078125
3379307,20.56884765625
3379806,20.93505859375
3413538,21.97265625
3445926,21.05712890625
3474972,21.05712890625
3504742,23.0712890625
3573118,24.90234375
3628245,25.93994140625
3629034,21.05712890625
3940165,27.34375
3940521,29.11376953125
4580919,24.47509765625
4581813,30.21240234375
4582113,26.611328125
4582403,20.5078125
4582517,21.728515625
4685509,25.5126953125
4731855,28.80859375
4733546,28.74755859375
4739472,30.8837890625
4739836,28.076171875
4798527,21.78955078125
