4799201,0
44456,52.67333984375
44645,84.3505859375
44708,62.43896484375
108125,75.0732421875
108216,59.99755859375
163380,49.072265625
163605,59.4482421875
163678,55.84716796875
222719,53.7109375
223005,50.47607421875
293518,50.10986328125
293737,61.95068359375
357005,62.98828125
357069,60.1806640625
421072,50.10986328125
421202,63.5986328125
488661,58.7158203125
488839,57.0068359375
488919,55.35888671875
573324,53.52783203125
573479,60.9130859375
573569,47.30224609375
634266,63.5986328125
634336,54.5654296875
711858,56.640625
712048,67.138671875
712138,73.486328125
778079,63.53759765625
778174,66.34521484375
875425,62.6220703125
875511,74.0966796875
954722,54.5654296875
954801,55.17578125
1044334,48.03466796875
1044522,64.94140625
1044596,60.791015625
1137638,53.89404296875
1137847,75.01220703125
1137927,52.3681640625
1225786,47.8515625
1225964,76.416015625
1226052,47.7294921875
1377626,46.08154296875
1377830,52.490234375
1377888,50.9033203125
1377987,47.54638671875
1525793,61.4013671875
1525972,62.68310546875
1526053,69.15283203125
1640737,79.89501953125
1640816,66.58935546875
1768935,55.7861328125
1769115,67.07763671875
1769192,51.94091796875
1870872,75.0732421875
1870961,55.419921875
1979687,68.54248046875
1979766,58.28857421875
1979786,52.001953125
2064206,61.58447265625
2064288,46.9970703125
2064313,46.69189453125
2166853,54.931640625
2166927,53.52783203125
2238147,62.98828125
2238190,49.37744140625
2238288,71.59423828125
2238373,50.537109375
2238394,46.142578125
2305230,53.3447265625
2305292,49.62158203125
2305343,55.23681640625
2385121,46.630859375
2385175,56.82373046875
2385272,50.96435546875
2385363,46.08154296875
2492413,56.7626953125
2492551,51.57470703125
2492631,46.56982421875
2619177,52.6123046875
2619295,56.7626953125
2619388,46.38671875
2729639,72.1435546875
2826656,62.255859375
2967109,49.13330078125
2967184,46.56982421875
3046076,66.5283203125
3046127,53.64990234375
3156311,62.43896484375
3156404,86.60888671875
3156471,46.20361328125
3275171,78.9794921875
3376680,46.630859375
3376806,72.021484375
3376870,46.81396484375
3531430,56.884765625
3698335,52.30712890625
3698385,49.560546875
3762474,66.5283203125
3762507,54.3212890625
3762522,46.142578125
3815374,49.8046875
3815397,53.52783203125
3815453,46.44775390625
3883606,70.556640625
3883684,67.0166015625
3958822,48.2177734375
3958862,48.9501953125
3958965,48.76708984375
4041872,49.1943359375
4096011,50.4150390625
4096094,56.5185546875
4096175,55.23681640625
4171615,67.56591796875
4171715,80.2001953125
4246341,62.92724609375
4246384,49.74365234375
4246443,47.7294921875
4302134,52.06298828125
4302184,58.65478515625
4302257,62.56103515625
4302287,50.96435546875
4400913,60.546875
4400942,62.3779296875
4529188,54.3212890625
4529310,60.11962890625
4529344,49.98779296875
4529372,51.33056640625
4580783,52.79541015625
4580901,47.2412109375
4635637,47.7294921875
4635749,50.048828125
4635804,70.4345703125
4738035,54.6875
4738079,52.1240234375
4738155,74.0966796875
4738204,54.62646484375
