4799201,0
2437,42.724609375
3470,34.24072265625
12701,32.71484375
13855,34.66796875
19078,34.60693359375
23767,38.26904296875
32725,41.259765625
33948,34.36279296875
38666,33.99658203125
45121,32.16552734375
51481,40.52734375
53268,36.80419921875
56198,32.5927734375
56264,34.24072265625
56292,77.880859375
56305,36.68212890625
56338,39.73388671875
56368,61.95068359375
56379,87.646484375
56394,47.7294921875
56415,40.6494140625
56444,58.04443359375
56474,49.8046875
56486,31.73828125
56509,43.76220703125
56538,38.4521484375
56570,36.80419921875
56605,33.8134765625
56640,31.3720703125
56662,31.43310546875
56675,38.330078125
56712,42.05322265625
56790,38.26904296875
56812,33.203125
56836,34.66796875
56901,34.7900390625
57003,36.68212890625
57137,38.4521484375
57442,32.28759765625
57738,34.1796875
57898,36.2548828125
108454,31.55517578125
116795,32.470703125
126528,34.0576171875
136257,33.5693359375
169859,34.423828125
173951,40.283203125
180284,37.59765625
190150,31.31103515625
191159,45.22705078125
191180,44.61669921875
191191,47.607421875
191214,37.04833984375
191232,46.142578125
191248,153.25927734375
191280,70.37353515625
191291,82.94677734375
191308,40.6494140625
191327,37.841796875
191345,43.5791015625
191373,38.9404296875
191409,40.283203125
191429,34.3017578125
191445,31.73828125
191459,35.33935546875
191469,51.025390625
191509,38.51318359375
191539,33.99658203125
191571,40.10009765625
191609,34.423828125
191786,31.3720703125
191840,32.8369140625
192011,31.73828125
192111,36.80419921875
192645,31.982421875
192775,49.8046875
193045,38.63525390625
261827,39.85595703125
280358,41.32080078125
284583,42.05322265625
297003,34.72900390625
302773,31.6162109375
305857,34.60693359375
313149,34.3017578125
320935,38.75732421875
327158,40.6494140625
334789,35.46142578125
336385,37.29248046875
339449,34.3017578125
342647,67.9931640625
342671,31.67724609375
342687,62.744140625
342712,167.96875
342736,75.0732421875
342748,114.1357421875
342771,60.4248046875
342798,38.87939453125
342819,51.33056640625
342839,62.1337890625
342888,52.06298828125
342957,40.8935546875
343020,32.5927734375
343045,35.64453125
343089,38.6962890625
343172,32.470703125
343182,34.1796875
343201,39.306640625
343358,32.3486328125
343418,39.794921875
343543,33.0810546875
343611,32.1044921875
343996,36.376953125
344069,34.97314453125
344163,39.85595703125
344435,31.43310546875
344450,35.09521484375
400800,37.41455078125
413104,31.43310546875
417491,34.7900390625
419278,35.09521484375
421781,35.15625
432058,36.376953125
440559,34.66796875
449788,32.89794921875
461504,32.5927734375
466349,35.2783203125
474797,35.09521484375
476053,45.22705078125
480775,36.2548828125
489592,40.95458984375
495181,41.19873046875
497932,33.935546875
498435,33.38623046875
498471,40.52734375
498501,32.958984375
498531,114.8681640625
498545,59.6923828125
498577,55.11474609375
498593,69.03076171875
498631,58.04443359375
498663,65.36865234375
498722,42.29736328125
498755,41.50390625
498767,34.5458984375
498791,32.16552734375
498832,34.72900390625
498977,32.71484375
499080,35.94970703125
499122,33.38623046875
499187,32.71484375
499310,41.259765625
499541,36.1328125
499731,33.38623046875
499773,33.63037109375
500116,40.34423828125
500267,41.1376953125
500346,33.5693359375
583893,37.9638671875
588717,32.16552734375
589866,31.79931640625
592608,32.5927734375
608697,32.2265625
619764,35.58349609375
623653,40.0390625
628920,32.16552734375
633281,45.654296875
636369,31.79931640625
640380,36.80419921875
645563,35.5224609375
654926,31.31103515625
655912,44.43359375
657228,33.8134765625
657242,48.095703125
657271,42.78564453125
657306,143.73779296875
657338,70.73974609375
657352,68.66455078125
657362,66.5283203125
657399,54.87060546875
657415,35.400390625
657447,42.6025390625
657463,44.86083984375
657535,34.3017578125
657559,36.9873046875
657612,36.7431640625
657625,32.16552734375
657661,40.1611328125
657697,31.31103515625
657754,36.31591796875
657786,31.92138671875
657875,35.94970703125
658756,35.58349609375
658830,32.40966796875
658916,32.8369140625
659108,33.447265625
729766,39.24560546875
739811,36.19384765625
746515,36.31591796875
753072,31.3720703125
756251,34.5458984375
762393,37.41455078125
776411,32.1044921875
779985,33.5693359375
792715,32.40966796875
800326,36.92626953125
806198,35.15625
807345,38.9404296875
811363,32.2265625
811376,44.61669921875
811386,65.49072265625
811425,57.31201171875
811435,152.83203125
811463,106.62841796875
811474,51.1474609375
811486,54.74853515625
811518,49.98779296875
811531,32.28759765625
811542,36.80419921875
811571,35.09521484375
811588,31.982421875
811601,35.64453125
811616,33.87451171875
811650,44.86083984375
811683,38.26904296875
811715,34.5458984375
811770,31.8603515625
811821,32.470703125
811862,31.494140625
811987,33.50830078125
812056,41.3818359375
812119,34.97314453125
812824,37.7197265625
812914,32.40966796875
812968,31.31103515625
813160,35.7666015625
877874,35.09521484375
884370,33.8134765625
889603,33.38623046875
900550,39.36767578125
901661,35.70556640625
921356,36.62109375
927569,34.36279296875
928592,36.9873046875
933094,33.0810546875
942508,32.53173828125
953243,31.67724609375
955958,31.92138671875
959902,34.7900390625
968700,43.51806640625
973157,40.22216796875
974373,32.3486328125
978633,37.2314453125
979731,31.494140625
982539,32.53173828125
982556,37.04833984375
982584,50.048828125
982602,59.38720703125
982617,125.6103515625
982645,62.744140625
982656,40.52734375
982671,49.98779296875
982688,47.42431640625
982710,40.4052734375
982720,69.4580078125
982749,31.982421875
982762,40.95458984375
982782,43.3349609375
982820,35.400390625
982845,42.8466796875
982877,38.39111328125
982915,34.3017578125
982947,31.31103515625
982981,38.02490234375
983018,35.33935546875
983059,46.0205078125
983096,32.53173828125
983191,35.21728515625
983424,33.99658203125
983658,31.67724609375
983673,31.6162109375
983850,34.72900390625
983916,31.67724609375
983960,31.55517578125
984030,32.28759765625
984048,32.2265625
984192,45.41015625
984492,35.33935546875
1057469,34.85107421875
1067724,35.400390625
1081642,34.0576171875
1086218,43.02978515625
1089996,32.2265625
1095566,32.89794921875
1096717,32.5927734375
1109252,34.912109375
1110352,34.5458984375
1115734,39.6728515625
1124988,33.69140625
1129214,34.48486328125
1130335,42.3583984375
1134803,32.71484375
1139869,31.982421875
1144841,39.12353515625
1153333,32.71484375
1157779,49.1943359375
1158665,35.58349609375
1158679,83.1298828125
1158705,44.677734375
1158724,39.0625
1158741,128.173828125
1158762,67.81005859375
1158789,81.4208984375
1158820,47.42431640625
1158834,86.9140625
1158846,51.26953125
1158866,31.31103515625
1158895,44.677734375
1158929,44.0673828125
1158944,40.52734375
1158961,37.17041015625
1158995,40.95458984375
1159026,33.935546875
1159061,31.494140625
1159239,32.71484375
1159284,36.1328125
1159333,33.87451171875
1159360,41.44287109375
1159381,36.31591796875
1159530,39.1845703125
1159699,32.958984375
1160209,37.78076171875
1160308,34.912109375
1160362,31.55517578125
1196383,43.45703125
1200567,42.3583984375
1243508,37.4755859375
1251669,36.4990234375
1252781,34.36279296875
1265645,32.958984375
1275174,36.2548828125
1280411,31.982421875
1281583,39.36767578125
1288157,48.27880859375
1288965,32.470703125
1293780,36.4990234375
1302954,36.9873046875
1308242,37.9638671875
1308465,32.65380859375
1308480,46.630859375
1308491,38.39111328125
1308523,176.025390625
1308543,54.443359375
1308564,35.33935546875
1308595,46.875
1308605,63.8427734375
1308632,62.744140625
1308647,48.2177734375
1308668,34.423828125
1308692,65.73486328125
1308716,32.71484375
1308782,31.8603515625
1308879,35.400390625
1308913,37.65869140625
1308984,32.470703125
1309024,32.77587890625
1309057,35.70556640625
1309077,42.96875
1309128,33.5693359375
1309157,31.92138671875
1309171,35.46142578125
1309244,43.0908203125
1309446,40.1611328125
1309500,33.203125
1309857,32.65380859375
1309937,33.69140625
1310063,35.5224609375
1310214,32.470703125
1310289,32.3486328125
1310347,35.7666015625
1310419,31.67724609375
1310474,33.75244140625
1310525,35.70556640625
1383768,40.4052734375
1391329,36.7431640625
1401248,33.02001953125
1407300,31.31103515625
1411717,33.14208984375
1416781,31.43310546875
1425990,31.494140625
1426309,32.71484375
1429392,35.400390625
1430586,33.38623046875
1441343,35.09521484375
1448469,34.66796875
1454820,33.63037109375
1455948,34.0576171875
1462952,39.12353515625
1475919,32.958984375
1480410,36.1328125
1487748,38.87939453125
1487772,77.1484375
1487799,34.912109375
1487832,34.5458984375
1487864,51.94091796875
1487874,56.70166015625
1487907,44.677734375
1487927,60.72998046875
1487951,47.79052734375
1487969,54.38232421875
1487980,44.3115234375
1487992,37.04833984375
1488017,36.62109375
1488065,36.865234375
1488107,31.3720703125
1488131,32.40966796875
1488157,40.1611328125
1488234,35.888671875
1488270,31.73828125
1488293,33.14208984375
1488369,32.2265625
1488395,34.11865234375
1488409,33.203125
1488455,32.71484375
1488490,33.75244140625
1488594,34.3017578125
1488736,31.55517578125
1488828,35.888671875
1488942,31.982421875
1489063,37.65869140625
1489302,36.31591796875
1489385,34.7900390625
1489507,31.92138671875
1489566,32.16552734375
1506204,34.3017578125
1572584,33.8134765625
1587211,37.90283203125
1591715,34.72900390625
1595953,35.64453125
1603852,34.66796875
1611042,42.48046875
1612327,33.8134765625
1620494,34.912109375
1628128,31.982421875
1634744,33.5693359375
1638806,43.212890625
1643475,33.14208984375
1648788,47.607421875
1649989,34.97314453125
1650007,69.76318359375
1650042,35.94970703125
1650070,112.3046875
1650082,69.091796875
1650109,88.9892578125
1650120,54.62646484375
1650138,53.89404296875
1650156,60.24169921875
1650178,54.443359375
1650205,52.1240234375
1650271,33.26416015625
1650317,33.14208984375
1650335,32.40966796875
1650362,37.17041015625
1650387,36.68212890625
1650503,32.5927734375
1650559,33.69140625
1650590,36.62109375
1650639,35.33935546875
1650718,33.0810546875
1650772,34.912109375
1650860,32.40966796875
1650986,32.89794921875
1651055,34.66796875
1651534,36.865234375
1651758,31.494140625
1734990,41.56494140625
1749521,36.92626953125
1754986,36.68212890625
1766719,32.958984375
1770562,31.494140625
1771518,31.494140625
1777481,37.353515625
1783523,35.58349609375
1788377,33.26416015625
1789627,33.99658203125
1793220,41.50390625
1801022,33.8134765625
1807784,31.3720703125
1808860,38.87939453125
1813861,36.376953125
1813889,78.857421875
1813924,53.1005859375
1813941,141.9677734375
1813955,44.921875
1813969,86.42578125
1813992,62.255859375
1814006,65.185546875
1814022,31.3720703125
1814040,49.9267578125
1814056,36.80419921875
1814076,41.748046875
1814099,39.00146484375
1814167,36.2548828125
1814200,41.50390625
1814221,32.28759765625
1814264,46.81396484375
1814301,32.65380859375
1814394,33.447265625
1814445,31.31103515625
1814499,37.2314453125
1814533,32.53173828125
1814575,32.3486328125
1814643,39.1845703125
1814711,34.912109375
1814855,37.65869140625
1815109,36.56005859375
1815333,38.0859375
1815463,31.8603515625
1815548,33.87451171875
1815576,32.65380859375
1815933,33.50830078125
1894477,36.1328125
1900295,32.16552734375
1911113,33.935546875
1918714,32.65380859375
1922560,32.3486328125
1923141,37.353515625
1923170,40.283203125
1923226,40.1611328125
1923249,147.27783203125
1923267,46.0205078125
1923278,61.34033203125
1923304,96.25244140625
1923345,88.07373046875
1923361,78.06396484375
1923390,52.91748046875
1923425,53.5888671875
1923451,45.10498046875
1923485,45.8984375
1923506,42.17529296875
1923516,33.14208984375
1923556,39.00146484375
1923582,42.17529296875
1923618,40.83251953125
1923636,36.80419921875
1923651,49.1943359375
1923731,31.8603515625
1923770,34.5458984375
1923781,31.67724609375
1923862,37.78076171875
1923943,31.55517578125
1924008,35.64453125
1924046,32.1044921875
1924244,33.203125
1924318,36.07177734375
1924512,32.40966796875
1924758,34.72900390625
1925078,41.68701171875
1925190,32.16552734375
2000839,31.79931640625
2011957,36.43798828125
2022052,35.888671875
2029511,32.53173828125
2036287,31.79931640625
2040393,31.31103515625
2041716,40.771484375
2045889,41.32080078125
2058234,35.400390625
2061396,31.92138671875
2072542,39.9169921875
2073539,48.76708984375
2073595,43.15185546875
2073616,65.73486328125
2073641,41.50390625
2073661,55.7861328125
2073696,49.98779296875
2073708,123.53515625
2073736,105.28564453125
2073761,70.068359375
2073779,80.50537109375
2073796,39.55078125
2073825,31.31103515625
2073855,57.80029296875
2073885,49.86572265625
2073904,34.1796875
2073916,32.16552734375
2074087,43.51806640625
2074124,31.92138671875
2074163,36.92626953125
2074203,31.79931640625
2074254,45.8984375
2074389,33.8134765625
2074418,31.8603515625
2074585,41.44287109375
2074949,31.6162109375
2075216,34.48486328125
2075379,33.0810546875
2075514,32.53173828125
2075545,36.68212890625
2075558,36.19384765625
2075958,31.3720703125
2132630,33.935546875
2148419,31.73828125
2149719,34.66796875
2156335,38.818359375
2159317,35.70556640625
2167389,34.48486328125
2170577,44.7998046875
2179604,36.0107421875
2184785,33.63037109375
2186851,32.8369140625
2194716,33.0810546875
2202803,42.17529296875
2212427,34.85107421875
2221988,41.6259765625
2230345,35.15625
2234784,36.43798828125
2238280,34.72900390625
2247389,35.09521484375
2248558,39.12353515625
2253678,44.37255859375
2265355,39.48974609375
2265388,62.68310546875
2265406,40.1611328125
2265426,42.236328125
2265446,138.427734375
2265456,77.33154296875
2265482,87.890625
2265493,95.76416015625
2265526,51.1474609375
2265537,49.13330078125
2265567,39.0625
2265595,36.07177734375
2265657,32.2265625
2265723,55.72509765625
2265749,38.39111328125
2265765,39.6728515625
2265792,42.78564453125
2265828,31.55517578125
2265880,31.8603515625
2265946,42.724609375
2265997,32.2265625
2266049,48.2177734375
2266171,31.8603515625
2266273,32.3486328125
2266424,49.37744140625
2266792,35.0341796875
2266861,31.494140625
2266875,42.66357421875
2267125,37.59765625
2267293,37.41455078125
2267539,37.04833984375
2345084,37.2314453125
2346913,32.16552734375
2357968,32.2265625
2363109,33.69140625
2376843,32.5927734375
2378180,39.48974609375
2385373,32.1044921875
2392110,41.8701171875
2403013,33.3251953125
2413126,38.818359375
2416350,32.2265625
2425576,32.16552734375
2427840,33.99658203125
2440701,33.935546875
2444532,35.7666015625
2455216,34.24072265625
2462873,36.19384765625
2467020,31.6162109375
2472496,40.8935546875
2472522,60.24169921875
2472546,37.59765625
2472561,62.19482421875
2472580,127.5634765625
2472616,90.75927734375
2472630,74.76806640625
2472648,48.2177734375
2472671,33.5693359375
2472737,41.19873046875
2472767,31.55517578125
2472779,32.8369140625
2472865,38.6962890625
2472896,38.4521484375
2472920,32.2265625
2472932,34.1796875
2472960,32.470703125
2473003,36.376953125
2473042,38.87939453125
2473117,31.6162109375
2473188,32.8369140625
2473309,33.8134765625
2473422,33.69140625
2473553,33.14208984375
2473598,31.982421875
2473689,33.447265625
2473930,35.70556640625
2473991,35.33935546875
2474463,36.9873046875
2501832,33.8134765625
2540569,35.2783203125
2555806,35.400390625
2569045,33.26416015625
2574009,31.67724609375
2575249,36.2548828125
2576763,31.982421875
2585354,33.3251953125
2588985,33.5693359375
2591931,31.982421875
2598688,35.64453125
2600010,33.99658203125
2606162,34.11865234375
2610074,40.95458984375
2620099,40.1611328125
2622283,31.55517578125
2629794,35.33935546875
2635689,41.32080078125
2640773,32.958984375
2652320,33.3251953125
2653512,34.1796875
2663576,31.494140625
2666935,36.56005859375
2678028,33.02001953125
2681891,71.8994140625
2681907,46.81396484375
2681929,59.14306640625
2681961,115.6005859375
2681980,54.38232421875
2682000,63.4765625
2682026,74.3408203125
2682048,57.2509765625
2682060,48.828125
2682075,31.67724609375
2682090,48.33984375
2682103,39.6728515625
2682114,39.55078125
2682152,37.78076171875
2682184,34.24072265625
2682215,31.494140625
2682253,43.02978515625
2682281,32.89794921875
2682347,45.22705078125
2682394,37.841796875
2682506,31.982421875
2682544,31.79931640625
2682586,32.470703125
2682610,37.109375
2682642,34.66796875
2682779,35.400390625
2683090,38.4521484375
2683459,32.958984375
2752987,35.888671875
2756314,38.0859375
2774165,35.5224609375
2783630,34.3017578125
2801681,36.68212890625
2809843,33.447265625
2811222,40.771484375
2824735,34.3017578125
2833203,36.865234375
2841152,42.96875
2842290,31.67724609375
2843522,39.1845703125
2852435,34.60693359375
2859075,36.7431640625
2862203,31.31103515625
2872142,38.63525390625
2873243,34.24072265625
2879493,34.7900390625
2887752,36.1328125
2888917,33.99658203125
2894582,34.3017578125
2894592,54.62646484375
2894620,36.9873046875
2894632,39.00146484375
2894644,101.4404296875
2894677,75.8056640625
2894699,51.025390625
2894719,48.52294921875
2894744,48.88916015625
2894769,56.396484375
2894788,32.77587890625
2894805,47.119140625
2894838,34.66796875
2894859,31.494140625
2894927,38.51318359375
2894992,37.78076171875
2895004,32.65380859375
2895027,31.73828125
2895076,32.8369140625
2895105,33.63037109375
2895134,33.69140625
2895184,34.48486328125
2895237,37.2314453125
2895344,41.32080078125
2895432,42.90771484375
2895454,37.78076171875
2895590,46.2646484375
2895613,33.447265625
2895811,33.3251953125
2895909,31.67724609375
2896422,33.75244140625
2896489,33.26416015625
2967037,35.21728515625
2968337,39.6728515625
2977913,34.423828125
2989768,31.982421875
2993333,33.3251953125
3005052,40.283203125
3009382,31.79931640625
3010676,34.66796875
3022692,32.2265625
3029694,35.82763671875
3035717,32.53173828125
3037315,31.55517578125
3046350,36.19384765625
3052006,33.50830078125
3056909,37.9638671875
3058252,34.66796875
3065252,31.6162109375
3070711,39.36767578125
3075802,40.10009765625
3097062,36.80419921875
3099406,35.82763671875
3106835,40.1611328125
3107937,39.12353515625
3113206,33.75244140625
3119281,37.7197265625
3122402,37.65869140625
3122412,74.3408203125
3122436,33.02001953125
3122446,39.55078125
3122480,113.4033203125
3122500,101.1962890625
3122520,67.7490234375
3122538,51.26953125
3122550,38.63525390625
3122576,48.03466796875
3122591,67.32177734375
3122622,38.4521484375
3122684,47.30224609375
3122713,33.75244140625
3122786,38.26904296875
3122846,32.3486328125
3122898,31.73828125
3122915,39.12353515625
3122957,31.55517578125
3123148,40.46630859375
3123185,34.24072265625
3123223,32.28759765625
3123291,31.79931640625
3123356,35.21728515625
3123435,34.48486328125
3123469,33.69140625
3123539,41.9921875
3123590,31.43310546875
3123752,34.3017578125
3123800,32.958984375
3123862,35.46142578125
3124023,32.16552734375
3124123,35.2783203125
3207843,32.28759765625
3222008,34.3017578125
3222954,39.55078125
3229824,33.5693359375
3230962,31.494140625
3238806,31.6162109375
3268054,36.4990234375
3269335,33.87451171875
3273419,39.97802734375
3290756,37.7197265625
3297372,38.51318359375
3304639,33.3251953125
3310379,72.6318359375
3310414,46.20361328125
3310445,101.07421875
3310472,39.97802734375
3310482,88.19580078125
3310513,61.58447265625
3310527,40.71044921875
3310544,49.86572265625
3310573,39.97802734375
3310603,49.37744140625
3310637,44.37255859375
3310654,34.1796875
3310665,32.77587890625
3310696,32.40966796875
3310762,44.25048828125
3310796,35.64453125
3310832,31.67724609375
3310870,32.8369140625
3310924,32.3486328125
3310948,34.11865234375
3310992,46.93603515625
3311093,42.236328125
3311195,32.958984375
3311248,32.28759765625
3311358,33.75244140625
3311394,33.99658203125
3311565,38.63525390625
3311707,32.3486328125
3312056,31.982421875
3312323,32.8369140625
3312358,31.31103515625
3312387,32.53173828125
3383128,42.29736328125
3402236,33.02001953125
3413871,36.9873046875
3429281,32.470703125
3430750,39.24560546875
3438055,34.7900390625
3440505,38.87939453125
3441709,31.92138671875
3456620,36.4990234375
3461319,36.07177734375
3470098,34.1796875
3471177,32.16552734375
3477288,31.43310546875
3489234,39.6728515625
3493571,35.400390625
3505011,32.2265625
3509269,39.85595703125
3514630,38.57421875
3520984,33.87451171875
3521922,31.67724609375
3529671,33.447265625
3531122,41.32080078125
3535532,38.4521484375
3541152,45.41015625
3546298,36.80419921875
3549580,33.38623046875
3549604,31.55517578125
3549688,62.07275390625
3549699,38.87939453125
3549722,62.1337890625
3549733,151.7333984375
3549765,55.908203125
3549799,35.82763671875
3549826,50.96435546875
3549840,41.56494140625
3549858,38.9404296875
3549881,38.2080078125
3549892,52.734375
3549924,39.6728515625
3549956,38.57421875
3549988,52.30712890625
3550020,32.04345703125
3550053,33.447265625
3550120,35.46142578125
3550316,46.56982421875
3550344,35.09521484375
3550489,32.77587890625
3550545,31.73828125
3550582,33.3251953125
3550638,33.203125
3550682,32.16552734375
3550948,34.36279296875
3551427,34.48486328125
3551568,40.10009765625
3551647,31.31103515625
3551911,36.0107421875
3598613,37.65869140625
3635778,36.43798828125
3644074,40.52734375
3649603,32.28759765625
3662924,37.78076171875
3674210,35.0341796875
3682082,31.31103515625
3687034,36.865234375
3706217,36.43798828125
3711104,31.79931640625
3719609,33.99658203125
3721007,33.3251953125
3724931,34.912109375
3734050,38.330078125
3739686,31.43310546875
3741475,61.46240234375
3741489,38.63525390625
3741506,41.748046875
3741530,150.87890625
3741546,42.48046875
3741571,62.8662109375
3741587,45.41015625
3741610,48.33984375
3741637,53.40576171875
3741659,47.18017578125
3741688,50.048828125
3741704,32.5927734375
3741738,46.81396484375
3741750,35.2783203125
3741767,33.63037109375
3741815,37.78076171875
3741855,32.8369140625
3741881,35.64453125
3741918,39.36767578125
3741954,33.87451171875
3742009,32.71484375
3742035,34.5458984375
3742182,36.865234375
3742245,40.4052734375
3742345,33.5693359375
3742497,33.447265625
3742718,35.46142578125
3742794,31.3720703125
3743226,33.8134765625
3743341,35.46142578125
3821865,31.494140625
3837470,41.6259765625
3840828,33.02001953125
3856768,37.109375
3866301,44.25048828125
3878012,44.25048828125
3885046,35.46142578125
3889286,31.67724609375
3890449,37.65869140625
3909343,36.19384765625
3910275,32.40966796875
3916928,34.72900390625
3917079,32.04345703125
3923767,32.04345703125
3928269,31.67724609375
3929570,31.55517578125
3934930,42.48046875
3939009,38.9404296875
3942945,41.68701171875
3943846,31.6162109375
3947484,35.5224609375
3950753,35.888671875
3955718,33.50830078125
3957446,32.2265625
3957529,43.76220703125
3957545,62.80517578125
3957565,43.15185546875
3957593,142.27294921875
3957612,75.5615234375
3957639,107.97119140625
3957665,81.48193359375
3957678,72.265625
3957698,48.64501953125
3957708,48.7060546875
3957739,56.7626953125
3957770,38.2080078125
3957830,32.77587890625
3957851,32.958984375
3957863,50.537109375
3957926,33.87451171875
3958031,31.31103515625
3958142,31.6162109375
3958188,34.66796875
3958310,31.8603515625
3958373,34.11865234375
3958519,33.3251953125
3958659,35.0341796875
3958695,31.494140625
3958758,31.3720703125
3958898,33.447265625
3959151,33.5693359375
3959527,38.14697265625
4029368,31.494140625
4042097,32.40966796875
4049045,51.7578125
4052840,42.48046875
4063372,33.8134765625
4084500,33.8134765625
4092130,34.0576171875
4101883,35.15625
4109876,32.5927734375
4115151,32.53173828125
4120595,45.47119140625
4130706,32.5927734375
4133601,40.71044921875
4134701,36.80419921875
4142936,31.31103515625
4144045,42.724609375
4156464,36.2548828125
4159691,33.69140625
4161736,82.3974609375
4161771,42.05322265625
4161799,111.81640625
4161824,45.95947265625
4161846,49.98779296875
4161858,51.45263671875
4161875,60.11962890625
4161907,64.51416015625
4161930,45.166015625
4161959,32.2265625
4161976,33.38623046875
4162025,39.4287109375
4162091,45.59326171875
4162122,38.330078125
4162190,33.26416015625
4162226,39.55078125
4162246,34.3017578125
4162361,35.64453125
4162523,40.58837890625
4162597,32.3486328125
4162731,37.78076171875
4162990,35.46142578125
4163087,33.38623046875
4163155,33.99658203125
4163195,32.958984375
4163377,32.71484375
4163681,31.31103515625
4163699,31.79931640625
4235735,36.7431640625
4242811,39.12353515625
4252168,34.0576171875
4261077,34.36279296875
4272931,36.68212890625
4279517,31.92138671875
4284888,38.26904296875
4294307,35.21728515625
4295721,38.87939453125
4305671,31.67724609375
4306840,32.3486328125
4316391,33.87451171875
4319535,38.26904296875
4320278,38.39111328125
4320303,67.19970703125
4320315,32.65380859375
4320342,153.6865234375
4320356,45.0439453125
4320382,88.07373046875
4320406,65.49072265625
4320432,52.91748046875
4320448,56.15234375
4320481,34.7900390625
4320508,43.39599609375
4320556,35.21728515625
4320576,31.73828125
4320606,43.701171875
4320636,39.48974609375
4320658,44.0673828125
4320687,32.77587890625
4320724,34.912109375
4320743,36.92626953125
4320781,36.865234375
4320807,39.24560546875
4320844,31.92138671875
4320898,37.17041015625
4320972,38.87939453125
4321015,32.53173828125
4321095,34.1796875
4321223,35.58349609375
4321240,32.53173828125
4321379,31.73828125
4321605,32.1044921875
4321801,32.16552734375
4321885,43.88427734375
4322001,31.55517578125
4322074,32.28759765625
4322204,40.10009765625
4392763,33.5693359375
4401159,35.21728515625
4413621,32.16552734375
4419896,32.28759765625
4421555,31.92138671875
4429500,39.0625
4434501,40.1611328125
4441764,31.3720703125
4446962,32.470703125
4455088,36.9873046875
4456166,33.38623046875
4456219,36.56005859375
4456249,77.392578125
4456277,34.3017578125
4456300,126.52587890625
4456315,49.74365234375
4456342,85.3271484375
4456359,66.71142578125
4456381,38.0859375
4456395,44.25048828125
4456409,39.12353515625
4456441,32.16552734375
4456464,54.87060546875
4456498,34.423828125
4456527,38.02490234375
4456561,40.4052734375
4456595,33.5693359375
4456630,42.1142578125
4456665,31.67724609375
4456686,32.1044921875
4456702,31.79931640625
4456739,37.2314453125
4456774,35.888671875
4456836,36.62109375
4456865,36.31591796875
4456894,32.958984375
4456942,31.31103515625
4457175,33.99658203125
4457243,33.447265625
4457325,43.02978515625
4457689,46.38671875
4457822,31.79931640625
4458133,33.99658203125
4509901,37.78076171875
4539856,33.447265625
4544965,34.48486328125
4550798,47.42431640625
4566587,37.9638671875
4571991,36.43798828125
4573156,33.75244140625
4577895,32.470703125
4580953,35.33935546875
4588643,31.982421875
4593538,37.9638671875
4602157,37.841796875
4609060,31.67724609375
4610152,33.26416015625
4621287,36.0107421875
4628307,35.7666015625
4634171,33.14208984375
4635968,33.02001953125
4635987,53.7109375
4635999,36.1328125
4636022,53.16162109375
4636048,43.9453125
4636081,96.923828125
4636091,94.17724609375
4636126,58.7158203125
4636156,48.7060546875
4636183,33.63037109375
4636215,43.15185546875
4636246,35.2783203125
4636273,35.15625
4636349,41.259765625
4636374,34.0576171875
4636398,36.2548828125
4636409,45.2880859375
4636485,33.935546875
4636502,33.935546875
4636525,35.7666015625
4636567,34.24072265625
4636674,33.8134765625
4636820,36.865234375
4636930,43.39599609375
4637186,33.99658203125
4637238,34.60693359375
4637462,33.63037109375
4637590,31.55517578125
4637690,35.21728515625
4719814,34.48486328125
4720875,32.28759765625
4726686,32.28759765625
4734415,32.28759765625
4748809,33.99658203125
4757557,31.67724609375
4763534,37.7197265625
4767877,33.0810546875
4775094,37.41455078125
4779908,40.95458984375
4784915,32.04345703125
4798851,36.68212890625
