4799201,0
56338,85.9375
56390,49.01123046875
56418,37.9638671875
56468,28.1982421875
191268,93.68896484375
191312,57.4951171875
342735,27.9541015625
342745,97.7783203125
342774,28.4423828125
342786,42.48046875
343385,26.91650390625
498553,103.33251953125
498579,26.55029296875
498597,34.97314453125
657335,93.07861328125
657354,33.935546875
657379,32.8369140625
657420,28.50341796875
811483,106.201171875
811523,32.65380859375
982641,28.6865234375
982659,91.00341796875
982678,27.4658203125
982699,37.9638671875
1158784,97.35107421875
1158805,28.564453125
1158821,40.83251953125
1308574,96.13037109375
1308616,36.2548828125
1487883,97.412109375
1487924,61.279296875
1487960,29.052734375
1488000,28.13720703125
1650119,90.9423828125
1650147,26.85546875
1650161,36.4990234375
1813987,88.80615234375
1814029,46.20361328125
1923284,90.576171875
1923337,55.96923828125
1923411,31.92138671875
2073614,32.1044921875
2073732,88.134765625
2073781,57.373046875
2265473,107.421875
2265506,35.46142578125
2265554,26.55029296875
2472611,94.05517578125
2472645,27.4658203125
2681989,26.67236328125
2682005,86.181640625
2682043,27.2216796875
2894678,94.7265625
2894702,31.06689453125
2894721,51.1474609375
2894737,26.4892578125
3122521,97.96142578125
3122564,48.40087890625
3122598,26.42822265625
3310423,26.3671875
3310480,103.8818359375
3310519,41.8701171875
3549751,84.8388671875
3549781,27.83203125
3549798,34.11865234375
3549848,27.099609375
3741567,29.47998046875
3741590,26.4892578125
3741614,30.029296875
3741681,26.42822265625
3741725,26.611328125
3742512,26.42822265625
3957613,90.27099609375
3957663,61.09619140625
3957691,28.1982421875
4161841,98.0224609375
4161880,42.90771484375
4161899,27.4658203125
4320382,91.9189453125
4320424,30.8837890625
4456318,85.0830078125
4456365,53.40576171875
4457268,26.55029296875
4636087,97.5341796875
4636114,28.564453125
4636128,41.3818359375
4636170,27.16064453125
