4799201,0
3480,52.18505859375
3924373,64.63623046875
3935844,60.791015625
3947023,55.11474609375
3957581,58.59375
3957700,46.875
3968383,59.2041015625
3968515,48.27880859375
3968644,44.0673828125
3968856,54.50439453125
3979280,56.396484375
3979392,44.7998046875
3979479,41.6259765625
3979719,44.37255859375
3989653,59.814453125
3989773,51.8798828125
3989860,38.51318359375
3990397,51.20849609375
4000511,53.64990234375
4000658,53.22265625
4000834,32.40966796875
4001260,39.794921875
4001550,43.45703125
4001935,46.38671875
4011229,55.11474609375
4011361,47.18017578125
4011469,33.50830078125
4011586,31.1279296875
4011894,43.02978515625
4012165,34.3017578125
4012552,38.4521484375
4022427,59.87548828125
4022537,40.8935546875
4022630,31.494140625
4023582,35.64453125
4033044,51.3916015625
4033155,46.7529296875
4033248,33.87451171875
4034101,34.72900390625
4044094,56.15234375
4044241,48.33984375
4044361,34.66796875
4045025,36.62109375
4045423,36.62109375
4055626,48.9501953125
4055746,47.18017578125
4055845,32.65380859375
4056779,39.36767578125
4068077,54.13818359375
4068190,43.51806640625
4079099,51.57470703125
4079240,37.59765625
4090749,49.49951171875
4090866,38.330078125
4090985,38.63525390625
4091781,34.36279296875
4103430,58.41064453125
4103532,41.19873046875
4103649,30.6396484375
4104420,35.09521484375
4104654,30.33447265625
4115770,56.0302734375
4115883,37.4755859375
4116509,33.50830078125
4116878,35.0341796875
4117116,32.8369140625
4127316,46.9970703125
4127428,41.56494140625
4127582,37.59765625
4127821,33.63037109375
4128319,32.77587890625
4137243,50.048828125
4137341,40.34423828125
4148426,55.2978515625
4148513,44.677734375
4161388,47.18017578125
4161484,36.865234375
4161571,30.2734375
4162366,34.24072265625
4174868,53.03955078125
4174966,49.37744140625
4175785,30.1513671875
4176046,36.9873046875
4176481,44.37255859375
4186962,42.48046875
4187072,43.3349609375
4187201,35.09521484375
4199393,44.0673828125
4199488,52.30712890625
4200032,30.82275390625
4200373,36.62109375
4212043,55.60302734375
4212159,46.630859375
4224385,53.16162109375
4224481,56.15234375
4224628,34.1796875
4225056,30.82275390625
4241114,54.99267578125
4241212,35.0341796875
4241320,31.79931640625
4241758,33.3251953125
4242247,32.958984375
4258361,57.92236328125
4258484,46.81396484375
4258575,40.52734375
4259147,45.83740234375
4259394,42.05322265625
4275931,55.60302734375
4276031,41.80908203125
4276127,39.9169921875
4276353,32.40966796875
4276560,38.39111328125
4276868,37.17041015625
4292251,48.03466796875
4292366,40.10009765625
4292556,39.73388671875
4293043,35.7666015625
4293743,42.8466796875
4312457,60.1806640625
4312566,49.01123046875
4312703,41.8701171875
4312841,36.1328125
4313149,33.75244140625
4328208,51.45263671875
4328333,44.12841796875
4328441,31.31103515625
4328945,40.283203125
4348317,65.36865234375
4348437,43.02978515625
4348553,42.48046875
4348803,43.39599609375
4365087,58.59375
4365258,48.27880859375
4365523,48.828125
4389261,65.24658203125
4389382,50.23193359375
