4798001,0
49936,27.16064453125
50942,24.71923828125
51104,55.17578125
51216,25.5126953125
51265,28.564453125
51294,225.89111328125
51354,24.5361328125
51409,24.169921875
51462,28.62548828125
51495,25.146484375
51667,30.517578125
51743,28.74755859375
51847,24.71923828125
52051,38.75732421875
52338,24.90234375
52660,45.95947265625
104745,62.68310546875
104852,249.81689453125
104874,27.34375
104931,27.03857421875
104949,62.1337890625
104962,35.58349609375
104990,188.4765625
105011,34.72900390625
105042,34.5458984375
105132,212.95166015625
105241,30.76171875
105342,26.06201171875
105401,45.0439453125
105510,27.03857421875
105577,24.10888671875
105746,47.05810546875
105806,25.7568359375
106077,25.2685546875
167441,56.5185546875
167688,58.16650390625
167710,29.11376953125
167763,237.48779296875
167777,28.4423828125
167822,44.677734375
167837,34.0576171875
167847,28.6865234375
167870,24.5361328125
167902,24.47509765625
167926,192.7490234375
167946,51.08642578125
167971,25.0244140625
167998,29.4189453125
168018,27.099609375
168045,171.9970703125
168064,26.0009765625
168105,26.55029296875
168355,27.2216796875
168447,162.2314453125
168473,27.587890625
168486,26.79443359375
168676,100.15869140625
168777,24.47509765625
168834,37.65869140625
168873,153.4423828125
169012,36.80419921875
169132,154.60205078125
169163,40.58837890625
169305,154.6630859375
169350,29.35791015625
202811,61.8896484375
202991,50.9033203125
203155,223.69384765625
203175,55.17578125
203210,32.77587890625
203227,158.447265625
203273,38.87939453125
203293,30.45654296875
203312,125.9765625
203355,26.3671875
203401,27.099609375
203441,29.052734375
203542,27.89306640625
203580,30.1513671875
203796,136.962890625
203833,34.11865234375
203942,29.84619140625
204040,130.126953125
204126,32.71484375
204248,117.431640625
204270,25.0244140625
204395,119.44580078125
204411,31.79931640625
204533,31.005859375
204634,132.080078125
204708,27.77099609375
204844,30.21240234375
204989,30.45654296875
205221,31.1279296875
275115,227.5390625
275137,25.634765625
275176,164.48974609375
275186,27.89306640625
275212,38.51318359375
275235,26.4892578125
275297,163.14697265625
275341,33.14208984375
275380,37.78076171875
275444,28.80859375
275485,43.45703125
275573,25.5126953125
275607,37.65869140625
275727,169.73876953125
275845,24.10888671875
275893,32.89794921875
276036,33.69140625
276049,134.70458984375
276109,24.23095703125
276209,133.1787109375
276305,33.50830078125
276490,153.564453125
276519,38.39111328125
276599,24.35302734375
276763,38.02490234375
276789,129.0283203125
276960,24.59716796875
277087,146.05712890625
333834,48.2177734375
333902,24.71923828125
333912,223.6328125
333944,28.62548828125
333987,149.90234375
333999,48.03466796875
334054,31.43310546875
334079,47.05810546875
334100,29.96826171875
334122,34.48486328125
334153,27.34375
334207,133.36181640625
334239,26.79443359375
334421,39.85595703125
334513,145.3857421875
334632,97.59521484375
334768,112.12158203125
334795,29.11376953125
334965,113.28125
334988,24.169921875
335117,102.1728515625
335201,45.71533203125
335318,109.9853515625
335335,32.5927734375
335357,25.2685546875
335497,34.11865234375
335520,98.388671875
335680,97.412109375
400466,56.2744140625
400694,58.349609375
400874,58.59375
400966,34.66796875
401026,29.11376953125
401060,25.7568359375
401089,233.82568359375
401137,28.13720703125
401157,25.5126953125
401231,28.99169921875
401249,26.55029296875
401299,184.6923828125
401317,26.06201171875
401431,29.6630859375
401479,28.13720703125
401493,36.62109375
401530,24.47509765625
401573,27.4658203125
401635,28.86962890625
401857,29.541015625
402006,41.50390625
402201,37.4755859375
402316,25.45166015625
402606,39.6728515625
402800,42.8466796875
448780,55.48095703125
448797,25.57373046875
448858,162.53662109375
448886,33.3251953125
448948,31.06689453125
448974,35.70556640625
449014,158.935546875
449040,27.099609375
449084,25.32958984375
449104,30.21240234375
449125,28.62548828125
449142,28.38134765625
449196,167.66357421875
449288,26.42822265625
449346,32.5927734375
449462,35.94970703125
449579,153.13720703125
449596,26.9775390625
449807,32.28759765625
449942,34.85107421875
450101,30.33447265625
450242,37.59765625
450772,47.05810546875
450989,43.5791015625
451185,44.37255859375
488813,26.85546875
489065,24.96337890625
489085,29.35791015625
489206,38.63525390625
489301,39.97802734375
489387,25.7568359375
489401,207.8857421875
489442,26.79443359375
489480,30.3955078125
489510,24.2919921875
489530,27.4658203125
489552,35.58349609375
489593,182.2509765625
489609,29.296875
489755,143.37158203125
489800,24.4140625
490013,25.32958984375
490163,44.37255859375
490252,167.236328125
490288,37.65869140625
490413,35.33935546875
490533,31.06689453125
490737,39.6728515625
490780,25.0244140625
490938,38.57421875
530642,28.80859375
530695,25.2685546875
530847,79.7119140625
530943,38.02490234375
531091,33.69140625
531125,27.89306640625
531158,235.107421875
531195,24.35302734375
531238,30.82275390625
531285,31.73828125
531318,198.8525390625
531328,30.6396484375
531556,28.4423828125
531659,31.6162109375
531916,35.888671875
532077,29.052734375
532301,36.376953125
532438,30.029296875
532610,34.60693359375
602113,55.5419921875
602448,41.19873046875
602626,56.09130859375
602753,48.828125
602834,25.69580078125
602866,27.52685546875
602900,30.33447265625
602942,24.96337890625
602963,250
603018,38.39111328125
603034,24.47509765625
603066,24.23095703125
603100,204.833984375
603190,25.0244140625
603288,30.21240234375
603587,36.80419921875
603753,32.5927734375
604052,25.87890625
698680,59.38720703125
707117,63.1103515625
707273,49.01123046875
707418,59.08203125
707433,26.4892578125
707508,28.38134765625
707575,245.05615234375
707626,44.49462890625
707655,38.4521484375
707694,25.2685546875
707707,29.1748046875
707730,37.04833984375
707829,40.4052734375
708034,32.1044921875
708241,38.330078125
754820,211.181640625
754868,65.24658203125
754893,25.69580078125
754929,28.25927734375
754954,27.83203125
755008,24.7802734375
755025,34.24072265625
755054,25.93994140625
755128,27.16064453125
755195,24.10888671875
755269,24.71923828125
755352,55.6640625
755734,24.23095703125
755937,40.46630859375
820733,25.57373046875
820801,26.79443359375
820818,256.77490234375
820837,26.30615234375
820868,63.8427734375
820888,31.31103515625
820960,54.87060546875
820978,31.79931640625
821040,36.0107421875
821062,25.08544921875
821123,28.74755859375
821139,43.15185546875
821247,25.146484375
821262,210.44921875
821419,36.376953125
821574,40.283203125
821746,179.0771484375
821767,47.9736328125
822098,49.01123046875
822396,24.59716796875
873091,28.3203125
873271,50.6591796875
873298,28.38134765625
873383,32.28759765625
873398,28.1982421875
873409,25.0244140625
873489,25.5126953125
873499,220.39794921875
873517,47.7294921875
873593,26.18408203125
873617,24.35302734375
873632,41.259765625
873696,34.1796875
873731,34.36279296875
873764,25.45166015625
873816,25.57373046875
873833,33.69140625
874130,32.28759765625
874371,41.9921875
874594,24.35302734375
874691,43.02978515625
939548,229.18701171875
939607,51.3916015625
939629,24.10888671875
939672,206.0546875
939690,34.0576171875
939726,26.42822265625
939740,26.4892578125
939759,31.92138671875
939788,26.123046875
939996,30.3955078125
940077,28.99169921875
940091,33.26416015625
940213,176.81884765625
940374,42.6025390625
940491,36.7431640625
940585,168.0908203125
940703,40.0390625
940823,39.48974609375
940973,34.72900390625
941141,37.4755859375
1000439,26.0009765625
1000492,38.51318359375
1000504,210.26611328125
1000527,28.74755859375
1000572,140.869140625
1000601,47.42431640625
1000615,34.72900390625
1000645,25.57373046875
1000659,27.77099609375
1000683,35.33935546875
1000718,29.11376953125
1000741,46.20361328125
1000839,29.296875
1000900,24.23095703125
1000910,29.541015625
1001022,32.470703125
1001067,26.30615234375
1001146,35.7666015625
1001266,36.80419921875
1001322,174.49951171875
1001442,35.7666015625
1001562,27.099609375
1001634,37.29248046875
1001679,165.71044921875
1001779,36.31591796875
1001965,40.10009765625
1002095,33.99658203125
1068232,64.5751953125
1068276,30.3955078125
1068290,33.5693359375
1068324,24.23095703125
1068349,51.81884765625
1068371,181.57958984375
1068381,28.25927734375
1068423,43.02978515625
1068458,32.16552734375
1068479,36.56005859375
1068508,29.23583984375
1068538,25.2685546875
1068584,31.18896484375
1068609,24.71923828125
1068675,29.11376953125
1068789,31.43310546875
1068866,170.8984375
1068908,40.1611328125
1069055,36.0107421875
1069150,171.875
1069182,36.7431640625
1069341,147.5830078125
1069351,55.96923828125
1069530,36.4990234375
1069693,32.40966796875
1069853,48.52294921875
1070051,40.771484375
1070210,39.24560546875
1119554,59.5703125
1120364,53.955078125
1120385,24.35302734375
1120477,46.93603515625
1120498,27.099609375
1120536,28.6865234375
1120585,26.7333984375
1120673,46.81396484375
1120729,24.10888671875
1120740,223.08349609375
1120763,25.69580078125
1120783,42.66357421875
1120803,25.0244140625
1120844,194.091796875
1120878,25.634765625
1120911,25.32958984375
1120922,26.18408203125
1120969,161.0107421875
1120987,24.23095703125
1121019,24.5361328125
1121126,24.5361328125
1121344,25.20751953125
1121470,25.390625
1121616,38.14697265625
1121759,27.099609375
1121922,43.76220703125
1122018,27.77099609375
1122089,33.14208984375
1122301,37.353515625
1173215,221.49658203125
1173274,26.79443359375
1173285,159.423828125
1173306,30.76171875
1173368,37.65869140625
1173394,27.34375
1173405,26.91650390625
1173434,26.85546875
1173480,25.7568359375
1173515,25.390625
1173542,26.9775390625
1173559,34.66796875
1173614,33.0810546875
1173628,26.3671875
1173706,24.35302734375
1173747,37.53662109375
1173819,26.0009765625
1173858,163.14697265625
1173878,30.517578125
1173975,36.4990234375
1174075,141.7236328125
1174089,26.7333984375
1174235,145.3857421875
1174254,45.654296875
1174368,27.4658203125
1174509,27.34375
1174673,26.06201171875
1174770,158.447265625
1175120,33.203125
1175326,34.0576171875
1175571,30.029296875
1202640,24.47509765625
1267921,57.31201171875
1268123,24.84130859375
1268301,26.85546875
1268345,241.88232421875
1268379,24.169921875
1268409,53.64990234375
1268420,25.93994140625
1268440,190.185546875
1268455,29.1748046875
1268476,25.634765625
1268488,36.7431640625
1268525,25.87890625
1268543,26.06201171875
1268582,29.96826171875
1268667,27.40478515625
1268737,26.91650390625
1268914,38.26904296875
1269104,25.93994140625
1269383,49.62158203125
1327339,69.3359375
1327352,228.8818359375
1327379,24.658203125
1327412,27.52685546875
1327438,26.06201171875
1327458,31.25
1327473,67.138671875
1327489,33.63037109375
1327534,25.390625
1327566,38.14697265625
1327584,24.96337890625
1327602,35.15625
1327644,44.43359375
1327704,26.67236328125
1327735,25.390625
1327866,30.8837890625
1328048,41.015625
1328192,30.6396484375
1328446,54.931640625
1396608,62.56103515625
1407790,248.291015625
1407820,30.517578125
1407843,27.03857421875
1407879,33.63037109375
1407892,24.90234375
1407930,49.25537109375
1407990,25.08544921875
1408037,24.10888671875
1408072,24.4140625
1408118,26.7333984375
1408128,31.73828125
1408273,24.71923828125
1408450,39.85595703125
1408799,181.396484375
1408813,29.052734375
1408938,50.048828125
1408988,174.62158203125
1409149,45.7763671875
1409280,45.47119140625
1461769,61.34033203125
1461985,54.50439453125
1462069,27.16064453125
1462092,28.9306640625
1462119,225.40283203125
1462143,48.9501953125
1462160,39.12353515625
1462232,26.18408203125
1462244,41.93115234375
1462255,29.6630859375
1462274,25.32958984375
1462319,28.4423828125
1462437,24.10888671875
1462553,24.658203125
1462574,29.78515625
1462664,188.4765625
1462837,164.9169921875
1463046,175.048828125
1463162,25.57373046875
1463220,161.865234375
1463293,47.91259765625
1463420,178.1005859375
1463565,41.8701171875
1519330,157.53173828125
1519343,32.16552734375
1519364,26.55029296875
1519386,24.84130859375
1519405,195.49560546875
1519441,34.7900390625
1519458,43.76220703125
1519476,24.47509765625
1519488,30.8837890625
1519541,31.8603515625
1519565,26.91650390625
1519611,26.0009765625
1519621,185.6689453125
1519707,26.42822265625
1519863,37.29248046875
1519878,160.7666015625
1519991,40.4052734375
1520012,24.23095703125
1520087,135.1318359375
1520111,32.53173828125
1520240,119.62890625
1520298,34.912109375
1520343,27.4658203125
1520465,142.27294921875
1520527,25.45166015625
1520615,26.79443359375
1520712,41.8701171875
1520749,123.84033203125
1520922,130.67626953125
1539963,24.4140625
1600047,73.30322265625
1603648,59.326171875
1617009,24.658203125
1621626,61.58447265625
1621799,48.2177734375
1621853,29.47998046875
1622037,233.21533203125
1622049,28.3203125
1622094,24.35302734375
1622115,54.50439453125
1622132,25.87890625
1622176,24.35302734375
1622194,34.97314453125
1622273,27.4658203125
1622368,33.8134765625
1622463,200.0732421875
1622540,25.57373046875
1622680,31.3720703125
1623075,40.71044921875
1623414,40.52734375
1699427,28.01513671875
1704922,54.26025390625
1705526,57.18994140625
1705664,41.8701171875
1705728,25.08544921875
1705800,25.7568359375
1705835,233.2763671875
1705864,24.2919921875
1705885,54.13818359375
1705955,208.43505859375
1705977,29.84619140625
1706007,33.69140625
1706029,24.10888671875
1706065,37.109375
1706156,28.50341796875
1706215,27.16064453125
1706410,28.80859375
1706556,33.75244140625
1707190,45.10498046875
1776208,32.1044921875
1791180,59.14306640625
1791419,66.0400390625
1791454,34.97314453125
1791629,241.76025390625
1791652,25.93994140625
1791682,25.57373046875
1791771,49.072265625
1791798,28.50341796875
1791866,36.376953125
1791974,34.97314453125
1792078,31.79931640625
1792168,190.85693359375
1792180,31.92138671875
1792452,24.7802734375
1792746,39.12353515625
1850540,54.50439453125
1850567,215.4541015625
1850619,24.7802734375
1850642,24.658203125
1850655,29.23583984375
1850678,172.607421875
1850700,25.146484375
1850735,24.35302734375
1850767,54.01611328125
1850798,26.67236328125
1850881,26.79443359375
1850908,36.9873046875
1851022,30.33447265625
1851112,33.447265625
1851215,201.47705078125
1851325,24.10888671875
1851388,24.47509765625
1851426,46.9970703125
1851499,170.10498046875
1851517,28.6865234375
1851576,39.6728515625
1851776,25.93994140625
1851948,32.28759765625
1852209,33.75244140625
1907229,139.0380859375
1907280,53.955078125
1907293,32.77587890625
1907328,24.96337890625
1907363,203.06396484375
1907379,28.25927734375
1907422,39.794921875
1907468,27.16064453125
1907492,24.10888671875
1907504,25.87890625
1907603,36.0107421875
1907696,25.32958984375
1907742,36.865234375
1907843,212.5244140625
1907969,42.54150390625
1908096,188.53759765625
1908264,142.39501953125
1908420,44.61669921875
1908557,38.9404296875
1908733,35.21728515625
1908759,131.4697265625
1908853,28.3203125
1909045,37.59765625
1909177,31.18896484375
1997651,26.42822265625
1997902,52.734375
1997980,29.4189453125
1998049,25.57373046875
1998077,35.7666015625
1998149,27.28271484375
1998184,32.1044921875
1998208,229.30908203125
1998226,31.494140625
1998252,33.8134765625
1998296,24.2919921875
1998314,184.26513671875
1998407,27.40478515625
1998467,26.18408203125
1998523,26.06201171875
1998640,27.77099609375
1998777,24.658203125
1998822,36.19384765625
1999005,49.1943359375
1999017,187.19482421875
1999133,25.390625
1999228,39.306640625
1999349,38.51318359375
2077544,54.19921875
2082334,27.83203125
2082358,24.10888671875
2088262,58.65478515625
2089440,62.5
2089649,39.48974609375
2089725,262.20703125
2089799,26.30615234375
2089815,43.51806640625
2089853,32.89794921875
2089886,206.48193359375
2089916,40.8935546875
2089939,27.03857421875
2089950,26.85546875
2089994,189.39208984375
2090020,27.64892578125
2090099,29.4189453125
2090112,26.0009765625
2090208,25.2685546875
2090397,41.259765625
2090554,33.203125
2090568,24.169921875
2159025,24.90234375
2159036,230.16357421875
2159074,38.87939453125
2159108,64.14794921875
2159130,24.47509765625
2159162,31.005859375
2159186,48.583984375
2159199,35.5224609375
2159227,24.96337890625
2159262,31.8603515625
2159329,27.2216796875
2159433,42.48046875
2159599,31.92138671875
2159673,27.7099609375
2159683,33.50830078125
2159821,44.25048828125
2159973,185.60791015625
2160040,54.26025390625
2160171,37.90283203125
2160327,51.69677734375
2160534,24.84130859375
2160647,33.3251953125
2218187,59.814453125
2218319,50.048828125
2218346,24.23095703125
2218364,24.658203125
2218397,26.55029296875
2218412,26.2451171875
2218424,245.30029296875
2218450,25.5126953125
2218469,26.4892578125
2218509,59.99755859375
2218569,214.2333984375
2218579,27.83203125
2218649,27.16064453125
2218663,31.31103515625
2218689,185.24169921875
2218721,24.90234375
2218808,25.634765625
2218922,25.81787109375
2219081,25.87890625
2219107,164.85595703125
2219216,25.93994140625
2219255,142.02880859375
2219267,30.45654296875
2219290,25.634765625
2219376,29.60205078125
2219429,144.53125
2219505,32.5927734375
2219638,26.611328125
2219743,27.099609375
2219851,160.2783203125
2219869,34.72900390625
2219968,24.35302734375
2220037,28.3203125
2220159,27.89306640625
2220310,28.80859375
2220481,34.48486328125
2220601,26.3671875
2220800,31.1279296875
2220929,33.447265625
2221119,29.052734375
2221425,39.36767578125
2236242,24.4140625
2282888,63.53759765625
2304010,58.28857421875
2338840,25.87890625
2339129,59.63134765625
2339223,25.08544921875
2339236,31.6162109375
2339279,24.658203125
2339311,43.64013671875
2339367,24.2919921875
2339404,26.7333984375
2339441,239.19677734375
2339494,27.7099609375
2339509,43.27392578125
2339548,203.857421875
2339588,30.33447265625
2339612,25.87890625
2339629,24.59716796875
2339653,26.4892578125
2339767,24.23095703125
2339847,30.8837890625
2340176,25.93994140625
2340234,39.9169921875
2340546,44.5556640625
2419389,65.73486328125
2420502,59.326171875
2420659,61.82861328125
2420682,24.23095703125
2420709,28.076171875
2420755,32.2265625
2420810,30.33447265625
2420822,26.55029296875
2420846,26.79443359375
2420864,241.455078125
2420919,26.0009765625
2420949,24.23095703125
2420975,51.513671875
2421044,26.3671875
2421056,28.1982421875
2421156,25.57373046875
2421264,26.67236328125
2421572,31.67724609375
2422201,24.169921875
2478877,38.51318359375
2478906,245.7275390625
2478955,24.4140625
2478968,27.77099609375
2478993,48.9501953125
2479015,28.076171875
2479033,25.69580078125
2479057,24.4140625
2479069,39.48974609375
2479108,26.79443359375
2479132,33.38623046875
2479206,24.4140625
2479248,26.0009765625
2479290,25.5126953125
2479428,34.11865234375
2479567,197.32666015625
2479731,26.79443359375
2479928,38.2080078125
2479952,26.30615234375
2480065,37.53662109375
2480243,36.68212890625
2480390,36.0107421875
2480522,26.55029296875
2480738,36.0107421875
2481060,41.80908203125
2481138,26.06201171875
2481291,34.60693359375
2481623,25.32958984375
2481863,44.5556640625
2563678,59.2041015625
2563821,27.16064453125
2563841,57.6171875
2563908,42.724609375
2563964,225.341796875
2564025,42.6025390625
2564050,24.2919921875
2564070,216.61376953125
2564080,26.7333984375
2564111,32.28759765625
2564133,27.4658203125
2564172,27.64892578125
2564182,31.31103515625
2564238,33.75244140625
2564295,25.45166015625
2564318,24.59716796875
2564419,28.9306640625
2564579,41.44287109375
2564693,27.7099609375
2564796,182.06787109375
2564920,32.958984375
2565091,36.92626953125
2565201,26.7333984375
2565380,31.06689453125
2565518,24.47509765625
2565941,44.12841796875
2566813,50.9033203125
2646975,63.720703125
2654668,28.564453125
2669107,24.23095703125
2670447,49.74365234375
2670575,58.77685546875
2670590,26.7333984375
2670608,28.80859375
2670632,25.5126953125
2670768,259.21630859375
2670792,29.9072265625
2670833,25.634765625
2670856,24.658203125
2670880,35.7666015625
2670940,25.20751953125
2671027,26.30615234375
2671041,199.27978515625
2671116,26.2451171875
2671179,26.123046875
2671226,25.32958984375
2671246,35.400390625
2671372,233.642578125
2671526,40.10009765625
2671705,26.0009765625
2671895,24.59716796875
2672145,24.658203125
2744686,30.2734375
2756914,61.767578125
2757149,65.36865234375
2757209,24.84130859375
2757257,28.076171875
2757342,218.93310546875
2757400,31.31103515625
2757411,34.48486328125
2757449,33.26416015625
2757485,210.51025390625
2757496,45.95947265625
2757533,24.2919921875
2757599,27.34375
2757799,29.78515625
2757943,42.724609375
2758073,38.6962890625
2758235,47.2412109375
2758556,40.8935546875
2758648,28.564453125
2825459,24.2919921875
2846815,53.89404296875
2847065,61.21826171875
2847090,27.28271484375
2847192,35.2783203125
2847244,29.4189453125
2847261,32.1044921875
2847271,32.1044921875
2847316,26.79443359375
2847336,25.57373046875
2847361,217.8955078125
2847382,30.6396484375
2847405,26.7333984375
2847439,42.48046875
2847468,202.94189453125
2847533,25.5126953125
2847583,26.4892578125
2847618,28.564453125
2847917,35.09521484375
2848055,26.91650390625
2848095,30.57861328125
2848204,24.10888671875
2848380,49.25537109375
2848437,25.20751953125
2848777,45.22705078125
2909261,65.61279296875
2926426,30.82275390625
2931972,58.9599609375
2932144,57.43408203125
2932214,25.32958984375
2932248,35.46142578125
2932266,25.2685546875
2932340,32.2265625
2932407,27.89306640625
2932426,25.20751953125
2932502,207.58056640625
2932590,34.24072265625
2932614,25.08544921875
2932649,24.4140625
2932663,25.45166015625
2932693,24.23095703125
2932726,27.099609375
2932824,26.7333984375
2932943,24.2919921875
2932972,43.51806640625
2933032,24.71923828125
2933126,26.42822265625
2933142,28.74755859375
2933258,25.32958984375
2933279,32.28759765625
2933419,28.74755859375
2933626,24.169921875
2933677,25.87890625
2933877,37.7197265625
3005480,61.4013671875
3005601,32.2265625
3005677,217.6513671875
3005722,35.5224609375
3005745,29.96826171875
3005776,223.2666015625
3005800,38.02490234375
3005820,26.06201171875
3005846,27.52685546875
3005886,179.62646484375
3005954,28.3203125
3006179,169.189453125
3006192,27.16064453125
3006321,36.92626953125
3006361,133.6669921875
3006439,33.203125
3006472,27.52685546875
3006561,35.94970703125
3006781,30.82275390625
3006797,27.89306640625
3006922,41.44287109375
3007151,24.90234375
3007305,30.82275390625
3007518,38.87939453125
3007596,30.029296875
3007711,26.123046875
3087206,27.03857421875
3101168,70.068359375
3101361,29.1748046875
3101385,24.169921875
3101481,25.5126953125
3101520,29.541015625
3101543,24.47509765625
3101561,24.96337890625
3101603,28.9306640625
3101613,47.05810546875
3101652,55.5419921875
3101675,25.146484375
3101689,40.6494140625
3101739,36.68212890625
3101783,154.84619140625
3101810,36.0107421875
3101903,27.03857421875
3102035,28.62548828125
3102120,33.0810546875
3102198,167.66357421875
3102251,25.0244140625
3102350,48.583984375
3102555,180.60302734375
3102659,35.15625
3102718,24.658203125
3102837,41.6259765625
3102873,158.50830078125
3103072,40.95458984375
3103201,172.607421875
3171772,26.85546875
3178972,61.03515625
3189476,26.2451171875
3189613,28.01513671875
3189713,25.57373046875
3189758,24.47509765625
3189789,26.67236328125
3189801,245.17822265625
3189846,26.4892578125
3189885,56.94580078125
3189895,26.55029296875
3189944,191.71142578125
3189976,34.11865234375
3190014,30.70068359375
3190071,32.5927734375
3190102,26.06201171875
3190149,185.6689453125
3190357,37.353515625
3190419,159.66796875
3190510,40.52734375
3190595,149.0478515625
3190655,35.82763671875
3190784,42.6025390625
3190854,149.96337890625
3190934,24.169921875
3190969,34.1796875
3191037,145.08056640625
3191107,38.51318359375
3191236,37.41455078125
3191542,37.7197265625
3191719,26.123046875
3280279,54.13818359375
3281459,57.6171875
3281631,25.5126953125
3281656,57.43408203125
3281736,24.23095703125
3281767,30.1513671875
3281804,231.93359375
3281815,25.93994140625
3281839,26.123046875
3281867,25.45166015625
3281894,190.7958984375
3281927,25.634765625
3281964,27.587890625
3282017,159.60693359375
3282064,28.9306640625
3282076,26.0009765625
3282226,26.30615234375
3282384,40.83251953125
3282445,170.2880859375
3282583,29.6630859375
3282677,171.32568359375
3282757,41.3818359375
3282993,37.841796875
3283067,25.146484375
3283187,43.5791015625
3283212,159.97314453125
3283528,39.48974609375
3339317,51.8798828125
3339481,49.6826171875
3339520,28.9306640625
3339555,31.18896484375
3339592,33.3251953125
3339624,246.76513671875
3339636,29.35791015625
3339673,28.4423828125
3339686,26.9775390625
3339713,61.70654296875
3339738,24.5361328125
3339757,181.57958984375
3339784,25.634765625
3339802,42.96875
3339888,24.169921875
3339935,26.30615234375
3339980,179.8095703125
3340099,24.84130859375
3340135,24.23095703125
3340197,137.451171875
3340265,26.7333984375
3340357,108.154296875
3340371,28.74755859375
3340504,115.05126953125
3340537,35.5224609375
3340631,106.26220703125
3340644,24.90234375
3340816,25.32958984375
3340845,101.4404296875
3340996,28.564453125
3341054,121.4599609375
3341241,25.0244140625
3341411,28.076171875
3341685,34.60693359375
3341782,27.9541015625
3341982,24.10888671875
3451444,25.390625
3452257,27.2216796875
3452378,66.650390625
3452507,27.16064453125
3452533,244.9951171875
3452548,45.166015625
3452566,26.18408203125
3452592,31.43310546875
3452641,181.640625
3452665,44.5556640625
3452751,32.3486328125
3452844,187.92724609375
3452983,26.9775390625
3453027,164.85595703125
3453057,26.4892578125
3453156,27.77099609375
3453319,39.0625
3453452,148.92578125
3453500,33.38623046875
3453679,36.80419921875
3453886,39.85595703125
3528142,49.1943359375
3528955,58.9599609375
3529096,57.373046875
3529115,29.60205078125
3529184,24.84130859375
3529270,25.81787109375
3529288,218.20068359375
3529312,39.12353515625
3529331,33.02001953125
3529353,33.02001953125
3529377,166.9921875
3529408,32.89794921875
3529438,25.57373046875
3529547,27.099609375
3529602,25.0244140625
3529712,25.45166015625
3529863,25.146484375
3530042,39.6728515625
3530238,29.72412109375
3530480,37.353515625
3530663,47.36328125
3530846,39.36767578125
3596908,25.7568359375
3601417,47.9736328125
3601617,58.59375
3601733,29.78515625
3601764,48.583984375
3601813,26.0009765625
3601910,42.96875
3601943,24.658203125
3602002,224.365234375
3602019,36.19384765625
3602102,33.38623046875
3602116,197.75390625
3602187,30.6396484375
3602205,36.19384765625
3602346,27.16064453125
3602434,24.23095703125
3602451,24.169921875
3602598,32.470703125
3602776,34.97314453125
3602788,26.67236328125
3602898,30.70068359375
3603211,44.0673828125
3651707,61.4013671875
3651980,225.341796875
3652038,48.583984375
3652051,26.123046875
3652073,169.921875
3652106,42.1142578125
3652157,149.10888671875
3652215,26.79443359375
3652238,30.21240234375
3652289,27.28271484375
3652357,28.50341796875
3652397,32.3486328125
3652608,36.43798828125
3652722,155.517578125
3652744,26.4892578125
3652865,44.73876953125
3652997,134.09423828125
3653016,24.84130859375
3653041,43.15185546875
3653133,111.02294921875
3653159,31.25
3653179,24.84130859375
3653220,24.71923828125
3653279,28.80859375
3653367,137.26806640625
3653447,27.03857421875
3653564,151.4892578125
3653709,36.62109375
3653918,31.55517578125
3754690,64.27001953125
3755870,24.658203125
3755949,31.1279296875
3756048,30.21240234375
3756069,33.14208984375
3756193,242.61474609375
3756248,25.08544921875
3756273,27.40478515625
3756292,26.85546875
3756314,27.4658203125
3756338,194.091796875
3756349,32.53173828125
3756386,40.22216796875
3756448,26.30615234375
3756486,24.658203125
3756547,24.169921875
3756680,30.94482421875
3756769,30.2734375
3756968,175.47607421875
3757001,39.55078125
3757248,42.3583984375
3757359,166.44287109375
3757543,33.26416015625
3846282,64.453125
3846380,53.52783203125
3846409,34.36279296875
3846484,25.20751953125
3846529,31.06689453125
3846580,26.91650390625
3846647,28.564453125
3846658,51.7578125
3846690,185.546875
3846751,32.958984375
3846825,32.04345703125
3846866,28.50341796875
3846896,28.13720703125
3847198,31.18896484375
3847353,29.47998046875
3847448,164.73388671875
3847493,34.66796875
3847631,32.77587890625
3847781,46.0205078125
3941408,52.55126953125
3941697,46.81396484375
3941739,26.3671875
3941845,28.076171875
3941867,52.001953125
3941901,237.97607421875
3941949,30.82275390625
3941975,24.4140625
3942019,240.6005859375
3942074,24.96337890625
3942091,27.28271484375
3942145,25.634765625
3942165,25.0244140625
3942216,24.71923828125
3942365,26.91650390625
3942581,42.17529296875
3942596,177.42919921875
3942800,26.611328125
3942957,41.6259765625
4022447,35.94970703125
4030322,56.2744140625
4030511,51.69677734375
4030678,25.57373046875
4030715,27.28271484375
4030733,55.5419921875
4030776,24.658203125
4030812,26.4892578125
4030822,24.59716796875
4030958,25.57373046875
4031096,30.09033203125
4031117,24.10888671875
4031204,42.236328125
4031378,41.748046875
4031494,186.1572265625
4031617,44.5556640625
4031741,37.9638671875
4103178,59.75341796875
4116469,57.9833984375
4116616,57.373046875
4116733,28.80859375
4116761,27.34375
4116789,27.099609375
4116815,224.42626953125
4116840,56.884765625
4116854,24.71923828125
4116872,24.59716796875
4116890,25.20751953125
4116930,39.97802734375
4116960,24.7802734375
4116982,33.0810546875
4117005,24.4140625
4117063,30.6396484375
4117120,28.564453125
4117155,33.38623046875
4117368,32.16552734375
4117411,193.17626953125
4117502,31.8603515625
4117722,35.64453125
4117831,24.23095703125
4117945,42.8466796875
4118089,31.06689453125
4177378,243.896484375
4177390,50.96435546875
4177417,24.71923828125
4177430,28.01513671875
4177467,193.603515625
4177494,31.43310546875
4177553,42.236328125
4177576,41.3818359375
4177642,31.43310546875
4177757,35.82763671875
4177876,24.7802734375
4177891,36.56005859375
4178028,31.06689453125
4178126,24.2919921875
4178149,27.587890625
4178177,40.10009765625
4178259,169.49462890625
4178311,32.958984375
4178385,132.8125
4178479,45.5322265625
4178576,24.90234375
4178627,143.5546875
4178645,28.38134765625
4178786,25.69580078125
4178812,122.55859375
4178927,26.30615234375
4179009,139.7705078125
4179047,34.48486328125
4179199,24.7802734375
4179364,31.55517578125
4179519,32.470703125
4179941,44.189453125
4247329,237.12158203125
4247349,40.83251953125
4247363,24.10888671875
4247410,169.12841796875
4247428,48.583984375
4247471,28.564453125
4247482,49.62158203125
4247514,146.91162109375
4247530,26.85546875
4247562,35.15625
4247624,24.23095703125
4247660,28.13720703125
4247814,26.67236328125
4247882,156.43310546875
4247958,43.701171875
4248013,123.291015625
4248131,42.724609375
4248151,118.1640625
4248273,32.71484375
4248288,120.7275390625
4248318,29.9072265625
4248420,44.5556640625
4248526,33.99658203125
4248562,26.3671875
4248636,29.1748046875
4248729,113.95263671875
4248754,31.67724609375
4248885,31.982421875
4249017,77.2705078125
4249055,32.470703125
4249177,25.390625
4249231,133.544921875
4249378,32.28759765625
4249544,30.45654296875
4336660,27.16064453125
4337865,53.89404296875
4338061,56.09130859375
4338150,33.5693359375
4338166,45.41015625
4338206,232.48291015625
4338255,28.01513671875
4338296,41.68701171875
4338337,187.5
4338356,26.55029296875
4338404,25.146484375
4338436,24.84130859375
4338484,24.658203125
4338496,164.55078125
4338618,33.3251953125
4338714,25.32958984375
4338785,150.69580078125
4338795,28.99169921875
4338829,31.31103515625
4338965,28.3203125
4339108,38.14697265625
4339122,156.005859375
4339299,43.88427734375
4339442,25.57373046875
4339592,31.6162109375
4339724,24.4140625
4339870,33.5693359375
4409038,26.67236328125
4409065,251.15966796875
4409092,29.1748046875
4409112,27.40478515625
4409130,36.9873046875
4409146,145.08056640625
4409206,35.888671875
4409227,32.958984375
4409245,25.5126953125
4409272,24.71923828125
4409292,37.41455078125
4409308,34.5458984375
4409332,30.21240234375
4409378,161.7431640625
4409410,25.45166015625
4409530,40.95458984375
4409647,142.9443359375
4409799,33.14208984375
4409918,38.02490234375
4409941,112.36572265625
4410085,40.8935546875
4410226,31.55517578125
4410378,44.189453125
4410451,146.97265625
4410474,30.82275390625
4410626,27.03857421875
4410757,35.2783203125
4410825,24.47509765625
4410930,29.84619140625
4410994,24.59716796875
4411382,47.42431640625
4496328,59.99755859375
4496394,32.40966796875
4496506,27.52685546875
4496531,236.26708984375
4496543,28.38134765625
4496580,33.935546875
4496594,33.26416015625
4496649,41.68701171875
4496681,29.96826171875
4496698,202.5146484375
4496756,24.35302734375
4496832,26.42822265625
4496935,33.69140625
4497024,37.65869140625
4497142,26.30615234375
4497176,25.634765625
4497203,33.5693359375
4497370,40.283203125
4497459,25.146484375
4497622,44.43359375
4497792,35.94970703125
4497932,35.94970703125
4498131,48.40087890625
4528026,274.2919921875
4570090,50.78125
4570880,27.83203125
4571093,53.28369140625
4571115,29.84619140625
4571164,26.79443359375
4571232,24.658203125
4571256,27.28271484375
4571269,28.076171875
4571294,37.78076171875
4571314,246.2158203125
4571330,26.9775390625
4571391,41.6259765625
4571438,26.4892578125
4571448,190.49072265625
4571471,33.69140625
4571483,26.3671875
4571509,26.7333984375
4571584,164.12353515625
4571594,35.58349609375
4571607,24.23095703125
4571679,26.42822265625
4571813,156.8603515625
4571876,32.16552734375
4572080,175.10986328125
4572188,38.75732421875
4572347,25.87890625
4572477,37.7197265625
4573005,43.27392578125
4643367,27.4658203125
4643503,28.38134765625
4643531,34.60693359375
4643561,227.72216796875
4643574,28.9306640625
4643614,28.9306640625
4643640,49.072265625
4643688,168.88427734375
4643734,28.25927734375
4643747,30.09033203125
4643773,27.89306640625
4643798,25.45166015625
4643828,26.18408203125
4643930,169.86083984375
4644171,26.2451171875
4644291,155.57861328125
4644310,50.72021484375
4644373,26.7333984375
4644456,29.35791015625
4644499,151.85546875
4644569,28.99169921875
4644714,29.72412109375
4644880,28.74755859375
4645014,33.75244140625
4645329,40.8935546875
4680350,60.1806640625
4680662,62.68310546875
4680723,30.517578125
4680740,210.9375
4680763,26.30615234375
4680785,31.67724609375
4680815,32.65380859375
4680827,169.0673828125
4680848,40.22216796875
4680908,29.541015625
4680943,134.94873046875
4680970,27.9541015625
4680999,28.80859375
4681060,27.77099609375
4681118,25.20751953125
4681165,24.5361328125
4681223,24.658203125
4681241,31.18896484375
4681277,127.62451171875
4681360,31.18896484375
4681399,105.712890625
4681466,28.6865234375
4681516,77.392578125
4681545,28.50341796875
4681692,25.08544921875
4681808,27.4658203125
4681874,114.013671875
4682003,27.4658203125
4682142,128.90625
4682195,25.634765625
4682308,28.74755859375
4682608,25.45166015625
4682864,36.68212890625
4751505,77.45361328125
4751534,222.71728515625
4751576,27.89306640625
4751595,51.69677734375
4751611,60.6689453125
4751628,32.28759765625
4751672,193.9697265625
4751691,37.78076171875
4751751,33.0810546875
4752066,154.35791015625
4752098,27.03857421875
4752209,33.87451171875
4752313,139.83154296875
4752353,36.80419921875
4752482,140.625
4752514,43.9453125
4752672,131.16455078125
4752795,29.052734375
4752944,35.94970703125
4753035,34.11865234375
4753054,150.2685546875
4753118,30.029296875
4753203,24.2919921875
4753291,36.19384765625
4753361,26.30615234375
4753541,40.83251953125
