4798001,0
518,44.49462890625
5889,52.978515625
8115,48.583984375
8161,39.1845703125
8200,102.6611328125
8280,42.8466796875
8326,36.43798828125
8585,44.43359375
8673,36.19384765625
17632,43.45703125
22324,43.212890625
28334,48.27880859375
31301,45.0439453125
33642,42.724609375
42637,48.828125
46580,42.724609375
55787,46.5087890625
63595,38.57421875
69335,52.30712890625
74940,49.1943359375
84017,48.828125
85930,53.89404296875
91306,44.7998046875
104112,51.6357421875
112323,38.14697265625
119487,45.34912109375
124227,44.98291015625
132675,40.58837890625
139673,49.560546875
143798,122.314453125
144302,47.9736328125
144429,123.10791015625
144750,56.57958984375
156070,38.818359375
161563,41.56494140625
165333,48.40087890625
168728,48.33984375
173494,36.7431640625
182014,51.025390625
185454,50.47607421875
185636,89.29443359375
188500,44.12841796875
196771,48.03466796875
202380,46.0205078125
207510,43.45703125
211503,40.46630859375
218443,37.65869140625
226130,49.49951171875
227684,40.52734375
228583,47.9736328125
235077,43.76220703125
243570,52.18505859375
248771,37.9638671875
255458,49.8046875
261086,42.29736328125
264510,60.6689453125
268323,44.37255859375
273493,49.8046875
277948,44.00634765625
283452,52.3681640625
286210,36.2548828125
294105,42.724609375
299138,50.78125
302099,41.9921875
308720,44.189453125
313811,46.630859375
319066,44.37255859375
322877,38.330078125
329874,46.69189453125
334126,41.80908203125
340076,39.4287109375
342294,55.0537109375
349504,44.49462890625
350969,127.685546875
351058,57.4951171875
356756,42.48046875
360421,44.73876953125
368511,37.78076171875
370748,43.64013671875
376699,44.7998046875
380340,42.78564453125
384822,45.47119140625
391877,39.6728515625
397327,36.92626953125
401849,39.1845703125
402573,41.32080078125
402703,94.42138671875
402907,36.376953125
403123,45.5322265625
403463,36.9873046875
416515,44.3115234375
420941,42.3583984375
425468,43.9453125
433634,43.3349609375
437993,43.76220703125
440743,39.48974609375
441149,111.2060546875
441410,37.41455078125
448386,47.66845703125
455625,45.22705078125
460134,42.6025390625
464479,41.748046875
468636,47.4853515625
474218,36.62109375
474307,119.2626953125
474888,47.8515625
479025,44.5556640625
483880,45.22705078125
488935,52.30712890625
494652,42.90771484375
496741,42.724609375
505432,56.82373046875
510451,47.79052734375
515114,47.8515625
524690,45.5322265625
531273,42.1142578125
535428,52.001953125
542042,43.0908203125
547270,45.47119140625
549998,46.875
552732,50.96435546875
552872,120.7275390625
553158,51.81884765625
553190,37.4755859375
553300,122.314453125
553447,43.5791015625
553583,46.08154296875
553636,125.91552734375
553723,43.64013671875
553760,36.62109375
553948,112.79296875
553988,36.92626953125
554155,49.4384765625
554195,37.109375
554269,101.806640625
554305,41.015625
554390,40.1611328125
554530,100.2197265625
554601,37.65869140625
554759,40.95458984375
554852,88.56201171875
555076,37.841796875
555144,44.43359375
555279,108.5205078125
566848,40.6494140625
570697,43.64013671875
576382,36.19384765625
582762,47.30224609375
585581,45.59326171875
593079,52.42919921875
593356,110.29052734375
593794,49.86572265625
602201,43.212890625
607476,43.64013671875
612788,52.734375
618686,41.93115234375
624802,41.80908203125
629323,40.71044921875
636244,40.83251953125
646227,40.46630859375
648329,47.9736328125
651857,49.62158203125
655666,51.025390625
658368,45.10498046875
665437,41.68701171875
671848,41.44287109375
676763,40.83251953125
680688,44.677734375
683718,37.65869140625
683997,106.3232421875
690489,49.31640625
696140,37.78076171875
700568,41.80908203125
702602,39.48974609375
707004,51.08642578125
710030,51.94091796875
710223,111.14501953125
710395,41.015625
710480,38.14697265625
710605,39.0625
710682,122.55859375
710747,39.61181640625
711200,40.58837890625
721521,36.92626953125
725178,40.1611328125
730095,39.794921875
735129,44.49462890625
739841,53.40576171875
742192,45.166015625
746377,40.10009765625
746812,108.09326171875
746922,38.0859375
746986,38.87939453125
747724,50.048828125
755653,42.05322265625
759483,46.630859375
763564,46.81396484375
768794,41.3818359375
773379,49.98779296875
777905,43.212890625
783533,41.93115234375
784697,36.43798828125
784825,126.28173828125
785270,40.22216796875
792232,47.36328125
796047,44.43359375
803963,47.79052734375
809207,47.18017578125
815089,46.2646484375
819221,40.8935546875
821958,37.53662109375
841243,39.73388671875
844953,42.78564453125
848084,37.4755859375
848095,37.04833984375
848690,41.93115234375
848720,106.87255859375
849570,41.748046875
856958,46.7529296875
867061,44.677734375
872324,39.1845703125
875976,46.32568359375
878413,40.771484375
881913,45.95947265625
884405,100.03662109375
884471,42.05322265625
884814,44.73876953125
884846,123.291015625
884860,38.02490234375
884991,41.259765625
885051,47.54638671875
885163,99.91455078125
885254,45.47119140625
885284,39.48974609375
885343,39.0625
885485,117.73681640625
885552,36.68212890625
885578,42.41943359375
885791,38.4521484375
885826,85.63232421875
886032,37.17041015625
886079,36.92626953125
886134,105.5908203125
886262,43.212890625
886364,36.68212890625
886486,93.1396484375
886503,40.34423828125
886996,37.7197265625
899755,44.5556640625
903312,39.1845703125
905738,38.330078125
909713,51.513671875
914769,42.1142578125
918471,43.27392578125
921554,38.26904296875
921743,37.2314453125
922065,96.86279296875
922097,44.0673828125
922711,40.58837890625
933284,48.095703125
937751,40.8935546875
942232,45.10498046875
950477,46.0205078125
954917,43.27392578125
957189,43.8232421875
957594,101.13525390625
957660,45.59326171875
957698,38.330078125
957742,39.36767578125
957839,40.0390625
958247,39.9169921875
958277,116.5771484375
968284,40.771484375
972529,38.818359375
977681,48.9501953125
982917,36.56005859375
990432,51.6357421875
990446,112.73193359375
990872,37.29248046875
990922,42.78564453125
990954,38.87939453125
991224,96.0693359375
991341,37.90283203125
991586,44.677734375
999240,59.87548828125
1006645,40.8935546875
1012381,40.8935546875
1018134,42.66357421875
1024614,38.0859375
1028398,40.83251953125
1029805,99.2431640625
1029834,50.78125
1030499,41.748046875
1042030,45.7763671875
1048574,40.34423828125
1053874,44.12841796875
1060013,45.166015625
1063158,48.27880859375
1068291,38.26904296875
1071874,43.5791015625
1072637,45.71533203125
1072750,108.21533203125
1073434,51.7578125
1080772,56.94580078125
1088059,42.6025390625
1092295,46.20361328125
1095491,44.98291015625
1104058,39.73388671875
1105963,132.62939453125
1105990,37.353515625
1106063,61.1572265625
1106294,42.8466796875
1106419,117.7978515625
1106475,37.59765625
1106496,58.2275390625
1106538,38.330078125
1106558,45.0439453125
1106627,114.07470703125
1106645,44.5556640625
1106776,101.25732421875
1106878,45.22705078125
1106906,64.5751953125
1106929,38.87939453125
1107024,55.96923828125
1107041,40.4052734375
1107138,40.22216796875
1107148,40.71044921875
1107186,37.9638671875
1107306,37.4755859375
1107402,40.58837890625
1107531,44.73876953125
1107935,74.8291015625
1108267,90.14892578125
1118702,39.24560546875
1119833,44.49462890625
1122861,47.66845703125
1123706,36.2548828125
1125569,44.677734375
1129028,50.10986328125
1131788,40.8935546875
1135541,43.39599609375
1136549,52.6123046875
1138956,43.0908203125
1143780,37.109375
1155300,44.677734375
1159206,48.33984375
1161398,46.44775390625
1170785,36.80419921875
1174479,45.7763671875
1175895,41.07666015625
1185478,41.19873046875
1191028,43.0908203125
1191737,39.61181640625
1191791,110.9619140625
1191969,36.376953125
1192160,42.05322265625
1192217,42.90771484375
1192267,108.09326171875
1192288,47.119140625
1192355,52.734375
1192398,42.8466796875
1192431,47.2412109375
1192463,40.8935546875
1192476,121.4599609375
1192528,46.32568359375
1192561,40.10009765625
1192634,104.30908203125
1192689,40.95458984375
1192717,40.283203125
1192772,109.19189453125
1192782,39.97802734375
1192868,40.58837890625
1192900,38.51318359375
1192926,41.748046875
1192956,43.02978515625
1193072,38.51318359375
1193093,37.17041015625
1193125,38.02490234375
1193415,37.2314453125
1193654,36.31591796875
1193717,65.673828125
1193951,75.8056640625
1194187,37.29248046875
1205008,39.55078125
1207158,45.83740234375
1212602,47.91259765625
1215211,38.9404296875
1216073,36.92626953125
1216328,36.62109375
1220655,41.19873046875
1224560,38.87939453125
1227077,40.8935546875
1231697,41.80908203125
1238679,41.6259765625
1241530,42.3583984375
1245954,39.6728515625
1249943,51.26953125
1258486,41.80908203125
1260224,44.189453125
1260525,114.74609375
1260701,45.654296875
1260996,111.6943359375
1261009,37.2314453125
1261064,40.6494140625
1261150,36.376953125
1261232,47.607421875
1261260,41.6259765625
1261273,94.29931640625
1261441,90.51513671875
1261501,42.96875
1261602,63.232421875
1261631,36.376953125
1261668,36.80419921875
1261696,36.7431640625
1261754,74.70703125
1261775,37.65869140625
1261923,74.64599609375
1262088,39.306640625
1262107,83.67919921875
1262195,38.57421875
1262236,36.07177734375
1262329,87.46337890625
1262668,88.19580078125
1273831,37.65869140625
1276530,40.0390625
1279538,36.68212890625
1282871,36.31591796875
1283987,48.03466796875
1286586,37.4755859375
1291583,41.44287109375
1294488,39.1845703125
1299836,45.0439453125
1305728,53.52783203125
1310671,36.56005859375
1314164,42.90771484375
1315661,37.109375
1320991,36.92626953125
1327900,43.45703125
1330690,39.73388671875
1339029,36.7431640625
1342820,36.07177734375
1348855,41.259765625
1352741,51.26953125
1359552,48.52294921875
1362087,37.17041015625
1375438,36.56005859375
1376379,41.3818359375
1376632,95.52001953125
1376956,49.560546875
1377156,36.865234375
1377179,103.57666015625
1377306,46.20361328125
1377618,116.14990234375
1378002,110.4736328125
1378519,39.4287109375
1384714,108.45947265625
1384825,47.8515625
1385592,39.48974609375
1386358,43.8232421875
1396890,40.771484375
1403917,47.8515625
1410494,47.30224609375
1414199,44.98291015625
1418045,42.05322265625
1427508,42.1142578125
1430322,41.07666015625
1430474,117.12646484375
1430877,37.59765625
1431057,109.55810546875
1431173,36.31591796875
1431194,52.978515625
1431252,42.41943359375
1431367,100.52490234375
1431390,39.85595703125
1431568,38.57421875
1431598,45.5322265625
1431617,101.13525390625
1431702,45.166015625
1431840,53.22265625
1431882,39.0625
1431902,99.609375
1451791,48.33984375
1456156,45.41015625
1461794,47.7294921875
1474835,44.5556640625
1483053,37.109375
1484976,40.95458984375
1485299,104.8583984375
1485456,51.8798828125
1485644,113.70849609375
1485681,45.8984375
1485763,44.98291015625
1485798,38.51318359375
1485858,36.31591796875
1485880,115.05126953125
1485927,52.91748046875
1485958,38.818359375
1486012,48.33984375
1486037,41.3818359375
1486052,100.52490234375
1486150,41.9921875
1486220,94.17724609375
1486248,37.841796875
1486291,36.62109375
1486389,63.3544921875
1486424,37.841796875
1486457,37.841796875
1486600,59.75341796875
1486847,85.3271484375
1487133,86.7919921875
1507848,42.90771484375
1515439,37.65869140625
1519822,45.22705078125
1524653,41.32080078125
1534386,44.98291015625
1536594,53.64990234375
1539013,42.05322265625
1539147,38.39111328125
1539174,37.4755859375
1539216,105.8349609375
1539274,45.5322265625
1539310,38.4521484375
1539398,41.6259765625
1539506,36.7431640625
1539521,109.7412109375
1539544,44.3115234375
1539619,37.9638671875
1539654,37.41455078125
1539686,37.4755859375
1539728,120.361328125
1539751,38.26904296875
1539862,38.2080078125
1539885,82.51953125
1539917,46.7529296875
1539950,36.43798828125
1540016,36.92626953125
1540048,78.06396484375
1540230,79.52880859375
1540283,41.50390625
1540317,37.353515625
1540391,37.4755859375
1540410,78.2470703125
1540615,83.80126953125
1540851,37.109375
1540914,103.02734375
1555832,37.53662109375
1558584,37.2314453125
1563443,50.23193359375
1567666,39.61181640625
1581826,41.1376953125
1586818,41.56494140625
1593142,42.236328125
1600291,42.6025390625
1610946,39.9169921875
1621945,41.1376953125
1622302,99.79248046875
1622326,38.4521484375
1622411,54.0771484375
1622492,38.57421875
1622645,44.5556640625
1622707,113.95263671875
1622725,36.07177734375
1622790,42.96875
1622826,36.62109375
1622901,43.64013671875
1622956,121.58203125
1623032,36.92626953125
1623067,37.2314453125
1623177,89.90478515625
1623423,36.80419921875
1623444,109.375
1623472,36.62109375
1623676,37.9638671875
1623693,44.73876953125
1623797,37.7197265625
1623920,90.576171875
1642930,39.24560546875
1647387,42.236328125
1665676,40.4052734375
1671658,42.1142578125
1675377,36.31591796875
1683825,40.771484375
1689980,38.4521484375
1696755,48.4619140625
1702930,45.654296875
1708368,46.32568359375
1712250,38.39111328125
1721355,45.7763671875
1732080,48.40087890625
1740481,42.41943359375
1742220,44.0673828125
1742747,98.388671875
1743043,43.15185546875
1749130,48.33984375
1751471,38.75732421875
1755259,45.7763671875
1758484,40.6494140625
1760862,40.10009765625
1763823,40.8935546875
1764821,41.015625
1767507,45.83740234375
1770272,51.69677734375
1773014,42.29736328125
1774838,46.93603515625
1775922,37.65869140625
1779788,37.04833984375
1781942,39.24560546875
1784984,42.29736328125
1785982,43.15185546875
1786474,107.177734375
1786638,37.78076171875
1787430,38.51318359375
1794497,45.41015625
1796933,42.41943359375
1798638,38.02490234375
1799124,99.609375
1800318,44.61669921875
1801196,46.875
1801705,93.994140625
1802919,38.87939453125
1805772,115.17333984375
1808269,36.865234375
1809650,44.12841796875
1810520,47.54638671875
1812264,40.8935546875
1813089,45.654296875
1813527,115.966796875
1814905,40.283203125
1815014,36.7431640625
1815664,36.80419921875
1816899,44.677734375
1817971,41.015625
1818673,105.16357421875
1818954,43.8232421875
1820412,41.50390625
1821308,37.59765625
1821715,98.9990234375
1821933,38.75732421875
1822792,96.19140625
1822818,40.0390625
1825830,51.33056640625
1827175,43.3349609375
1829208,38.63525390625
1833743,39.306640625
1837312,46.32568359375
1839591,40.10009765625
1842873,40.10009765625
1845229,37.90283203125
1849428,46.38671875
1851533,38.63525390625
1854396,44.189453125
1856839,36.865234375
1860638,43.3349609375
1862653,40.0390625
1867778,39.24560546875
1870233,43.9453125
1874735,43.212890625
1878617,36.19384765625
1883220,50.29296875
1887701,46.69189453125
1896030,42.41943359375
1898265,38.14697265625
1903088,36.865234375
1913399,38.63525390625
1916101,45.654296875
1916240,39.48974609375
1916688,43.212890625
1916871,37.04833984375
1917046,107.48291015625
1917247,47.91259765625
1917453,44.43359375
1917898,111.63330078125
1928376,47.119140625
1934873,43.88427734375
1943735,47.66845703125
1947635,38.330078125
1959868,45.47119140625
1963858,46.93603515625
1968728,39.36767578125
1976708,47.7294921875
1979132,93.26171875
1979662,114.19677734375
1979719,43.88427734375
1980344,111.38916015625
1980751,38.63525390625
1987550,40.46630859375
1990711,38.2080078125
1996864,37.9638671875
2004570,41.07666015625
2007424,37.29248046875
2007750,95.21484375
2008069,37.841796875
2020590,39.6728515625
2024760,39.0625
2030487,40.283203125
2038209,40.8935546875
2048172,54.26025390625
2049304,43.27392578125
2050070,45.71533203125
2052977,44.37255859375
2053914,47.607421875
2060642,97.71728515625
2061433,48.40087890625
2073937,44.00634765625
2077373,43.212890625
2080187,40.8935546875
2092914,42.3583984375
2104410,44.61669921875
2112420,44.3115234375
2118179,45.10498046875
2127776,38.57421875
2139834,43.0908203125
2144397,50.10986328125
2145252,58.53271484375
2145656,102.84423828125
2156497,49.62158203125
2169513,47.9736328125
2176058,45.8984375
2177628,40.8935546875
2177770,104.55322265625
2177781,36.31591796875
2177961,36.7431640625
2178031,46.142578125
2178256,110.4736328125
2178379,49.4384765625
2178418,36.1328125
2178621,39.00146484375
2178682,107.11669921875
2178770,42.29736328125
2178873,37.353515625
2179148,47.607421875
2179194,116.51611328125
2179496,44.37255859375
2179620,98.14453125
2179832,40.95458984375
2180123,86.85302734375
2180422,44.25048828125
2200167,38.51318359375
2207778,45.22705078125
2219479,38.2080078125
2220400,42.29736328125
2220616,42.48046875
2220741,113.037109375
2221006,39.61181640625
2227561,43.15185546875
2234856,42.6025390625
2243318,47.91259765625
2249983,42.54150390625
2257582,40.283203125
2257997,45.166015625
2258143,41.3818359375
2258159,113.1591796875
2258983,37.29248046875
2259290,119.7509765625
2268866,51.20849609375
2271485,51.08642578125
2280739,38.4521484375
2292893,37.4755859375
2293531,39.794921875
2293610,108.3984375
2294306,44.25048828125
2300334,36.80419921875
2305475,48.2177734375
2312515,40.58837890625
2320924,45.22705078125
2328514,44.7998046875
2332350,42.8466796875
2335215,49.37744140625
2335338,51.025390625
2335693,57.7392578125
2335732,44.677734375
2335841,102.84423828125
2336030,43.27392578125
2336236,101.98974609375
2336908,37.353515625
2336926,41.19873046875
2359441,43.212890625
2363657,36.19384765625
2368399,39.61181640625
2374473,38.9404296875
2374622,122.314453125
2374784,39.55078125
2374808,49.01123046875
2374908,41.44287109375
2374975,95.52001953125
2375028,42.05322265625
2375044,46.69189453125
2375181,112.6708984375
2375251,36.19384765625
2375276,40.6494140625
2375288,39.73388671875
2375351,96.61865234375
2375410,38.51318359375
2375508,83.251953125
2375677,76.23291015625
2375843,59.02099609375
2375893,37.2314453125
2375928,36.68212890625
2376064,76.0498046875
2376322,97.59521484375
2388717,49.9267578125
2391986,39.97802734375
2394946,48.33984375
2398445,36.43798828125
2402072,41.80908203125
2404846,37.65869140625
2409292,42.17529296875
2412492,47.18017578125
2416886,40.4052734375
2420040,39.73388671875
2423110,41.8701171875
2428537,38.818359375
2437260,49.62158203125
2442621,39.73388671875
2449165,37.29248046875
2452516,40.83251953125
2457083,44.189453125
2457177,39.1845703125
2457580,104.79736328125
2457657,52.79541015625
2458010,44.49462890625
2458063,124.0234375
2458260,43.9453125
2458351,98.69384765625
2458478,37.4755859375
2458570,103.08837890625
2458597,37.41455078125
2458618,38.0859375
2458684,36.07177734375
2458789,99.91455078125
2459077,110.3515625
2459161,36.1328125
2459224,36.62109375
2459466,93.505859375
2459679,39.00146484375
2472938,42.724609375
2477771,41.8701171875
2484268,51.26953125
2486467,39.306640625
2490933,46.20361328125
2497815,39.0625
2504671,37.2314453125
2510768,43.51806640625
2516760,40.10009765625
2527191,48.88916015625
2530516,42.724609375
2536028,54.5654296875
2536945,41.6259765625
2537104,92.529296875
2537429,56.640625
2537559,100.9521484375
2537644,38.6962890625
2537713,41.015625
2537859,115.29541015625
2537914,37.59765625
2538073,38.2080078125
2538085,98.388671875
2538124,38.51318359375
2538277,37.78076171875
2538318,37.41455078125
2538331,86.9140625
2538524,42.8466796875
2538567,36.7431640625
2538598,96.37451171875
2538729,41.1376953125
2538940,42.3583984375
2539091,98.81591796875
2556386,48.4619140625
2561120,42.48046875
2562626,43.45703125
2566763,44.0673828125
2569466,42.3583984375
2587646,42.48046875
2590139,42.48046875
2590442,106.201171875
2590670,38.9404296875
2590786,38.26904296875
2591113,108.70361328125
2591228,42.236328125
2609543,44.73876953125
2618797,41.3818359375
2625308,48.33984375
2629578,43.5791015625
2632347,39.12353515625
2641676,41.07666015625
2651403,42.1142578125
2654787,40.4052734375
2661041,45.166015625
2668681,37.29248046875
2675591,40.1611328125
2679785,46.32568359375
2680528,41.07666015625
2681194,52.3681640625
2681218,100.76904296875
2693854,36.865234375
2698686,42.54150390625
2703261,43.0908203125
2711106,36.56005859375
2717031,44.5556640625
2724092,38.51318359375
2728292,40.34423828125
2729196,44.5556640625
2729443,113.09814453125
2729728,36.376953125
2729749,47.36328125
2730003,112.73193359375
2730133,48.88916015625
2730283,36.31591796875
2730330,38.330078125
2730363,41.259765625
2730466,39.00146484375
2730557,36.80419921875
2730590,37.41455078125
2730648,112.48779296875
2731165,47.8515625
2731279,40.52734375
2749212,36.1328125
2756618,39.306640625
2772133,45.34912109375
2777187,45.22705078125
2787706,37.841796875
2791459,43.64013671875
2796849,42.17529296875
2797455,50.10986328125
2797475,104.8583984375
2797780,41.32080078125
2797806,99.2431640625
2797870,37.2314453125
2797882,46.5087890625
2797945,56.640625
2797988,112.36572265625
2797998,47.119140625
2798049,36.1328125
2798105,36.43798828125
2798121,79.77294921875
2798220,39.36767578125
2798258,36.68212890625
2798285,50.84228515625
2798366,37.7197265625
2798385,46.630859375
2798474,41.56494140625
2798583,40.283203125
2798641,45.59326171875
2798667,43.51806640625
2798895,46.93603515625
2798998,36.43798828125
2799041,38.39111328125
2799570,40.58837890625
2799709,84.53369140625
2811623,36.56005859375
2812465,39.12353515625
2814622,46.2646484375
2815481,41.32080078125
2817643,41.1376953125
2818803,37.04833984375
2820958,45.10498046875
2824839,40.6494140625
2825767,41.259765625
2827122,40.34423828125
2830272,39.48974609375
2832769,43.88427734375
2836187,43.64013671875
2837268,36.07177734375
2839884,38.14697265625
2843442,40.771484375
2844505,38.4521484375
2851846,43.0908203125
2856489,39.306640625
2858920,41.44287109375
2860699,39.36767578125
2860904,41.015625
2861185,82.03125
2861224,56.396484375
2861341,37.9638671875
2861435,56.7626953125
2861460,48.15673828125
2861470,112.3046875
2861553,36.376953125
2861578,41.748046875
2861623,96.923828125
2861639,43.64013671875
2861662,44.25048828125
2861677,36.56005859375
2861724,71.2890625
2861742,38.63525390625
2861802,36.92626953125
2861917,36.43798828125
2861953,43.5791015625
2862030,36.62109375
2862057,38.57421875
2862129,37.59765625
2862165,36.7431640625
2862306,38.6962890625
2862575,38.02490234375
2862668,39.6728515625
2863314,49.49951171875
2863569,63.232421875
2864417,39.36767578125
2873420,39.48974609375
2875042,37.41455078125
2875992,45.166015625
2877736,45.166015625
2878829,38.57421875
2881851,41.8701171875
2883700,38.87939453125
2888250,40.83251953125
2892460,41.68701171875
2895748,37.9638671875
2898006,39.794921875
2903447,49.49951171875
2904253,37.53662109375
2904463,36.56005859375
2908296,40.1611328125
2914099,37.9638671875
2915135,36.31591796875
2917726,41.68701171875
2921925,42.05322265625
2925596,38.818359375
2932839,45.22705078125
2933864,42.05322265625
2939687,45.41015625
2944922,44.37255859375
2950427,36.07177734375
2956310,42.29736328125
2962549,44.7998046875
2971129,36.376953125
2977543,40.83251953125
2983569,42.17529296875
2990369,42.29736328125
2995473,36.92626953125
2999149,36.4990234375
3003840,37.353515625
3014401,44.98291015625
3022329,39.36767578125
3032636,42.29736328125
3043747,47.8515625
3045915,41.8701171875
3046989,44.25048828125
3047260,107.421875
3047440,43.88427734375
3047451,37.04833984375
3047570,89.7216796875
3047588,36.07177734375
3047625,37.9638671875
3047653,51.8798828125
3047701,37.109375
3047717,104.4921875
3047738,38.330078125
3047801,42.724609375
3047813,48.76708984375
3047840,44.73876953125
3047892,47.05810546875
3047921,39.24560546875
3047952,41.56494140625
3048033,41.44287109375
3048191,46.08154296875
3048382,43.212890625
3048532,36.80419921875
3049089,37.2314453125
3049237,45.83740234375
3049429,63.90380859375
3049668,79.345703125
3061459,42.6025390625
3062613,39.4287109375
3064841,37.90283203125
3068392,39.73388671875
3071214,36.68212890625
3072268,39.306640625
3074383,37.78076171875
3078614,39.12353515625
3085033,46.7529296875
3088407,40.34423828125
3092650,42.3583984375
3097105,36.68212890625
3099242,43.0908203125
3109127,39.48974609375
3111540,36.1328125
3113095,43.88427734375
3114056,42.724609375
3114136,118.22509765625
3114307,48.583984375
3114321,43.701171875
3114381,91.85791015625
3114407,37.353515625
3114446,44.0673828125
3114472,37.9638671875
3114502,40.771484375
3114521,37.59765625
3114549,43.51806640625
3114603,66.2841796875
3114664,40.10009765625
3114690,47.91259765625
3114874,38.57421875
3115094,39.97802734375
3115226,38.4521484375
3115776,38.4521484375
3116030,62.56103515625
3116212,57.06787109375
3116259,36.4990234375
3116428,64.8193359375
3116674,69.03076171875
3128760,39.9169921875
3129800,37.04833984375
3129903,36.19384765625
3134126,36.4990234375
3136285,37.9638671875
3138747,44.86083984375
3143394,45.95947265625
3145736,42.90771484375
3151150,44.3115234375
3153992,37.41455078125
3157601,36.43798828125
3163911,36.9873046875
3168821,43.9453125
3172789,37.41455078125
3175439,42.41943359375
3182409,42.66357421875
3188428,45.5322265625
3200703,45.654296875
3211540,41.44287109375
3222034,42.3583984375
3227301,54.01611328125
3258452,43.64013671875
3262473,38.818359375
3272920,41.259765625
3283280,45.5322265625
3285595,36.376953125
3285785,36.1328125
3285990,106.5673828125
3286062,37.7197265625
3286139,45.166015625
3286210,39.24560546875
3286238,36.7431640625
3286264,113.95263671875
3286312,46.44775390625
3286327,56.15234375
3286363,41.56494140625
3286385,99.12109375
3286400,45.95947265625
3286489,73.54736328125
3286519,44.12841796875
3286551,38.51318359375
3286561,38.2080078125
3286587,41.56494140625
3286633,42.54150390625
3286712,41.9921875
3286765,39.00146484375
3286875,40.95458984375
3286954,36.376953125
3287020,37.841796875
3287077,48.52294921875
3287283,37.9638671875
3287859,39.85595703125
3287955,49.01123046875
3288200,72.69287109375
3288427,36.1328125
3288799,37.78076171875
3289661,36.31591796875
3301721,39.306640625
3304571,36.865234375
3306943,44.3115234375
3309179,43.02978515625
3314236,37.2314453125
3318172,45.10498046875
3321803,49.4384765625
3328391,42.3583984375
3334002,45.10498046875
3339563,42.236328125
3343303,44.921875
3355566,45.41015625
3360380,39.55078125
3371837,46.93603515625
3381941,39.0625
3390207,36.9873046875
3396108,40.8935546875
3401926,43.45703125
3416374,47.91259765625
3423023,42.41943359375
3423612,111.2060546875
3423623,39.4287109375
3424068,50.84228515625
3424188,105.16357421875
3424270,37.29248046875
3424347,58.837890625
3424382,41.8701171875
3424395,37.109375
3424454,105.5908203125
3424472,50.23193359375
3424499,43.0908203125
3424539,36.7431640625
3424555,38.26904296875
3424582,86.73095703125
3424614,42.6025390625
3424650,44.921875
3424688,78.7353515625
3424711,42.05322265625
3424730,38.14697265625
3424759,36.19384765625
3424784,41.50390625
3424881,37.59765625
3424937,38.75732421875
3424964,36.43798828125
3425054,42.1142578125
3425104,36.92626953125
3425192,36.31591796875
3425360,37.04833984375
3425809,36.376953125
3426063,65.97900390625
3437009,37.109375
3440261,36.80419921875
3444446,48.64501953125
3446674,40.22216796875
3453523,37.41455078125
3454801,37.04833984375
3464217,37.59765625
3473349,42.78564453125
3483638,40.22216796875
3494368,39.55078125
3522063,39.97802734375
3529198,40.52734375
3531801,42.3583984375
3548576,37.7197265625
3555862,45.166015625
3556796,46.2646484375
3557681,36.62109375
3571754,36.19384765625
3580520,37.53662109375
3592695,38.9404296875
3595508,41.68701171875
3596221,37.04833984375
3597203,43.02978515625
3604509,97.22900390625
3619994,40.771484375
3631189,39.0625
3639992,39.1845703125
3647040,36.7431640625
3655786,42.90771484375
3656541,36.7431640625
3656850,89.599609375
3657093,46.38671875
3657428,99.9755859375
3657555,41.32080078125
3657656,46.0205078125
3670719,39.00146484375
3676493,37.2314453125
3686320,38.63525390625
3693292,41.32080078125
3701745,38.0859375
3707696,39.48974609375
3714512,45.59326171875
3725818,39.6728515625
3734039,36.376953125
3740788,41.44287109375
3746191,36.9873046875
3750444,37.90283203125
3767562,40.52734375
3771840,40.58837890625
3785564,42.54150390625
3787403,43.45703125
3787671,92.8955078125
3788006,43.15185546875
3804948,44.189453125
3810610,43.212890625
3824055,37.4755859375
3838812,46.81396484375
3848823,38.330078125
3853282,46.69189453125
3863011,42.29736328125
3876068,39.24560546875
3881099,52.79541015625
3889418,40.10009765625
3901066,39.61181640625
3905149,42.41943359375
3909439,45.34912109375
3909558,39.0625
3909580,97.96142578125
3909770,36.7431640625
3909797,55.908203125
3909889,109.4970703125
3909926,37.65869140625
3909985,38.57421875
3909995,49.31640625
3910023,40.6494140625
3910049,36.56005859375
3910085,99.79248046875
3910155,39.48974609375
3910181,42.29736328125
3910194,73.79150390625
3910257,54.62646484375
3910341,52.490234375
3910372,36.31591796875
3910388,37.53662109375
3910471,37.17041015625
3910524,46.56982421875
3910579,43.02978515625
3910793,39.85595703125
3910978,37.41455078125
3911007,38.51318359375
3911071,40.34423828125
3911633,37.9638671875
3911841,69.27490234375
3922072,36.31591796875
3924705,44.43359375
3927355,48.40087890625
3930102,41.32080078125
3933508,49.37744140625
3936139,46.9970703125
3937404,39.12353515625
3939213,44.25048828125
3940376,37.841796875
3945739,43.0908203125
3955741,41.68701171875
3961464,42.48046875
3965855,47.36328125
3978620,44.12841796875
3979913,38.9404296875
3983061,39.9169921875
3983374,97.83935546875
3983446,36.43798828125
3983470,38.26904296875
3983503,36.865234375
3983556,51.513671875
3983628,36.80419921875
3983648,88.37890625
3983676,48.64501953125
3983708,40.4052734375
3983735,43.3349609375
3983768,83.31298828125
3983786,37.53662109375
3983814,36.1328125
3983840,41.50390625
3983865,61.5234375
3983875,39.36767578125
3983897,41.93115234375
3983925,39.0625
3983942,42.724609375
3983980,46.32568359375
3984093,40.1611328125
3984458,36.92626953125
3984485,44.98291015625
3984735,36.31591796875
3984864,39.97802734375
3985184,38.818359375
3985243,39.97802734375
3985367,62.01171875
3985594,67.9931640625
3998468,41.07666015625
3999468,40.8935546875
4002965,47.8515625
4005227,37.7197265625
4015747,39.55078125
4018752,41.93115234375
4019835,38.75732421875
4025769,40.34423828125
4029911,36.9873046875
4034690,38.9404296875
4042926,36.4990234375
4048681,42.29736328125
4055106,39.4287109375
4062335,40.10009765625
4065851,42.96875
4069149,39.1845703125
4075779,44.7998046875
4080650,43.51806640625
4087337,37.353515625
4091844,41.68701171875
4104954,38.02490234375
4115601,38.4521484375
4119836,36.62109375
4120480,47.05810546875
4120913,107.97119140625
4121217,38.02490234375
4126168,38.0859375
4127519,111.38916015625
4136732,38.818359375
4138478,105.8349609375
4138812,43.76220703125
4139053,103.94287109375
4139847,101.25732421875
4142748,42.90771484375
4143510,38.51318359375
4144447,40.34423828125
4156049,47.05810546875
4166937,46.38671875
4167813,40.283203125
4167990,102.783203125
4168716,45.0439453125
4168850,86.3037109375
4169596,41.259765625
4170604,41.44287109375
4177151,42.41943359375
4182104,41.50390625
4183210,43.02978515625
4190211,40.58837890625
4197974,42.17529296875
4204107,41.6259765625
4211131,49.74365234375
4221894,39.48974609375
4224385,43.15185546875
4225058,39.85595703125
4225396,90.4541015625
4225852,40.1611328125
4234688,39.4287109375
4238134,40.771484375
4242269,38.330078125
4249155,43.0908203125
4256847,48.095703125
4257655,36.31591796875
4272587,50.96435546875
4278242,39.00146484375
4285998,40.283203125
4289756,36.31591796875
4296734,40.46630859375
4304806,41.44287109375
4316478,42.48046875
4320094,43.39599609375
4328962,40.0390625
4332743,45.5322265625
4333476,44.86083984375
4333535,36.19384765625
4333656,102.84423828125
4334121,42.05322265625
4334132,40.34423828125
4354150,45.166015625
4361675,46.56982421875
4373604,40.34423828125
4382885,40.0390625
4384987,41.68701171875
4389194,39.55078125
4395520,48.76708984375
4397520,40.8935546875
4397817,109.19189453125
4398323,41.748046875
4409283,37.841796875
4416382,37.29248046875
4422820,43.9453125
4425891,41.8701171875
4437121,37.53662109375
4446094,41.1376953125
4458333,51.45263671875
4459034,100.64697265625
4459144,39.12353515625
4467814,47.54638671875
4472594,36.68212890625
4477989,39.794921875
4484540,36.80419921875
4486521,37.353515625
4493663,37.53662109375
4495171,43.88427734375
4502125,40.22216796875
4506665,44.3115234375
4520563,38.75732421875
4527842,42.90771484375
4533359,43.27392578125
4537014,36.80419921875
4537484,114.8681640625
4537538,40.95458984375
4538123,82.94677734375
4555533,45.2880859375
4561411,42.90771484375
4564854,39.9169921875
4573728,46.7529296875
4584986,40.771484375
4593954,40.46630859375
4597039,46.56982421875
4604521,38.4521484375
4610036,44.00634765625
4616192,41.1376953125
4622679,42.8466796875
4628666,42.8466796875
4630883,46.69189453125
4631045,88.43994140625
4631328,44.3115234375
4631483,108.82568359375
4631597,48.2177734375
4631671,61.767578125
4631706,39.48974609375
4631747,91.1865234375
4631765,37.78076171875
4631801,36.56005859375
4631827,40.34423828125
4631859,102.35595703125
4631932,41.50390625
4631955,48.2177734375
4631965,37.109375
4632021,38.2080078125
4632042,38.4521484375
4632103,37.53662109375
4632185,40.22216796875
4632212,44.12841796875
4632243,38.63525390625
4632410,38.02490234375
4632684,38.818359375
4633254,58.77685546875
4633540,45.34912109375
4634366,36.376953125
4647753,42.96875
4648880,48.03466796875
4652612,38.39111328125
4653610,42.724609375
4654569,37.109375
4654580,45.7763671875
4657563,37.04833984375
4660276,36.2548828125
4660790,39.97802734375
4667129,42.54150390625
4674385,46.0205078125
4679022,41.8701171875
4681420,49.74365234375
4692713,40.4052734375
4696379,49.49951171875
4699031,41.259765625
4710179,44.5556640625
4716409,37.7197265625
4721013,37.65869140625
4729180,38.330078125
4743345,44.3115234375
4744053,41.015625
4756199,36.62109375
4765102,41.748046875
4772065,48.76708984375
4781187,41.259765625
4785435,37.4755859375
4788870,49.49951171875
4797730,38.4521484375
4797938,108.70361328125
